4
4
3
3
3
3
3
3
3
3
3
0
0
0
8
4
4
8
10
10
10
8
8
8
8
8
0
0
6
6
6
0
0
0
5
5
5
5
5
5
5
5
5
5
5
5
5
5
5
5
5
5
5
5
5
5
5
6
6
6
7
7
7
7
7
7
7
9
8
8
10
5
5
2
2
2
9
9
5
5
0
0
0
0
0
0
0
0
0
0
0
0
0
1
1
9
7
7
7
7
0
0
7
7
0
1
1
1
0
0
0
3
0
0
0
0
0
0
10
7
5
5
5
5
5
5
5
5
5
5
5
5
5
5
5
5
5
5
5
5
5
5
5
5
5
5
5
5
5
5
5
5
5
5
5
5
5
5
5
5
5
5
5
5
5
5
5
5
5
5
7
0
0
10
3
3
3
3
3
3
3
11
3
3
3
3
0
0
0
7
7
4
7
7
7
7
7
1
1
1
11
1
1
0
0
0
2
2
2
2
2
2
2
2
2
2
10
10
10
10
10
10
10
10
10
10
11
11
11
11
11
11
11
11
11
11
