45.6488			-19.9692			-25.6117			0.0000			148.0000			-85.0000			-31.0000			
45.6488			-19.4125			-23.9414			2.3000			150.0000			-70.0000			-43.0000			
42.8650			-18.8557			-23.9414			0.0000			151.0000			-54.0000			-54.0000			
41.7514			-15.5150			-27.2820			-1.0000			152.0000			-37.0000			-63.0000			
40.6378			-9.9473			-30.0659			0.6000			151.0000			-22.0000			-71.0000			
38.4107			-3.8227			-32.8498			1.7000			150.0000			-5.0000			-80.0000			
37.2972			3.9721			-38.4175			2.8000			146.0000			13.0000			-89.0000			
36.1836			5.6424			-39.5311			2.3000			143.0000			32.0000			-97.0000			
35.6269			3.4153			-37.3040			1.7000			138.0000			52.0000			-105.0000			
33.9565			4.5289			-36.7472			1.7000			132.0000			69.0000			-110.0000			
27.8320			10.0967			-37.8608			0.0000			127.0000			86.0000			-116.0000			
22.2642			17.3347			-38.4175			1.1000			119.0000			104.0000			-121.0000			
21.1507			21.2322			-41.2014			1.1000			111.0000			122.0000			-124.0000			
20.0371			24.0161			-42.8717			1.1000			102.0000			139.0000			-127.0000			
17.8100			25.1296			-42.3150			0.6000			93.0000			155.0000			-130.0000			
17.8100			26.2432			-43.4285			0.6000			85.0000			171.0000			-132.0000			
16.6965			25.6864			-42.3150			0.0000			78.0000			185.0000			-133.0000			
12.2423			29.0270			-40.6446			0.6000			69.0000			197.0000			-134.0000			
6.6745			33.4812			-38.9743			1.1000			60.0000			207.0000			-134.0000			
-0.5636			38.4922			-36.7472			1.1000			50.0000			220.0000			-134.0000			
-7.2449			41.8329			-33.9633			0.6000			40.0000			230.0000			-131.0000			
-6.6881			40.1626			-31.7362			1.7000			29.0000			238.0000			-127.0000			
-5.0178			39.0490			-32.2930			1.7000			20.0000			245.0000			-123.0000			
-8.9152			41.2761			-32.2930			0.0000			8.0000			251.0000			-117.0000			
-13.9262			42.9464			-27.8388			1.1000			-2.0000			254.0000			-111.0000			
-19.4939			42.3897			-21.1575			1.7000			-13.0000			255.0000			-103.0000			
-25.6185			45.1735			-19.4872			0.0000			-24.0000			255.0000			-97.0000			
-28.4024			45.1735			-16.7033			0.0000			-35.0000			257.0000			-87.0000			
-29.5159			45.1735			-16.7033			-1.0000			-46.0000			254.0000			-78.0000			
-26.1753			45.7303			-18.9304			0.6000			-56.0000			254.0000			-70.0000			
-26.7320			45.7303			-18.9304			0.0000			-64.0000			250.0000			-62.0000			
-30.0727			44.6168			-13.9194			0.6000			-72.0000			246.0000			-54.0000			
-36.1972			41.8329			-5.5678			0.0000			-79.0000			240.0000			-44.0000			
-40.6514			39.0490			1.1136			-0.4000			-89.0000			235.0000			-34.0000			
-42.3218			36.8219			6.6813			1.1000			-95.0000			224.0000			-23.0000			
-42.3218			36.2651			6.6813			0.6000			-101.0000			215.0000			-11.0000			
-40.0947			36.2651			4.4542			0.6000			-108.0000			203.0000			-1.0000			
-40.0947			34.0380			8.3516			2.3000			-113.0000			189.0000			12.0000			
-41.2082			29.0270			13.3626			1.1000			-116.0000			175.0000			22.0000			
-44.5489			24.5728			17.8168			-2.1000			-118.0000			159.0000			34.0000			
-45.6624			21.2322			22.8278			-1.6000			-120.0000			142.0000			46.0000			
-46.2192			17.8915			26.1685			-2.1000			-124.0000			126.0000			58.0000			
-45.6624			19.0051			26.1685			-0.4000			-125.0000			110.0000			69.0000			
-44.5489			19.5618			25.0549			0.0000			-125.0000			94.0000			79.0000			
-43.4353			16.2212			26.1685			-1.0000			-125.0000			78.0000			89.0000			
-41.7650			8.4263			29.5091			-3.8000			-126.0000			62.0000			98.0000			
-37.8675			0.6315			35.6337			-1.5000			-123.0000			46.0000			106.0000			
-36.7540			-4.3795			40.0879			-1.0000			-121.0000			28.0000			114.0000			
-35.6404			-5.4931			40.6446			-0.4000			-117.0000			8.0000			123.0000			
-35.0837			-3.2660			37.3040			-1.0000			-112.0000			-11.0000			130.0000			
-34.5269			-3.2660			36.7472			-1.0000			-107.0000			-29.0000			137.0000			
-28.4024			-9.9473			37.3040			-1.0000			-101.0000			-46.0000			141.0000			
-24.5049			-15.5150			38.9743			-1.0000			-94.0000			-63.0000			145.0000			
-21.7210			-21.6396			42.8717			-0.4000			-83.0000			-80.0000			149.0000			
-16.7101			-25.5370			41.7582			-0.4000			-75.0000			-97.0000			152.0000			
-17.2668			-25.5370			42.3150			-0.4000			-68.0000			-114.0000			155.0000			
-20.0507			-23.8667			43.4285			-0.4000			-59.0000			-129.0000			157.0000			
-20.0507			-23.8667			41.7582			-2.1000			-52.0000			-143.0000			159.0000			
-12.2559			-28.8777			40.6446			-0.4000			-43.0000			-156.0000			159.0000			
-2.7907			-36.1157			38.9743			0.0000			-34.0000			-167.0000			159.0000			
3.3339			-40.0132			37.3040			0.6000			-24.0000			-178.0000			156.0000			
6.6745			-40.0132			33.9633			0.6000			-14.0000			-188.0000			156.0000			
6.1177			-39.4564			31.7362			-1.6000			-2.0000			-198.0000			152.0000			
4.4474			-38.3428			32.2930			-1.5000			7.0000			-204.0000			146.0000			
7.2313			-41.6835			32.8498			-1.6000			19.0000			-208.0000			141.0000			
12.7991			-42.7971			30.0659			0.0000			29.0000			-210.0000			134.0000			
20.0371			-42.7971			23.3846			0.6000			40.0000			-213.0000			128.0000			
27.2752			-45.5809			17.8168			-0.4000			50.0000			-214.0000			120.0000			
30.0591			-46.1377			15.0329			-1.0000			62.0000			-213.0000			111.0000			
27.8320			-45.5809			16.1465			-1.5000			72.0000			-212.0000			102.0000			
23.9346			-46.1377			20.0439			-2.1000			82.0000			-212.0000			94.0000			
25.6049			-45.0242			18.9304			-0.4000			90.0000			-209.0000			86.0000			
32.2862			-43.3538			11.1355			0.0000			98.0000			-204.0000			78.0000			
37.8540			-40.5699			2.2271			-0.4000			107.0000			-199.0000			68.0000			
40.6378			-39.4564			-2.2271			-1.0000			114.0000			-193.0000			58.0000			
42.8650			-36.1157			-7.2381			-0.4000			122.0000			-184.0000			47.0000			
42.3082			-35.5590			-6.1245			0.6000			129.0000			-172.0000			35.0000			
41.1946			-36.6725			-3.3407			1.1000			133.0000			-160.0000			25.0000			
40.6378			-34.4454			-7.2381			-1.0000			139.0000			-146.0000			13.0000			
41.1946			-27.7641			-13.9194			-0.4000			142.0000			-133.0000			2.0000			
45.0921			-24.4234			-20.6007			0.0000			144.0000			-116.0000			-10.0000			
46.7624			-21.6396			-25.0549			0.0000			147.0000			-99.0000			-22.0000			
45.6488			-21.6396			-26.1685			-2.1000			149.0000			-82.0000			-33.0000			
45.0921			-21.6396			-24.4981			-1.0000			151.0000			-66.0000			-44.0000			
43.9785			-19.9692			-22.8278			1.1000			151.0000			-50.0000			-54.0000			
41.7514			-13.8447			-25.6117			2.2000			151.0000			-35.0000			-63.0000			
39.5243			-7.7202			-31.7362			0.0000			150.0000			-19.0000			-73.0000			
37.8540			-2.7092			-36.1904			-1.0000			151.0000			-3.0000			-82.0000			
36.1836			3.4153			-38.4175			1.1000			146.0000			15.0000			-90.0000			
35.6269			3.9721			-37.8608			1.7000			142.0000			36.0000			-99.0000			
35.6269			2.3018			-35.6337			2.2000			137.0000			54.0000			-105.0000			
33.3998			5.0857			-36.1904			2.2000			132.0000			71.0000			-112.0000			
27.8320			10.6534			-36.7472			1.7000			125.0000			89.0000			-116.0000			
20.5939			19.0051			-38.4175			1.1000			118.0000			106.0000			-121.0000			
19.4804			22.9025			-41.7582			0.6000			109.0000			123.0000			-124.0000			
17.8100			24.0161			-42.3150			-0.4000			101.0000			141.0000			-128.0000			
18.3668			24.5728			-40.6446			2.2000			93.0000			157.0000			-129.0000			
20.5939			24.5728			-43.4285			1.7000			83.0000			174.0000			-132.0000			
16.6965			25.6864			-42.3150			0.0000			76.0000			186.0000			-135.0000			
9.4584			31.2541			-40.6446			0.0000			67.0000			199.0000			-134.0000			
2.7771			35.7083			-38.4175			0.0000			60.0000			210.0000			-133.0000			
-0.5636			38.4922			-36.1904			1.7000			50.0000			221.0000			-132.0000			
-6.1313			40.7193			-32.8498			1.7000			39.0000			231.0000			-130.0000			
-6.1313			39.6058			-31.7362			1.7000			27.0000			239.0000			-127.0000			
-4.4610			39.0490			-33.4066			1.1000			17.0000			246.0000			-122.0000			
-7.8017			40.7193			-32.8498			0.0000			7.0000			251.0000			-117.0000			
-15.0397			41.8329			-27.8388			-1.0000			-4.0000			255.0000			-110.0000			
-21.1643			42.9464			-20.6007			1.1000			-15.0000			255.0000			-103.0000			
-26.1753			45.7303			-18.3736			1.1000			-25.0000			256.0000			-95.0000			
-28.4024			45.1735			-16.1465			0.6000			-37.0000			255.0000			-86.0000			
-27.8456			45.7303			-16.7033			1.1000			-47.0000			254.0000			-78.0000			
-26.1753			46.2871			-20.6007			-0.4000			-57.0000			253.0000			-69.0000			
-28.4024			46.2871			-18.3736			-0.4000			-66.0000			251.0000			-60.0000			
-31.1862			44.6168			-12.2491			1.1000			-73.0000			245.0000			-53.0000			
-35.6404			41.2761			-4.4542			1.1000			-82.0000			240.0000			-43.0000			
-40.0947			38.4922			1.6703			0.0000			-89.0000			233.0000			-33.0000			
-42.8785			36.2651			7.2381			0.6000			-97.0000			223.0000			-21.0000			
-41.2082			36.2651			6.6813			1.7000			-103.0000			213.0000			-9.0000			
-40.6514			36.2651			4.4542			0.0000			-108.0000			200.0000			2.0000			
-40.6514			32.9245			6.6813			-1.0000			-113.0000			187.0000			14.0000			
-41.2082			26.7999			15.0329			0.6000			-117.0000			173.0000			25.0000			
-44.5489			25.1296			20.0439			0.6000			-118.0000			156.0000			36.0000			
-46.7760			22.9025			23.3846			-0.4000			-121.0000			141.0000			47.0000			
-45.6624			18.4483			24.4981			-2.7000			-124.0000			123.0000			60.0000			
-45.1056			18.4483			25.0549			-1.5000			-124.0000			107.0000			70.0000			
-43.4353			18.4483			25.0549			0.0000			-126.0000			91.0000			80.0000			
-41.7650			15.6644			27.2820			1.1000			-126.0000			76.0000			89.0000			
-39.5379			9.5399			30.6227			0.6000			-125.0000			60.0000			98.0000			
-38.4243			1.1882			35.0769			-2.1000			-123.0000			43.0000			108.0000			
-36.7540			-4.9363			39.5311			-2.1000			-121.0000			24.0000			116.0000			
-35.6404			-4.9363			38.9743			-1.6000			-116.0000			5.0000			124.0000			
-35.0837			-2.7092			37.3040			-0.4000			-112.0000			-13.0000			132.0000			
-32.2998			-4.9363			37.3040			0.0000			-106.0000			-31.0000			137.0000			
-27.2888			-11.0608			37.8608			-0.4000			-100.0000			-47.0000			142.0000			
-23.3914			-16.6286			38.4175			-1.6000			-92.0000			-65.0000			147.0000			
-22.8346			-21.6396			42.8717			-1.5000			-84.0000			-82.0000			150.0000			
-18.3804			-23.3099			41.7582			0.0000			-75.0000			-99.0000			153.0000			
-16.7101			-25.5370			41.7582			-0.4000			-68.0000			-115.0000			155.0000			
-17.8236			-25.5370			42.3150			-1.0000			-58.0000			-129.0000			156.0000			
-17.8236			-24.9802			41.7582			-1.0000			-51.0000			-145.0000			158.0000			
-12.2559			-28.3209			41.2014			0.6000			-42.0000			-157.0000			159.0000			
-4.4610			-33.8886			38.4175			0.0000			-34.0000			-169.0000			159.0000			
2.7771			-39.4564			36.1904			-0.4000			-24.0000			-179.0000			157.0000			
7.2313			-41.6835			33.9633			-0.4000			-12.0000			-189.0000			154.0000			
6.6745			-39.4564			32.8498			0.0000			-1.0000			-197.0000			151.0000			
5.5610			-38.3428			33.4066			0.6000			9.0000			-204.0000			147.0000			
8.9016			-41.6835			33.4066			0.6000			20.0000			-209.0000			141.0000			
13.9126			-42.2403			27.8388			-0.4000			30.0000			-212.0000			135.0000			
19.4804			-41.6835			22.2710			0.0000			40.0000			-213.0000			128.0000			
25.6049			-45.0242			19.4872			0.0000			52.0000			-213.0000			119.0000			
29.5023			-45.5809			16.1465			0.0000			63.0000			-213.0000			110.0000			
28.3888			-45.0242			16.1465			-0.4000			74.0000			-212.0000			103.0000			
26.1617			-46.6945			18.9304			-1.5000			82.0000			-210.0000			93.0000			
25.6049			-45.5809			17.8168			-2.1000			92.0000			-208.0000			84.0000			
31.1727			-43.3538			12.8058			0.6000			99.0000			-203.0000			76.0000			
37.8540			-40.5699			2.7839			0.0000			108.0000			-198.0000			67.0000			
42.3082			-37.7861			-4.4542			0.0000			115.0000			-192.0000			58.0000			
43.4217			-36.1157			-7.7949			-0.4000			122.0000			-182.0000			46.0000			
42.3082			-36.6725			-5.0110			0.6000			130.0000			-170.0000			35.0000			
41.7514			-36.6725			-4.4542			0.6000			134.0000			-158.0000			23.0000			
41.7514			-34.4454			-7.7949			-0.4000			137.0000			-145.0000			12.0000			
41.7514			-27.7641			-13.3626			0.6000			142.0000			-130.0000			1.0000			
45.0921			-24.9802			-20.0439			0.0000			143.0000			-114.0000			-11.0000			
46.7624			-20.5260			-25.6117			0.6000			147.0000			-99.0000			-23.0000			
46.2056			-19.4125			-26.7252			0.0000			149.0000			-82.0000			-35.0000			
45.0921			-19.9692			-25.6117			-0.4000			150.0000			-65.0000			-46.0000			
43.9785			-21.0828			-23.3846			-0.4000			151.0000			-49.0000			-56.0000			
42.3082			-15.5150			-25.0549			1.7000			151.0000			-33.0000			-64.0000			
40.0811			-6.0498			-31.1794			2.8000			150.0000			-18.0000			-73.0000			
38.9675			-0.4821			-37.8608			0.6000			147.0000			-1.0000			-82.0000			
37.2972			3.4153			-41.2014			-0.4000			145.0000			18.0000			-91.0000			
36.1836			3.4153			-38.9743			0.6000			141.0000			37.0000			-99.0000			
34.5133			2.8586			-35.6337			1.7000			137.0000			56.0000			-106.0000			
32.8430			5.0857			-36.7472			1.1000			131.0000			73.0000			-113.0000			
28.3888			10.0967			-36.7472			1.7000			123.0000			92.0000			-118.0000			
22.2642			18.4483			-38.4175			2.3000			117.0000			109.0000			-121.0000			
19.4804			24.0161			-41.7582			1.7000			107.0000			125.0000			-124.0000			
17.2533			26.2432			-42.3150			1.1000			99.0000			143.0000			-128.0000			
17.8100			25.1296			-42.3150			0.6000			91.0000			159.0000			-130.0000			
20.0371			23.4593			-42.8717			0.6000			82.0000			173.0000			-133.0000			
18.3668			25.6864			-42.3150			1.7000			74.0000			187.0000			-133.0000			
9.4584			31.2541			-40.6446			0.0000			67.0000			200.0000			-134.0000			
2.2203			36.8219			-38.4175			0.6000			58.0000			209.0000			-134.0000			
-3.3474			39.6058			-36.1904			0.0000			49.0000			223.0000			-133.0000			
-6.1313			41.2761			-33.9633			1.1000			37.0000			232.0000			-130.0000			
-5.0178			39.0490			-31.1794			2.8000			26.0000			241.0000			-127.0000			
-4.4610			38.4922			-31.7362			2.2000			16.0000			246.0000			-121.0000			
-10.0288			42.3897			-31.7362			0.6000			5.0000			251.0000			-116.0000			
-15.0397			42.9464			-27.8388			0.0000			-4.0000			254.0000			-110.0000			
-22.2778			43.5032			-21.1575			0.0000			-16.0000			255.0000			-102.0000			
-27.8456			45.7303			-17.8168			0.0000			-26.0000			256.0000			-94.0000			
-28.4024			45.7303			-15.5897			1.7000			-38.0000			255.0000			-86.0000			
-27.2888			45.7303			-16.7033			1.7000			-48.0000			254.0000			-77.0000			
-25.0617			45.7303			-20.6007			0.0000			-58.0000			252.0000			-68.0000			
-27.8456			45.1735			-17.8168			-0.4000			-66.0000			248.0000			-60.0000			
-33.4133			45.1735			-11.1355			0.6000			-74.0000			245.0000			-51.0000			
-38.4243			41.8329			-2.7839			0.6000			-81.0000			239.0000			-42.0000			
-40.6514			39.0490			2.7839			1.1000			-90.0000			234.0000			-32.0000			
-42.3218			36.2651			6.6813			0.6000			-97.0000			224.0000			-20.0000			
-41.7650			36.8219			5.5678			0.6000			-105.0000			212.0000			-8.0000			
-41.2082			36.8219			5.5678			1.1000			-109.0000			199.0000			3.0000			
-41.7650			32.3677			8.3516			-1.0000			-113.0000			186.0000			15.0000			
-41.2082			25.6864			15.5897			0.0000			-116.0000			173.0000			26.0000			
-45.1056			24.0161			21.7143			0.6000			-119.0000			155.0000			38.0000			
-46.7760			21.2322			26.1685			0.6000			-121.0000			139.0000			49.0000			
-45.6624			19.0051			25.6117			-1.0000			-124.0000			122.0000			60.0000			
-46.2192			19.5618			24.4981			-2.1000			-126.0000			105.0000			72.0000			
-43.9921			17.3347			24.4981			-2.1000			-125.0000			89.0000			82.0000			
-41.7650			12.8805			27.8388			-1.0000			-126.0000			74.0000			91.0000			
-38.9811			6.7560			33.4066			1.1000			-124.0000			58.0000			100.0000			
-37.8675			0.6315			37.3040			0.0000			-123.0000			42.0000			107.0000			
-36.7540			-4.3795			39.5311			-1.5000			-120.0000			23.0000			116.0000			
-64.5928			-2.1524			40.0879			-26.6000			-116.0000			2.0000			125.0000			
-37.3108			-6.6066			36.1904			-7.7000			-111.0000			-14.0000			132.0000			
-33.4133			-7.1634			38.4175			-2.1000			-105.0000			-33.0000			138.0000			
-28.9591			-12.7312			37.8608			-3.8000			-98.0000			-49.0000			143.0000			
-22.2778			-18.8557			40.0879			-1.0000			-90.0000			-66.0000			147.0000			
-20.6075			-22.1963			42.3150			-0.4000			-82.0000			-83.0000			150.0000			
-20.0507			-23.8667			41.7582			-2.1000			-73.0000			-100.0000			154.0000			
-19.4939			-23.8667			42.8717			-0.4000			-65.0000			-116.0000			157.0000			
-18.3804			-26.0938			42.8717			-1.6000			-57.0000			-132.0000			159.0000			
-14.4830			-27.2073			42.3150			0.6000			-49.0000			-145.0000			159.0000			
-8.9152			-29.9912			41.2014			2.3000			-41.0000			-156.0000			160.0000			
-3.9042			-34.4454			37.8608			-0.4000			-31.0000			-169.0000			159.0000			
2.7771			-39.4564			36.7472			0.0000			-22.0000			-180.0000			158.0000			
6.6745			-41.1267			33.9633			-0.4000			-11.0000			-190.0000			154.0000			
5.0042			-39.4564			32.8498			-1.5000			-1.0000			-198.0000			152.0000			
6.6745			-39.4564			33.4066			0.6000			11.0000			-204.0000			146.0000			
11.1287			-43.3538			32.2930			0.0000			21.0000			-209.0000			140.0000			
17.8100			-43.3538			26.1685			0.6000			32.0000			-212.0000			134.0000			
20.5939			-43.3538			22.2710			-0.4000			42.0000			-212.0000			125.0000			
25.6049			-45.5809			18.9304			-1.0000			53.0000			-213.0000			118.0000			
29.5023			-46.1377			17.2601			0.6000			64.0000			-213.0000			108.0000			
30.6159			-45.5809			17.2601			2.3000			74.0000			-212.0000			100.0000			
94.0883			-46.1377			20.0439			67.9000			76.0000			-212.0000			91.0000			
108.0077			-45.5809			18.9304			81.3000			77.0000			-216.0000			76.0000			
97.9858			-57.8300			-3.8974			36.2000			79.0000			-224.0000			58.0000			
74.0444			-40.5699			-0.5568			32.9000			82.0000			-234.0000			37.0000			
46.2056			-40.5699			-12.2491			-6.6000			87.0000			-236.0000			19.0000			
38.4107			-36.1157			-7.7949			-5.5000			90.0000			-233.0000			1.0000			
39.5243			-39.4564			2.7839			2.8000			94.0000			-225.0000			-13.0000			
41.7514			-43.3538			-1.6703			-3.2000			98.0000			-211.0000			-25.0000			
48.9895			-34.4454			-6.1245			8.4000			100.0000			-198.0000			-36.0000			
47.8759			-26.0938			-17.2601			4.5000			103.0000			-182.0000			-45.0000			
51.7734			-19.4125			-22.2710			10.1000			107.0000			-166.0000			-56.0000			
58.4547			-18.2989			-26.1685			13.9000			111.0000			-148.0000			-69.0000			
64.0224			-21.0828			-25.6117			17.3000			112.0000			-130.0000			-79.0000			
66.2495			-18.8557			-21.7143			25.6000			114.0000			-113.0000			-91.0000			
60.1250			-20.5260			-21.1575			18.4000			116.0000			-97.0000			-101.0000			
56.7843			-14.9583			-23.3846			18.4000			117.0000			-82.0000			-110.0000			
54.0005			-5.4931			-30.0659			18.4000			115.0000			-66.0000			-118.0000			
52.8869			2.3018			-37.3040			17.8000			113.0000			-47.0000			-127.0000			
49.5463			8.4263			-40.6446			17.3000			111.0000			-27.0000			-134.0000			
49.5463			3.9721			-38.4175			15.1000			110.0000			-4.0000			-140.0000			
48.4327			2.3018			-34.5201			16.2000			106.0000			16.0000			-146.0000			
43.4217			6.1992			-33.4066			16.2000			103.0000			37.0000			-149.0000			
37.2972			12.8805			-33.9633			16.2000			98.0000			57.0000			-151.0000			
32.2862			20.6754			-38.4175			14.5000			93.0000			78.0000			-153.0000			
30.6159			25.1296			-39.5311			16.2000			85.0000			101.0000			-152.0000			
26.7185			27.9135			-38.9743			15.6000			81.0000			122.0000			-151.0000			
28.9456			27.9135			-40.6446			16.2000			75.0000			144.0000			-149.0000			
30.6159			24.5728			-40.6446			14.5000			70.0000			165.0000			-147.0000			
32.8430			25.6864			-38.9743			19.5000			66.0000			182.0000			-144.0000			
26.7185			31.8109			-37.8608			20.6000			61.0000			199.0000			-141.0000			
15.5829			38.4922			-37.8608			16.2000			55.0000			215.0000			-136.0000			
6.6745			42.3897			-34.5201			14.5000			48.0000			232.0000			-130.0000			
2.2203			42.9464			-31.7362			13.4000			41.0000			247.0000			-124.0000			
2.2203			40.7193			-30.6227			12.3000			34.0000			260.0000			-116.0000			
2.2203			40.7193			-30.6227			12.3000			26.0000			271.0000			-106.0000			
-2.7907			42.3897			-27.8388			11.7000			20.0000			281.0000			-97.0000			
-8.3584			43.5032			-23.9414			11.2000			13.0000			287.0000			-86.0000			
-15.0397			45.7303			-20.6007			10.0000			6.0000			295.0000			-74.0000			
-22.8346			47.4006			-16.7033			7.8000			-3.0000			301.0000			-62.0000			
-25.6185			46.8439			-14.4762			6.7000			-10.0000			304.0000			-49.0000			
-23.9482			46.8439			-15.5897			7.3000			-19.0000			308.0000			-34.0000			
-20.0507			46.2871			-18.9304			7.3000			-25.0000			311.0000			-23.0000			
-22.2778			45.1735			-16.7033			6.1000			-29.0000			312.0000			-11.0000			
-28.9591			43.5032			-10.0220			4.5000			-34.0000			311.0000			1.0000			
-33.9701			41.2761			-2.2271			5.0000			-40.0000			310.0000			14.0000			
-38.4243			37.9354			4.4542			3.9000			-45.0000			305.0000			27.0000			
-41.2082			35.7083			7.2381			1.7000			-51.0000			297.0000			41.0000			
-40.6514			36.2651			4.4542			0.0000			-55.0000			288.0000			55.0000			
-41.7650			36.2651			4.4542			-1.0000			-59.0000			277.0000			68.0000			
-44.5489			32.3677			7.7949			-4.3000			-61.0000			266.0000			82.0000			
-44.5489			26.2432			15.0329			-3.2000			-65.0000			252.0000			95.0000			
-46.7760			22.9025			20.0439			-3.8000			-66.0000			236.0000			107.0000			
-48.4463			19.5618			24.4981			-4.3000			-67.0000			219.0000			119.0000			
-46.7760			19.0051			24.4981			-3.2000			-70.0000			202.0000			131.0000			
-47.8895			20.1186			22.2710			-5.4000			-72.0000			184.0000			142.0000			
-46.7760			17.8915			21.7143			-7.1000			-73.0000			167.0000			151.0000			
-44.5489			12.3238			23.9414			-8.2000			-73.0000			150.0000			158.0000			
-41.7650			2.8586			30.6227			-8.2000			-75.0000			133.0000			165.0000			
-40.0947			-2.1524			36.1904			-6.0000			-74.0000			110.0000			171.0000			
-38.4243			-6.0498			38.9743			-5.4000			-73.0000			88.0000			177.0000			
-39.5379			-4.3795			35.6337			-8.2000			-71.0000			64.0000			183.0000			
-38.4243			-2.7092			33.4066			-7.7000			-69.0000			43.0000			187.0000			
-35.6404			-7.7202			34.5201			-8.8000			-67.0000			20.0000			188.0000			
-29.5159			-13.8447			33.9633			-9.3000			-62.0000			-2.0000			190.0000			
-26.7320			-20.5260			37.3040			-9.9000			-57.0000			-25.0000			189.0000			
-22.2778			-25.5370			39.5311			-8.2000			-54.0000			-48.0000			188.0000			
-20.6075			-26.0938			39.5311			-7.1000			-48.0000			-71.0000			186.0000			
-23.3914			-25.5370			39.5311			-9.3000			-43.0000			-93.0000			183.0000			
-25.0617			-24.4234			40.6446			-8.8000			-40.0000			-115.0000			180.0000			
-20.6075			-27.2073			40.0879			-7.7000			-37.0000			-135.0000			175.0000			
-11.1423			-33.8886			37.8608			-7.1000			-33.0000			-155.0000			170.0000			
-3.9042			-37.7861			36.1904			-5.4000			-27.0000			-172.0000			164.0000			
-0.0068			-40.5699			32.8498			-7.7000			-21.0000			-189.0000			158.0000			
2.2203			-40.5699			30.6227			-7.7000			-14.0000			-206.0000			150.0000			
1.6635			-40.0132			29.5091			-8.8000			-9.0000			-221.0000			139.0000			
1.1068			-40.0132			30.6227			-8.2000			-1.0000			-233.0000			129.0000			
6.6745			-41.6835			30.0659			-4.9000			6.0000			-242.0000			117.0000			
14.4694			-42.7971			23.3846			-4.9000			13.0000			-252.0000			107.0000			
20.0371			-44.4674			20.6007			-3.8000			20.0000			-258.0000			95.0000			
24.4913			-46.6945			16.1465			-6.0000			28.0000			-263.0000			82.0000			
25.0481			-46.1377			15.5897			-5.4000			36.0000			-267.0000			69.0000			
22.8210			-46.1377			17.8168			-5.5000			42.0000			-270.0000			55.0000			
22.8210			-45.0242			19.4872			-2.7000			50.0000			-272.0000			44.0000			
27.2752			-44.4674			15.5897			-1.5000			55.0000			-273.0000			33.0000			
32.2862			-43.3538			8.3516			-2.7000			61.0000			-272.0000			22.0000			
36.7404			-41.1267			2.2271			-2.1000			67.0000			-268.0000			10.0000			
40.0811			-36.6725			-3.3407			0.0000			72.0000			-262.0000			-2.0000			
41.7514			-33.8886			-7.2381			0.6000			80.0000			-253.0000			-16.0000			
40.0811			-35.0022			-3.3407			1.7000			85.0000			-243.0000			-27.0000			
40.0811			-35.5590			-3.3407			1.1000			89.0000			-231.0000			-41.0000			
40.0811			-30.5480			-8.3516			1.1000			93.0000			-217.0000			-52.0000			
41.7514			-24.9802			-13.9194			2.8000			98.0000			-201.0000			-62.0000			
45.0921			-23.3099			-20.0439			1.7000			100.0000			-183.0000			-73.0000			
45.6488			-21.0828			-23.3846			1.1000			104.0000			-164.0000			-84.0000			
45.6488			-19.9692			-22.2710			3.4000			106.0000			-145.0000			-93.0000			
44.5353			-17.7421			-21.7143			5.0000			110.0000			-126.0000			-102.0000			
42.8650			-16.0718			-22.8278			3.9000			113.0000			-106.0000			-110.0000			
41.7514			-12.7312			-25.6117			3.4000			116.0000			-87.0000			-117.0000			
38.4107			-5.4931			-30.0659			2.8000			117.0000			-66.0000			-121.0000			
37.8540			0.6315			-33.4066			5.0000			118.0000			-44.0000			-126.0000			
36.1836			7.3128			-37.8608			5.6000			117.0000			-20.0000			-131.0000			
36.1836			5.6424			-35.0769			6.7000			115.0000			5.0000			-136.0000			
36.1836			5.0857			-33.4066			7.8000			114.0000			29.0000			-137.0000			
33.3998			8.4263			-35.0769			6.7000			111.0000			53.0000			-139.0000			
42.3082			13.4373			-35.0769			20.6000			107.0000			75.0000			-139.0000			
62.9089			18.4483			-37.3040			44.0000			97.0000			95.0000			-140.0000			
63.4657			17.3347			-43.9853			36.8000			89.0000			114.0000			-143.0000			
46.2056			19.0051			-43.4285			21.7000			82.0000			130.0000			-147.0000			
26.7185			25.6864			-42.3150			10.0000			76.0000			143.0000			-149.0000			
17.8100			28.4703			-42.3150			3.9000			69.0000			160.0000			-149.0000			
11.6855			31.8109			-37.3040			6.1000			62.0000			178.0000			-149.0000			
6.1177			35.1516			-35.0769			6.1000			57.0000			194.0000			-145.0000			
2.2203			39.6058			-33.9633			7.8000			52.0000			211.0000			-139.0000			
-0.5636			41.8329			-34.5201			6.7000			44.0000			228.0000			-133.0000			
-2.7907			41.8329			-33.4066			5.6000			37.0000			244.0000			-125.0000			
-1.1203			40.1626			-31.1794			7.8000			30.0000			258.0000			-117.0000			
-4.4610			42.3897			-31.7362			6.1000			23.0000			268.0000			-107.0000			
-9.4720			44.6168			-28.3956			6.7000			18.0000			278.0000			-98.0000			
-15.5965			44.0600			-22.2710			6.2000			10.0000			286.0000			-86.0000			
-20.6075			45.7303			-18.9304			6.2000			3.0000			291.0000			-74.0000			
-26.1753			47.4006			-16.1465			5.0000			-5.0000			296.0000			-62.0000			
-28.9591			45.7303			-15.5897			1.1000			-13.0000			300.0000			-50.0000			
-27.8456			46.8439			-17.8168			1.1000			-19.0000			304.0000			-37.0000			
-27.8456			48.5142			-18.3736			2.2000			-27.0000			306.0000			-24.0000			
-29.5159			45.7303			-15.0329			1.1000			-32.0000			307.0000			-14.0000			
-34.5269			43.5032			-7.7949			1.1000			-37.0000			307.0000			-1.0000			
-39.5379			40.1626			-1.1136			-0.4000			-43.0000			303.0000			11.0000			
-43.4353			38.4922			4.4542			-0.4000			-49.0000			299.0000			24.0000			
-43.9921			35.7083			7.2381			-1.0000			-55.0000			290.0000			38.0000			
-42.3218			36.2651			4.4542			-1.6000			-58.0000			280.0000			52.0000			
-42.8785			35.7083			4.4542			-2.7000			-63.0000			269.0000			65.0000			
-42.8785			32.3677			8.3516			-2.1000			-66.0000			256.0000			78.0000			
-45.6624			26.2432			16.7033			-2.7000			-68.0000			242.0000			90.0000			
-47.8895			22.9025			21.7143			-3.2000			-72.0000			225.0000			100.0000			
-49.5598			19.0051			25.6117			-4.9000			-74.0000			207.0000			113.0000			
-48.4463			16.2212			25.6117			-6.6000			-77.0000			189.0000			123.0000			
-47.8895			18.4483			23.9414			-5.4000			-80.0000			170.0000			131.0000			
-47.3327			18.4483			22.2710			-6.6000			-82.0000			152.0000			142.0000			
-44.5489			12.8805			25.6117			-6.0000			-83.0000			134.0000			148.0000			
-43.4353			2.8586			31.1794			-9.3000			-84.0000			114.0000			155.0000			
-40.6514			-3.8227			36.7472			-7.7000			-83.0000			93.0000			161.0000			
-40.0947			-7.7202			38.9743			-8.8000			-84.0000			69.0000			166.0000			
-38.9811			-5.4931			36.7472			-7.7000			-81.0000			46.0000			169.0000			
-38.4243			-3.8227			35.0769			-7.1000			-79.0000			24.0000			171.0000			
-33.4133			-9.9473			34.5201			-8.8000			-77.0000			1.0000			174.0000			
-29.5159			-14.9583			36.1904			-8.2000			-74.0000			-23.0000			174.0000			
-27.8456			-19.9692			38.9743			-8.8000			-68.0000			-45.0000			173.0000			
-22.8346			-26.0938			40.6446			-8.2000			-65.0000			-69.0000			171.0000			
-20.6075			-27.7641			41.2014			-7.1000			-59.0000			-92.0000			169.0000			
-22.2778			-27.2073			40.0879			-9.3000			-54.0000			-113.0000			168.0000			
-23.3914			-24.9802			41.2014			-7.1000			-50.0000			-135.0000			164.0000			
-22.2778			-27.2073			39.5311			-9.9000			-46.0000			-153.0000			160.0000			
-13.9262			-33.8886			38.9743			-8.8000			-41.0000			-171.0000			156.0000			
-8.9152			-38.3428			36.7472			-10.5000			-35.0000			-189.0000			151.0000			
-14.4830			-42.7971			33.9633			-23.3000			-27.0000			-204.0000			145.0000			
-11.1423			-38.3428			33.4066			-16.0000			-19.0000			-218.0000			139.0000			
-10.0288			-37.2293			32.8498			-14.4000			-9.0000			-228.0000			132.0000			
-5.0178			-40.0132			31.7362			-13.2000			-1.0000			-236.0000			125.0000			
3.8906			-41.6835			30.6227			-7.1000			8.0000			-243.0000			116.0000			
13.9126			-43.3538			21.7143			-7.7000			15.0000			-248.0000			108.0000			
23.9346			-45.0242			18.3736			-2.7000			24.0000			-252.0000			97.0000			
29.5023			-47.2513			15.5897			-2.1000			33.0000			-257.0000			84.0000			
26.1617			-45.5809			13.9194			-5.4000			41.0000			-259.0000			72.0000			
23.3778			-45.5809			17.8168			-4.3000			50.0000			-261.0000			62.0000			
21.7075			-45.5809			20.0439			-3.8000			57.0000			-262.0000			50.0000			
26.1617			-45.0242			17.2601			-1.5000			63.0000			-262.0000			40.0000			
33.9565			-42.2403			7.2381			-1.0000			70.0000			-260.0000			29.0000			
38.9675			-40.0132			-1.1136			-2.1000			75.0000			-256.0000			18.0000			
41.1946			-37.7861			-6.1245			-2.7000			81.0000			-248.0000			6.0000			
40.6378			-35.0022			-6.6813			-1.0000			88.0000			-240.0000			-6.0000			
39.5243			-36.1157			-3.3407			0.0000			93.0000			-229.0000			-19.0000			
41.1946			-36.6725			-3.8974			0.6000			98.0000			-216.0000			-33.0000			
40.6378			-31.6615			-9.4652			-0.4000			101.0000			-202.0000			-43.0000			
42.3082			-24.4234			-15.0329			2.8000			105.0000			-186.0000			-53.0000			
45.6488			-21.6396			-21.7143			2.2000			108.0000			-169.0000			-65.0000			
46.2056			-20.5260			-25.0549			0.6000			111.0000			-151.0000			-76.0000			
46.7624			-19.9692			-25.0549			1.7000			113.0000			-132.0000			-85.0000			
45.0921			-20.5260			-21.1575			3.4000			116.0000			-112.0000			-95.0000			
43.4217			-16.6286			-21.7143			5.0000			118.0000			-95.0000			-103.0000			
42.8650			-10.5041			-27.2820			5.0000			119.0000			-77.0000			-110.0000			
51.2166			-3.2660			-32.2930			15.6000			119.0000			-57.0000			-116.0000			
63.4657			2.3018			-35.6337			30.1000			116.0000			-37.0000			-124.0000			
63.4657			4.5289			-37.3040			30.6000			114.0000			-17.0000			-132.0000			
54.0005			1.7450			-37.3040			18.4000			110.0000			2.0000			-139.0000			
47.3192			3.4153			-35.6337			15.0000			106.0000			19.0000			-146.0000			
35.6269			9.5399			-36.1904			8.9000			101.0000			37.0000			-152.0000			
27.2752			15.6644			-36.7472			6.1000			94.0000			56.0000			-155.0000			
20.0371			22.9025			-37.8608			5.0000			88.0000			78.0000			-157.0000			
18.3668			25.6864			-38.9743			5.0000			82.0000			98.0000			-155.0000			
21.1507			26.2432			-38.9743			8.4000			76.0000			120.0000			-155.0000			
23.9346			24.0161			-41.2014			6.7000			72.0000			142.0000			-152.0000			
23.9346			25.6864			-40.6446			8.9000			67.0000			162.0000			-151.0000			
17.8100			30.1406			-40.6446			7.3000			62.0000			181.0000			-147.0000			
10.5720			35.7083			-38.4175			7.8000			58.0000			198.0000			-143.0000			
6.1177			40.1626			-35.6337			10.6000			51.0000			215.0000			-139.0000			
1.1068			41.8329			-33.9633			8.9000			44.0000			231.0000			-133.0000			
-1.6771			41.2761			-31.7362			7.8000			37.0000			245.0000			-126.0000			
-1.6771			40.1626			-30.6227			7.8000			29.0000			259.0000			-117.0000			
-4.4610			42.9464			-31.7362			6.7000			21.0000			268.0000			-108.0000			
-9.4720			44.6168			-29.5091			5.6000			15.0000			277.0000			-98.0000			
-16.7101			44.6168			-23.3846			4.5000			7.0000			285.0000			-87.0000			
-23.9482			45.1735			-18.3736			2.8000			1.0000			290.0000			-74.0000			
-28.4024			47.4006			-15.5897			3.4000			-7.0000			296.0000			-63.0000			
-27.8456			47.4006			-15.5897			3.9000			-16.0000			299.0000			-50.0000			
-27.2888			46.8439			-17.8168			1.7000			-23.0000			302.0000			-37.0000			
-27.2888			45.7303			-18.9304			-0.4000			-30.0000			303.0000			-25.0000			
-30.0727			46.2871			-15.5897			0.6000			-34.0000			304.0000			-13.0000			
-35.6404			44.0600			-7.7949			0.6000			-40.0000			303.0000			-1.0000			
-39.5379			41.2761			-1.1136			0.6000			-45.0000			301.0000			10.0000			
-43.4353			36.8219			4.4542			-2.1000			-51.0000			295.0000			24.0000			
-43.9921			35.7083			6.6813			-1.5000			-57.0000			286.0000			38.0000			
-42.8785			37.3787			4.4542			-1.0000			-62.0000			276.0000			51.0000			
-43.9921			35.1516			5.0110			-3.8000			-66.0000			265.0000			64.0000			
-43.9921			31.8109			9.4652			-2.7000			-69.0000			251.0000			76.0000			
-45.1056			25.1296			17.2601			-2.7000			-72.0000			236.0000			87.0000			
-48.4463			22.9025			22.8278			-2.7000			-75.0000			218.0000			98.0000			
-49.5598			20.1186			25.0549			-4.3000			-76.0000			201.0000			111.0000			
-48.4463			18.4483			23.3846			-6.6000			-81.0000			183.0000			122.0000			
-46.7760			18.4483			22.8278			-5.4000			-81.0000			165.0000			131.0000			
-45.6624			15.1076			23.9414			-6.6000			-84.0000			146.0000			138.0000			
-44.5489			11.2102			27.2820			-6.0000			-85.0000			128.0000			144.0000			
-42.3218			3.9721			31.7362			-6.6000			-86.0000			109.0000			152.0000			
-41.2082			-3.8227			35.6337			-9.3000			-86.0000			87.0000			158.0000			
-39.5379			-8.2769			39.5311			-8.2000			-85.0000			62.0000			162.0000			
-38.4243			-5.4931			36.7472			-7.1000			-84.0000			40.0000			167.0000			
-37.8675			-5.4931			35.0769			-8.2000			-82.0000			18.0000			170.0000			
-32.2998			-11.0608			35.0769			-8.2000			-79.0000			-4.0000			172.0000			
-27.8456			-16.0718			35.0769			-8.8000			-75.0000			-27.0000			172.0000			
-26.7320			-20.5260			38.9743			-8.2000			-70.0000			-50.0000			170.0000			
-23.9482			-24.4234			40.0879			-8.2000			-65.0000			-73.0000			170.0000			
-22.8346			-26.0938			39.5311			-9.3000			-60.0000			-96.0000			170.0000			
-32.2998			-26.0938			40.6446			-17.7000			-54.0000			-118.0000			166.0000			
-42.3218			-27.7641			40.6446			-29.4000			-48.0000			-136.0000			163.0000			
-39.5379			-24.9802			42.8717			-21.6000			-41.0000			-153.0000			162.0000			
-28.9591			-30.5480			40.6446			-18.8000			-36.0000			-167.0000			161.0000			
-13.9262			-38.3428			36.7472			-15.5000			-28.0000			-180.0000			157.0000			
-0.5636			-41.6835			35.0769			-7.1000			-19.0000			-194.0000			155.0000			
4.4474			-43.3538			31.1794			-7.7000			-11.0000			-206.0000			147.0000			
4.4474			-41.1267			30.6227			-6.0000			-2.0000			-217.0000			141.0000			
6.6745			-41.6835			29.5091			-5.4000			4.0000			-227.0000			130.0000			
9.4584			-43.9106			27.8388			-6.6000			11.0000			-237.0000			120.0000			
15.0262			-42.7971			22.2710			-5.4000			21.0000			-243.0000			110.0000			
18.9236			-44.4674			20.6007			-4.9000			27.0000			-248.0000			98.0000			
24.4913			-46.1377			18.3736			-3.2000			37.0000			-252.0000			86.0000			
27.2752			-46.6945			15.0329			-4.3000			44.0000			-257.0000			74.0000			
25.0481			-46.6945			17.2601			-4.3000			52.0000			-259.0000			62.0000			
23.3778			-46.1377			17.2601			-5.4000			58.0000			-260.0000			49.0000			
26.7185			-45.0242			15.5897			-2.7000			64.0000			-260.0000			39.0000			
32.8430			-41.6835			8.3516			-0.4000			69.0000			-257.0000			29.0000			
37.8540			-39.4564			0.5568			-1.0000			75.0000			-254.0000			16.0000			
40.6378			-37.2293			-5.0110			-1.5000			81.0000			-248.0000			3.0000			
41.1946			-35.5590			-7.2381			-1.5000			87.0000			-240.0000			-10.0000			
40.0811			-36.6725			-4.4542			-1.0000			92.0000			-229.0000			-23.0000			
40.6378			-35.0022			-5.5678			0.0000			97.0000			-216.0000			-34.0000			
40.0811			-31.1048			-8.9084			0.0000			101.0000			-202.0000			-45.0000			
42.3082			-25.5370			-15.0329			1.7000			103.0000			-187.0000			-57.0000			
45.0921			-21.0828			-22.2710			1.7000			105.0000			-170.0000			-69.0000			
45.6488			-18.2989			-25.6117			1.7000			109.0000			-152.0000			-79.0000			
45.6488			-19.4125			-25.0549			1.1000			111.0000			-134.0000			-91.0000			
43.9785			-21.0828			-22.8278			0.0000			113.0000			-115.0000			-99.0000			
43.9785			-18.2989			-22.8278			2.8000			115.0000			-97.0000			-107.0000			
41.7514			-12.1744			-25.0549			4.5000			116.0000			-79.0000			-115.0000			
40.0811			-2.7092			-31.1794			6.1000			116.0000			-59.0000			-121.0000			
37.8540			3.4153			-37.3040			3.9000			117.0000			-37.0000			-126.0000			
47.8759			5.6424			-39.5311			13.9000			114.0000			-14.0000			-133.0000			
52.3301			4.5289			-35.6337			21.2000			111.0000			8.0000			-138.0000			
59.0115			1.7450			-34.5201			26.2000			106.0000			29.0000			-143.0000			
46.7624			7.3128			-36.1904			17.8000			101.0000			46.0000			-148.0000			
35.6269			13.9941			-39.5311			10.0000			95.0000			63.0000			-152.0000			
27.8320			22.9025			-40.6446			10.0000			88.0000			82.0000			-153.0000			
18.3668			26.2432			-41.2014			3.4000			83.0000			104.0000			-154.0000			
17.8100			29.0270			-38.9743			7.8000			77.0000			125.0000			-155.0000			
20.0371			26.7999			-40.0879			6.7000			71.0000			145.0000			-152.0000			
24.4913			24.5728			-40.6446			8.4000			65.0000			165.0000			-150.0000			
22.2642			27.3567			-40.6446			8.9000			60.0000			183.0000			-147.0000			
11.6855			35.1516			-38.9743			7.8000			56.0000			200.0000			-145.0000			
3.8906			39.6058			-35.6337			7.8000			49.0000			215.0000			-138.0000			
-2.7907			42.3897			-33.4066			6.1000			42.0000			231.0000			-132.0000			
-5.0178			42.3897			-30.6227			6.7000			34.0000			246.0000			-126.0000			
-3.3474			40.1626			-30.0659			6.7000			27.0000			258.0000			-117.0000			
-5.5745			41.8329			-30.6227			5.6000			20.0000			269.0000			-108.0000			
-10.0288			42.9464			-28.3956			4.5000			13.0000			277.0000			-98.0000			
-17.8236			43.5032			-22.8278			2.8000			7.0000			285.0000			-86.0000			
-23.9482			45.7303			-19.4872			2.3000			-1.0000			290.0000			-74.0000			
-28.9591			46.8439			-15.5897			2.2000			-9.0000			295.0000			-62.0000			
-28.4024			46.2871			-15.0329			2.8000			-17.0000			299.0000			-49.0000			
-24.5049			46.8439			-18.3736			3.9000			-25.0000			302.0000			-37.0000			
-25.6185			45.1735			-19.4872			0.0000			-30.0000			304.0000			-25.0000			
-30.0727			44.6168			-15.5897			-1.0000			-37.0000			304.0000			-12.0000			
-36.1972			42.9464			-6.6813			0.0000			-42.0000			303.0000			-1.0000			
-40.6514			40.1626			-0.0000			-0.4000			-48.0000			298.0000			11.0000			
-43.4353			36.8219			6.1245			-0.4000			-52.0000			292.0000			24.0000			
-42.8785			35.7083			6.6813			-0.4000			-59.0000			283.0000			37.0000			
-41.7650			36.2651			3.8974			-1.6000			-64.0000			274.0000			51.0000			
-43.4353			35.1516			5.0110			-3.2000			-68.0000			262.0000			64.0000			
-42.3218			30.1406			8.9084			-3.2000			-72.0000			247.0000			75.0000			
-45.6624			25.1296			16.7033			-3.8000			-73.0000			232.0000			86.0000			
-47.8895			22.3457			22.8278			-2.7000			-77.0000			217.0000			97.0000			
-49.0031			18.4483			25.6117			-4.9000			-79.0000			198.0000			110.0000			
-47.8895			19.0051			24.4981			-4.3000			-81.0000			179.0000			120.0000			
-47.3327			19.5618			21.7143			-6.0000			-85.0000			159.0000			128.0000			
-45.1056			15.1076			23.9414			-6.0000			-88.0000			142.0000			136.0000			
-43.4353			8.9831			27.2820			-7.1000			-88.0000			123.0000			144.0000			
-40.0947			2.8586			32.8498			-4.3000			-89.0000			103.0000			150.0000			
-40.0947			-3.2660			37.3040			-6.0000			-89.0000			83.0000			154.0000			
-40.0947			-6.6066			38.4175			-8.2000			-87.0000			58.0000			161.0000			
-40.0947			-4.3795			35.0769			-9.3000			-85.0000			36.0000			166.0000			
-51.7869			-4.3795			34.5201			-21.6000			-81.0000			12.0000			169.0000			
-54.0141			-11.6176			34.5201			-31.1000			-77.0000			-9.0000			170.0000			
-44.5489			-13.2879			40.6446			-17.1000			-71.0000			-28.0000			173.0000			
-37.3108			-21.0828			41.7582			-16.6000			-65.0000			-46.0000			175.0000			
-30.6295			-25.5370			40.0879			-16.0000			-58.0000			-67.0000			176.0000			
-26.1753			-24.9802			41.7582			-9.3000			-53.0000			-87.0000			178.0000			
-26.1753			-27.2073			40.6446			-12.7000			-47.0000			-106.0000			177.0000			
-23.9482			-27.7641			40.0879			-11.6000			-42.0000			-125.0000			173.0000			
-19.4939			-30.5480			38.9743			-11.0000			-36.0000			-142.0000			172.0000			
-14.4830			-33.8886			39.5311			-8.8000			-29.0000			-159.0000			166.0000			
-10.0288			-37.2293			37.3040			-9.9000			-23.0000			-175.0000			163.0000			
-2.7907			-41.6835			32.2930			-12.1000			-16.0000			-191.0000			157.0000			
2.2203			-42.2403			31.7362			-8.2000			-9.0000			-205.0000			149.0000			
2.2203			-41.6835			30.6227			-8.8000			-1.0000			-217.0000			141.0000			
5.5610			-42.7971			30.6227			-6.6000			7.0000			-227.0000			129.0000			
10.5720			-43.9106			27.2820			-6.0000			13.0000			-236.0000			121.0000			
16.6965			-43.3538			20.0439			-6.6000			21.0000			-243.0000			110.0000			
23.3778			-45.5809			18.3736			-3.8000			27.0000			-249.0000			97.0000			
25.6049			-46.6945			16.7033			-4.3000			35.0000			-254.0000			84.0000			
25.0481			-46.6945			16.7033			-4.9000			43.0000			-258.0000			72.0000			
25.6049			-46.1377			18.9304			-1.5000			51.0000			-261.0000			58.0000			
25.0481			-46.1377			16.7033			-4.3000			56.0000			-263.0000			47.0000			
29.5023			-45.5809			13.3626			-2.7000			62.0000			-263.0000			37.0000			
33.9565			-43.3538			7.2381			-2.1000			67.0000			-261.0000			25.0000			
38.9675			-39.4564			0.5568			0.0000			72.0000			-258.0000			12.0000			
42.3082			-36.1157			-6.6813			-0.4000			79.0000			-250.0000			-2.0000			
42.3082			-35.0022			-6.1245			1.1000			85.0000			-243.0000			-15.0000			
40.0811			-36.1157			-3.3407			0.6000			89.0000			-232.0000			-27.0000			
41.7514			-33.8886			-7.2381			0.6000			93.0000			-220.0000			-41.0000			
41.7514			-28.8777			-12.2491			0.6000			95.0000			-207.0000			-53.0000			
43.4217			-26.0938			-17.2601			0.0000			99.0000			-191.0000			-63.0000			
46.2056			-22.1963			-21.1575			2.8000			101.0000			-174.0000			-75.0000			
46.2056			-18.8557			-23.9414			3.4000			104.0000			-156.0000			-87.0000			
46.2056			-18.2989			-25.0549			2.8000			106.0000			-139.0000			-98.0000			
44.5353			-17.7421			-23.9414			2.8000			108.0000			-120.0000			-106.0000			
42.8650			-17.7421			-25.0549			0.0000			111.0000			-101.0000			-114.0000			
42.3082			-12.1744			-26.7252			3.4000			112.0000			-83.0000			-120.0000			
38.9675			-2.7092			-31.1794			5.0000			112.0000			-63.0000			-127.0000			
37.8540			5.0857			-37.3040			5.6000			113.0000			-41.0000			-133.0000			
37.8540			6.7560			-39.5311			5.0000			110.0000			-17.0000			-139.0000			
37.8540			3.9721			-36.1904			5.6000			109.0000			6.0000			-143.0000			
35.0701			5.6424			-35.0769			5.6000			108.0000			29.0000			-146.0000			
30.0591			11.2102			-36.1904			5.0000			102.0000			51.0000			-147.0000			
27.8320			16.7780			-36.1904			8.4000			98.0000			72.0000			-147.0000			
38.4107			20.1186			-40.0879			18.4000			92.0000			95.0000			-147.0000			
40.0811			24.5728			-41.2014			23.4000			86.0000			118.0000			-146.0000			
35.6269			25.1296			-41.2014			19.5000			79.0000			136.0000			-148.0000			
30.0591			25.6864			-43.4285			12.3000			72.0000			154.0000			-147.0000			
26.1617			26.2432			-41.7582			10.6000			67.0000			170.0000			-147.0000			
21.1507			29.5838			-39.5311			11.2000			61.0000			187.0000			-145.0000			
11.1287			35.1516			-38.4175			7.8000			54.0000			202.0000			-142.0000			
2.2203			41.2761			-34.5201			8.9000			49.0000			217.0000			-138.0000			
-6.6881			44.0600			-31.7362			5.6000			40.0000			233.0000			-133.0000			
-6.6881			42.9464			-31.7362			4.5000			34.0000			248.0000			-125.0000			
-5.0178			40.7193			-31.1794			4.5000			25.0000			259.0000			-116.0000			
-6.1313			41.2761			-31.1794			3.9000			18.0000			269.0000			-106.0000			
-11.6991			44.6168			-27.2820			5.6000			12.0000			279.0000			-96.0000			
-18.9372			44.0600			-21.7143			3.4000			5.0000			286.0000			-85.0000			
-25.0617			46.8439			-18.9304			2.8000			-2.0000			291.0000			-73.0000			
-29.5159			46.8439			-16.1465			1.1000			-11.0000			295.0000			-60.0000			
-28.9591			46.8439			-15.0329			2.8000			-18.0000			300.0000			-47.0000			
-26.1753			47.4006			-18.9304			2.3000			-26.0000			302.0000			-35.0000			
-25.6185			46.2871			-19.4872			1.1000			-32.0000			304.0000			-23.0000			
-30.0727			45.1735			-13.9194			1.1000			-37.0000			303.0000			-12.0000			
-36.1972			42.3897			-6.1245			0.0000			-43.0000			302.0000			0.0000			
-40.6514			40.1626			1.6703			1.1000			-48.0000			298.0000			13.0000			
-43.4353			36.2651			6.6813			-0.4000			-55.0000			292.0000			26.0000			
-42.8785			36.2651			6.6813			0.0000			-61.0000			282.0000			39.0000			
-40.6514			36.2651			3.3407			-1.0000			-65.0000			270.0000			52.0000			
-42.3218			34.0380			6.6813			-1.5000			-69.0000			258.0000			65.0000			
-43.4353			30.1406			11.1355			-2.1000			-73.0000			245.0000			75.0000			
-45.6624			24.5728			16.1465			-4.9000			-76.0000			228.0000			88.0000			
-47.8895			22.3457			21.7143			-3.8000			-79.0000			212.0000			99.0000			
-47.8895			18.4483			26.1685			-3.2000			-82.0000			193.0000			110.0000			
-47.8895			17.8915			24.4981			-5.5000			-84.0000			175.0000			122.0000			
-46.7760			19.5618			22.2710			-4.9000			-87.0000			156.0000			129.0000			
-45.6624			16.2212			22.8278			-6.6000			-88.0000			139.0000			136.0000			
-43.9921			8.9831			27.8388			-7.1000			-89.0000			120.0000			144.0000			
-41.2082			0.6315			33.9633			-6.6000			-90.0000			101.0000			150.0000			
-38.9811			-4.9363			37.8608			-6.0000			-89.0000			78.0000			156.0000			
-38.9811			-6.6066			38.4175			-7.1000			-89.0000			54.0000			161.0000			
-42.3218			-3.2660			35.6337			-9.9000			-86.0000			31.0000			166.0000			
-57.3547			-3.2660			34.5201			-26.0000			-81.0000			10.0000			169.0000			
-50.6734			-8.2769			35.6337			-23.3000			-75.0000			-10.0000			173.0000			
-42.3218			-13.8447			38.9743			-17.1000			-69.0000			-28.0000			175.0000			
-31.7430			-22.7531			41.7582			-12.7000			-63.0000			-47.0000			177.0000			
-23.9482			-26.0938			41.2014			-8.8000			-57.0000			-66.0000			178.0000			
-23.3914			-26.6506			38.9743			-11.0000			-50.0000			-87.0000			177.0000			
-24.5049			-25.5370			40.6446			-9.3000			-44.0000			-108.0000			178.0000			
-26.1753			-26.0938			38.9743			-13.2000			-40.0000			-125.0000			174.0000			
-20.0507			-30.5480			38.9743			-11.6000			-34.0000			-143.0000			172.0000			
-12.8126			-35.5590			37.8608			-10.5000			-30.0000			-160.0000			167.0000			
-7.2449			-39.4564			36.7472			-9.9000			-22.0000			-177.0000			163.0000			
-0.5636			-41.1267			33.4066			-8.2000			-15.0000			-192.0000			157.0000			
2.7771			-41.1267			29.5091			-8.8000			-9.0000			-206.0000			150.0000			
0.5500			-40.5699			30.6227			-9.3000			-1.0000			-217.0000			141.0000			
3.8906			-42.2403			30.6227			-7.7000			7.0000			-228.0000			131.0000			
10.0152			-43.3538			27.8388			-5.4000			14.0000			-237.0000			119.0000			
17.2533			-43.3538			20.6007			-5.4000			22.0000			-244.0000			107.0000			
24.4913			-46.1377			17.2601			-4.3000			29.0000			-250.0000			95.0000			
26.1617			-47.2513			16.1465			-4.9000			36.0000			-254.0000			83.0000			
25.6049			-46.1377			16.1465			-4.3000			45.0000			-258.0000			70.0000			
23.3778			-46.6945			18.9304			-4.3000			51.0000			-261.0000			58.0000			
24.4913			-45.0242			17.8168			-2.7000			56.0000			-263.0000			47.0000			
30.6159			-44.4674			12.8058			-1.0000			63.0000			-263.0000			34.0000			
35.6269			-42.2403			3.8974			-2.7000			67.0000			-260.0000			22.0000			
38.9675			-40.5699			-1.1136			-2.7000			72.0000			-258.0000			10.0000			
41.1946			-36.1157			-5.5678			-0.4000			79.0000			-250.0000			-3.0000			
41.1946			-36.1157			-5.0110			0.0000			84.0000			-241.0000			-16.0000			
40.0811			-36.6725			-2.7839			0.6000			89.0000			-232.0000			-30.0000			
40.6378			-33.8886			-6.1245			0.6000			93.0000			-220.0000			-42.0000			
40.6378			-27.7641			-12.2491			0.6000			96.0000			-204.0000			-53.0000			
44.5353			-24.4234			-18.3736			1.7000			99.0000			-189.0000			-66.0000			
46.7624			-22.7531			-22.8278			1.1000			101.0000			-173.0000			-76.0000			
46.2056			-19.4125			-24.4981			2.3000			104.0000			-154.0000			-89.0000			
45.6488			-20.5260			-22.2710			2.8000			106.0000			-135.0000			-98.0000			
44.5353			-18.8557			-21.7143			3.9000			109.0000			-118.0000			-107.0000			
42.8650			-14.9583			-23.9414			3.9000			111.0000			-99.0000			-115.0000			
41.7514			-9.3905			-28.3956			3.9000			112.0000			-81.0000			-122.0000			
38.9675			-2.7092			-32.8498			3.4000			112.0000			-62.0000			-128.0000			
38.4107			3.9721			-35.6337			6.7000			112.0000			-38.0000			-135.0000			
37.8540			7.3128			-36.7472			8.4000			111.0000			-15.0000			-139.0000			
38.4107			3.9721			-35.0769			7.3000			108.0000			8.0000			-143.0000			
36.7404			5.0857			-34.5201			7.3000			107.0000			31.0000			-145.0000			
32.2862			11.7670			-35.0769			8.9000			102.0000			53.0000			-147.0000			
32.2862			19.5618			-35.6337			16.2000			97.0000			75.0000			-148.0000			
37.8540			22.9025			-38.9743			21.7000			90.0000			98.0000			-147.0000			
40.0811			21.2322			-42.8717			18.4000			85.0000			118.0000			-148.0000			
35.6269			22.9025			-40.6446			17.8000			77.0000			137.0000			-149.0000			
27.8320			26.2432			-41.7582			12.3000			71.0000			155.0000			-148.0000			
23.3778			27.3567			-41.7582			8.9000			66.0000			173.0000			-148.0000			
17.8100			30.6974			-38.9743			9.5000			59.0000			188.0000			-146.0000			
11.1287			35.7083			-36.7472			10.0000			54.0000			205.0000			-144.0000			
3.8906			39.6058			-33.9633			9.5000			47.0000			218.0000			-138.0000			
-2.7907			42.3897			-33.4066			6.1000			40.0000			235.0000			-132.0000			
-5.0178			42.9464			-31.1794			6.7000			31.0000			249.0000			-123.0000			
-5.0178			40.7193			-31.1794			4.5000			25.0000			261.0000			-116.0000			
-6.6881			42.9464			-31.1794			5.0000			18.0000			271.0000			-105.0000			
-13.3694			44.0600			-26.1685			4.5000			10.0000			279.0000			-94.0000			
-20.6075			44.6168			-20.0439			3.9000			5.0000			287.0000			-84.0000			
-23.3914			46.8439			-18.3736			5.0000			-4.0000			292.0000			-71.0000			
-27.2888			46.2871			-16.1465			2.8000			-13.0000			296.0000			-59.0000			
-27.8456			45.1735			-16.7033			0.6000			-18.0000			300.0000			-45.0000			
-26.7320			46.8439			-18.9304			1.1000			-27.0000			303.0000			-33.0000			
-26.1753			47.4006			-18.9304			2.3000			-33.0000			305.0000			-22.0000			
-30.6295			45.7303			-12.8058			2.2000			-37.0000			305.0000			-10.0000			
-36.1972			41.8329			-4.4542			1.1000			-43.0000			302.0000			2.0000			
-40.6514			39.0490			1.6703			0.0000			-49.0000			298.0000			15.0000			
-43.4353			36.8219			7.2381			0.6000			-56.0000			290.0000			28.0000			
-43.4353			36.2651			6.1245			-1.0000			-61.0000			282.0000			42.0000			
-41.7650			36.2651			4.4542			-1.0000			-66.0000			270.0000			55.0000			
-41.2082			33.4812			7.2381			-0.4000			-70.0000			258.0000			67.0000			
-42.3218			27.9135			12.8058			-1.6000			-72.0000			244.0000			79.0000			
-45.6624			25.1296			17.8168			-2.7000			-75.0000			227.0000			90.0000			
-48.4463			22.9025			21.7143			-3.8000			-78.0000			210.0000			102.0000			
-47.3327			18.4483			24.4981			-4.3000			-81.0000			191.0000			112.0000			
-47.3327			15.6644			25.0549			-6.6000			-83.0000			175.0000			123.0000			
-46.7760			18.4483			23.9414			-4.3000			-86.0000			156.0000			132.0000			
-45.1056			16.7780			23.9414			-4.3000			-88.0000			138.0000			138.0000			
-42.8785			9.5399			27.8388			-5.4000			-89.0000			118.0000			146.0000			
-40.6514			-0.4821			33.4066			-7.7000			-89.0000			99.0000			151.0000			
-39.5379			-6.0498			38.9743			-6.6000			-88.0000			76.0000			157.0000			
-37.8675			-7.7202			39.5311			-6.0000			-87.0000			54.0000			163.0000			
-38.4243			-3.8227			35.6337			-6.6000			-86.0000			30.0000			168.0000			
-46.7760			-3.8227			35.6337			-14.9000			-81.0000			8.0000			170.0000			
-55.1276			-11.0608			35.6337			-30.5000			-75.0000			-13.0000			172.0000			
-46.2192			-12.7312			41.2014			-17.7000			-69.0000			-33.0000			174.0000			
-37.8675			-20.5260			45.0988			-13.2000			-62.0000			-52.0000			176.0000			
-28.4024			-26.6506			41.2014			-13.8000			-56.0000			-69.0000			177.0000			
-21.7210			-27.2073			41.7582			-7.1000			-51.0000			-90.0000			178.0000			
-23.3914			-28.3209			41.2014			-10.5000			-45.0000			-109.0000			175.0000			
-22.8346			-27.2073			40.0879			-9.9000			-39.0000			-128.0000			174.0000			
-20.0507			-30.5480			37.8608			-12.7000			-33.0000			-145.0000			173.0000			
-12.8126			-36.6725			37.3040			-12.1000			-28.0000			-161.0000			167.0000			
-4.4610			-40.5699			37.3040			-7.7000			-21.0000			-178.0000			162.0000			
1.1068			-42.7971			33.4066			-8.2000			-14.0000			-194.0000			155.0000			
2.7771			-41.6835			31.1794			-7.7000			-6.0000			-206.0000			149.0000			
3.3339			-41.1267			30.6227			-7.1000			1.0000			-218.0000			140.0000			
5.0042			-43.3538			30.6227			-7.7000			8.0000			-229.0000			130.0000			
10.0152			-43.9106			27.2820			-6.6000			15.0000			-237.0000			119.0000			
16.6965			-42.7971			21.7143			-4.3000			23.0000			-244.0000			106.0000			
24.4913			-46.6945			17.8168			-4.3000			31.0000			-249.0000			94.0000			
27.8320			-47.2513			14.4762			-4.9000			38.0000			-254.0000			82.0000			
27.2752			-46.1377			15.0329			-3.8000			45.0000			-258.0000			69.0000			
24.4913			-46.1377			18.3736			-3.2000			52.0000			-261.0000			56.0000			
24.4913			-45.0242			17.8168			-2.7000			57.0000			-262.0000			44.0000			
31.1727			-45.0242			12.2491			-1.5000			63.0000			-263.0000			33.0000			
36.7404			-41.6835			3.3407			-1.6000			68.0000			-260.0000			22.0000			
40.0811			-38.8996			-2.2271			-1.0000			75.0000			-255.0000			9.0000			
42.3082			-37.2293			-6.6813			-1.5000			79.0000			-249.0000			-5.0000			
42.3082			-36.1157			-6.6813			-0.4000			86.0000			-240.0000			-18.0000			
41.7514			-36.1157			-3.3407			2.2000			91.0000			-229.0000			-31.0000			
41.1946			-35.0022			-6.6813			-0.4000			93.0000			-217.0000			-44.0000			
42.3082			-27.7641			-12.8058			1.7000			96.0000			-203.0000			-55.0000			
45.0921			-23.3099			-19.4872			2.3000			99.0000			-187.0000			-67.0000			
47.3192			-21.0828			-24.4981			1.7000			102.0000			-170.0000			-78.0000			
46.7624			-19.9692			-25.6117			1.1000			103.0000			-151.0000			-89.0000			
46.7624			-19.9692			-23.9414			2.8000			106.0000			-134.0000			-100.0000			
44.5353			-19.4125			-21.7143			3.4000			109.0000			-116.0000			-110.0000			
43.9785			-14.4015			-23.9414			5.6000			111.0000			-98.0000			-115.0000			
41.7514			-6.6066			-30.6227			4.5000			112.0000			-79.0000			-122.0000			
40.0811			0.0747			-35.0769			5.0000			113.0000			-58.0000			-128.0000			
38.4107			3.9721			-38.4175			3.9000			110.0000			-35.0000			-135.0000			
37.8540			5.6424			-37.3040			6.1000			111.0000			-11.0000			-140.0000			
37.8540			3.9721			-33.9633			7.8000			109.0000			11.0000			-144.0000			
36.1836			5.6424			-34.5201			7.3000			106.0000			31.0000			-145.0000			
31.7294			11.7670			-35.6337			7.8000			102.0000			55.0000			-148.0000			
28.9456			19.5618			-36.7472			11.7000			96.0000			78.0000			-147.0000			
39.5243			24.0161			-40.0879			23.4000			91.0000			101.0000			-147.0000			
40.6378			26.7999			-41.2014			26.2000			83.0000			120.0000			-147.0000			
36.1836			22.9025			-42.8717			16.2000			76.0000			140.0000			-148.0000			
32.8430			25.1296			-42.8717			15.1000			71.0000			158.0000			-148.0000			
27.2752			27.3567			-41.2014			13.4000			65.0000			175.0000			-147.0000			
17.2533			32.3677			-39.5311			10.1000			58.0000			191.0000			-145.0000			
7.2313			39.0490			-36.1904			10.0000			53.0000			206.0000			-141.0000			
0.5500			41.2761			-33.9633			7.8000			46.0000			220.0000			-137.0000			
-3.3474			42.3897			-32.2930			6.7000			39.0000			235.0000			-131.0000			
-6.1313			41.8329			-30.6227			5.0000			30.0000			249.0000			-124.0000			
-2.7907			40.7193			-32.2930			5.6000			23.0000			261.0000			-114.0000			
-6.1313			43.5032			-30.6227			6.7000			17.0000			272.0000			-104.0000			
-13.3694			43.5032			-26.7252			3.4000			9.0000			280.0000			-93.0000			
-21.1643			45.1735			-18.9304			5.0000			4.0000			287.0000			-82.0000			
-26.7320			47.9574			-16.1465			5.0000			-5.0000			292.0000			-69.0000			
-27.2888			47.4006			-15.0329			5.0000			-13.0000			298.0000			-57.0000			
-25.6185			46.8439			-16.1465			5.0000			-21.0000			299.0000			-45.0000			
-25.6185			46.8439			-20.0439			1.1000			-27.0000			303.0000			-33.0000			
-27.8456			46.8439			-18.3736			0.6000			-33.0000			303.0000			-20.0000			
-32.8566			45.7303			-12.2491			0.6000			-38.0000			303.0000			-9.0000			
-37.3108			42.9464			-3.3407			2.2000			-44.0000			302.0000			2.0000			
-40.0947			39.6058			2.7839			2.2000			-50.0000			296.0000			16.0000			
-43.4353			36.2651			7.7949			0.6000			-55.0000			289.0000			29.0000			
-42.3218			35.7083			6.1245			-0.4000			-62.0000			280.0000			42.0000			
-42.3218			37.9354			3.8974			-0.4000			-66.0000			270.0000			55.0000			
-42.8785			34.0380			7.7949			-1.0000			-69.0000			256.0000			68.0000			
-41.7650			27.3567			13.3626			-1.0000			-73.0000			242.0000			79.0000			
-45.6624			23.4593			19.4872			-2.7000			-76.0000			226.0000			92.0000			
-47.8895			22.9025			23.3846			-1.6000			-79.0000			208.0000			103.0000			
-47.3327			19.0051			23.9414			-4.3000			-80.0000			190.0000			114.0000			
-46.7760			17.8915			23.9414			-4.9000			-83.0000			172.0000			124.0000			
-46.2192			17.3347			22.8278			-6.0000			-87.0000			154.0000			132.0000			
-43.4353			13.4373			25.0549			-4.9000			-88.0000			136.0000			139.0000			
-41.7650			7.3128			29.5091			-4.9000			-89.0000			117.0000			147.0000			
-40.6514			-0.4821			33.9633			-7.1000			-89.0000			96.0000			152.0000			
-39.5379			-5.4931			37.8608			-7.1000			-89.0000			73.0000			158.0000			
-38.4243			-7.1634			37.8608			-7.7000			-87.0000			51.0000			164.0000			
-39.5379			-4.9363			36.1904			-8.2000			-84.0000			27.0000			167.0000			
-56.7979			-5.4931			35.0769			-27.2000			-79.0000			6.0000			171.0000			
-50.1166			-11.6176			35.6337			-26.0000			-73.0000			-14.0000			174.0000			
-40.6514			-14.4015			41.2014			-13.8000			-67.0000			-33.0000			175.0000			
-33.4133			-22.1963			41.7582			-13.8000			-61.0000			-51.0000			177.0000			
-25.0617			-25.5370			41.2014			-9.3000			-55.0000			-72.0000			179.0000			
-22.2778			-27.7641			40.0879			-9.9000			-49.0000			-91.0000			180.0000			
-22.2778			-28.8777			40.6446			-10.5000			-43.0000			-111.0000			178.0000			
-20.0507			-28.3209			39.5311			-8.8000			-38.0000			-130.0000			173.0000			
-20.0507			-30.5480			39.5311			-11.0000			-33.0000			-147.0000			172.0000			
-13.9262			-35.0022			38.4175			-10.5000			-26.0000			-163.0000			167.0000			
-7.2449			-40.0132			36.7472			-10.5000			-19.0000			-179.0000			163.0000			
2.7771			-42.7971			33.4066			-6.6000			-13.0000			-194.0000			155.0000			
3.8906			-42.2403			30.6227			-7.7000			-5.0000			-209.0000			148.0000			
4.4474			-41.6835			31.1794			-6.0000			1.0000			-219.0000			139.0000			
6.6745			-43.9106			31.1794			-6.0000			9.0000			-229.0000			129.0000			
11.6855			-43.3538			26.1685			-5.5000			16.0000			-238.0000			118.0000			
17.8100			-43.9106			21.7143			-4.3000			24.0000			-245.0000			106.0000			
23.9346			-46.6945			19.4872			-3.2000			32.0000			-250.0000			93.0000			
27.2752			-48.3648			16.1465			-4.9000			38.0000			-255.0000			80.0000			
27.2752			-46.1377			16.7033			-2.1000			45.0000			-259.0000			67.0000			
26.1617			-46.6945			17.2601			-3.2000			53.0000			-262.0000			56.0000			
26.1617			-46.1377			17.2601			-2.7000			58.0000			-263.0000			44.0000			
31.1727			-45.0242			12.8058			-1.0000			63.0000			-262.0000			32.0000			
36.7404			-41.1267			5.0110			0.6000			69.0000			-260.0000			20.0000			
41.1946			-38.3428			-1.6703			1.1000			75.0000			-255.0000			8.0000			
42.3082			-36.1157			-7.2381			-1.0000			80.0000			-250.0000			-5.0000			
41.1946			-36.1157			-5.0110			0.0000			86.0000			-241.0000			-20.0000			
41.1946			-36.1157			-3.3407			1.7000			90.0000			-229.0000			-33.0000			
42.8650			-35.0022			-7.2381			0.6000			93.0000			-216.0000			-45.0000			
42.3082			-27.7641			-12.2491			2.2000			96.0000			-201.0000			-57.0000			
45.6488			-24.9802			-17.8168			2.8000			99.0000			-186.0000			-68.0000			
47.8759			-19.9692			-22.8278			5.0000			101.0000			-168.0000			-80.0000			
46.2056			-18.8557			-25.0549			2.2000			103.0000			-150.0000			-91.0000			
46.7624			-19.9692			-24.4981			2.3000			106.0000			-131.0000			-100.0000			
44.5353			-18.8557			-22.8278			2.8000			110.0000			-114.0000			-109.0000			
43.9785			-15.5150			-22.8278			5.6000			111.0000			-97.0000			-117.0000			
41.1946			-7.1634			-28.3956			5.6000			111.0000			-76.0000			-125.0000			
40.0811			1.1882			-34.5201			6.7000			111.0000			-56.0000			-129.0000			
38.9675			5.6424			-38.4175			6.1000			111.0000			-33.0000			-136.0000			
38.9675			5.0857			-37.3040			6.7000			110.0000			-9.0000			-141.0000			
36.7404			3.9721			-34.5201			6.1000			107.0000			13.0000			-145.0000			
35.6269			6.1992			-35.0769			6.7000			104.0000			35.0000			-147.0000			
35.0701			11.7670			-35.0769			11.7000			100.0000			58.0000			-148.0000			
41.7514			18.4483			-35.6337			24.5000			95.0000			79.0000			-148.0000			
37.8540			22.9025			-40.0879			20.6000			88.0000			101.0000			-149.0000			
33.9565			24.5728			-42.3150			16.2000			81.0000			120.0000			-149.0000			
29.5023			25.6864			-40.6446			14.5000			75.0000			140.0000			-149.0000			
28.3888			24.0161			-42.8717			9.5000			67.0000			158.0000			-150.0000			
26.7185			26.2432			-39.5311			13.4000			63.0000			175.0000			-149.0000			
17.8100			31.8109			-38.9743			10.6000			57.0000			191.0000			-145.0000			
7.2313			37.9354			-36.1904			8.9000			51.0000			206.0000			-141.0000			
0.5500			41.2761			-34.5201			7.3000			45.0000			223.0000			-136.0000			
-3.3474			41.2761			-31.7362			6.1000			37.0000			238.0000			-130.0000			
-2.2339			40.7193			-31.1794			7.3000			29.0000			251.0000			-123.0000			
-4.4610			40.1626			-31.1794			4.5000			23.0000			264.0000			-113.0000			
-6.6881			42.9464			-30.0659			6.1000			17.0000			273.0000			-103.0000			
-12.2559			44.0600			-25.0549			6.7000			11.0000			281.0000			-93.0000			
-20.6075			44.0600			-19.4872			3.9000			3.0000			287.0000			-80.0000			
-27.2888			47.9574			-16.7033			3.9000			-6.0000			294.0000			-67.0000			
-27.8456			46.2871			-14.4762			3.9000			-12.0000			298.0000			-55.0000			
-25.0617			45.7303			-16.1465			4.5000			-21.0000			302.0000			-42.0000			
-23.3914			46.8439			-20.0439			3.4000			-27.0000			303.0000			-30.0000			
-26.1753			45.1735			-17.8168			1.1000			-33.0000			306.0000			-19.0000			
-31.7430			44.0600			-11.1355			1.1000			-39.0000			303.0000			-5.0000			
-37.8675			41.8329			-1.6703			2.3000			-43.0000			303.0000			5.0000			
-40.6514			38.4922			3.3407			1.1000			-50.0000			297.0000			18.0000			
-41.7650			36.2651			6.1245			0.6000			-56.0000			289.0000			31.0000			
-40.6514			35.7083			5.0110			0.0000			-61.0000			280.0000			46.0000			
-41.2082			36.2651			3.8974			-1.0000			-65.0000			269.0000			58.0000			
-42.8785			33.4812			6.6813			-2.7000			-69.0000			255.0000			70.0000			
-42.3218			26.7999			13.3626			-2.1000			-73.0000			242.0000			81.0000			
-45.1056			22.3457			20.0439			-2.7000			-74.0000			226.0000			93.0000			
-47.8895			19.0051			24.4981			-4.3000			-77.0000			208.0000			105.0000			
-47.3327			20.1186			25.0549			-2.1000			-81.0000			189.0000			116.0000			
-46.2192			19.5618			22.8278			-3.8000			-83.0000			170.0000			127.0000			
-45.1056			17.8915			21.7143			-5.4000			-84.0000			152.0000			134.0000			
-42.8785			12.8805			24.4981			-5.5000			-87.0000			135.0000			141.0000			
-40.6514			5.0857			30.6227			-4.9000			-87.0000			116.0000			148.0000			
-38.9811			-0.4821			35.6337			-3.8000			-87.0000			95.0000			155.0000			
-39.5379			-5.4931			37.8608			-7.1000			-86.0000			71.0000			159.0000			
-38.4243			-4.9363			37.8608			-5.4000			-85.0000			49.0000			165.0000			
-37.8675			-4.9363			33.9633			-8.8000			-83.0000			27.0000			169.0000			
-57.3547			-6.6066			33.9633			-29.9000			-77.0000			4.0000			171.0000			
-50.1166			-10.5041			35.6337			-24.9000			-72.0000			-16.0000			175.0000			
-37.3108			-16.6286			41.2014			-12.7000			-66.0000			-34.0000			176.0000			
-31.1862			-24.9802			40.6446			-15.5000			-59.0000			-53.0000			178.0000			
-23.3914			-25.5370			41.2014			-7.7000			-53.0000			-73.0000			179.0000			
-24.5049			-26.0938			39.5311			-11.0000			-48.0000			-94.0000			180.0000			
-25.0617			-26.0938			39.5311			-11.6000			-42.0000			-113.0000			177.0000			
-20.0507			-29.4344			39.5311			-9.9000			-37.0000			-132.0000			174.0000			
-17.2668			-32.7751			38.9743			-11.0000			-33.0000			-149.0000			172.0000			
-11.6991			-35.0022			37.8608			-8.8000			-26.0000			-165.0000			167.0000			
-5.5745			-39.4564			35.6337			-9.3000			-19.0000			-181.0000			162.0000			
0.5500			-41.6835			31.7362			-9.4000			-11.0000			-196.0000			156.0000			
2.7771			-40.5699			29.5091			-8.2000			-4.0000			-209.0000			147.0000			
3.8906			-41.1267			30.0659			-7.1000			4.0000			-221.0000			137.0000			
8.3448			-43.9106			30.0659			-5.4000			10.0000			-231.0000			127.0000			
13.3558			-43.9106			25.0549			-5.4000			17.0000			-239.0000			117.0000			
17.8100			-43.3538			21.7143			-3.8000			25.0000			-246.0000			105.0000			
25.0481			-46.6945			18.3736			-3.2000			33.0000			-251.0000			91.0000			
26.7185			-46.6945			16.1465			-3.8000			40.0000			-256.0000			78.0000			
26.7185			-46.6945			16.7033			-3.2000			47.0000			-260.0000			66.0000			
26.7185			-45.5809			17.8168			-1.0000			54.0000			-262.0000			54.0000			
28.9456			-45.0242			16.1465			0.0000			59.0000			-263.0000			42.0000			
32.8430			-44.4674			10.5787			-1.0000			63.0000			-263.0000			31.0000			
36.7404			-42.2403			4.4542			-1.0000			70.0000			-260.0000			18.0000			
40.6378			-39.4564			-1.6703			-0.4000			75.0000			-255.0000			4.0000			
42.8650			-35.0022			-6.6813			1.1000			81.0000			-248.0000			-8.0000			
41.7514			-36.1157			-5.5678			0.0000			86.0000			-240.0000			-21.0000			
41.7514			-36.1157			-4.4542			1.1000			91.0000			-228.0000			-35.0000			
41.7514			-32.7751			-7.7949			1.1000			93.0000			-216.0000			-47.0000			
42.3082			-27.2073			-13.3626			1.7000			97.0000			-201.0000			-58.0000			
46.7624			-25.5370			-18.9304			2.3000			99.0000			-185.0000			-71.0000			
47.8759			-21.0828			-22.2710			4.5000			100.0000			-167.0000			-83.0000			
46.7624			-18.8557			-23.3846			4.5000			105.0000			-148.0000			-93.0000			
45.6488			-18.2989			-22.8278			4.5000			106.0000			-132.0000			-102.0000			
45.6488			-17.7421			-23.9414			3.9000			107.0000			-113.0000			-112.0000			
43.9785			-13.8447			-26.1685			3.9000			109.0000			-94.0000			-119.0000			
42.3082			-7.1634			-28.3956			6.7000			110.0000			-76.0000			-126.0000			
39.5243			1.1882			-33.9633			6.7000			110.0000			-55.0000			-131.0000			
38.4107			6.1992			-38.4175			6.1000			111.0000			-31.0000			-137.0000			
37.8540			5.0857			-36.7472			6.1000			109.0000			-8.0000			-141.0000			
37.2972			4.5289			-34.5201			7.3000			107.0000			14.0000			-145.0000			
35.6269			7.3128			-35.6337			7.3000			104.0000			37.0000			-149.0000			
31.1727			12.3238			-36.1904			7.3000			100.0000			60.0000			-149.0000			
26.7185			19.0051			-37.3040			8.4000			97.0000			82.0000			-149.0000			
35.0701			22.9025			-39.5311			18.4000			90.0000			104.0000			-148.0000			
36.7404			24.5728			-41.2014			20.1000			84.0000			126.0000			-147.0000			
38.4107			24.5728			-42.8717			20.1000			77.0000			145.0000			-148.0000			
33.9565			26.7999			-42.3150			18.4000			71.0000			162.0000			-149.0000			
26.7185			26.2432			-41.7582			11.2000			65.0000			179.0000			-146.0000			
20.5939			31.8109			-38.9743			13.4000			59.0000			194.0000			-145.0000			
12.7991			37.9354			-37.3040			13.4000			53.0000			210.0000			-140.0000			
2.2203			41.8329			-34.5201			9.5000			46.0000			224.0000			-135.0000			
-3.3474			44.0600			-31.7362			8.9000			37.0000			239.0000			-129.0000			
-5.5745			40.1626			-31.1794			3.4000			30.0000			253.0000			-121.0000			
-3.9042			40.7193			-31.1794			5.6000			23.0000			263.0000			-113.0000			
-6.6881			44.0600			-29.5091			7.8000			15.0000			273.0000			-101.0000			
-13.3694			44.0600			-24.4981			6.1000			10.0000			282.0000			-90.0000			
-18.9372			45.1735			-20.0439			6.1000			2.0000			289.0000			-79.0000			
-25.0617			47.4006			-16.7033			5.6000			-6.0000			293.0000			-66.0000			
-27.2888			46.2871			-14.4762			4.5000			-13.0000			298.0000			-53.0000			
-26.1753			46.8439			-15.5897			5.0000			-21.0000			301.0000			-41.0000			
-26.1753			47.4006			-18.3736			2.8000			-27.0000			303.0000			-30.0000			
-27.2888			46.2871			-17.2601			1.7000			-32.0000			304.0000			-18.0000			
-30.6295			44.0600			-11.1355			2.2000			-39.0000			303.0000			-5.0000			
-35.6404			41.2761			-2.2271			3.4000			-44.0000			301.0000			6.0000			
-40.6514			37.9354			4.4542			1.7000			-49.0000			295.0000			19.0000			
-43.9921			36.2651			8.3516			0.6000			-56.0000			288.0000			33.0000			
-41.7650			36.8219			5.5678			0.6000			-61.0000			278.0000			46.0000			
-40.6514			35.7083			5.0110			0.0000			-65.0000			267.0000			59.0000			
-41.7650			33.4812			8.9084			0.6000			-69.0000			254.0000			70.0000			
-41.7650			26.7999			15.0329			0.0000			-73.0000			239.0000			83.0000			
-45.6624			22.9025			20.6007			-2.1000			-73.0000			222.0000			94.0000			
-46.7760			18.4483			25.6117			-2.7000			-77.0000			205.0000			105.0000			
-47.3327			17.8915			25.6117			-3.8000			-81.0000			187.0000			117.0000			
-46.2192			18.4483			23.9414			-3.8000			-83.0000			169.0000			126.0000			
-45.1056			17.8915			22.2710			-4.9000			-85.0000			150.0000			136.0000			
-43.9921			12.8805			25.0549			-6.0000			-87.0000			132.0000			141.0000			
-42.8785			3.9721			31.1794			-7.7000			-89.0000			114.0000			148.0000			
-40.6514			-3.2660			36.1904			-7.7000			-88.0000			92.0000			154.0000			
-38.9811			-6.6066			40.0879			-5.5000			-88.0000			69.0000			161.0000			
-38.4243			-5.4931			38.4175			-5.4000			-86.0000			46.0000			165.0000			
-49.0031			-4.3795			34.5201			-18.8000			-82.0000			23.0000			168.0000			
-60.1386			-8.2769			33.4066			-35.0000			-77.0000			3.0000			172.0000			
-48.4463			-8.2769			39.5311			-17.1000			-73.0000			-16.0000			175.0000			
-37.8675			-19.9692			40.0879			-17.7000			-66.0000			-34.0000			179.0000			
-30.0727			-26.6506			41.2014			-15.5000			-60.0000			-53.0000			180.0000			
-21.7210			-28.3209			41.2014			-8.8000			-54.0000			-74.0000			179.0000			
-20.6075			-27.7641			39.5311			-8.8000			-49.0000			-96.0000			180.0000			
-21.7210			-26.0938			40.6446			-7.1000			-42.0000			-115.0000			178.0000			
-22.8346			-27.7641			39.5311			-11.0000			-36.0000			-133.0000			174.0000			
-20.6075			-33.3319			40.0879			-13.8000			-32.0000			-150.0000			171.0000			
-13.9262			-38.8996			37.8608			-14.9000			-26.0000			-167.0000			167.0000			
-3.9042			-41.6835			35.6337			-9.9000			-19.0000			-182.0000			160.0000			
3.3339			-42.2403			32.2930			-6.6000			-13.0000			-198.0000			153.0000			
4.4474			-41.1267			29.5091			-7.1000			-5.0000			-210.0000			146.0000			
4.4474			-42.2403			30.6227			-7.1000			2.0000			-222.0000			136.0000			
6.6745			-44.4674			29.5091			-8.2000			9.0000			-231.0000			125.0000			
9.4584			-43.9106			24.4981			-9.9000			16.0000			-239.0000			115.0000			
17.2533			-43.9106			21.7143			-4.9000			23.0000			-246.0000			103.0000			
26.1617			-47.2513			17.2601			-3.8000			31.0000			-252.0000			91.0000			
28.9456			-46.6945			15.5897			-2.1000			37.0000			-256.0000			77.0000			
27.8320			-46.6945			16.7033			-2.1000			45.0000			-261.0000			64.0000			
26.1617			-45.5809			18.3736			-1.0000			52.0000			-262.0000			52.0000			
26.1617			-45.0242			15.0329			-3.8000			59.0000			-263.0000			40.0000			
31.1727			-43.3538			8.3516			-3.8000			63.0000			-262.0000			29.0000			
36.7404			-41.1267			2.2271			-2.1000			69.0000			-260.0000			17.0000			
41.1946			-38.8996			-3.8974			-1.5000			75.0000			-255.0000			4.0000			
43.9785			-36.1157			-6.6813			1.1000			80.0000			-248.0000			-11.0000			
42.3082			-36.6725			-3.8974			1.7000			85.0000			-238.0000			-24.0000			
41.1946			-35.5590			-3.3407			2.3000			91.0000			-227.0000			-37.0000			
42.8650			-31.6615			-8.9084			2.3000			92.0000			-215.0000			-49.0000			
42.8650			-25.5370			-15.0329			2.2000			97.0000			-200.0000			-60.0000			
45.6488			-23.3099			-20.0439			2.2000			98.0000			-182.0000			-73.0000			
47.3192			-21.0828			-23.3846			2.8000			100.0000			-165.0000			-84.0000			
47.3192			-19.4125			-22.8278			5.0000			103.0000			-148.0000			-95.0000			
46.2056			-20.5260			-21.1575			4.5000			106.0000			-129.0000			-105.0000			
44.5353			-16.6286			-21.7143			6.1000			108.0000			-111.0000			-113.0000			
42.8650			-11.6176			-25.6117			5.6000			110.0000			-92.0000			-120.0000			
41.1946			-5.4931			-31.1794			4.5000			112.0000			-73.0000			-127.0000			
39.5243			0.6315			-34.5201			5.6000			111.0000			-52.0000			-132.0000			
38.9675			6.1992			-37.3040			7.8000			110.0000			-30.0000			-138.0000			
39.5243			5.6424			-35.6337			9.5000			107.0000			-5.0000			-143.0000			
37.8540			5.0857			-33.9633			8.9000			106.0000			17.0000			-146.0000			
33.3998			8.4263			-35.0769			6.7000			102.0000			40.0000			-148.0000			
30.6159			13.9941			-35.6337			8.9000			99.0000			63.0000			-149.0000			
45.0921			20.1186			-37.8608			27.3000			92.0000			84.0000			-148.0000			
43.4217			23.4593			-39.5311			27.3000			84.0000			106.0000			-150.0000			
36.7404			22.9025			-42.8717			16.7000			79.0000			127.0000			-151.0000			
32.2862			25.6864			-41.2014			16.7000			73.0000			144.0000			-151.0000			
27.2752			26.2432			-42.8717			10.6000			67.0000			162.0000			-150.0000			
23.3778			29.0270			-38.9743			13.4000			60.0000			180.0000			-148.0000			
15.5829			34.5948			-37.8608			12.3000			55.0000			195.0000			-145.0000			
7.7881			37.9354			-36.1904			9.5000			50.0000			211.0000			-141.0000			
1.6635			40.7193			-33.9633			8.4000			42.0000			225.0000			-136.0000			
-2.7907			41.8329			-31.7362			7.3000			34.0000			242.0000			-129.0000			
-2.7907			41.2761			-30.6227			7.8000			27.0000			253.0000			-120.0000			
-5.0178			40.7193			-31.1794			4.5000			20.0000			265.0000			-112.0000			
-10.0288			43.5032			-28.3956			5.0000			14.0000			276.0000			-101.0000			
-15.0397			43.5032			-23.3846			5.0000			7.0000			283.0000			-90.0000			
-20.6075			45.7303			-18.9304			6.2000			-1.0000			290.0000			-77.0000			
-24.5049			47.4006			-16.1465			6.7000			-9.0000			295.0000			-65.0000			
-26.1753			45.7303			-16.1465			3.4000			-17.0000			300.0000			-52.0000			
-26.1753			46.8439			-17.8168			2.8000			-23.0000			303.0000			-38.0000			
-24.5049			47.9574			-18.9304			4.5000			-30.0000			304.0000			-27.0000			
-27.8456			46.8439			-15.5897			3.4000			-35.0000			305.0000			-16.0000			
-32.8566			44.6168			-9.4652			2.2000			-40.0000			305.0000			-3.0000			
-37.3108			40.7193			-1.6703			1.7000			-47.0000			301.0000			9.0000			
-42.8785			37.9354			4.4542			-0.4000			-52.0000			296.0000			22.0000			
-42.8785			36.2651			7.2381			0.6000			-57.0000			289.0000			35.0000			
-41.2082			36.2651			3.8974			-1.0000			-63.0000			278.0000			48.0000			
-40.0947			35.7083			5.0110			0.6000			-68.0000			267.0000			61.0000			
-41.2082			31.8109			8.3516			-1.0000			-70.0000			254.0000			74.0000			
-43.4353			25.6864			17.2601			-0.4000			-72.0000			239.0000			87.0000			
-46.2192			23.4593			21.7143			-1.0000			-75.0000			222.0000			98.0000			
-47.3327			19.5618			24.4981			-3.2000			-78.0000			204.0000			109.0000			
-45.6624			17.8915			24.4981			-3.2000			-81.0000			184.0000			119.0000			
-46.2192			17.3347			23.3846			-5.5000			-83.0000			167.0000			129.0000			
-45.6624			18.4483			22.2710			-4.9000			-85.0000			150.0000			137.0000			
-44.5489			13.9941			26.1685			-4.3000			-86.0000			131.0000			144.0000			
-40.6514			4.5289			31.7362			-4.3000			-88.0000			111.0000			150.0000			
-38.4243			-3.2660			35.0769			-6.6000			-87.0000			90.0000			156.0000			
-38.4243			-8.2769			39.5311			-7.1000			-87.0000			67.0000			162.0000			
-37.8675			-4.9363			37.8608			-4.9000			-84.0000			44.0000			167.0000			
-39.5379			-3.8227			35.0769			-8.2000			-81.0000			21.0000			170.0000			
-54.0141			-7.7202			34.5201			-27.2000			-77.0000			-1.0000			172.0000			
-47.8895			-12.7312			34.5201			-26.0000			-70.0000			-20.0000			175.0000			
-37.8675			-13.8447			43.9853			-7.7000			-65.0000			-39.0000			177.0000			
-28.4024			-24.9802			41.7582			-11.6000			-57.0000			-58.0000			179.0000			
-20.0507			-28.3209			40.6446			-7.7000			-52.0000			-78.0000			179.0000			
-21.7210			-28.3209			40.6446			-9.3000			-46.0000			-98.0000			178.0000			
-23.9482			-27.7641			40.0879			-11.6000			-41.0000			-117.0000			177.0000			
-21.1643			-27.7641			38.9743			-9.9000			-35.0000			-135.0000			175.0000			
-15.5965			-33.3319			37.3040			-11.6000			-30.0000			-152.0000			170.0000			
-7.8017			-36.6725			37.8608			-6.6000			-23.0000			-169.0000			166.0000			
-0.5636			-41.1267			35.0769			-6.6000			-17.0000			-184.0000			159.0000			
3.3339			-42.7971			32.2930			-7.1000			-9.0000			-199.0000			152.0000			
2.7771			-40.5699			30.0659			-7.7000			-3.0000			-212.0000			145.0000			
5.0042			-41.6835			30.6227			-6.0000			5.0000			-223.0000			135.0000			
8.9016			-43.9106			28.3956			-6.6000			13.0000			-232.0000			125.0000			
16.1397			-43.9106			22.8278			-4.9000			20.0000			-240.0000			113.0000			
23.9346			-43.9106			20.6007			0.6000			27.0000			-246.0000			102.0000			
27.2752			-46.6945			18.9304			-0.4000			34.0000			-252.0000			89.0000			
27.8320			-46.6945			16.1465			-2.7000			42.0000			-257.0000			76.0000			
26.1617			-47.2513			17.2601			-3.8000			48.0000			-260.0000			63.0000			
25.0481			-46.1377			17.8168			-3.2000			57.0000			-262.0000			51.0000			
28.9456			-45.0242			16.1465			0.0000			60.0000			-263.0000			39.0000			
35.0701			-42.2403			8.9084			1.7000			65.0000			-263.0000			27.0000			
40.0811			-40.0132			-0.0000			0.0000			71.0000			-260.0000			16.0000			
42.8650			-37.7861			-5.0110			0.0000			77.0000			-254.0000			2.0000			
42.8650			-35.0022			-7.2381			0.6000			82.0000			-247.0000			-12.0000			
41.7514			-36.6725			-3.3407			1.7000			86.0000			-237.0000			-25.0000			
41.7514			-36.1157			-2.7839			2.8000			90.0000			-226.0000			-38.0000			
42.8650			-31.1048			-9.4652			2.2000			94.0000			-213.0000			-49.0000			
44.5353			-25.5370			-13.9194			5.0000			95.0000			-197.0000			-62.0000			
47.3192			-22.7531			-20.6007			3.9000			99.0000			-180.0000			-75.0000			
47.3192			-18.8557			-25.0549			3.4000			100.0000			-163.0000			-85.0000			
47.3192			-19.4125			-25.0549			2.8000			103.0000			-145.0000			-96.0000			
46.2056			-21.0828			-21.1575			3.9000			107.0000			-127.0000			-105.0000			
45.0921			-18.2989			-21.1575			5.6000			109.0000			-109.0000			-113.0000			
43.9785			-12.1744			-25.6117			6.1000			110.0000			-90.0000			-121.0000			
41.1946			-2.7092			-32.8498			5.6000			110.0000			-72.0000			-128.0000			
40.0811			2.8586			-36.1904			6.7000			108.0000			-50.0000			-133.0000			
37.8540			5.0857			-37.3040			5.6000			108.0000			-27.0000			-140.0000			
37.8540			3.9721			-35.0769			6.7000			107.0000			-3.0000			-143.0000			
37.2972			2.8586			-32.2930			7.8000			104.0000			19.0000			-147.0000			
32.8430			8.9831			-34.5201			7.3000			100.0000			43.0000			-148.0000			
29.5023			13.9941			-35.6337			7.8000			97.0000			65.0000			-150.0000			
38.4107			20.1186			-38.4175			20.1000			90.0000			87.0000			-149.0000			
38.9675			25.1296			-40.0879			24.0000			83.0000			109.0000			-149.0000			
38.4107			21.7889			-42.8717			17.3000			78.0000			129.0000			-149.0000			
35.6269			22.3457			-42.3150			15.6000			71.0000			147.0000			-150.0000			
28.9456			24.5728			-41.7582			11.7000			64.0000			164.0000			-149.0000			
21.1507			29.0270			-40.6446			9.5000			59.0000			181.0000			-147.0000			
12.7991			35.1516			-37.3040			10.6000			53.0000			197.0000			-145.0000			
6.1177			39.0490			-35.0769			10.0000			47.0000			212.0000			-140.0000			
0.5500			41.2761			-33.9633			7.8000			41.0000			227.0000			-134.0000			
-2.7907			41.8329			-31.1794			7.8000			33.0000			242.0000			-128.0000			
-3.3474			39.6058			-30.6227			5.6000			25.0000			255.0000			-120.0000			
-4.4610			41.8329			-31.1794			6.1000			19.0000			267.0000			-110.0000			
-10.0288			44.6168			-27.2820			7.2000			13.0000			276.0000			-100.0000			
-16.7101			44.0600			-23.3846			3.9000			6.0000			284.0000			-87.0000			
-23.3914			45.7303			-18.3736			3.9000			-2.0000			289.0000			-76.0000			
-24.5049			47.9574			-16.1465			7.3000			-10.0000			295.0000			-63.0000			
-23.9482			46.8439			-15.5897			7.3000			-17.0000			299.0000			-51.0000			
-23.9482			46.8439			-18.9304			3.9000			-25.0000			301.0000			-38.0000			
-25.6185			46.8439			-19.4872			1.7000			-31.0000			304.0000			-26.0000			
-28.4024			45.7303			-15.5897			1.7000			-36.0000			306.0000			-13.0000			
-33.4133			43.5032			-7.7949			2.2000			-40.0000			305.0000			-2.0000			
-37.8675			40.7193			-0.5568			2.3000			-48.0000			301.0000			10.0000			
-41.2082			37.3787			5.0110			1.1000			-54.0000			295.0000			24.0000			
-41.7650			36.2651			6.6813			1.1000			-59.0000			287.0000			37.0000			
-41.2082			36.2651			4.4542			-0.4000			-63.0000			278.0000			50.0000			
-42.3218			36.2651			4.4542			-1.6000			-68.0000			265.0000			62.0000			
-41.2082			31.8109			8.3516			-1.0000			-72.0000			251.0000			74.0000			
-43.9921			24.5728			17.8168			-1.6000			-75.0000			237.0000			87.0000			
-47.3327			22.9025			23.3846			-1.0000			-77.0000			219.0000			98.0000			
-47.3327			20.6754			26.1685			-0.4000			-79.0000			201.0000			109.0000			
-45.6624			19.0051			24.4981			-2.1000			-82.0000			183.0000			120.0000			
-45.1056			18.4483			22.8278			-3.8000			-85.0000			166.0000			130.0000			
-44.5489			16.2212			24.4981			-3.8000			-87.0000			147.0000			138.0000			
-43.4353			11.2102			27.2820			-4.9000			-87.0000			129.0000			145.0000			
-41.2082			4.5289			32.8498			-3.8000			-87.0000			109.0000			151.0000			
-38.4243			-3.2660			36.7472			-4.9000			-88.0000			87.0000			158.0000			
-38.4243			-7.7202			38.9743			-7.1000			-86.0000			65.0000			163.0000			
-38.4243			-4.9363			36.1904			-7.1000			-84.0000			41.0000			166.0000			
-54.0141			-3.2660			34.5201			-22.7000			-81.0000			18.0000			170.0000			
-51.2302			-11.0608			36.1904			-26.0000			-75.0000			-1.0000			172.0000			
-44.5489			-11.6176			41.7582			-14.4000			-68.0000			-21.0000			175.0000			
-37.8675			-18.8557			43.9853			-12.7000			-64.0000			-39.0000			178.0000			
-27.2888			-25.5370			41.7582			-11.0000			-57.0000			-60.0000			179.0000			
-21.7210			-25.5370			40.6446			-6.6000			-51.0000			-80.0000			179.0000			
-22.2778			-28.8777			40.0879			-11.0000			-45.0000			-99.0000			179.0000			
-21.1643			-27.7641			40.6446			-8.2000			-39.0000			-119.0000			177.0000			
-20.0507			-29.4344			38.9743			-10.5000			-35.0000			-137.0000			173.0000			
-16.7101			-32.2183			38.9743			-9.9000			-29.0000			-154.0000			170.0000			
-10.0288			-37.2293			36.7472			-10.5000			-23.0000			-171.0000			165.0000			
0.5500			-41.6835			34.5201			-6.6000			-16.0000			-185.0000			159.0000			
5.0042			-42.7971			31.1794			-6.6000			-9.0000			-200.0000			151.0000			
4.4474			-41.1267			30.6227			-6.0000			-1.0000			-214.0000			144.0000			
6.6745			-42.7971			31.1794			-4.9000			7.0000			-225.0000			135.0000			
11.1287			-44.4674			27.8388			-5.4000			13.0000			-234.0000			123.0000			
15.5829			-43.9106			21.7143			-6.6000			20.0000			-241.0000			113.0000			
22.2642			-45.0242			20.0439			-2.7000			29.0000			-247.0000			99.0000			
29.5023			-47.2513			17.8168			0.0000			34.0000			-252.0000			88.0000			
28.9456			-47.2513			17.2601			-1.0000			43.0000			-257.0000			73.0000			
27.2752			-46.6945			16.7033			-2.7000			50.0000			-261.0000			62.0000			
26.7185			-46.1377			17.2601			-2.1000			55.0000			-262.0000			48.0000			
30.0591			-46.1377			14.4762			-1.6000			61.0000			-263.0000			38.0000			
35.0701			-43.3538			8.3516			0.0000			67.0000			-263.0000			27.0000			
40.0811			-39.4564			1.6703			2.2000			71.0000			-259.0000			13.0000			
42.8650			-36.6725			-6.1245			0.0000			77.0000			-254.0000			1.0000			
43.4217			-36.1157			-7.2381			0.0000			83.0000			-245.0000			-13.0000			
41.7514			-36.1157			-4.4542			1.1000			88.0000			-236.0000			-27.0000			
42.3082			-35.0022			-5.0110			2.3000			92.0000			-223.0000			-40.0000			
42.8650			-31.1048			-9.4652			2.2000			94.0000			-212.0000			-52.0000			
45.0921			-26.0938			-15.5897			3.4000			97.0000			-196.0000			-63.0000			
46.7624			-22.1963			-20.0439			4.5000			99.0000			-178.0000			-75.0000			
47.3192			-18.2989			-24.4981			4.5000			102.0000			-161.0000			-87.0000			
46.7624			-17.1854			-24.4981			5.0000			104.0000			-144.0000			-97.0000			
46.7624			-19.9692			-22.8278			3.9000			107.0000			-125.0000			-107.0000			
45.0921			-17.7421			-21.7143			5.6000			108.0000			-107.0000			-115.0000			
43.4217			-12.7312			-24.4981			6.2000			110.0000			-88.0000			-122.0000			
41.1946			-3.8227			-30.6227			6.7000			110.0000			-68.0000			-129.0000			
38.9675			4.5289			-36.1904			7.3000			110.0000			-47.0000			-134.0000			
38.9675			7.8696			-40.0879			6.7000			108.0000			-24.0000			-140.0000			
38.9675			5.0857			-36.1904			7.8000			106.0000			-1.0000			-145.0000			
37.8540			3.9721			-33.4066			8.4000			105.0000			23.0000			-148.0000			
34.5133			10.6534			-34.5201			10.6000			101.0000			44.0000			-149.0000			
37.2972			15.1076			-36.1904			16.2000			95.0000			68.0000			-149.0000			
41.7514			20.1186			-37.8608			24.0000			90.0000			89.0000			-150.0000			
33.3998			22.9025			-41.7582			14.5000			83.0000			110.0000			-151.0000			
30.0591			26.2432			-39.5311			16.7000			76.0000			129.0000			-152.0000			
30.6159			27.3567			-39.5311			18.4000			71.0000			149.0000			-151.0000			
29.5023			23.4593			-41.7582			11.2000			66.0000			167.0000			-149.0000			
23.9346			28.4703			-37.8608			14.5000			60.0000			183.0000			-147.0000			
12.2423			34.5948			-37.8608			8.9000			54.0000			199.0000			-143.0000			
5.5610			39.6058			-36.1904			8.9000			47.0000			215.0000			-139.0000			
-0.0068			41.8329			-33.4066			8.4000			40.0000			231.0000			-134.0000			
-1.6771			40.7193			-31.7362			7.3000			32.0000			245.0000			-127.0000			
0.5500			40.1626			-30.0659			10.6000			25.0000			258.0000			-118.0000			
-3.9042			40.7193			-30.0659			6.7000			18.0000			267.0000			-109.0000			
-8.9152			43.5032			-27.2820			7.3000			11.0000			278.0000			-97.0000			
-15.0397			44.0600			-22.2710			6.7000			4.0000			284.0000			-87.0000			
-24.5049			45.1735			-19.4872			1.1000			-3.0000			289.0000			-75.0000			
-26.1753			46.8439			-15.5897			5.0000			-11.0000			295.0000			-63.0000			
-26.1753			46.2871			-13.9194			6.2000			-18.0000			300.0000			-50.0000			
-22.8346			45.7303			-18.3736			4.5000			-25.0000			302.0000			-37.0000			
-22.2778			46.2871			-18.9304			5.0000			-31.0000			303.0000			-25.0000			
-28.9591			45.1735			-15.5897			0.6000			-37.0000			304.0000			-13.0000			
-35.0837			43.5032			-6.6813			1.7000			-43.0000			303.0000			-1.0000			
-38.4243			40.7193			0.5568			2.8000			-49.0000			299.0000			11.0000			
-41.2082			36.8219			5.5678			1.1000			-54.0000			295.0000			26.0000			
-41.2082			36.8219			7.2381			2.8000			-59.0000			285.0000			39.0000			
-40.6514			36.2651			3.8974			-0.4000			-65.0000			275.0000			51.0000			
-41.2082			35.7083			5.0110			-0.4000			-67.0000			265.0000			64.0000			
-41.7650			31.2541			9.4652			-1.0000			-72.0000			251.0000			76.0000			
-43.4353			25.6864			16.1465			-1.6000			-73.0000			235.0000			88.0000			
-46.7760			22.3457			22.8278			-1.6000			-77.0000			218.0000			99.0000			
-46.2192			18.4483			26.7252			-1.0000			-79.0000			199.0000			110.0000			
-46.2192			19.5618			25.6117			-1.0000			-82.0000			182.0000			122.0000			
-45.6624			20.6754			22.2710			-2.7000			-83.0000			163.0000			132.0000			
-43.4353			16.2212			22.8278			-4.3000			-86.0000			146.0000			140.0000			
-41.7650			8.9831			26.7252			-6.0000			-86.0000			126.0000			145.0000			
-40.6514			2.3018			33.4066			-4.9000			-87.0000			106.0000			151.0000			
-38.9811			-3.2660			37.8608			-4.3000			-87.0000			87.0000			157.0000			
-38.4243			-6.6066			38.4175			-6.6000			-84.0000			63.0000			164.0000			
-54.5708			-3.8227			35.6337			-22.7000			-81.0000			40.0000			168.0000			
-55.6844			-4.3795			31.7362			-28.3000			-77.0000			19.0000			171.0000			
-43.4353			-6.0498			37.8608			-11.6000			-72.0000			-1.0000			177.0000			
-34.5269			-15.5150			38.4175			-11.6000			-67.0000			-19.0000			179.0000			
-28.4024			-22.1963			40.0879			-10.5000			-60.0000			-40.0000			182.0000			
-23.3914			-23.8667			40.6446			-6.6000			-55.0000			-60.0000			181.0000			
-22.2778			-26.6506			37.8608			-11.0000			-48.0000			-81.0000			182.0000			
-22.8346			-25.5370			41.2014			-7.1000			-43.0000			-100.0000			180.0000			
-23.3914			-26.0938			40.0879			-9.4000			-37.0000			-121.0000			177.0000			
-20.0507			-29.9912			39.5311			-10.5000			-33.0000			-139.0000			174.0000			
-14.4830			-34.4454			39.5311			-9.3000			-29.0000			-156.0000			170.0000			
-9.4720			-37.7861			37.8608			-9.3000			-22.0000			-172.0000			165.0000			
-0.5636			-41.1267			33.4066			-8.2000			-13.0000			-189.0000			159.0000			
4.4474			-41.6835			30.6227			-6.6000			-7.0000			-203.0000			152.0000			
3.8906			-41.6835			30.6227			-7.1000			1.0000			-216.0000			143.0000			
5.5610			-41.6835			30.6227			-5.5000			8.0000			-226.0000			132.0000			
11.1287			-43.3538			27.8388			-4.3000			14.0000			-235.0000			122.0000			
17.8100			-43.3538			20.6007			-4.9000			22.0000			-242.0000			110.0000			
22.8210			-46.1377			18.3736			-4.9000			29.0000			-247.0000			99.0000			
26.7185			-46.6945			16.7033			-3.2000			36.0000			-253.0000			86.0000			
27.8320			-46.6945			17.2601			-1.5000			44.0000			-258.0000			72.0000			
26.1617			-46.1377			18.3736			-1.5000			51.0000			-261.0000			61.0000			
27.2752			-45.0242			17.8168			0.0000			57.0000			-262.0000			48.0000			
31.7294			-45.0242			13.3626			0.0000			61.0000			-264.0000			36.0000			
36.1836			-43.9106			6.6813			-1.0000			66.0000			-262.0000			23.0000			
38.9675			-40.5699			1.1136			-0.4000			72.0000			-258.0000			12.0000			
42.3082			-36.6725			-5.0110			0.6000			79.0000			-253.0000			-2.0000			
43.4217			-35.0022			-6.1245			2.3000			83.0000			-245.0000			-15.0000			
42.8650			-35.5590			-3.3407			3.9000			88.0000			-235.0000			-29.0000			
42.3082			-33.8886			-5.0110			3.4000			91.0000			-222.0000			-41.0000			
42.3082			-29.4344			-10.5787			2.2000			95.0000			-209.0000			-53.0000			
45.0921			-25.5370			-16.7033			2.8000			95.0000			-194.0000			-65.0000			
47.8759			-23.3099			-20.0439			4.5000			99.0000			-177.0000			-77.0000			
47.8759			-19.4125			-22.2710			6.2000			101.0000			-160.0000			-89.0000			
47.3192			-18.2989			-22.2710			6.7000			104.0000			-142.0000			-99.0000			
46.7624			-18.8557			-21.7143			6.1000			106.0000			-124.0000			-108.0000			
43.9785			-15.5150			-23.3846			5.0000			109.0000			-105.0000			-116.0000			
42.8650			-11.0608			-26.7252			5.0000			109.0000			-87.0000			-124.0000			
41.1946			-3.2660			-30.6227			7.3000			109.0000			-67.0000			-130.0000			
39.5243			2.8586			-35.6337			6.7000			109.0000			-47.0000			-136.0000			
38.4107			7.3128			-38.4175			7.3000			108.0000			-22.0000			-141.0000			
38.9675			5.0857			-35.0769			8.9000			106.0000			1.0000			-146.0000			
37.8540			5.0857			-33.9633			8.9000			103.0000			25.0000			-148.0000			
32.2862			10.6534			-35.0769			7.8000			100.0000			46.0000			-150.0000			
42.8650			16.7780			-35.6337			24.0000			95.0000			68.0000			-151.0000			
40.6378			21.2322			-38.4175			23.4000			89.0000			90.0000			-150.0000			
36.1836			20.6754			-42.8717			13.9000			82.0000			111.0000			-151.0000			
29.5023			27.3567			-37.8608			19.0000			75.0000			130.0000			-152.0000			
27.2752			26.7999			-41.2014			12.8000			68.0000			149.0000			-152.0000			
28.9456			26.2432			-41.2014			13.9000			64.0000			168.0000			-150.0000			
23.3778			29.5838			-37.8608			15.1000			58.0000			185.0000			-148.0000			
12.7991			34.5948			-38.4175			8.9000			52.0000			200.0000			-143.0000			
6.1177			39.0490			-33.9633			11.2000			46.0000			216.0000			-139.0000			
-1.1203			42.3897			-33.4066			7.8000			39.0000			231.0000			-133.0000			
-3.3474			41.8329			-30.6227			7.8000			31.0000			246.0000			-125.0000			
-1.6771			41.2761			-29.5091			10.0000			25.0000			258.0000			-117.0000			
-2.7907			40.7193			-30.6227			7.3000			18.0000			269.0000			-107.0000			
-9.4720			43.5032			-27.2820			6.7000			10.0000			278.0000			-97.0000			
-15.5965			44.0600			-21.1575			7.3000			4.0000			285.0000			-86.0000			
-23.3914			45.7303			-19.4872			2.8000			-4.0000			292.0000			-74.0000			
-26.1753			46.8439			-17.2601			3.4000			-11.0000			295.0000			-60.0000			
-26.1753			46.8439			-15.5897			5.0000			-20.0000			300.0000			-48.0000			
-23.3914			47.4006			-18.3736			5.6000			-25.0000			302.0000			-36.0000			
-22.8346			46.2871			-19.4872			3.9000			-31.0000			304.0000			-23.0000			
-28.4024			45.1735			-13.9194			2.8000			-37.0000			305.0000			-11.0000			
-34.5269			42.3897			-6.1245			1.7000			-43.0000			303.0000			-1.0000			
-39.5379			40.1626			1.1136			1.7000			-49.0000			299.0000			14.0000			
-41.2082			36.8219			6.1245			1.7000			-55.0000			294.0000			27.0000			
-41.2082			35.7083			6.6813			1.1000			-60.0000			285.0000			40.0000			
-40.6514			37.3787			4.4542			1.1000			-65.0000			275.0000			53.0000			
-41.7650			34.0380			6.6813			-1.0000			-68.0000			262.0000			66.0000			
-41.7650			29.5838			11.6923			-0.4000			-72.0000			250.0000			79.0000			
-44.5489			25.6864			17.2601			-1.6000			-73.0000			233.0000			91.0000			
-46.7760			22.9025			22.2710			-1.5000			-75.0000			217.0000			102.0000			
-46.7760			17.8915			26.7252			-2.1000			-78.0000			198.0000			113.0000			
-46.2192			18.4483			26.1685			-1.6000			-81.0000			181.0000			123.0000			
-45.6624			19.5618			23.3846			-2.7000			-83.0000			163.0000			132.0000			
-43.9921			17.3347			22.2710			-4.3000			-84.0000			145.0000			140.0000			
-42.3218			9.5399			27.8388			-4.9000			-86.0000			125.0000			148.0000			
-40.0947			1.1882			34.5201			-4.3000			-87.0000			106.0000			154.0000			
-38.9811			-4.3795			38.4175			-4.9000			-87.0000			85.0000			159.0000			
-38.4243			-7.1634			40.0879			-5.5000			-84.0000			61.0000			163.0000			
-46.2192			-4.3795			36.1904			-14.4000			-82.0000			37.0000			169.0000			
-60.1386			-3.8227			35.6337			-28.3000			-78.0000			15.0000			173.0000			
-48.4463			-7.1634			38.4175			-17.1000			-72.0000			-5.0000			176.0000			
-37.3108			-12.7312			40.6446			-9.3000			-67.0000			-22.0000			179.0000			
-28.4024			-23.8667			41.7582			-10.5000			-61.0000			-42.0000			181.0000			
-20.6075			-27.2073			41.7582			-6.0000			-54.0000			-62.0000			181.0000			
-21.1643			-28.8777			39.5311			-10.5000			-48.0000			-83.0000			182.0000			
-23.9482			-26.6506			40.6446			-9.9000			-43.0000			-104.0000			180.0000			
-25.0617			-24.9802			39.5311			-10.5000			-37.0000			-122.0000			176.0000			
-20.0507			-29.4344			39.5311			-9.9000			-33.0000			-140.0000			175.0000			
-11.6991			-35.5590			40.0879			-7.1000			-27.0000			-158.0000			170.0000			
-6.1313			-39.4564			37.8608			-7.7000			-21.0000			-174.0000			165.0000			
1.1068			-42.2403			32.8498			-8.2000			-14.0000			-188.0000			157.0000			
3.3339			-41.6835			31.1794			-7.1000			-6.0000			-204.0000			150.0000			
2.7771			-40.0132			30.6227			-6.6000			0.0000			-216.0000			141.0000			
4.4474			-43.3538			30.6227			-8.2000			7.0000			-227.0000			131.0000			
10.5720			-44.4674			28.3956			-5.4000			15.0000			-236.0000			121.0000			
18.3668			-43.3538			21.7143			-3.2000			22.0000			-243.0000			110.0000			
25.0481			-46.1377			17.8168			-3.2000			29.0000			-248.0000			98.0000			
28.3888			-47.2513			15.0329			-3.8000			37.0000			-253.0000			84.0000			
27.2752			-46.6945			15.0329			-4.3000			44.0000			-258.0000			72.0000			
25.0481			-47.8080			17.2601			-5.4000			51.0000			-261.0000			59.0000			
27.8320			-45.0242			18.3736			1.1000			56.0000			-263.0000			47.0000			
32.2862			-44.4674			12.8058			0.6000			62.0000			-263.0000			36.0000			
37.8540			-42.7971			3.8974			-1.0000			66.0000			-261.0000			22.0000			
41.1946			-40.5699			-1.6703			-1.0000			72.0000			-258.0000			9.0000			
42.8650			-37.2293			-5.0110			0.6000			79.0000			-251.0000			-2.0000			
42.8650			-35.5590			-5.0110			2.3000			83.0000			-245.0000			-18.0000			
41.7514			-36.1157			-3.8974			1.7000			88.0000			-233.0000			-30.0000			
42.3082			-33.8886			-6.6813			1.7000			92.0000			-222.0000			-44.0000			
42.8650			-27.7641			-12.2491			2.8000			95.0000			-209.0000			-54.0000			
45.6488			-23.3099			-18.9304			3.4000			96.0000			-193.0000			-67.0000			
48.4327			-22.1963			-22.8278			3.4000			99.0000			-176.0000			-80.0000			
47.8759			-20.5260			-24.4981			2.8000			101.0000			-158.0000			-92.0000			
46.7624			-18.8557			-23.9414			3.9000			104.0000			-141.0000			-101.0000			
