-55.4079			-28.7058			81.0977			-3.0000			93.0000			-255.0000			71.0000			
-51.0080			-34.5612			83.8561			-1.7000			120.0000			-272.0000			59.0000			
-43.8582			-40.9489			84.4078			-0.4000			141.0000			-289.0000			50.0000			
-35.0584			-49.9982			85.5111			0.4000			160.0000			-303.0000			41.0000			
-29.0085			-55.8536			84.4078			-0.4000			178.0000			-317.0000			33.0000			
-25.1586			-59.5798			85.5111			0.7000			192.0000			-324.0000			24.0000			
-18.0087			-67.5644			86.0628			0.4000			205.0000			-329.0000			14.0000			
-10.3089			-72.3552			83.8561			1.1000			218.0000			-332.0000			0.0000			
-3.7091			-76.0814			81.0977			1.2000			231.0000			-333.0000			-13.0000			
2.3408			-77.6783			77.7875			2.4000			243.0000			-334.0000			-26.0000			
5.6407			-77.6783			74.4774			2.4000			253.0000			-334.0000			-36.0000			
13.3406			-75.5491			66.2022			3.9000			259.0000			-330.0000			-46.0000			
21.0404			-75.0168			55.7202			1.7000			265.0000			-321.0000			-61.0000			
27.0902			-77.1460			52.4100			2.3000			268.0000			-308.0000			-79.0000			
34.2401			-81.9368			49.6516			1.9000			274.0000			-294.0000			-96.0000			
40.8399			-83.0014			44.1348			1.9000			276.0000			-282.0000			-110.0000			
49.0898			-82.4691			36.9629			3.5000			281.0000			-270.0000			-121.0000			
54.5896			-83.0014			31.4460			3.0000			281.0000			-260.0000			-131.0000			
58.4395			-83.5337			28.6876			3.5000			281.0000			-249.0000			-137.0000			
63.9394			-84.5983			23.7224			3.0000			275.0000			-236.0000			-138.0000			
69.4393			-81.9368			15.4472			2.9000			267.0000			-218.0000			-143.0000			
74.3892			-78.7429			7.1719			2.8000			259.0000			-200.0000			-150.0000			
78.2391			-74.4844			-1.1034			2.6000			251.0000			-178.0000			-156.0000			
78.2391			-70.7583			-4.9652			2.5000			241.0000			-157.0000			-162.0000			
78.7891			-65.4352			-9.9303			3.4000			230.0000			-137.0000			-165.0000			
78.7891			-60.6444			-14.8955			3.2000			215.0000			-113.0000			-170.0000			
78.7891			-51.5951			-23.1708			4.0000			198.0000			-85.0000			-173.0000			
80.9890			-46.8043			-32.5494			1.6000			177.0000			-55.0000			-178.0000			
84.8389			-44.1428			-39.1696			1.5000			158.0000			-25.0000			-179.0000			
87.0389			-39.3520			-45.2381			2.4000			138.0000			2.0000			-182.0000			
85.9389			-32.4320			-51.3067			2.1000			121.0000			27.0000			-183.0000			
84.2890			-26.0442			-55.1685			3.0000			105.0000			50.0000			-182.0000			
82.6390			-19.6565			-60.1336			2.8000			87.0000			73.0000			-179.0000			
82.6390			-15.3980			-65.6505			1.5000			69.0000			94.0000			-173.0000			
83.1890			-9.5426			-71.1673			2.4000			46.0000			114.0000			-165.0000			
80.4390			-4.2195			-74.4774			1.7000			26.0000			133.0000			-156.0000			
76.5891			1.6359			-77.2359			0.9000			5.0000			154.0000			-148.0000			
73.2892			6.4267			-77.7875			1.9000			-16.0000			172.0000			-141.0000			
68.8893			11.2175			-78.3392			1.7000			-36.0000			191.0000			-133.0000			
61.1895			18.1375			-78.3392			0.9000			-59.0000			209.0000			-122.0000			
54.0396			25.0575			-77.2359			1.8000			-86.0000			228.0000			-109.0000			
48.5398			33.5745			-81.6493			0.4000			-112.0000			246.0000			-96.0000			
45.2398			41.0268			-84.4078			1.8000			-137.0000			263.0000			-83.0000			
39.1900			46.3499			-84.4078			1.1000			-161.0000			279.0000			-73.0000			
34.7901			49.0115			-83.3044			0.4000			-180.0000			293.0000			-64.0000			
30.3902			54.3346			-84.9594			-0.2000			-196.0000			303.0000			-55.0000			
26.5403			58.5930			-84.4078			0.7000			-209.0000			311.0000			-46.0000			
17.7405			63.9161			-83.3044			-1.6000			-220.0000			313.0000			-37.0000			
8.9407			70.3039			-80.5460			-1.3000			-231.0000			315.0000			-26.0000			
3.4408			71.3685			-76.6842			-1.8000			-243.0000			317.0000			-12.0000			
0.1409			70.3039			-72.8224			-2.3000			-254.0000			317.0000			-1.0000			
-5.3590			71.3685			-68.4089			-2.4000			-262.0000			313.0000			12.0000			
-12.5089			71.9008			-61.2370			-1.8000			-271.0000			310.0000			24.0000			
-19.6587			71.9008			-54.6168			-2.3000			-279.0000			304.0000			38.0000			
-27.3585			74.0300			-48.5483			-1.8000			-285.0000			293.0000			55.0000			
-36.1583			78.2885			-44.6865			-2.5000			-291.0000			279.0000			72.0000			
-43.3082			80.4178			-39.7213			-2.6000			-298.0000			270.0000			86.0000			
-48.2581			82.5470			-35.8595			-1.5000			-302.0000			257.0000			98.0000			
-51.5580			82.5470			-33.1011			-2.1000			-302.0000			248.0000			107.0000			
-55.9579			81.4824			-28.6876			-3.1000			-299.0000			234.0000			112.0000			
-61.4578			81.4824			-23.1708			-3.1000			-291.0000			220.0000			114.0000			
-68.6076			80.4178			-14.8955			-3.0000			-281.0000			204.0000			116.0000			
-70.2576			76.1593			-9.3786			-3.4000			-270.0000			184.0000			120.0000			
-72.4575			71.3685			-2.7584			-3.8000			-261.0000			165.0000			126.0000			
-74.1075			67.1100			3.8618			-3.1000			-250.0000			146.0000			129.0000			
-76.3074			64.9808			8.8270			-2.5000			-239.0000			124.0000			134.0000			
-75.7574			57.5284			15.4472			-2.7000			-225.0000			100.0000			139.0000			
-76.8574			51.6730			22.6191			-2.5000			-207.0000			72.0000			144.0000			
-81.2573			48.4792			31.4460			-1.3000			-189.0000			42.0000			149.0000			
-86.2072			47.4145			36.4112			-2.3000			-172.0000			13.0000			154.0000			
-87.8572			43.6884			40.8247			-3.3000			-156.0000			-13.0000			156.0000			
-87.3072			37.3006			46.8932			-3.1000			-137.0000			-38.0000			156.0000			
-86.2072			29.3160			54.6168			-2.2000			-120.0000			-61.0000			155.0000			
-86.2072			23.4606			60.1336			-2.6000			-103.0000			-84.0000			152.0000			
-84.5572			19.2021			63.4437			-1.9000			-83.0000			-105.0000			146.0000			
-83.4573			13.3467			67.3055			-2.8000			-62.0000			-125.0000			138.0000			
-80.7073			8.0236			70.0640			-2.6000			-41.0000			-145.0000			130.0000			
-76.8574			2.7005			72.8224			-1.3000			-19.0000			-165.0000			121.0000			
-73.0075			-2.6226			73.9258			-1.7000			2.0000			-184.0000			113.0000			
-69.1576			-8.4780			76.6842			-0.9000			23.0000			-203.0000			105.0000			
-62.0078			-16.4627			77.2359			-1.2000			44.0000			-222.0000			97.0000			
-55.9579			-23.3827			77.2359			-2.1000			71.0000			-241.0000			86.0000			
-51.0080			-30.3027			78.3392			-2.9000			99.0000			-259.0000			72.0000			
-49.3580			-34.0289			80.5460			-2.8000			124.0000			-278.0000			60.0000			
-45.5081			-38.8197			83.3044			-1.0000			144.0000			-291.0000			49.0000			
-38.3583			-47.3366			84.9594			-0.7000			163.0000			-305.0000			41.0000			
-29.5585			-53.7244			82.7527			-0.5000			179.0000			-315.0000			32.0000			
-22.4086			-59.5798			82.2010			0.2000			194.0000			-322.0000			23.0000			
-15.8088			-67.0321			83.8561			1.0000			205.0000			-326.0000			13.0000			
-10.8589			-70.2260			81.6493			0.5000			216.0000			-330.0000			0.0000			
-3.1591			-72.8875			77.7875			1.7000			231.0000			-331.0000			-13.0000			
3.4408			-75.5491			73.3741			1.2000			245.0000			-333.0000			-27.0000			
6.1907			-76.0814			71.7190			1.8000			254.0000			-333.0000			-38.0000			
11.6906			-73.4198			63.9954			2.2000			260.0000			-328.0000			-49.0000			
18.8404			-72.8875			56.2718			2.2000			265.0000			-318.0000			-62.0000			
27.6402			-76.6137			51.3067			2.3000			269.0000			-305.0000			-79.0000			
34.7901			-81.9368			49.0999			1.9000			274.0000			-293.0000			-95.0000			
40.8399			-81.4045			43.5831			3.0000			278.0000			-281.0000			-110.0000			
49.0898			-82.4691			36.4112			3.0000			279.0000			-269.0000			-121.0000			
55.6896			-83.5337			30.8943			3.0000			283.0000			-259.0000			-129.0000			
59.5395			-83.5337			27.5842			3.5000			279.0000			-247.0000			-137.0000			
64.4894			-83.0014			22.6191			4.0000			275.0000			-233.0000			-139.0000			
69.4393			-81.4045			14.8955			2.9000			267.0000			-215.0000			-145.0000			
74.9392			-77.6783			7.1719			4.4000			259.0000			-197.0000			-150.0000			
78.7891			-72.8875			-2.7584			3.1000			249.0000			-177.0000			-155.0000			
79.3391			-69.1613			-6.6202			3.5000			240.0000			-156.0000			-161.0000			
79.3391			-63.3059			-11.0337			4.9000			228.0000			-135.0000			-166.0000			
79.3391			-59.0475			-16.5505			3.7000			214.0000			-111.0000			-170.0000			
80.4390			-51.5951			-24.8258			4.0000			197.0000			-82.0000			-174.0000			
83.7390			-47.3366			-34.2045			2.1000			177.0000			-53.0000			-177.0000			
85.9389			-44.1428			-40.2730			1.5000			156.0000			-24.0000			-179.0000			
88.1389			-39.8843			-45.2381			3.0000			138.0000			4.0000			-181.0000			
87.0389			-30.3027			-52.9617			3.7000			121.0000			29.0000			-182.0000			
85.9389			-23.9150			-58.4786			3.5000			105.0000			52.0000			-181.0000			
84.2890			-20.7211			-60.6853			2.8000			87.0000			73.0000			-178.0000			
83.1890			-18.0596			-63.9954			1.1000			67.0000			94.0000			-171.0000			
81.5390			-9.0103			-71.1673			1.3000			47.0000			113.0000			-163.0000			
78.7891			-0.4934			-76.6842			1.6000			23.0000			135.0000			-155.0000			
76.0391			4.2974			-78.3392			1.9000			3.0000			155.0000			-147.0000			
72.1892			6.9590			-78.8909			0.2000			-19.0000			175.0000			-140.0000			
66.1394			13.3467			-78.3392			1.1000			-39.0000			194.0000			-132.0000			
61.7395			18.6698			-78.8909			1.5000			-62.0000			212.0000			-122.0000			
55.6896			26.1221			-80.5460			1.2000			-88.0000			231.0000			-110.0000			
49.6397			34.6391			-83.3044			0.9000			-114.0000			250.0000			-96.0000			
45.2398			40.4945			-85.5111			0.2000			-138.0000			264.0000			-84.0000			
39.1900			46.8822			-86.0628			0.0000			-161.0000			281.0000			-73.0000			
33.1401			52.7376			-84.9594			0.9000			-180.0000			293.0000			-64.0000			
28.1902			57.5284			-85.5111			0.1000			-197.0000			304.0000			-56.0000			
23.2403			61.2546			-83.8561			0.6000			-209.0000			311.0000			-47.0000			
17.1905			66.0454			-84.4078			-1.1000			-221.0000			314.0000			-35.0000			
7.8407			72.4331			-82.2010			-1.9000			-233.0000			316.0000			-25.0000			
1.2408			74.0300			-76.6842			-1.4000			-245.0000			319.0000			-12.0000			
-3.1591			74.5623			-73.3741			-1.9000			-257.0000			318.0000			2.0000			
-7.0090			75.0947			-68.9606			-0.8000			-266.0000			317.0000			13.0000			
-14.1588			76.1593			-63.9954			-2.0000			-273.0000			313.0000			23.0000			
-24.0586			74.5623			-53.5134			-3.0000			-280.0000			306.0000			39.0000			
-32.3084			79.3531			-47.9966			-0.9000			-287.0000			293.0000			57.0000			
-37.8083			82.0147			-45.2381			-1.0000			-292.0000			282.0000			73.0000			
-44.9581			84.1439			-41.3764			-2.1000			-297.0000			269.0000			87.0000			
-52.1080			86.8055			-36.4112			-1.7000			-298.0000			258.0000			97.0000			
-57.0579			84.6762			-29.7910			-2.1000			-299.0000			246.0000			106.0000			
-59.8078			84.6762			-27.0326			-2.1000			-297.0000			234.0000			112.0000			
-65.3077			86.8055			-24.2741			-2.7000			-290.0000			220.0000			113.0000			
-73.5575			85.2085			-14.8955			-3.2000			-279.0000			203.0000			116.0000			
-76.8574			79.3531			-6.0685			-3.5000			-269.0000			184.0000			121.0000			
-77.4074			75.6270			0.0000			-1.7000			-260.0000			164.0000			127.0000			
-79.6074			72.9654			4.9652			-1.6000			-251.0000			143.0000			132.0000			
-80.7073			68.1746			10.4820			-2.0000			-240.0000			123.0000			136.0000			
-81.8073			60.7223			18.7573			-2.3000			-227.0000			98.0000			143.0000			
-82.3573			54.8669			24.8258			-2.6000			-210.0000			70.0000			147.0000			
-86.2072			51.6730			33.1011			-1.4000			-191.0000			40.0000			150.0000			
-89.5071			47.9468			38.6179			-2.9000			-170.0000			10.0000			153.0000			
-91.7071			43.1561			45.2381			-3.3000			-152.0000			-16.0000			156.0000			
-91.1571			36.2360			51.8584			-3.0000			-135.0000			-41.0000			157.0000			
-88.9571			29.8483			55.7202			-3.3000			-120.0000			-65.0000			157.0000			
-86.7572			24.5252			60.6853			-1.5000			-100.0000			-86.0000			153.0000			
-85.6572			18.6698			65.6505			-1.3000			-80.0000			-108.0000			145.0000			
-85.1072			11.2175			71.1673			-2.7000			-59.0000			-129.0000			139.0000			
-81.2573			4.8297			74.4774			-1.9000			-38.0000			-150.0000			130.0000			
-77.4074			1.1036			75.0291			-1.2000			-15.0000			-169.0000			121.0000			
-74.1075			-2.6226			76.1325			-0.5000			5.0000			-189.0000			113.0000			
-68.6076			-10.0749			77.2359			-1.4000			26.0000			-208.0000			106.0000			
-59.2578			-18.0596			77.2359			0.0000			49.0000			-225.0000			97.0000			
-54.3079			-24.9796			77.2359			-2.0000			75.0000			-245.0000			83.0000			
-51.0080			-30.8350			80.5460			-1.2000			103.0000			-262.0000			69.0000			
-50.4580			-35.6258			84.9594			-1.1000			126.0000			-279.0000			57.0000			
-42.7582			-40.9489			83.8561			0.1000			147.0000			-293.0000			47.0000			
-34.5084			-48.9336			82.2010			-1.2000			167.0000			-306.0000			37.0000			
-27.3585			-55.3213			83.8561			1.1000			183.0000			-317.0000			29.0000			
-22.4086			-60.6444			83.8561			0.8000			195.0000			-324.0000			19.0000			
-13.6088			-68.0967			83.3044			1.5000			208.0000			-328.0000			10.0000			
-7.0090			-71.2906			80.5460			2.2000			220.0000			-330.0000			-3.0000			
-0.9591			-74.4844			77.2359			1.7000			233.0000			-333.0000			-16.0000			
4.5408			-76.6137			74.4774			2.3000			246.0000			-333.0000			-29.0000			
7.8407			-75.5491			70.0640			2.3000			254.0000			-332.0000			-38.0000			
13.8905			-72.8875			61.7887			2.7000			261.0000			-326.0000			-51.0000			
23.2403			-74.4844			54.0651			2.8000			265.0000			-316.0000			-65.0000			
29.2902			-77.1460			50.7550			2.8000			271.0000			-304.0000			-82.0000			
34.7901			-80.3399			47.4449			1.8000			274.0000			-291.0000			-98.0000			
42.4899			-81.9368			43.0314			3.5000			278.0000			-279.0000			-112.0000			
51.8397			-83.0014			34.7561			3.5000			281.0000			-268.0000			-123.0000			
55.6896			-83.0014			29.7910			2.4000			282.0000			-257.0000			-131.0000			
60.0895			-82.4691			26.4809			4.0000			279.0000			-247.0000			-138.0000			
66.1394			-81.9368			20.4123			4.6000			275.0000			-231.0000			-141.0000			
72.1892			-81.4045			12.1371			2.9000			264.0000			-213.0000			-146.0000			
74.9392			-77.6783			6.0685			3.3000			256.0000			-193.0000			-151.0000			
78.2391			-73.4198			-1.6551			3.1000			248.0000			-174.0000			-156.0000			
78.2391			-69.1613			-7.1719			1.8000			237.0000			-153.0000			-161.0000			
79.8891			-63.8382			-12.1371			3.9000			226.0000			-131.0000			-166.0000			
79.3391			-56.3859			-18.2056			4.7000			212.0000			-107.0000			-169.0000			
79.3391			-48.9336			-26.4809			3.9000			193.0000			-79.0000			-173.0000			
82.6390			-46.8043			-33.6528			2.1000			173.0000			-49.0000			-178.0000			
86.4889			-46.2720			-36.9629			3.2000			154.0000			-19.0000			-180.0000			
87.5889			-40.9489			-44.6865			1.9000			135.0000			8.0000			-182.0000			
85.3889			-31.3673			-51.3067			2.7000			118.0000			31.0000			-182.0000			
83.7390			-23.9150			-57.9269			1.8000			100.0000			54.0000			-180.0000			
84.8389			-19.1242			-61.7887			3.9000			83.0000			75.0000			-177.0000			
83.1890			-15.3980			-65.0988			2.6000			64.0000			96.0000			-170.0000			
82.6390			-9.0103			-71.1673			2.4000			43.0000			117.0000			-163.0000			
80.4390			-2.0903			-75.0291			3.3000			21.0000			138.0000			-155.0000			
76.5891			3.7651			-78.3392			2.0000			-1.0000			159.0000			-147.0000			
73.2892			6.4267			-78.3392			1.3000			-21.0000			178.0000			-141.0000			
66.6894			12.8144			-77.2359			2.2000			-41.0000			197.0000			-132.0000			
60.6395			20.7990			-79.4426			1.9000			-65.0000			215.0000			-121.0000			
55.6896			26.6544			-81.6493			0.6000			-92.0000			234.0000			-108.0000			
51.8397			33.5745			-83.8561			1.5000			-118.0000			251.0000			-95.0000			
45.7898			40.4945			-86.0628			0.2000			-143.0000			268.0000			-83.0000			
39.7400			47.4145			-87.1662			0.0000			-163.0000			283.0000			-74.0000			
33.1401			52.2053			-85.5111			-0.1000			-183.0000			296.0000			-63.0000			
28.7402			55.3992			-83.8561			0.2000			-198.0000			306.0000			-55.0000			
23.7903			61.2546			-85.5111			-0.4000			-211.0000			311.0000			-45.0000			
17.7405			68.7069			-86.0628			0.3000			-222.0000			314.0000			-35.0000			
7.2907			72.9654			-82.2010			-1.9000			-234.0000			316.0000			-24.0000			
1.2408			75.0947			-76.1325			0.1000			-246.0000			318.0000			-9.0000			
-2.6091			74.0300			-73.3741			-1.9000			-258.0000			317.0000			3.0000			
-6.4590			74.5623			-70.0640			-1.9000			-268.0000			319.0000			14.0000			
-13.0589			75.0947			-62.3404			-0.3000			-275.0000			314.0000			25.0000			
-21.8587			73.4977			-52.9617			-1.3000			-281.0000			304.0000			40.0000			
-30.6585			79.3531			-50.2033			-1.5000			-289.0000			292.0000			60.0000			
-38.3583			83.0793			-46.3415			-1.6000			-293.0000			279.0000			75.0000			
-45.5081			80.9501			-37.5146			-2.0000			-298.0000			267.0000			89.0000			
-51.5580			82.5470			-33.1011			-2.1000			-300.0000			254.0000			101.0000			
-53.2080			83.6116			-31.9977			-1.5000			-300.0000			243.0000			109.0000			
-55.9579			82.5470			-28.6876			-2.0000			-295.0000			231.0000			113.0000			
-62.5577			81.4824			-21.5157			-2.5000			-287.0000			216.0000			113.0000			
-68.0576			78.2885			-12.6887			-2.4000			-277.0000			199.0000			116.0000			
-70.8076			75.0947			-6.6202			-2.3000			-267.0000			178.0000			122.0000			
-73.0075			71.9008			-1.6551			-2.7000			-258.0000			159.0000			127.0000			
-75.2075			66.5777			4.9652			-3.6000			-248.0000			138.0000			131.0000			
-76.8574			61.7869			12.1371			-2.9000			-237.0000			117.0000			137.0000			
-76.3074			56.9961			15.9989			-3.3000			-222.0000			91.0000			143.0000			
-77.9574			53.2699			24.2741			-0.4000			-206.0000			63.0000			148.0000			
-82.9073			48.4792			31.4460			-2.9000			-187.0000			34.0000			150.0000			
-87.3072			45.8176			39.1696			-2.3000			-168.0000			5.0000			154.0000			
-87.8572			39.9622			44.6865			-3.2000			-151.0000			-20.0000			156.0000			
-87.3072			32.5099			50.7550			-4.0000			-134.0000			-44.0000			156.0000			
-84.5572			25.0575			57.3752			-2.1000			-117.0000			-68.0000			155.0000			
-85.6572			21.3313			63.4437			-0.8000			-98.0000			-91.0000			151.0000			
-84.5572			16.5406			66.2022			-1.8000			-77.0000			-112.0000			146.0000			
-82.9073			11.7498			70.0640			-1.0000			-56.0000			-132.0000			137.0000			
-79.0574			5.3620			71.7190			-1.9000			-33.0000			-151.0000			127.0000			
-75.2075			0.5713			73.3741			-1.2000			-11.0000			-170.0000			118.0000			
-73.5575			-1.0257			76.6842			2.1000			8.0000			-189.0000			110.0000			
-66.4077			-11.1396			76.1325			-1.4000			27.0000			-207.0000			103.0000			
-59.2578			-16.9950			76.1325			-0.1000			50.0000			-225.0000			92.0000			
-32.8584			5.3620			35.3078			7.8000			80.0000			-237.0000			73.0000			
-20.2087			5.8944			12.1371			-2.1000			120.0000			-239.0000			30.0000			
-8.6590			17.0729			-8.2753			0.1000			159.0000			-235.0000			-15.0000			
-19.6587			-1.0257			17.6539			-3.0000			190.0000			-228.0000			-58.0000			
-63.1077			-59.0475			116.9572			-5.1000			194.0000			-244.0000			-48.0000			
-85.1072			-101.6323			186.4694			-0.2000			174.0000			-286.0000			14.0000			
-71.9075			-108.0200			183.1593			3.2000			147.0000			-331.0000			89.0000			
-35.6083			-120.2631			160.5403			4.6000			147.0000			-335.0000			98.0000			
-24.0586			-138.3616			162.7470			0.3000			165.0000			-338.0000			76.0000			
-18.5587			-150.0725			169.3672			0.7000			185.0000			-340.0000			52.0000			
-24.0586			-159.1217			183.1593			0.0000			195.0000			-344.0000			36.0000			
-42.7582			-162.3156			206.3301			1.2000			199.0000			-344.0000			27.0000			
-49.9080			-208.0943			258.7401			0.7000			196.0000			-351.0000			33.0000			
38.0900			-227.2574			200.2615			11.0000			211.0000			-344.0000			12.0000			
127.7380			-215.0143			95.4415			8.1000			266.0000			-342.0000			-47.0000			
140.3877			-167.6387			32.5494			5.2000			332.0000			-333.0000			-124.0000			
106.8385			-137.2970			31.9977			1.5000			366.0000			-299.0000			-188.0000			
85.9389			-131.9739			45.2381			-0.8000			369.0000			-271.0000			-222.0000			
75.4892			-145.8140			75.5808			5.2000			357.0000			-250.0000			-226.0000			
85.3889			-145.8140			63.4437			3.0000			334.0000			-232.0000			-210.0000			
108.4884			-126.1185			25.9292			8.2000			311.0000			-222.0000			-187.0000			
127.7380			-105.8907			-15.4472			6.3000			293.0000			-211.0000			-170.0000			
126.6380			-86.1953			-36.9629			3.4000			282.0000			-196.0000			-166.0000			
118.9382			-75.5491			-39.1696			4.2000			268.0000			-172.0000			-169.0000			
100.2386			-78.2106			-20.4123			1.6000			248.0000			-144.0000			-173.0000			
85.3889			-80.3399			0.0000			5.0000			222.0000			-119.0000			-168.0000			
80.4390			-67.5644			-6.0685			6.8000			191.0000			-98.0000			-151.0000			
77.1391			-54.2567			-16.5505			6.3000			164.0000			-79.0000			-137.0000			
76.5891			-44.6751			-27.0326			4.8000			140.0000			-57.0000			-133.0000			
78.2391			-41.4812			-33.6528			3.0000			123.0000			-33.0000			-131.0000			
80.4390			-36.1581			-40.8247			3.4000			109.0000			-11.0000			-137.0000			
76.0391			-27.6412			-46.8932			1.4000			97.0000			11.0000			-143.0000			
77.6891			-26.0442			-50.7550			0.8000			85.0000			34.0000			-149.0000			
74.3892			-31.3673			-41.3764			1.6000			74.0000			55.0000			-155.0000			
73.2892			-29.7704			-41.9280			1.5000			62.0000			74.0000			-156.0000			
87.5889			-4.7518			-78.8909			3.9000			49.0000			101.0000			-162.0000			
98.0387			18.6698			-112.5437			4.1000			38.0000			136.0000			-178.0000			
103.5385			25.0575			-127.9909			0.5000			20.0000			171.0000			-189.0000			
108.4884			19.2021			-126.3358			1.3000			-4.0000			200.0000			-188.0000			
118.9382			14.4113			-132.4043			0.9000			-29.0000			223.0000			-178.0000			
117.2882			21.8637			-137.3695			1.7000			-54.0000			239.0000			-161.0000			
113.4383			38.3653			-149.5066			2.2000			-72.0000			247.0000			-142.0000			
99.1386			63.3838			-161.0919			1.4000			-89.0000			252.0000			-124.0000			
83.7390			85.2085			-168.2638			0.6000			-109.0000			264.0000			-108.0000			
66.1394			96.3871			-163.2987			-0.7000			-139.0000			286.0000			-96.0000			
43.5899			101.7102			-145.0931			0.1000			-178.0000			313.0000			-79.0000			
26.5403			94.7901			-121.9223			-0.6000			-220.0000			337.0000			-58.0000			
22.1404			82.0147			-104.8201			-0.6000			-256.0000			350.0000			-32.0000			
24.8903			68.7069			-94.3381			-0.7000			-274.0000			349.0000			-11.0000			
19.3904			64.9808			-85.5111			-1.1000			-278.0000			341.0000			3.0000			
2.3408			65.5131			-70.0640			-2.2000			-275.0000			327.0000			15.0000			
-20.7587			75.6270			-55.7202			-0.8000			-282.0000			318.0000			30.0000			
-19.1087			83.0793			-63.9954			0.0000			-292.0000			309.0000			48.0000			
-31.2084			88.9347			-60.1336			-2.4000			-296.0000			303.0000			57.0000			
-35.0584			85.7409			-52.9617			-2.2000			-299.0000			299.0000			63.0000			
-29.0085			82.0147			-56.2718			-3.2000			-302.0000			292.0000			71.0000			
-30.6585			78.2885			-51.3067			-3.6000			-302.0000			283.0000			77.0000			
-38.9083			78.2885			-42.4797			-3.1000			-295.0000			271.0000			79.0000			
-51.0080			80.9501			-31.9977			-2.0000			-286.0000			256.0000			82.0000			
-56.5079			86.2732			-31.9977			-2.2000			-282.0000			245.0000			85.0000			
-55.4079			87.8701			-35.3078			-2.8000			-277.0000			234.0000			89.0000			
-57.6079			87.3378			-33.6528			-3.9000			-270.0000			220.0000			93.0000			
-61.4578			84.1439			-25.9292			-3.2000			-261.0000			205.0000			93.0000			
-67.5076			79.8854			-15.4472			-3.0000			-251.0000			188.0000			97.0000			
-69.7076			80.4178			-13.7921			-3.0000			-246.0000			169.0000			107.0000			
-71.9075			80.4178			-10.4820			-1.9000			-238.0000			149.0000			116.0000			
-79.6074			75.6270			0.5517			-3.4000			-231.0000			126.0000			127.0000			
-88.9571			64.9808			22.0674			-1.9000			-225.0000			97.0000			143.0000			
-96.1070			58.0607			36.9629			-1.0000			-220.0000			65.0000			165.0000			
-102.1569			58.5930			43.0314			-0.5000			-210.0000			29.0000			185.0000			
-107.1067			60.1900			45.2381			-1.6000			-196.0000			-1.0000			191.0000			
-110.9567			59.6577			49.0999			-2.2000			-176.0000			-29.0000			191.0000			
-115.3566			54.3346			58.4786			-2.5000			-155.0000			-53.0000			186.0000			
-119.2065			43.1561			73.9258			-2.1000			-133.0000			-73.0000			175.0000			
-123.6064			29.8483			92.1313			-1.6000			-111.0000			-94.0000			165.0000			
-123.0564			16.5406			102.6134			-3.9000			-90.0000			-115.0000			153.0000			
-115.9065			9.0882			105.3718			-1.4000			-65.0000			-139.0000			144.0000			
-106.0068			1.1036			102.6134			-2.2000			-36.0000			-163.0000			135.0000			
-96.1070			-0.4934			95.4415			-1.1000			-8.0000			-185.0000			123.0000			
-88.4072			1.1036			87.1662			-0.1000			20.0000			-208.0000			111.0000			
-78.5074			-4.2195			81.6493			-1.0000			46.0000			-225.0000			97.0000			
-65.3077			-7.4134			72.8224			0.1000			69.0000			-239.0000			83.0000			
-51.5580			-15.9304			67.8572			0.3000			93.0000			-252.0000			66.0000			
-48.2581			-26.5765			72.8224			-2.0000			121.0000			-268.0000			49.0000			
-44.9581			-31.3673			75.5808			-0.7000			145.0000			-282.0000			35.0000			
-42.2082			-36.1581			77.7875			-0.5000			165.0000			-293.0000			27.0000			
-36.7083			-40.9489			77.2359			-0.4000			180.0000			-307.0000			21.0000			
-33.4084			-44.6751			77.7875			-0.2000			192.0000			-316.0000			17.0000			
-29.0085			-49.4659			79.4426			0.9000			202.0000			-324.0000			12.0000			
-19.1087			-55.8536			76.6842			1.7000			211.0000			-327.0000			5.0000			
-12.5089			-61.1767			74.4774			0.7000			220.0000			-330.0000			-3.0000			
-7.5590			-61.7090			70.6156			1.3000			230.0000			-331.0000			-13.0000			
-5.3590			-66.4998			73.9258			2.0000			241.0000			-332.0000			-24.0000			
-0.9591			-70.2260			72.2707			1.0000			249.0000			-330.0000			-35.0000			
3.4408			-70.7583			68.4089			1.0000			258.0000			-326.0000			-46.0000			
11.6906			-72.8875			64.5471			3.3000			263.0000			-319.0000			-60.0000			
19.3904			-78.2106			61.2370			2.4000			268.0000			-310.0000			-74.0000			
26.5403			-83.0014			57.9269			1.4000			273.0000			-300.0000			-89.0000			
36.9900			-86.7276			52.9617			3.2000			280.0000			-290.0000			-102.0000			
45.7898			-88.8568			46.8932			3.8000			285.0000			-280.0000			-115.0000			
55.1396			-90.9861			38.6179			2.7000			290.0000			-269.0000			-127.0000			
65.0394			-90.9861			28.1359			2.1000			292.0000			-255.0000			-139.0000			
74.9392			-86.1953			15.4472			4.1000			289.0000			-235.0000			-152.0000			
80.9890			-83.0014			4.4135			2.3000			286.0000			-211.0000			-169.0000			
82.6390			-80.3399			2.2067			4.4000			278.0000			-186.0000			-181.0000			
83.7390			-81.9368			1.6551			3.4000			269.0000			-164.0000			-188.0000			
84.8389			-81.4045			-1.1034			2.3000			256.0000			-142.0000			-190.0000			
87.0389			-70.7583			-12.6887			3.5000			241.0000			-119.0000			-188.0000			
90.8888			-61.7090			-26.4809			2.6000			219.0000			-94.0000			-187.0000			
92.5388			-52.6597			-36.4112			3.4000			199.0000			-66.0000			-185.0000			
93.6388			-47.8689			-41.3764			4.3000			175.0000			-37.0000			-184.0000			
92.5388			-47.3366			-42.4797			2.7000			151.0000			-7.0000			-183.0000			
89.2389			-42.5458			-44.1348			2.5000			130.0000			18.0000			-182.0000			
83.7390			-34.5612			-46.3415			2.8000			109.0000			41.0000			-177.0000			
78.7891			-26.5765			-50.7550			1.4000			90.0000			63.0000			-171.0000			
77.1391			-20.7211			-53.5134			2.8000			69.0000			85.0000			-163.0000			
73.2892			-12.7365			-57.3752			3.1000			46.0000			104.0000			-156.0000			
69.9893			-9.0103			-59.0303			1.9000			26.0000			124.0000			-149.0000			
66.1394			-5.8165			-59.5819			0.7000			2.0000			144.0000			-141.0000			
68.3393			0.0389			-67.3055			1.0000			-19.0000			166.0000			-134.0000			
67.7893			6.9590			-72.8224			1.9000			-38.0000			186.0000			-130.0000			
64.4894			11.2175			-74.4774			1.2000			-57.0000			207.0000			-126.0000			
57.8896			16.5406			-72.2707			2.1000			-77.0000			227.0000			-121.0000			
55.6896			21.8637			-76.1325			1.4000			-99.0000			246.0000			-113.0000			
53.4897			28.7837			-81.0977			1.1000			-121.0000			265.0000			-105.0000			
48.5398			36.2360			-84.9594			-0.1000			-139.0000			280.0000			-96.0000			
43.0399			44.2207			-87.1662			0.0000			-159.0000			293.0000			-85.0000			
40.8399			50.0761			-91.5797			-0.6000			-178.0000			304.0000			-74.0000			
36.9900			57.5284			-95.9931			-1.4000			-193.0000			312.0000			-65.0000			
30.3902			64.9808			-95.9931			-0.6000			-204.0000			318.0000			-54.0000			
22.6903			68.7069			-92.1313			-0.7000			-218.0000			321.0000			-43.0000			
12.7906			71.9008			-86.6145			-1.9000			-234.0000			325.0000			-27.0000			
6.1907			74.5623			-81.6493			-0.9000			-250.0000			327.0000			-10.0000			
0.1409			74.0300			-75.0291			-0.8000			-269.0000			327.0000			9.0000			
-2.6091			72.9654			-72.2707			-1.9000			-284.0000			326.0000			25.0000			
-9.2089			71.9008			-64.5471			-1.8000			-295.0000			321.0000			43.0000			
-15.2588			72.9654			-60.1336			-2.4000			-304.0000			310.0000			60.0000			
-25.1586			78.2885			-55.1685			-2.0000			-310.0000			297.0000			78.0000			
-35.6083			83.0793			-49.0999			-1.6000			-314.0000			283.0000			92.0000			
-42.7582			81.4824			-41.9280			-3.1000			-316.0000			271.0000			103.0000			
-49.9080			82.5470			-34.2045			-1.5000			-315.0000			260.0000			111.0000			
-54.3079			80.4178			-29.7910			-3.6000			-311.0000			246.0000			117.0000			
-53.7579			77.7562			-26.4809			-2.4000			-303.0000			230.0000			119.0000			
-58.1578			77.2239			-22.6191			-3.5000			-291.0000			211.0000			121.0000			
-62.0078			75.0947			-15.9989			-2.9000			-279.0000			191.0000			123.0000			
-64.2077			71.3685			-11.0337			-3.8000			-266.0000			171.0000			126.0000			
-65.3077			69.2392			-6.6202			-2.6000			-252.0000			150.0000			128.0000			
-69.1576			67.1100			-2.2067			-4.2000			-238.0000			130.0000			129.0000			
-71.3575			64.9808			3.8618			-2.5000			-224.0000			108.0000			132.0000			
-73.0075			60.7223			8.8270			-3.4000			-209.0000			84.0000			136.0000			
-74.6575			55.3992			14.8955			-4.3000			-194.0000			58.0000			140.0000			
-76.3074			51.6730			22.0674			-2.5000			-179.0000			31.0000			145.0000			
-78.5074			47.9468			28.1359			-2.4000			-163.0000			7.0000			148.0000			
-78.5074			41.5591			34.2045			-2.7000			-146.0000			-17.0000			150.0000			
-79.6074			35.1714			40.2730			-4.1000			-129.0000			-41.0000			150.0000			
-81.2573			31.4452			47.9966			-1.8000			-112.0000			-65.0000			149.0000			
-85.6572			27.1868			56.2718			-2.1000			-96.0000			-86.0000			146.0000			
-86.2072			20.7990			62.8921			-2.5000			-76.0000			-111.0000			144.0000			
-85.1072			15.4759			68.4089			-1.2000			-55.0000			-134.0000			139.0000			
-85.1072			10.6851			72.8224			-1.5000			-34.0000			-159.0000			136.0000			
-85.1072			8.0236			76.1325			-0.9000			-12.0000			-179.0000			129.0000			
-84.5572			3.7651			78.8909			-1.9000			8.0000			-201.0000			123.0000			
-80.7073			-4.2195			83.8561			-1.0000			29.0000			-222.0000			115.0000			
-73.5575			-14.3334			86.6145			-1.2000			53.0000			-240.0000			105.0000			
-65.8577			-24.4473			89.3729			-0.9000			81.0000			-258.0000			91.0000			
-61.4578			-31.3673			92.6830			-0.1000			107.0000			-278.0000			76.0000			
-58.1578			-35.0935			93.2347			0.0000			132.0000			-294.0000			63.0000			
-53.7579			-38.8197			92.6830			0.1000			155.0000			-306.0000			50.0000			
-44.9581			-45.7397			89.9246			-0.7000			174.0000			-316.0000			37.0000			
-35.6083			-51.5951			87.1662			0.0000			190.0000			-324.0000			23.0000			
-25.7086			-59.0475			84.4078			-0.3000			209.0000			-329.0000			9.0000			
-15.8088			-62.2413			78.3392			0.2000			225.0000			-333.0000			-6.0000			
-10.8589			-63.3059			75.0291			0.8000			240.0000			-337.0000			-19.0000			
-2.6091			-60.6444			65.0988			1.8000			252.0000			-337.0000			-32.0000			
0.1409			-63.8382			64.5471			0.8000			264.0000			-334.0000			-47.0000			
3.4408			-66.4998			65.0988			2.0000			273.0000			-332.0000			-57.0000			
12.2406			-68.6290			57.3752			0.9000			276.0000			-325.0000			-68.0000			
19.9404			-68.6290			50.7550			2.0000			278.0000			-313.0000			-79.0000			
27.6402			-72.8875			47.9966			2.7000			280.0000			-304.0000			-92.0000			
34.2401			-76.6137			44.6865			2.3000			284.0000			-292.0000			-103.0000			
39.7400			-77.6783			40.8247			2.8000			282.0000			-279.0000			-111.0000			
45.2398			-77.6783			35.3078			2.8000			281.0000			-269.0000			-119.0000			
50.1897			-79.2752			30.8943			1.8000			278.0000			-257.0000			-125.0000			
52.9397			-79.2752			28.6876			2.3000			274.0000			-245.0000			-130.0000			
58.9895			-76.0814			20.9640			3.8000			266.0000			-227.0000			-134.0000			
65.0394			-73.9521			11.5854			2.6000			257.0000			-209.0000			-137.0000			
68.3393			-69.6937			4.4135			3.0000			248.0000			-189.0000			-145.0000			
70.5393			-69.1613			1.1034			2.4000			241.0000			-167.0000			-156.0000			
73.2892			-67.0321			-3.3101			2.9000			232.0000			-145.0000			-163.0000			
73.8392			-57.9828			-12.6887			3.1000			221.0000			-122.0000			-169.0000			
76.5891			-53.1920			-22.0674			1.3000			208.0000			-94.0000			-179.0000			
80.4390			-49.9982			-28.1359			2.2000			193.0000			-67.0000			-186.0000			
87.0389			-47.3366			-35.8595			3.8000			176.0000			-37.0000			-190.0000			
89.7888			-45.2074			-42.4797			2.0000			157.0000			-9.0000			-192.0000			
93.6388			-39.8843			-52.4100			1.3000			140.0000			17.0000			-194.0000			
93.0888			-30.8350			-60.1336			2.1000			123.0000			41.0000			-193.0000			
92.5388			-23.3827			-67.3055			1.8000			106.0000			64.0000			-190.0000			
92.5388			-18.5919			-72.8224			1.1000			84.0000			88.0000			-183.0000			
91.4388			-11.1396			-78.8909			1.3000			62.0000			110.0000			-176.0000			
88.6889			-3.6872			-82.2010			2.7000			38.0000			133.0000			-167.0000			
83.7390			3.7651			-86.0628			1.4000			15.0000			154.0000			-159.0000			
78.2391			8.0236			-86.0628			0.1000			-9.0000			175.0000			-150.0000			
73.8392			12.2821			-85.5111			0.5000			-33.0000			197.0000			-140.0000			
65.0394			18.6698			-82.7527			0.9000			-55.0000			215.0000			-130.0000			
56.7896			25.5898			-81.0977			1.2000			-82.0000			231.0000			-116.0000			
53.4897			30.3806			-82.7527			1.1000			-108.0000			250.0000			-102.0000			
49.6397			38.3653			-85.5111			2.4000			-135.0000			265.0000			-89.0000			
41.9399			44.7530			-87.7179			-1.0000			-158.0000			279.0000			-76.0000			
34.2401			49.0115			-83.3044			0.0000			-179.0000			293.0000			-65.0000			
29.2902			53.2699			-83.3044			-0.7000			-196.0000			306.0000			-55.0000			
24.8903			59.6577			-85.5111			-0.9000			-210.0000			312.0000			-48.0000			
19.3904			65.5131			-85.5111			-0.6000			-221.0000			317.0000			-39.0000			
12.2406			71.9008			-84.4078			-0.2000			-232.0000			320.0000			-29.0000			
6.1907			73.4977			-81.6493			-1.9000			-243.0000			321.0000			-18.0000			
0.6908			75.0947			-77.7875			-2.0000			-253.0000			321.0000			-6.0000			
-5.3590			77.2239			-73.9258			-2.0000			-263.0000			322.0000			7.0000			
-10.3089			77.2239			-68.4089			-1.4000			-271.0000			318.0000			16.0000			
-16.3588			77.7562			-62.8921			-1.5000			-279.0000			316.0000			29.0000			
-23.5086			80.4178			-59.5819			-2.6000			-285.0000			305.0000			45.0000			
-32.3084			87.3378			-56.8235			-1.7000			-292.0000			295.0000			60.0000			
-38.9083			89.9993			-53.5134			-2.4000			-298.0000			286.0000			73.0000			
-44.9581			89.9993			-47.4449			-2.4000			-302.0000			274.0000			86.0000			
-53.7579			91.0640			-39.1696			-1.8000			-302.0000			262.0000			96.0000			
-59.2578			91.5963			-34.2045			-1.8000			-300.0000			248.0000			103.0000			
-64.2077			90.5316			-28.6876			-2.3000			-297.0000			234.0000			111.0000			
-69.1576			88.9347			-22.0674			-2.2000			-289.0000			216.0000			116.0000			
-73.5575			83.0793			-13.2404			-3.7000			-281.0000			197.0000			124.0000			
-77.4074			79.3531			-5.5168			-3.5000			-272.0000			174.0000			132.0000			
-78.5074			77.2239			-1.6551			-2.9000			-264.0000			153.0000			139.0000			
-79.6074			70.3039			6.0685			-3.2000			-254.0000			131.0000			145.0000			
-81.8073			65.5131			12.6887			-3.6000			-242.0000			108.0000			149.0000			
-82.9073			62.3192			17.6539			-2.9000			-226.0000			80.0000			154.0000			
-86.7572			57.5284			26.4809			-2.7000			-206.0000			52.0000			157.0000			
-91.1571			53.8023			36.4112			-0.9000			-187.0000			23.0000			159.0000			
-94.4570			49.5438			42.4797			-2.4000			-168.0000			-4.0000			159.0000			
-95.0070			44.2207			48.5483			-2.2000			-150.0000			-29.0000			160.0000			
-92.2571			35.7037			53.5134			-3.0000			-131.0000			-52.0000			157.0000			
-88.9571			27.1868			57.9269			-3.8000			-111.0000			-75.0000			151.0000			
-86.2072			23.9929			59.5819			-2.6000			-89.0000			-98.0000			146.0000			
-83.4573			18.1375			63.4437			-1.8000			-67.0000			-119.0000			139.0000			
-79.6074			11.7498			65.6505			-2.2000			-45.0000			-140.0000			130.0000			
-74.1075			3.7651			68.9606			-1.3000			-23.0000			-162.0000			122.0000			
-74.1075			0.0389			71.7190			-2.3000			-1.0000			-182.0000			112.0000			
-73.0075			-1.5580			73.3741			-1.1000			22.0000			-202.0000			106.0000			
-69.1576			-7.9457			76.6842			-0.4000			41.0000			-220.0000			99.0000			
-64.7577			-13.2688			77.7875			-0.2000			63.0000			-240.0000			90.0000			
-61.4578			-19.1242			79.4426			-1.1000			89.0000			-257.0000			80.0000			
-56.5079			-27.6412			84.9594			0.8000			111.0000			-273.0000			68.0000			
-51.5580			-35.0935			87.1662			0.5000			130.0000			-288.0000			59.0000			
-44.9581			-43.6105			87.7179			-0.8000			150.0000			-300.0000			48.0000			
-40.0082			-49.9982			90.4763			0.4000			167.0000			-313.0000			39.0000			
-36.7083			-55.3213			92.1313			0.1000			184.0000			-321.0000			28.0000			
-27.3585			-63.8382			92.1313			0.9000			198.0000			-328.0000			17.0000			
-17.4588			-69.6937			87.7179			0.5000			213.0000			-332.0000			5.0000			
-10.3089			-71.2906			83.3044			1.6000			230.0000			-337.0000			-9.0000			
-5.9090			-71.8229			79.9943			2.2000			245.0000			-339.0000			-24.0000			
-3.1591			-72.8875			77.7875			1.7000			257.0000			-339.0000			-38.0000			
2.8908			-71.2906			70.6156			2.2000			267.0000			-337.0000			-50.0000			
11.6906			-72.8875			63.9954			2.7000			275.0000			-329.0000			-63.0000			
20.4904			-75.5491			56.8235			1.7000			281.0000			-317.0000			-80.0000			
29.8402			-80.3399			53.5134			3.0000			285.0000			-305.0000			-97.0000			
36.4400			-82.4691			49.6516			3.6000			288.0000			-292.0000			-110.0000			
44.6899			-84.0660			41.9280			2.5000			290.0000			-281.0000			-123.0000			
50.1897			-84.0660			36.9629			3.0000			291.0000			-270.0000			-132.0000			
54.5896			-83.5337			30.8943			1.9000			291.0000			-257.0000			-139.0000			
60.6395			-83.5337			25.3775			2.4000			285.0000			-241.0000			-145.0000			
67.2393			-80.8722			17.6539			4.0000			276.0000			-222.0000			-150.0000			
71.6392			-77.1460			9.3786			3.8000			268.0000			-204.0000			-155.0000			
72.1892			-72.3552			2.2067			2.0000			257.0000			-182.0000			-161.0000			
73.2892			-69.1613			-1.1034			3.0000			247.0000			-161.0000			-165.0000			
73.8392			-65.4352			-5.5168			2.8000			235.0000			-140.0000			-169.0000			
72.7392			-58.5151			-13.2404			0.9000			221.0000			-117.0000			-171.0000			
74.3892			-51.0628			-20.4123			2.9000			203.0000			-88.0000			-175.0000			
77.1391			-45.7397			-28.1359			3.2000			183.0000			-59.0000			-178.0000			
81.5390			-45.2074			-33.1011			3.2000			162.0000			-30.0000			-180.0000			
84.2890			-42.0135			-39.7213			2.5000			145.0000			-4.0000			-181.0000			
82.6390			-35.0935			-44.6865			2.8000			129.0000			20.0000			-183.0000			
82.6390			-28.1735			-52.9617			1.4000			111.0000			44.0000			-182.0000			
82.0890			-23.3827			-56.2718			2.4000			93.0000			66.0000			-179.0000			
81.5390			-18.0596			-61.7887			1.6000			74.0000			87.0000			-174.0000			
80.4390			-9.5426			-68.4089			2.4000			54.0000			109.0000			-168.0000			
78.7891			-4.7518			-72.8224			1.2000			32.0000			132.0000			-162.0000			
77.6891			-1.5580			-76.1325			0.0000			10.0000			154.0000			-156.0000			
76.0391			3.2328			-77.2359			2.0000			-11.0000			175.0000			-148.0000			
71.6392			8.5559			-79.4426			0.7000			-33.0000			194.0000			-140.0000			
66.1394			15.4759			-80.5460			1.0000			-54.0000			214.0000			-133.0000			
60.6395			23.4606			-81.0977			2.9000			-79.0000			231.0000			-120.0000			
56.2396			30.9129			-86.0628			1.0000			-104.0000			249.0000			-106.0000			
52.3897			38.8976			-89.9246			1.3000			-130.0000			266.0000			-94.0000			
47.4398			43.1561			-89.9246			0.6000			-155.0000			283.0000			-83.0000			
41.3899			46.8822			-88.2696			0.0000			-176.0000			298.0000			-72.0000			
33.6901			52.2053			-86.6145			-0.7000			-194.0000			308.0000			-61.0000			
27.6402			58.0607			-86.6145			-0.9000			-210.0000			316.0000			-49.0000			
20.4904			64.9808			-85.5111			0.0000			-224.0000			321.0000			-38.0000			
11.6906			70.3039			-82.7527			-0.7000			-237.0000			324.0000			-25.0000			
5.6407			71.3685			-78.3392			-1.3000			-250.0000			327.0000			-12.0000			
0.6908			71.9008			-73.9258			-1.3000			-263.0000			327.0000			1.0000			
-3.1591			74.0300			-72.8224			-1.9000			-275.0000			327.0000			15.0000			
-7.5590			73.4977			-65.6505			0.2000			-283.0000			323.0000			25.0000			
-16.9088			74.5623			-59.5819			-1.9000			-288.0000			315.0000			38.0000			
-25.1586			77.2239			-54.6168			-2.5000			-292.0000			303.0000			53.0000			
-30.6585			80.9501			-52.4100			-2.1000			-297.0000			292.0000			69.0000			
-37.8083			84.1439			-48.5483			-2.2000			-300.0000			281.0000			81.0000			
-46.6081			85.7409			-41.3764			-2.2000			-302.0000			269.0000			92.0000			
-52.6580			86.2732			-35.8595			-2.2000			-304.0000			257.0000			102.0000			
-55.9579			84.6762			-32.5494			-3.8000			-300.0000			245.0000			107.0000			
-58.7078			83.6116			-28.1359			-3.2000			-293.0000			229.0000			112.0000			
-63.1077			81.4824			-21.5157			-3.1000			-283.0000			210.0000			115.0000			
-66.4077			77.2239			-14.3438			-3.5000			-273.0000			191.0000			120.0000			
-69.7076			73.4977			-8.2753			-4.4000			-264.0000			170.0000			127.0000			
-71.3575			69.7716			-2.2067			-3.7000			-253.0000			149.0000			133.0000			
-73.0075			64.9808			6.0685			-1.9000			-242.0000			126.0000			139.0000			
-74.6575			61.7869			10.4820			-2.3000			-230.0000			102.0000			144.0000			
-77.4074			59.1254			14.8955			-3.3000			-215.0000			76.0000			150.0000			
-80.7073			55.9315			22.0674			-2.7000			-199.0000			49.0000			154.0000			
-84.5572			52.7376			30.8943			-0.9000			-182.0000			22.0000			157.0000			
-89.5071			49.0115			37.5146			-2.9000			-165.0000			-4.0000			159.0000			
-90.6071			41.5591			47.4449			-1.6000			-147.0000			-29.0000			157.0000			
-90.6071			33.5745			55.1685			-1.8000			-129.0000			-52.0000			157.0000			
-88.4072			26.6544			58.4786			-3.2000			-112.0000			-75.0000			155.0000			
-88.9571			23.9929			62.8921			-2.0000			-91.0000			-99.0000			148.0000			
-87.8572			19.7344			66.2022			-1.9000			-69.0000			-121.0000			142.0000			
-83.4573			13.3467			68.4089			-1.7000			-46.0000			-141.0000			132.0000			
-81.2573			6.4267			72.8224			-2.0000			-23.0000			-163.0000			124.0000			
-77.9574			2.1682			74.4774			-1.3000			-1.0000			-183.0000			116.0000			
-73.5575			-3.1549			75.0291			-1.6000			22.0000			-203.0000			109.0000			
-68.6076			-8.4780			74.4774			-2.6000			43.0000			-223.0000			101.0000			
-62.5577			-13.2688			75.0291			-0.8000			70.0000			-242.0000			90.0000			
-59.2578			-21.2534			78.8909			-1.6000			95.0000			-261.0000			76.0000			
-54.3079			-28.1735			82.2010			-0.2000			120.0000			-279.0000			63.0000			
-47.1581			-34.0289			82.2010			1.0000			143.0000			-294.0000			53.0000			
-40.5582			-43.0782			83.8561			0.2000			163.0000			-306.0000			42.0000			
-34.5084			-51.0628			84.4078			-1.1000			181.0000			-318.0000			33.0000			
-28.4585			-54.7890			82.7527			-0.4000			195.0000			-327.0000			24.0000			
-21.3087			-59.5798			81.6493			0.7000			208.0000			-330.0000			11.0000			
-13.0589			-66.4998			81.0977			1.5000			222.0000			-334.0000			-1.0000			
-8.6590			-69.1613			78.3392			0.5000			235.0000			-337.0000			-14.0000			
-3.1591			-69.6937			75.0291			2.1000			248.0000			-338.0000			-26.0000			
0.1409			-69.6937			71.1673			1.6000			258.0000			-336.0000			-38.0000			
6.1907			-69.1613			65.6505			2.6000			264.0000			-331.0000			-49.0000			
14.9905			-73.9521			60.6853			1.7000			269.0000			-325.0000			-61.0000			
24.3403			-76.6137			54.0651			1.7000			274.0000			-313.0000			-75.0000			
33.1401			-81.9368			50.7550			1.9000			278.0000			-302.0000			-92.0000			
39.1900			-84.0660			47.4449			2.5000			283.0000			-291.0000			-106.0000			
45.2398			-85.1306			42.4797			2.5000			285.0000			-280.0000			-117.0000			
51.8397			-85.6630			36.4112			2.5000			286.0000			-267.0000			-126.0000			
57.3396			-86.1953			31.9977			3.1000			285.0000			-255.0000			-133.0000			
62.8394			-86.7276			26.4809			2.5000			280.0000			-240.0000			-139.0000			
72.1892			-84.5983			15.9989			3.5000			272.0000			-222.0000			-145.0000			
76.5891			-79.8075			6.6202			3.3000			264.0000			-202.0000			-153.0000			
78.2391			-75.5491			-0.5517			2.1000			257.0000			-181.0000			-161.0000			
79.3391			-73.4198			-2.7584			3.1000			250.0000			-159.0000			-169.0000			
79.8891			-70.2260			-7.1719			2.4000			239.0000			-139.0000			-173.0000			
80.4390			-63.3059			-15.9989			1.1000			223.0000			-116.0000			-177.0000			
84.2890			-55.8536			-24.8258			3.6000			207.0000			-88.0000			-180.0000			
87.0389			-50.5305			-35.3078			1.1000			187.0000			-57.0000			-183.0000			
91.9888			-48.4013			-41.3764			2.2000			167.0000			-31.0000			-185.0000			
94.7387			-44.6751			-45.7898			4.2000			148.0000			-4.0000			-185.0000			
94.1887			-37.2227			-54.0651			2.8000			131.0000			21.0000			-183.0000			
94.1887			-30.8350			-60.1336			3.2000			113.0000			45.0000			-184.0000			
91.4388			-25.5119			-63.9954			1.9000			95.0000			67.0000			-181.0000			
88.1389			-17.5273			-68.4089			2.2000			74.0000			90.0000			-175.0000			
87.5889			-10.6073			-74.4774			2.5000			51.0000			111.0000			-166.0000			
85.3889			-4.7518			-78.8909			1.7000			28.0000			134.0000			-161.0000			
80.4390			3.2328			-81.6493			2.0000			7.0000			157.0000			-152.0000			
74.9392			7.4913			-80.5460			1.8000			-16.0000			178.0000			-144.0000			
71.6392			11.2175			-81.6493			1.1000			-39.0000			199.0000			-137.0000			
65.0394			19.2021			-81.6493			2.5000			-63.0000			219.0000			-128.0000			
57.8896			25.5898			-82.7527			0.7000			-87.0000			237.0000			-117.0000			
54.5896			32.5099			-86.0628			1.0000			-114.0000			255.0000			-103.0000			
51.8397			39.4299			-88.8212			2.4000			-138.0000			272.0000			-89.0000			
46.8898			44.2207			-90.4763			0.6000			-159.0000			286.0000			-79.0000			
39.1900			50.6084			-88.8212			0.9000			-178.0000			299.0000			-68.0000			
33.1401			56.9961			-89.9246			0.2000			-196.0000			308.0000			-59.0000			
27.6402			60.7223			-89.9246			-1.5000			-210.0000			315.0000			-49.0000			
19.3904			68.1746			-89.3729			-1.8000			-221.0000			319.0000			-39.0000			
10.5906			73.4977			-85.5111			-1.4000			-235.0000			322.0000			-27.0000			
5.6407			75.0947			-83.3044			-2.5000			-248.0000			324.0000			-13.0000			
1.7908			76.1593			-79.9943			-2.0000			-261.0000			325.0000			-1.0000			
-5.3590			78.2885			-75.5808			-2.6000			-272.0000			324.0000			12.0000			
-12.5089			77.7562			-66.7538			-1.5000			-280.0000			323.0000			23.0000			
-20.7587			77.7562			-60.6853			-3.6000			-289.0000			314.0000			39.0000			
-29.0085			80.9501			-54.0651			-2.1000			-295.0000			303.0000			56.0000			
-35.0584			84.6762			-51.8584			-2.2000			-299.0000			291.0000			73.0000			
-41.6582			87.3378			-48.5483			-2.8000			-304.0000			279.0000			86.0000			
-48.2581			88.9347			-43.5831			-2.9000			-306.0000			268.0000			96.0000			
-53.7579			88.9347			-37.5146			-2.3000			-307.0000			255.0000			106.0000			
-59.2578			86.8055			-30.3427			-2.7000			-303.0000			242.0000			110.0000			
-64.2077			85.2085			-24.8258			-3.8000			-294.0000			227.0000			115.0000			
-69.1576			84.1439			-18.7573			-3.7000			-285.0000			208.0000			117.0000			
-71.3575			80.4178			-12.6887			-3.6000			-276.0000			188.0000			122.0000			
-74.6575			78.2885			-6.6202			-2.9000			-266.0000			168.0000			129.0000			
-76.3074			72.9654			0.5517			-2.7000			-254.0000			147.0000			134.0000			
-79.0574			67.6423			9.3786			-2.0000			-245.0000			126.0000			140.0000			
-79.6074			63.3838			13.7921			-2.4000			-232.0000			102.0000			145.0000			
-81.2573			59.1254			18.7573			-3.3000			-216.0000			74.0000			150.0000			
-85.1072			55.3992			26.4809			-3.2000			-197.0000			46.0000			154.0000			
-88.9571			54.3346			31.9977			-2.6000			-179.0000			17.0000			157.0000			
-92.2571			50.0761			40.8247			-1.3000			-161.0000			-9.0000			159.0000			
-92.2571			41.5591			47.4449			-3.2000			-144.0000			-33.0000			157.0000			
-89.5071			31.4452			55.1685			-2.8000			-125.0000			-56.0000			157.0000			
-87.8572			26.1221			59.5819			-2.1000			-106.0000			-82.0000			154.0000			
-87.3072			23.4606			61.7887			-2.0000			-85.0000			-105.0000			148.0000			
-85.1072			18.1375			63.9954			-2.9000			-65.0000			-125.0000			141.0000			
-82.3573			12.8144			67.3055			-2.2000			-40.0000			-147.0000			131.0000			
-80.7073			5.8944			73.3741			-1.4000			-17.0000			-168.0000			125.0000			
-77.4074			-0.4934			75.5808			-2.3000			4.0000			-189.0000			116.0000			
-71.9075			-6.3488			77.2359			-1.0000			23.0000			-209.0000			109.0000			
-66.9576			-11.6719			77.2359			-1.3000			46.0000			-229.0000			102.0000			
-64.2077			-16.4627			78.3392			-2.3000			72.0000			-248.0000			90.0000			
-62.0078			-21.7858			83.8561			0.0000			98.0000			-265.0000			77.0000			
-58.1578			-28.7058			86.0628			-0.7000			120.0000			-281.0000			65.0000			
-51.0080			-36.1581			85.5111			-1.6000			143.0000			-295.0000			53.0000			
-42.2082			-45.2074			86.6145			-0.7000			163.0000			-307.0000			42.0000			
-35.0584			-51.0628			85.5111			-0.6000			177.0000			-318.0000			32.0000			
-29.0085			-54.7890			83.3044			-0.4000			195.0000			-325.0000			21.0000			
-19.6587			-60.6444			81.6493			1.3000			209.0000			-330.0000			9.0000			
-12.5089			-64.3706			77.7875			0.8000			223.0000			-333.0000			-5.0000			
-7.5590			-65.9675			74.4774			0.9000			239.0000			-336.0000			-20.0000			
-2.6091			-65.9675			70.6156			2.0000			253.0000			-337.0000			-33.0000			
1.2408			-68.6290			68.9606			1.5000			262.0000			-336.0000			-43.0000			
6.7407			-68.6290			64.5471			2.6000			269.0000			-332.0000			-53.0000			
14.9905			-68.6290			57.3752			3.7000			274.0000			-323.0000			-67.0000			
21.0404			-72.8875			51.8584			0.0000			278.0000			-311.0000			-82.0000			
30.3902			-78.7429			50.2033			1.8000			280.0000			-300.0000			-95.0000			
40.2899			-81.4045			44.6865			3.5000			285.0000			-289.0000			-108.0000			
48.5398			-83.5337			37.5146			2.5000			287.0000			-278.0000			-119.0000			
52.3897			-83.0014			33.6528			3.0000			287.0000			-266.0000			-128.0000			
55.6896			-82.4691			30.8943			4.1000			285.0000			-254.0000			-133.0000			
61.7395			-81.9368			24.2741			4.0000			277.0000			-239.0000			-138.0000			
66.1394			-78.7429			15.4472			2.8000			268.0000			-219.0000			-144.0000			
69.4393			-76.0814			9.3786			2.7000			260.0000			-199.0000			-150.0000			
72.1892			-71.8229			2.2067			2.5000			250.0000			-179.0000			-156.0000			
72.7392			-68.0967			-2.2067			2.4000			241.0000			-157.0000			-163.0000			
72.7392			-62.2413			-6.6202			3.8000			230.0000			-135.0000			-169.0000			
72.1892			-59.0475			-11.0337			2.1000			216.0000			-110.0000			-173.0000			
74.3892			-51.5951			-19.8606			2.9000			199.0000			-83.0000			-178.0000			
79.3391			-47.8689			-29.2393			2.2000			180.0000			-54.0000			-181.0000			
83.1890			-45.7397			-35.8595			1.5000			161.0000			-25.0000			-184.0000			
84.2890			-40.4166			-41.9280			1.9000			143.0000			3.0000			-186.0000			
84.8389			-33.4966			-48.5483			2.7000			127.0000			26.0000			-185.0000			
83.7390			-28.1735			-54.0651			1.4000			110.0000			50.0000			-184.0000			
82.6390			-22.8504			-57.9269			1.8000			91.0000			72.0000			-181.0000			
82.0890			-17.5273			-63.4437			1.1000			71.0000			93.0000			-175.0000			
81.5390			-10.0749			-70.6156			0.8000			49.0000			115.0000			-167.0000			
79.3391			-4.2195			-73.9258			1.1000			27.0000			136.0000			-159.0000			
76.0391			0.0389			-73.9258			2.1000			4.0000			158.0000			-152.0000			
73.2892			3.2328			-76.6842			-0.1000			-17.0000			180.0000			-145.0000			
68.3393			9.6205			-76.1325			1.8000			-39.0000			199.0000			-136.0000			
61.1895			16.5406			-77.2359			0.4000			-61.0000			218.0000			-127.0000			
54.5896			24.5252			-78.8909			0.2000			-89.0000			237.0000			-113.0000			
50.1897			32.5099			-81.6493			1.0000			-116.0000			256.0000			-99.0000			
48.5398			37.8330			-85.5111			0.8000			-141.0000			272.0000			-88.0000			
42.4899			43.1561			-84.9594			0.6000			-162.0000			286.0000			-77.0000			
36.4400			48.4792			-83.8561			1.0000			-182.0000			299.0000			-66.0000			
30.3902			54.3346			-84.9594			-0.2000			-198.0000			309.0000			-56.0000			
24.8903			59.1254			-83.8561			0.1000			-213.0000			316.0000			-46.0000			
14.9905			66.5777			-83.3044			-1.7000			-225.0000			319.0000			-36.0000			
6.7407			71.3685			-79.9943			-1.8000			-237.0000			322.0000			-22.0000			
2.3408			72.9654			-77.2359			-1.9000			-251.0000			326.0000			-10.0000			
-0.9591			74.0300			-75.0291			-1.9000			-265.0000			326.0000			3.0000			
-6.4590			75.6270			-70.6156			-1.4000			-273.0000			326.0000			13.0000			
-14.7088			78.2885			-64.5471			-0.9000			-281.0000			322.0000			25.0000			
-24.0586			78.8208			-57.9269			-3.1000			-289.0000			316.0000			39.0000			
-32.3084			83.6116			-54.0651			-2.7000			-294.0000			304.0000			55.0000			
-38.3583			87.3378			-50.7550			-1.7000			-297.0000			292.0000			70.0000			
-44.9581			88.9347			-46.8932			-2.9000			-301.0000			279.0000			84.0000			
-49.9080			91.0640			-43.0314			-1.8000			-302.0000			266.0000			95.0000			
-54.3079			89.4670			-38.0662			-2.9000			-303.0000			254.0000			103.0000			
-58.7078			88.4024			-33.6528			-3.9000			-297.0000			241.0000			110.0000			
-64.2077			87.3378			-26.4809			-3.3000			-290.0000			224.0000			113.0000			
-69.1576			83.6116			-17.6539			-3.2000			-279.0000			205.0000			118.0000			
-69.7076			78.8208			-12.1371			-3.0000			-271.0000			187.0000			124.0000			
-72.4575			74.0300			-4.4135			-2.8000			-262.0000			164.0000			130.0000			
-75.7574			70.8362			1.6551			-3.2000			-253.0000			144.0000			135.0000			
-76.3074			68.1746			6.6202			-1.5000			-241.0000			123.0000			142.0000			
-76.8574			62.3192			12.1371			-2.4000			-229.0000			97.0000			149.0000			
-79.0574			57.5284			18.7573			-2.7000			-213.0000			71.0000			152.0000			
-85.1072			54.8669			28.6876			-1.5000			-195.0000			42.0000			156.0000			
-90.0571			52.7376			33.6528			-3.6000			-177.0000			14.0000			158.0000			
-90.0571			47.9468			38.6179			-3.4000			-159.0000			-11.0000			161.0000			
-89.5071			39.9622			46.3415			-3.2000			-141.0000			-37.0000			158.0000			
-88.4072			32.5099			53.5134			-2.3000			-123.0000			-61.0000			156.0000			
-87.8572			26.6544			57.9269			-3.2000			-103.0000			-83.0000			153.0000			
-84.0073			20.7990			61.2370			-1.9000			-82.0000			-106.0000			147.0000			
-82.3573			14.9436			64.5471			-2.8000			-60.0000			-129.0000			139.0000			
-80.7073			10.1528			68.4089			-2.1000			-37.0000			-150.0000			132.0000			
-77.9574			4.8297			71.7190			-1.4000			-15.0000			-171.0000			125.0000			
-73.5575			-0.4934			72.8224			-1.2000			7.0000			-191.0000			116.0000			
-69.1576			-7.9457			75.0291			-2.0000			28.0000			-211.0000			108.0000			
-65.8577			-12.7365			77.2359			-1.3000			52.0000			-231.0000			100.0000			
-60.9078			-19.1242			78.3392			-1.6000			77.0000			-249.0000			89.0000			
-55.9579			-26.0442			80.5460			-1.4000			102.0000			-267.0000			75.0000			
-53.7579			-31.8996			84.9594			-0.7000			124.0000			-284.0000			63.0000			
-47.1581			-39.3520			86.6145			0.1000			146.0000			-298.0000			52.0000			
-40.0082			-47.3366			87.1662			-0.1000			166.0000			-310.0000			42.0000			
-32.3084			-54.2567			86.0628			-0.4000			181.0000			-321.0000			32.0000			
-22.9586			-60.1121			84.4078			1.3000			195.0000			-328.0000			20.0000			
-16.9088			-65.9675			83.8561			0.9000			210.0000			-331.0000			9.0000			
-10.8589			-69.1613			81.6493			1.6000			223.0000			-333.0000			-4.0000			
-4.8090			-71.8229			77.2359			0.5000			238.0000			-336.0000			-18.0000			
0.6908			-71.8229			72.8224			1.6000			252.0000			-337.0000			-31.0000			
5.0907			-72.3552			70.0640			2.7000			261.0000			-337.0000			-42.0000			
11.1406			-72.3552			62.8921			1.6000			268.0000			-332.0000			-52.0000			
18.8404			-72.8875			56.8235			2.7000			271.0000			-321.0000			-67.0000			
25.9903			-75.0168			51.3067			2.2000			276.0000			-309.0000			-83.0000			
32.5901			-80.8722			50.2033			1.9000			280.0000			-298.0000			-99.0000			
40.8399			-82.4691			44.1348			2.4000			283.0000			-285.0000			-111.0000			
50.7397			-83.5337			36.4112			3.6000			286.0000			-273.0000			-122.0000			
56.2396			-85.1306			31.4460			2.5000			286.0000			-262.0000			-131.0000			
58.9895			-83.5337			27.5842			3.0000			284.0000			-249.0000			-136.0000			
63.3894			-81.9368			22.6191			4.0000			276.0000			-234.0000			-141.0000			
69.4393			-79.8075			13.7921			3.4000			267.0000			-216.0000			-146.0000			
74.3892			-76.6137			5.5168			3.2000			260.0000			-196.0000			-152.0000			
77.1391			-72.8875			-1.6551			2.5000			251.0000			-175.0000			-158.0000			
75.4892			-67.5644			-4.4135			3.5000			241.0000			-153.0000			-164.0000			
74.9392			-62.7736			-9.3786			2.7000			230.0000			-131.0000			-169.0000			
76.0391			-57.9828			-14.3438			3.7000			215.0000			-108.0000			-173.0000			
77.1391			-50.5305			-23.1708			3.4000			198.0000			-80.0000			-176.0000			
80.4390			-47.3366			-31.4460			1.6000			177.0000			-51.0000			-181.0000			
84.8389			-43.6105			-37.5146			3.7000			158.0000			-22.0000			-181.0000			
85.3889			-39.3520			-42.4797			3.5000			140.0000			4.0000			-182.0000			
84.8389			-32.4320			-50.7550			1.6000			123.0000			28.0000			-182.0000			
84.2890			-24.4473			-57.3752			2.4000			106.0000			51.0000			-182.0000			
82.6390			-21.2534			-59.5819			1.7000			87.0000			75.0000			-178.0000			
82.0890			-15.3980			-63.9954			2.6000			67.0000			96.0000			-172.0000			
79.8891			-7.9457			-70.0640			1.8000			46.0000			118.0000			-165.0000			
77.6891			-1.5580			-75.0291			1.0000			23.0000			140.0000			-157.0000			
76.0391			2.1682			-75.5808			2.6000			-1.0000			162.0000			-150.0000			
72.7392			5.3620			-77.7875			0.3000			-20.0000			181.0000			-142.0000			
66.1394			12.2821			-76.6842			1.7000			-41.0000			201.0000			-136.0000			
60.6395			19.7344			-78.8909			1.4000			-65.0000			219.0000			-124.0000			
56.7896			25.0575			-80.5460			1.2000			-90.0000			239.0000			-113.0000			
52.3897			31.9775			-84.4078			0.0000			-115.0000			255.0000			-99.0000			
48.5398			39.4299			-87.1662			0.7000			-138.0000			269.0000			-86.0000			
42.4899			46.3499			-87.1662			1.6000			-159.0000			285.0000			-76.0000			
35.3401			52.2053			-87.1662			0.3000			-179.0000			297.0000			-67.0000			
31.4901			54.8669			-87.1662			-0.8000			-196.0000			308.0000			-56.0000			
25.9903			58.5930			-84.4078			0.1000			-210.0000			313.0000			-46.0000			
18.8404			63.9161			-83.3044			-0.5000			-222.0000			317.0000			-35.0000			
9.4906			69.2392			-80.5460			-1.8000			-237.0000			319.0000			-22.0000			
2.3408			72.4331			-76.1325			-1.3000			-249.0000			322.0000			-9.0000			
-0.4091			71.9008			-73.3741			-1.8000			-262.0000			324.0000			4.0000			
-5.3590			72.9654			-69.5123			-1.9000			-273.0000			324.0000			16.0000			
-12.5089			75.0947			-65.0988			-2.5000			-282.0000			321.0000			27.0000			
-20.7587			75.6270			-56.8235			-1.9000			-289.0000			313.0000			40.0000			
-29.5585			80.4178			-52.9617			-2.1000			-294.0000			301.0000			57.0000			
-36.7083			83.0793			-50.2033			-3.8000			-298.0000			289.0000			72.0000			
-44.4081			88.4024			-47.4449			-3.4000			-301.0000			278.0000			85.0000			
-50.4580			90.5316			-42.4797			-2.4000			-303.0000			267.0000			95.0000			
-53.7579			88.9347			-37.5146			-2.3000			-303.0000			255.0000			103.0000			
-58.7078			87.8701			-31.9977			-2.8000			-300.0000			241.0000			109.0000			
-65.3077			88.4024			-25.9292			-2.8000			-291.0000			225.0000			112.0000			
-71.9075			86.8055			-18.2056			-3.3000			-281.0000			206.0000			117.0000			
-74.6575			82.0147			-10.4820			-3.1000			-273.0000			186.0000			123.0000			
-75.2075			76.6916			-4.9652			-3.4000			-263.0000			166.0000			130.0000			
-77.9574			75.0947			0.0000			-2.8000			-253.0000			145.0000			136.0000			
-78.5074			69.2392			6.0685			-3.2000			-243.0000			123.0000			142.0000			
-78.5074			60.7223			15.4472			-2.3000			-229.0000			97.0000			147.0000			
-80.7073			55.9315			23.1708			-1.6000			-213.0000			67.0000			154.0000			
-85.1072			54.8669			28.1359			-2.1000			-194.0000			39.0000			157.0000			
-90.0571			52.7376			34.2045			-3.1000			-175.0000			10.0000			159.0000			
-91.7071			48.4792			39.7213			-3.5000			-157.0000			-16.0000			160.0000			
-90.0571			39.4299			48.5483			-2.0000			-140.0000			-39.0000			158.0000			
-88.9571			29.3160			56.8235			-2.8000			-121.0000			-64.0000			158.0000			
-87.8572			24.5252			61.2370			-2.0000			-102.0000			-87.0000			153.0000			
-87.3072			20.7990			63.9954			-2.5000			-80.0000			-110.0000			148.0000			
-84.5572			13.3467			71.1673			0.0000			-58.0000			-131.0000			142.0000			
-82.9073			8.5559			72.2707			-2.0000			-36.0000			-153.0000			133.0000			
-79.0574			2.7005			73.9258			-2.4000			-13.0000			-174.0000			123.0000			
-76.8574			-2.6226			78.3392			-1.1000			7.0000			-195.0000			117.0000			
-72.4575			-7.9457			80.5460			0.1000			27.0000			-213.0000			111.0000			
-65.3077			-15.3980			79.9943			-0.7000			49.0000			-233.0000			101.0000			
-59.8078			-22.3181			81.0977			-1.0000			76.0000			-250.0000			87.0000			
-58.1578			-29.2381			85.5111			-1.8000			102.0000			-267.0000			73.0000			
-56.5079			-34.5612			89.9246			-1.1000			125.0000			-284.0000			61.0000			
-49.9080			-40.4166			89.3729			-0.9000			146.0000			-298.0000			51.0000			
-41.6582			-47.3366			89.3729			0.3000			166.0000			-311.0000			41.0000			
-32.8584			-54.2567			87.7179			0.6000			181.0000			-321.0000			31.0000			
-25.1586			-62.2413			87.7179			0.3000			198.0000			-326.0000			21.0000			
-16.3588			-69.6937			87.1662			1.1000			210.0000			-330.0000			7.0000			
-10.3089			-73.4198			84.9594			1.2000			225.0000			-335.0000			-6.0000			
-5.9090			-73.4198			79.4426			0.1000			242.0000			-338.0000			-19.0000			
0.1409			-74.4844			75.5808			1.2000			255.0000			-340.0000			-32.0000			
3.4408			-75.5491			74.4774			2.3000			263.0000			-339.0000			-42.0000			
12.2406			-76.6137			66.7538			2.3000			270.0000			-336.0000			-54.0000			
21.5904			-78.2106			59.5819			2.9000			275.0000			-325.0000			-67.0000			
26.5403			-80.3399			56.2718			2.4000			280.0000			-313.0000			-84.0000			
33.6901			-85.1306			52.9617			1.5000			283.0000			-301.0000			-99.0000			
42.4899			-86.1953			46.8932			3.1000			287.0000			-289.0000			-112.0000			
51.8397			-88.3245			39.1696			2.6000			288.0000			-274.0000			-123.0000			
58.9895			-90.4537			34.2045			2.7000			287.0000			-265.0000			-131.0000			
62.8394			-89.3891			30.3427			3.7000			286.0000			-253.0000			-137.0000			
67.2393			-87.7922			23.7224			3.1000			278.0000			-235.0000			-142.0000			
73.2892			-85.1306			14.8955			3.0000			268.0000			-216.0000			-147.0000			
78.2391			-80.3399			5.5168			3.4000			260.0000			-196.0000			-154.0000			
80.9890			-76.6137			-0.5517			3.8000			251.0000			-175.0000			-161.0000			
79.8891			-72.3552			-4.9652			2.5000			241.0000			-152.0000			-167.0000			
78.7891			-65.4352			-10.4820			2.8000			230.0000			-130.0000			-173.0000			
79.8891			-58.5151			-15.9989			5.3000			215.0000			-104.0000			-177.0000			
79.8891			-53.1920			-23.7224			2.9000			196.0000			-75.0000			-180.0000			
85.3889			-51.0628			-31.4460			2.8000			177.0000			-45.0000			-184.0000			
89.2389			-47.8689			-39.1696			2.1000			157.0000			-17.0000			-185.0000			
89.7888			-40.9489			-46.8932			1.9000			139.0000			9.0000			-187.0000			
87.0389			-31.3673			-53.5134			2.1000			121.0000			34.0000			-187.0000			
85.3889			-23.9150			-58.4786			2.9000			103.0000			57.0000			-185.0000			
85.9389			-19.6565			-63.9954			2.2000			85.0000			80.0000			-180.0000			
85.9389			-14.3334			-70.0640			1.5000			62.0000			103.0000			-174.0000			
83.7390			-8.4780			-74.4774			0.7000			41.0000			124.0000			-165.0000			
80.4390			-2.0903			-77.7875			0.5000			19.0000			147.0000			-158.0000			
78.2391			2.7005			-79.9943			0.9000			-5.0000			167.0000			-149.0000			
74.9392			6.9590			-79.9943			1.8000			-26.0000			187.0000			-141.0000			
67.7893			12.2821			-78.3392			1.7000			-45.0000			204.0000			-133.0000			
61.1895			19.7344			-79.4426			1.4000			-70.0000			223.0000			-122.0000			
56.2396			28.2514			-82.7527			1.7000			-96.0000			242.0000			-109.0000			
51.2897			35.1714			-87.1662			-0.7000			-122.0000			259.0000			-97.0000			
47.4398			41.0268			-88.2696			0.1000			-146.0000			277.0000			-84.0000			
42.4899			45.8176			-88.2696			0.0000			-166.0000			289.0000			-74.0000			
36.9900			51.1407			-87.7179			0.4000			-184.0000			301.0000			-64.0000			
30.3902			55.3992			-86.6145			-0.8000			-199.0000			310.0000			-54.0000			
24.8903			61.2546			-85.5111			0.6000			-213.0000			314.0000			-43.0000			
18.2904			66.0454			-85.5111			-1.1000			-225.0000			317.0000			-33.0000			
10.0406			69.7716			-81.0977			-1.2000			-238.0000			319.0000			-19.0000			
4.5408			70.3039			-75.5808			-0.7000			-252.0000			320.0000			-5.0000			
0.6908			69.2392			-72.2707			-2.3000			-264.0000			320.0000			8.0000			
-3.7091			70.8362			-69.5123			-2.3000			-273.0000			319.0000			20.0000			
-9.7589			72.4331			-63.4437			-0.7000			-282.0000			315.0000			31.0000			
-18.0087			71.3685			-55.7202			-2.3000			-289.0000			309.0000			47.0000			
-26.2586			77.2239			-52.9617			-1.9000			-296.0000			296.0000			63.0000			
-34.5084			82.0147			-49.0999			-1.5000			-301.0000			285.0000			77.0000			
-41.6582			83.0793			-44.1348			-2.7000			-305.0000			276.0000			89.0000			
-48.8081			84.6762			-38.6179			-2.7000			-305.0000			263.0000			99.0000			
-50.4580			84.1439			-34.7561			-1.0000			-305.0000			251.0000			106.0000			
-53.7579			83.0793			-31.9977			-2.6000			-299.0000			236.0000			110.0000			
-60.3578			82.0147			-24.2741			-2.6000			-290.0000			220.0000			114.0000			
-66.9576			80.4178			-15.4472			-1.9000			-281.0000			202.0000			118.0000			
-70.8076			76.6916			-7.7236			-1.8000			-272.0000			181.0000			125.0000			
-72.4575			74.0300			-4.4135			-2.8000			-262.0000			160.0000			132.0000			
-74.1075			71.3685			-0.5517			-3.2000			-252.0000			141.0000			136.0000			
-76.3074			67.1100			5.5168			-3.6000			-241.0000			117.0000			142.0000			
-77.9574			61.7869			13.2404			-2.9000			-226.0000			92.0000			148.0000			
-82.3573			56.4638			23.1708			-2.7000			-209.0000			63.0000			153.0000			
-86.7572			53.2699			30.3427			-3.1000			-191.0000			36.0000			157.0000			
-90.6071			51.6730			35.3078			-3.6000			-173.0000			7.0000			158.0000			
-91.1571			47.4145			41.3764			-2.3000			-156.0000			-18.0000			160.0000			
-91.1571			38.8976			49.0999			-3.1000			-137.0000			-42.0000			158.0000			
-89.5071			31.9775			55.1685			-2.3000			-118.0000			-65.0000			156.0000			
-87.8572			26.6544			59.5819			-1.6000			-99.0000			-89.0000			151.0000			
-84.5572			18.6698			63.9954			-1.8000			-77.0000			-113.0000			146.0000			
-80.7073			11.2175			67.8572			-1.6000			-53.0000			-136.0000			138.0000			
-78.5074			7.4913			68.4089			-2.6000			-29.0000			-158.0000			131.0000			
-76.3074			5.3620			69.5123			-1.4000			-8.0000			-179.0000			122.0000			
-75.7574			1.1036			73.9258			-0.7000			14.0000			-199.0000			115.0000			
-67.5076			-7.4134			74.4774			-0.4000			34.0000			-217.0000			107.0000			
-62.0078			-14.8657			77.2359			0.3000			56.0000			-236.0000			99.0000			
-57.0579			-21.7858			78.3392			-0.5000			82.0000			-254.0000			84.0000			
-55.4079			-28.1735			83.8561			0.2000			107.0000			-273.0000			73.0000			
-54.3079			-32.4320			86.6145			-0.1000			130.0000			-288.0000			62.0000			
-47.7081			-38.8197			85.5111			-1.0000			149.0000			-301.0000			51.0000			
-39.4583			-46.2720			86.0628			0.3000			168.0000			-312.0000			40.0000			
-32.8584			-53.1920			86.6145			0.5000			185.0000			-321.0000			27.0000			
-24.6086			-60.1121			84.4078			-0.3000			199.0000			-327.0000			18.0000			
-16.3588			-65.4352			81.6493			-0.1000			213.0000			-331.0000			5.0000			
-10.8589			-68.6290			79.4426			0.0000			229.0000			-333.0000			-8.0000			
-4.8090			-67.5644			74.4774			2.0000			242.0000			-336.0000			-22.0000			
-2.0591			-69.6937			72.8224			1.0000			254.0000			-336.0000			-35.0000			
3.9908			-69.1613			67.8572			2.6000			264.0000			-335.0000			-46.0000			
10.5906			-68.6290			59.5819			1.5000			270.0000			-329.0000			-58.0000			
18.2904			-69.6937			54.0651			2.6000			274.0000			-319.0000			-72.0000			
24.3403			-74.4844			50.7550			0.6000			279.0000			-306.0000			-88.0000			
30.3902			-78.7429			50.7550			2.3000			283.0000			-295.0000			-102.0000			
39.1900			-81.4045			44.6865			2.4000			285.0000			-283.0000			-113.0000			
49.6397			-81.9368			35.3078			3.0000			287.0000			-272.0000			-122.0000			
55.1396			-81.9368			29.2393			2.4000			288.0000			-262.0000			-131.0000			
58.9895			-81.4045			25.9292			3.5000			284.0000			-248.0000			-137.0000			
63.9394			-79.8075			19.8606			3.9000			275.0000			-230.0000			-141.0000			
69.4393			-77.1460			11.0337			3.3000			267.0000			-211.0000			-147.0000			
73.2892			-72.8875			2.7584			3.1000			258.0000			-190.0000			-154.0000			
76.0391			-70.7583			-1.6551			3.6000			250.0000			-169.0000			-161.0000			
76.0391			-66.4998			-6.0685			3.4000			239.0000			-147.0000			-166.0000			
74.9392			-58.5151			-12.1371			4.2000			227.0000			-125.0000			-171.0000			
76.5891			-53.7244			-19.3090			3.5000			211.0000			-100.0000			-174.0000			
78.7891			-49.4659			-25.3775			3.9000			193.0000			-70.0000			-179.0000			
84.8389			-47.3366			-33.6528			3.8000			174.0000			-43.0000			-181.0000			
85.9389			-43.6105			-38.6179			3.7000			153.0000			-15.0000			-183.0000			
87.5889			-38.2874			-46.3415			2.9000			138.0000			10.0000			-183.0000			
85.9389			-31.3673			-52.9617			1.6000			120.0000			35.0000			-183.0000			
83.7390			-23.3827			-59.0303			1.3000			102.0000			56.0000			-181.0000			
84.2890			-18.5919			-62.8921			2.7000			83.0000			79.0000			-177.0000			
82.6390			-13.2688			-67.3055			2.0000			61.0000			102.0000			-170.0000			
80.9890			-5.8165			-72.8224			2.3000			40.0000			123.0000			-162.0000			
78.7891			0.0389			-76.6842			2.1000			16.0000			146.0000			-155.0000			
74.9392			4.8297			-78.3392			1.4000			-6.0000			167.0000			-148.0000			
71.6392			9.0882			-78.3392			2.3000			-28.0000			188.0000			-140.0000			
65.5894			14.4113			-77.2359			2.7000			-48.0000			208.0000			-133.0000			
59.5395			21.8637			-78.8909			2.5000			-73.0000			226.0000			-123.0000			
55.1396			27.1868			-80.5460			1.7000			-100.0000			243.0000			-108.0000			
50.7397			34.1068			-84.4078			0.4000			-124.0000			259.0000			-94.0000			
45.2398			41.0268			-87.7179			-1.4000			-148.0000			276.0000			-82.0000			
37.5400			47.4145			-85.5111			-0.5000			-168.0000			288.0000			-72.0000			
30.3902			52.7376			-83.8561			-0.7000			-187.0000			300.0000			-61.0000			
27.0902			56.4638			-83.8561			-0.3000			-202.0000			308.0000			-51.0000			
22.6903			61.7869			-83.8561			0.6000			-216.0000			314.0000			-41.0000			
14.4405			68.1746			-82.7527			-0.1000			-227.0000			318.0000			-30.0000			
6.7407			71.3685			-78.3392			-0.2000			-241.0000			320.0000			-17.0000			
0.6908			72.9654			-74.4774			-0.8000			-254.0000			322.0000			-4.0000			
-3.7091			72.4331			-70.0640			-1.3000			-264.0000			321.0000			9.0000			
-7.5590			72.4331			-66.2022			-1.3000			-274.0000			319.0000			20.0000			
-14.7088			72.4331			-59.0303			-1.3000			-282.0000			315.0000			31.0000			
-21.3087			72.9654			-52.9617			-1.3000			-289.0000			305.0000			48.0000			
-31.2084			79.3531			-50.7550			-2.6000			-293.0000			295.0000			63.0000			
-38.9083			83.0793			-45.2381			-1.0000			-298.0000			283.0000			77.0000			
-44.4081			81.4824			-39.7213			-2.6000			-301.0000			270.0000			89.0000			
-50.4580			83.0793			-35.3078			-2.6000			-301.0000			258.0000			99.0000			
-53.7579			83.0793			-31.4460			-2.1000			-299.0000			247.0000			106.0000			
-55.4079			79.8854			-25.9292			-1.4000			-295.0000			233.0000			111.0000			
-62.0078			78.2885			-18.7573			-2.4000			-285.0000			215.0000			116.0000			
-67.5076			76.1593			-11.0337			-2.3000			-277.0000			197.0000			120.0000			
-69.7076			72.9654			-4.4135			-1.1000			-268.0000			176.0000			127.0000			
-71.3575			69.2392			0.0000			-2.1000			-258.0000			156.0000			133.0000			
-75.2075			66.5777			4.9652			-3.6000			-247.0000			134.0000			137.0000			
-77.4074			63.3838			11.0337			-2.9000			-236.0000			111.0000			143.0000			
-77.9574			58.5930			17.1022			-2.2000			-222.0000			87.0000			147.0000			
-80.1573			53.2699			25.9292			-0.9000			-206.0000			60.0000			151.0000			
-85.6572			50.0761			33.6528			-1.9000			-187.0000			32.0000			155.0000			
-89.5071			47.9468			39.1696			-2.3000			-168.0000			7.0000			155.0000			
-90.0571			42.0914			46.3415			-1.6000			-153.0000			-19.0000			156.0000			
-88.9571			33.0422			52.4100			-3.5000			-134.0000			-42.0000			154.0000			
-87.8572			28.2514			56.8235			-2.7000			-116.0000			-66.0000			153.0000			
-86.7572			24.5252			59.5819			-2.6000			-95.0000			-89.0000			148.0000			
-83.4573			17.0729			65.6505			-0.7000			-76.0000			-110.0000			142.0000			
-80.7073			9.6205			68.9606			-2.1000			-52.0000			-132.0000			135.0000			
-76.3074			3.7651			70.6156			-1.9000			-29.0000			-155.0000			127.0000			
-74.1075			1.1036			72.8224			-0.1000			-7.0000			-175.0000			120.0000			
-72.4575			-1.5580			75.0291			1.0000			15.0000			-195.0000			113.0000			
-66.4077			-9.5426			75.5808			-0.3000			37.0000			-216.0000			105.0000			
-61.4578			-16.4627			77.2359			-0.6000			59.0000			-236.0000			96.0000			
-56.5079			-23.3827			79.9943			0.1000			85.0000			-254.0000			83.0000			
-53.2080			-30.3027			83.3044			-0.2000			110.0000			-271.0000			71.0000			
-49.9080			-36.6904			86.0628			-0.5000			131.0000			-286.0000			59.0000			
-43.8582			-42.0135			86.0628			0.1000			151.0000			-300.0000			48.0000			
-37.8083			-48.9336			87.1662			0.4000			170.0000			-312.0000			37.0000			
-30.1085			-54.7890			85.5111			0.6000			186.0000			-321.0000			28.0000			
-21.8587			-62.7736			85.5111			0.8000			200.0000			-326.0000			17.0000			
-13.6088			-70.2260			83.8561			0.0000			214.0000			-331.0000			5.0000			
-6.4590			-72.3552			80.5460			1.7000			231.0000			-335.0000			-8.0000			
-2.0591			-70.7583			75.0291			2.1000			243.0000			-335.0000			-22.0000			
0.1409			-72.8875			75.0291			2.2000			255.0000			-335.0000			-35.0000			
7.2907			-73.4198			68.4089			2.2000			263.0000			-334.0000			-44.0000			
14.4405			-72.8875			60.1336			1.6000			270.0000			-327.0000			-57.0000			
23.7903			-74.4844			53.5134			2.8000			273.0000			-317.0000			-72.0000			
30.3902			-78.7429			50.7550			2.3000			277.0000			-305.0000			-88.0000			
36.4400			-82.4691			49.6516			3.6000			281.0000			-293.0000			-102.0000			
43.5899			-85.1306			44.1348			2.5000			283.0000			-281.0000			-113.0000			
50.1897			-84.0660			36.4112			2.5000			284.0000			-271.0000			-123.0000			
56.2396			-83.5337			30.8943			3.5000			285.0000			-257.0000			-130.0000			
61.7395			-84.5983			26.4809			3.6000			281.0000			-244.0000			-136.0000			
67.7893			-81.9368			17.6539			3.5000			273.0000			-228.0000			-141.0000			
73.8392			-79.8075			9.9303			3.9000			265.0000			-209.0000			-147.0000			
75.4892			-73.9521			2.7584			4.2000			256.0000			-188.0000			-155.0000			
77.1391			-72.3552			-2.2067			2.5000			249.0000			-168.0000			-161.0000			
78.2391			-68.6290			-6.6202			2.9000			239.0000			-147.0000			-166.0000			
76.5891			-59.0475			-13.2404			4.2000			227.0000			-125.0000			-171.0000			
78.7891			-53.1920			-20.9640			4.6000			210.0000			-98.0000			-174.0000			
81.5390			-51.0628			-25.9292			4.5000			191.0000			-70.0000			-178.0000			
85.3889			-48.4013			-33.6528			3.3000			172.0000			-42.0000			-181.0000			
88.1389			-45.2074			-41.3764			1.5000			153.0000			-14.0000			-181.0000			
89.2389			-39.8843			-47.4449			1.9000			135.0000			12.0000			-183.0000			
88.1389			-32.4320			-53.5134			2.1000			118.0000			36.0000			-182.0000			
86.4889			-24.9796			-59.0303			2.4000			100.0000			58.0000			-181.0000			
86.4889			-19.1242			-65.0988			2.2000			82.0000			79.0000			-176.0000			
84.8389			-13.2688			-68.4089			3.1000			60.0000			102.0000			-170.0000			
83.1890			-7.4134			-72.2707			3.4000			39.0000			126.0000			-162.0000			
79.3391			-1.0257			-75.5808			2.7000			16.0000			146.0000			-154.0000			
77.1391			3.7651			-78.3392			2.5000			-7.0000			167.0000			-147.0000			
73.2892			8.0236			-79.4426			1.8000			-27.0000			188.0000			-140.0000			
66.1394			14.4113			-78.8909			1.6000			-49.0000			207.0000			-131.0000			
58.9895			20.7990			-78.3392			1.4000			-74.0000			226.0000			-121.0000			
55.6896			27.1868			-81.0977			1.7000			-101.0000			245.0000			-107.0000			
52.3897			35.7037			-86.0628			2.0000			-126.0000			262.0000			-94.0000			
45.2398			43.1561			-89.3729			-0.9000			-149.0000			281.0000			-83.0000			
36.4400			49.0115			-86.0628			-0.6000			-171.0000			296.0000			-73.0000			
32.0401			53.2699			-86.0628			-0.7000			-190.0000			305.0000			-62.0000			
28.1902			59.1254			-87.7179			-0.4000			-206.0000			312.0000			-52.0000			
21.0404			66.0454			-87.1662			0.0000			-217.0000			317.0000			-42.0000			
12.7906			71.9008			-84.9594			-0.2000			-230.0000			320.0000			-30.0000			
5.6407			74.5623			-80.5460			-0.3000			-243.0000			322.0000			-17.0000			
0.1409			77.2239			-78.8909			-1.5000			-255.0000			323.0000			-3.0000			
-5.3590			77.2239			-72.2707			-0.4000			-266.0000			324.0000			9.0000			
-10.3089			78.2885			-68.4089			-0.4000			-276.0000			323.0000			19.0000			
-16.9088			77.2239			-61.2370			-0.9000			-283.0000			317.0000			32.0000			
-22.9586			78.8208			-57.3752			-1.5000			-289.0000			306.0000			49.0000			
-31.7584			83.6116			-52.4100			-0.5000			-293.0000			294.0000			64.0000			
-41.6582			86.8055			-47.4449			-2.2000			-297.0000			282.0000			79.0000			
-48.2581			86.8055			-41.3764			-2.8000			-300.0000			270.0000			90.0000			
-53.2080			87.8701			-36.4112			-1.7000			-301.0000			259.0000			102.0000			
-55.4079			86.2732			-33.1011			-2.2000			-299.0000			246.0000			108.0000			
-58.1578			84.1439			-28.1359			-2.1000			-293.0000			231.0000			112.0000			
-63.6577			82.5470			-19.8606			-0.9000			-285.0000			213.0000			116.0000			
-69.7076			79.3531			-12.6887			-3.0000			-276.0000			194.0000			121.0000			
-71.9075			74.5623			-5.5168			-2.8000			-267.0000			173.0000			129.0000			
-74.6575			71.9008			0.0000			-2.7000			-257.0000			153.0000			134.0000			
-75.7574			68.7069			3.8618			-3.1000			-247.0000			131.0000			140.0000			
-76.3074			62.8515			9.9303			-3.5000			-235.0000			108.0000			145.0000			
-76.8574			58.0607			17.1022			-1.6000			-219.0000			83.0000			150.0000			
-81.2573			54.3346			24.2741			-2.6000			-202.0000			54.0000			153.0000			
-86.2072			52.7376			31.9977			-1.4000			-185.0000			27.0000			156.0000			
-88.9571			47.9468			38.6179			-2.3000			-167.0000			2.0000			156.0000			
-88.9571			40.4945			46.8932			-1.5000			-149.0000			-23.0000			156.0000			
-88.4072			31.9775			52.9617			-3.4000			-132.0000			-48.0000			156.0000			
-88.4072			28.2514			56.2718			-3.8000			-114.0000			-70.0000			152.0000			
-86.7572			25.0575			60.1336			-1.5000			-94.0000			-92.0000			149.0000			
-84.5572			17.6052			65.6505			-1.3000			-72.0000			-115.0000			141.0000			
-81.2573			10.6851			68.9606			-1.6000			-49.0000			-137.0000			134.0000			
-78.5074			5.3620			71.1673			-1.9000			-28.0000			-158.0000			125.0000			
-76.3074			2.7005			73.3741			-0.2000			-6.0000			-177.0000			118.0000			
-73.5575			-0.4934			73.3741			-0.6000			16.0000			-197.0000			110.0000			
-67.5076			-7.4134			75.0291			0.1000			37.0000			-217.0000			103.0000			
-62.5577			-13.2688			76.1325			0.3000			61.0000			-236.0000			94.0000			
-57.6079			-20.1888			77.2359			-0.5000			88.0000			-254.0000			80.0000			
-53.7579			-27.6412			81.6493			0.2000			112.0000			-272.0000			67.0000			
-48.2581			-35.0935			83.3044			0.0000			134.0000			-289.0000			57.0000			
-42.7582			-40.9489			84.4078			0.6000			155.0000			-302.0000			46.0000			
-36.7083			-47.3366			83.8561			-0.1000			173.0000			-314.0000			37.0000			
-30.6585			-52.6597			83.8561			0.5000			189.0000			-323.0000			27.0000			
-21.3087			-60.1121			82.7527			1.3000			203.0000			-328.0000			17.0000			
-11.9589			-67.0321			81.0977			2.0000			218.0000			-333.0000			5.0000			
-5.3590			-70.2260			78.3392			2.7000			233.0000			-337.0000			-10.0000			
-2.6091			-70.2260			73.3741			0.5000			246.0000			-338.0000			-23.0000			
0.1409			-72.3552			74.4774			2.2000			258.0000			-338.0000			-36.0000			
6.7407			-72.8875			67.8572			1.7000			265.0000			-336.0000			-46.0000			
15.5405			-73.4198			60.1336			2.2000			271.0000			-328.0000			-58.0000			
25.9903			-76.6137			54.6168			3.9000			274.0000			-317.0000			-73.0000			
33.1401			-81.9368			51.3067			2.5000			278.0000			-305.0000			-89.0000			
39.1900			-85.1306			49.6516			3.7000			281.0000			-293.0000			-102.0000			
46.8898			-86.7276			44.1348			4.2000			283.0000			-281.0000			-114.0000			
51.8397			-85.6630			36.9629			3.1000			286.0000			-270.0000			-123.0000			
56.2396			-85.6630			31.9977			2.5000			284.0000			-259.0000			-131.0000			
62.8394			-86.1953			26.4809			3.1000			279.0000			-244.0000			-136.0000			
70.5393			-83.0014			17.1022			4.6000			272.0000			-226.0000			-141.0000			
75.4892			-80.8722			8.8270			3.4000			265.0000			-206.0000			-148.0000			
76.5891			-75.5491			2.7584			3.7000			257.0000			-186.0000			-156.0000			
77.6891			-71.2906			-2.2067			4.1000			248.0000			-165.0000			-162.0000			
78.7891			-68.0967			-7.1719			3.5000			237.0000			-144.0000			-167.0000			
76.5891			-60.1121			-13.7921			2.6000			224.0000			-120.0000			-172.0000			
79.3391			-54.7890			-20.4123			4.1000			208.0000			-94.0000			-176.0000			
80.9890			-47.3366			-28.1359			5.5000			189.0000			-65.0000			-179.0000			
85.3889			-46.2720			-34.7561			4.3000			168.0000			-35.0000			-182.0000			
89.2389			-45.7397			-41.3764			2.1000			150.0000			-9.0000			-183.0000			
89.2389			-39.3520			-47.9966			1.8000			132.0000			16.0000			-184.0000			
87.5889			-31.3673			-53.5134			2.7000			115.0000			39.0000			-183.0000			
85.3889			-23.9150			-59.0303			2.4000			97.0000			63.0000			-180.0000			
85.3889			-16.9950			-65.6505			2.7000			78.0000			85.0000			-175.0000			
83.7390			-11.6719			-69.5123			2.5000			57.0000			107.0000			-170.0000			
80.9890			-6.3488			-73.3741			1.2000			34.0000			128.0000			-161.0000			
79.8891			-1.5580			-77.2359			1.0000			12.0000			150.0000			-154.0000			
76.5891			3.7651			-79.4426			0.9000			-9.0000			173.0000			-147.0000			
72.7392			9.0882			-79.4426			2.3000			-30.0000			190.0000			-139.0000			
64.4894			14.9436			-77.7875			1.6000			-52.0000			209.0000			-130.0000			
57.8896			22.3960			-78.8909			1.3000			-77.0000			228.0000			-117.0000			
55.1396			28.2514			-81.6493			1.7000			-104.0000			246.0000			-104.0000			
52.9397			33.5745			-85.5111			0.9000			-129.0000			262.0000			-92.0000			
45.7898			42.6237			-87.7179			0.6000			-152.0000			279.0000			-81.0000			
35.8900			50.6084			-86.0628			0.4000			-173.0000			294.0000			-71.0000			
30.9402			55.3992			-86.0628			0.2000			-192.0000			306.0000			-61.0000			
26.5403			59.1254			-86.6145			-0.9000			-209.0000			314.0000			-51.0000			
21.0404			63.9161			-84.9594			0.0000			-218.0000			317.0000			-40.0000			
12.2406			70.8362			-83.3044			-0.2000			-232.0000			319.0000			-28.0000			
6.1907			74.5623			-82.2010			-1.4000			-245.0000			322.0000			-15.0000			
-0.9591			77.2239			-77.2359			-0.9000			-258.0000			324.0000			-2.0000			
-6.4590			77.2239			-72.8224			-2.0000			-268.0000			323.0000			11.0000			
-9.7589			75.0947			-65.6505			-0.3000			-277.0000			322.0000			21.0000			
-16.9088			76.6916			-60.1336			-0.3000			-284.0000			315.0000			34.0000			
-25.1586			79.3531			-55.7202			-1.5000			-290.0000			305.0000			51.0000			
-32.8584			85.2085			-52.9617			-0.6000			-294.0000			291.0000			66.0000			
-42.7582			89.4670			-47.9966			-1.2000			-299.0000			281.0000			79.0000			
-48.8081			88.9347			-42.4797			-2.3000			-301.0000			270.0000			91.0000			
-55.4079			89.4670			-36.4112			-2.3000			-302.0000			259.0000			99.0000			
-58.7078			88.9347			-31.9977			-1.7000			-300.0000			245.0000			107.0000			
-62.5577			87.8701			-28.1359			-2.8000			-294.0000			230.0000			110.0000			
-69.1576			87.3378			-20.9640			-2.7000			-284.0000			214.0000			115.0000			
-73.0075			83.6116			-13.7921			-3.1000			-276.0000			194.0000			120.0000			
-76.3074			77.2239			-3.3101			-2.3000			-266.0000			173.0000			127.0000			
-77.9574			72.4331			2.7584			-2.7000			-257.0000			151.0000			135.0000			
-77.9574			69.2392			5.5168			-3.2000			-246.0000			130.0000			140.0000			
-78.5074			65.5131			8.8270			-4.1000			-234.0000			108.0000			144.0000			
-80.1573			60.7223			15.9989			-3.4000			-218.0000			81.0000			150.0000			
-82.9073			55.3992			25.3775			-2.1000			-200.0000			51.0000			154.0000			
-86.7572			51.6730			33.1011			-1.9000			-181.0000			24.0000			156.0000			
-90.6071			49.0115			39.1696			-2.4000			-164.0000			-3.0000			159.0000			
-91.1571			39.9622			48.5483			-2.6000			-146.0000			-28.0000			158.0000			
-90.6071			31.4452			55.1685			-3.9000			-129.0000			-53.0000			157.0000			
-88.9571			25.5898			59.5819			-3.7000			-110.0000			-77.0000			156.0000			
-87.3072			23.4606			61.7887			-2.0000			-90.0000			-100.0000			151.0000			
-86.2072			17.0729			66.2022			-2.9000			-67.0000			-122.0000			143.0000			
-82.9073			10.6851			70.6156			-1.6000			-44.0000			-143.0000			134.0000			
-81.2573			5.8944			74.4774			-0.8000			-23.0000			-164.0000			127.0000			
-79.0574			0.5713			77.2359			-1.2000			-2.0000			-184.0000			119.0000			
-73.5575			-3.6872			75.5808			-1.6000			17.0000			-203.0000			111.0000			
-69.1576			-10.6073			77.7875			-1.9000			39.0000			-222.0000			103.0000			
-62.5577			-15.9304			78.3392			-0.1000			63.0000			-240.0000			91.0000			
-57.0579			-24.9796			82.2010			0.1000			90.0000			-257.0000			78.0000			
-53.2080			-32.9643			86.6145			0.4000			116.0000			-276.0000			66.0000			
-49.3580			-37.2227			86.0628			-0.5000			137.0000			-291.0000			56.0000			
-42.7582			-41.4812			84.4078			0.1000			157.0000			-304.0000			44.0000			
-38.3583			-48.9336			86.6145			-0.6000			174.0000			-313.0000			34.0000			
-30.6585			-54.7890			85.5111			0.0000			189.0000			-320.0000			25.0000			
-20.7587			-61.7090			84.9594			2.4000			203.0000			-327.0000			13.0000			
-11.4089			-67.5644			81.0977			2.1000			218.0000			-330.0000			-1.0000			
-6.4590			-69.1613			77.2359			1.6000			233.0000			-334.0000			-13.0000			
-4.8090			-68.6290			75.0291			1.5000			246.0000			-335.0000			-28.0000			
-1.5091			-69.6937			73.3741			2.1000			258.0000			-335.0000			-38.0000			
5.6407			-68.6290			65.0988			2.0000			266.0000			-332.0000			-50.0000			
14.9905			-70.7583			59.5819			3.8000			270.0000			-325.0000			-62.0000			
24.3403			-75.0168			53.5134			2.8000			276.0000			-314.0000			-77.0000			
32.0401			-79.2752			49.6516			2.4000			279.0000			-303.0000			-92.0000			
38.6400			-81.4045			45.7898			3.0000			283.0000			-291.0000			-105.0000			
45.7898			-83.0014			41.9280			4.7000			284.0000			-279.0000			-115.0000			
51.8397			-85.6630			36.4112			2.5000			287.0000			-269.0000			-125.0000			
58.4395			-86.1953			29.7910			2.0000			287.0000			-258.0000			-132.0000			
62.8394			-84.5983			24.8258			3.0000			281.0000			-242.0000			-138.0000			
69.4393			-83.5337			17.1022			3.0000			272.0000			-225.0000			-142.0000			
75.4892			-80.8722			8.8270			3.4000			263.0000			-205.0000			-148.0000			
77.1391			-76.0814			1.1034			2.1000			255.0000			-183.0000			-156.0000			
79.8891			-73.9521			-3.3101			2.6000			247.0000			-163.0000			-162.0000			
80.4390			-70.2260			-7.7236			2.4000			236.0000			-143.0000			-167.0000			
79.8891			-62.2413			-14.8955			2.7000			223.0000			-120.0000			-172.0000			
80.9890			-54.7890			-21.5157			4.6000			206.0000			-94.0000			-176.0000			
84.8389			-50.5305			-31.4460			2.8000			186.0000			-64.0000			-178.0000			
89.7888			-49.9982			-36.9629			2.8000			167.0000			-35.0000			-182.0000			
93.6388			-47.3366			-43.0314			3.2000			149.0000			-7.0000			-182.0000			
92.5388			-40.4166			-47.9966			4.1000			132.0000			18.0000			-183.0000			
90.8888			-33.4966			-54.6168			2.7000			113.0000			41.0000			-182.0000			
88.6889			-26.5765			-60.1336			1.9000			95.0000			64.0000			-179.0000			
88.1389			-20.1888			-65.0988			2.8000			74.0000			87.0000			-174.0000			
86.4889			-12.7365			-71.7190			2.0000			52.0000			110.0000			-168.0000			
83.7390			-7.9457			-73.3741			2.4000			29.0000			132.0000			-161.0000			
80.4390			-2.0903			-76.1325			2.2000			8.0000			154.0000			-153.0000			
77.1391			2.7005			-77.2359			2.5000			-14.0000			175.0000			-146.0000			
73.2892			7.4913			-79.4426			1.3000			-36.0000			195.0000			-138.0000			
64.4894			16.5406			-78.3392			2.6000			-57.0000			214.0000			-129.0000			
58.4395			22.9283			-78.8909			2.4000			-83.0000			233.0000			-118.0000			
55.1396			27.7191			-81.6493			1.1000			-109.0000			251.0000			-103.0000			
52.9397			34.6391			-86.0628			1.5000			-134.0000			268.0000			-90.0000			
47.9898			41.0268			-87.7179			1.2000			-156.0000			283.0000			-79.0000			
39.1900			46.3499			-85.5111			0.0000			-177.0000			297.0000			-70.0000			
32.0401			51.6730			-84.4078			-0.6000			-193.0000			306.0000			-59.0000			
27.6402			56.4638			-85.5111			-1.4000			-207.0000			312.0000			-49.0000			
19.9404			65.5131			-85.5111			0.0000			-220.0000			316.0000			-37.0000			
12.2406			71.9008			-84.4078			-0.2000			-233.0000			319.0000			-26.0000			
5.6407			72.4331			-79.9943			-1.9000			-245.0000			322.0000			-13.0000			
1.7908			72.9654			-77.2359			-2.4000			-258.0000			323.0000			-1.0000			
-2.6091			73.4977			-73.3741			-2.4000			-269.0000			324.0000			13.0000			
-9.2089			72.9654			-65.6505			-1.9000			-277.0000			319.0000			23.0000			
-16.3588			74.0300			-59.0303			-1.3000			-284.0000			313.0000			36.0000			
-24.6086			75.6270			-52.9617			-1.9000			-290.0000			301.0000			53.0000			
-31.2084			80.9501			-50.7550			-1.0000			-296.0000			290.0000			69.0000			
-38.9083			84.1439			-47.4449			-2.2000			-300.0000			279.0000			83.0000			
-46.6081			84.1439			-39.1696			-1.6000			-304.0000			268.0000			95.0000			
-52.1080			84.6762			-33.6528			-1.0000			-305.0000			257.0000			104.0000			
-55.4079			83.0793			-31.4460			-3.7000			-302.0000			242.0000			110.0000			
-59.2578			83.0793			-25.3775			-1.5000			-295.0000			226.0000			114.0000			
-65.8577			80.9501			-17.1022			-2.0000			-286.0000			210.0000			117.0000			
-69.7076			76.6916			-9.9303			-2.9000			-276.0000			191.0000			123.0000			
-72.4575			74.0300			-4.4135			-2.8000			-267.0000			169.0000			129.0000			
-74.1075			70.3039			1.6551			-2.1000			-256.0000			149.0000			134.0000			
-75.7574			65.5131			7.1719			-3.0000			-245.0000			127.0000			140.0000			
-78.5074			61.7869			12.6887			-4.0000			-233.0000			105.0000			144.0000			
-80.7073			58.5930			18.2056			-3.9000			-218.0000			79.0000			149.0000			
-84.5572			55.3992			26.4809			-2.6000			-200.0000			50.0000			152.0000			
-88.4072			52.7376			34.7561			-0.9000			-183.0000			23.0000			154.0000			
-91.7071			49.5438			41.3764			-0.7000			-164.0000			-3.0000			156.0000			
-92.2571			42.6237			46.8932			-2.7000			-145.0000			-27.0000			156.0000			
-89.5071			34.1068			53.5134			-1.8000			-129.0000			-50.0000			154.0000			
-87.8572			27.1868			57.9269			-2.7000			-109.0000			-74.0000			150.0000			
-88.4072			24.5252			61.7887			-2.0000			-90.0000			-96.0000			146.0000			
-86.2072			18.6698			65.6505			-1.8000			-66.0000			-120.0000			140.0000			
-80.7073			11.7498			68.4089			-0.5000			-44.0000			-142.0000			131.0000			
-79.6074			5.3620			72.8224			-1.4000			-21.0000			-165.0000			124.0000			
-76.8574			0.5713			73.9258			-2.3000			1.0000			-185.0000			117.0000			
-73.5575			-4.7518			75.5808			-2.7000			22.0000			-205.0000			111.0000			
-67.5076			-10.0749			76.1325			-1.4000			45.0000			-226.0000			105.0000			
-62.0078			-14.8657			76.6842			-0.1000			70.0000			-245.0000			92.0000			
-59.2578			-22.8504			81.0977			-1.0000			96.0000			-265.0000			79.0000			
-54.8579			-29.7704			85.5111			0.8000			119.0000			-281.0000			67.0000			
-47.7081			-35.0935			83.8561			1.0000			141.0000			-295.0000			55.0000			
-41.1082			-44.6751			84.4078			-1.3000			159.0000			-307.0000			44.0000			
-34.5084			-53.1920			87.1662			-0.5000			176.0000			-317.0000			35.0000			
-29.0085			-56.9182			87.1662			1.2000			192.0000			-325.0000			26.0000			
-19.1087			-64.9029			85.5111			1.4000			206.0000			-330.0000			13.0000			
-11.4089			-70.7583			83.8561			1.6000			221.0000			-334.0000			0.0000			
-5.9090			-73.9521			79.9943			0.1000			236.0000			-338.0000			-14.0000			
-1.5091			-72.8875			76.6842			2.2000			250.0000			-339.0000			-27.0000			
0.6908			-72.3552			72.8224			1.1000			259.0000			-337.0000			-39.0000			
7.2907			-72.3552			67.8572			2.7000			267.0000			-334.0000			-50.0000			
17.1905			-74.4844			60.1336			2.8000			271.0000			-327.0000			-62.0000			
25.9903			-77.1460			52.9617			1.8000			275.0000			-314.0000			-77.0000			
34.7901			-81.4045			49.6516			3.0000			278.0000			-300.0000			-93.0000			
41.3899			-84.5983			46.3415			3.1000			281.0000			-289.0000			-107.0000			
48.5398			-87.2599			41.9280			3.1000			284.0000			-278.0000			-118.0000			
52.3897			-85.1306			35.3078			2.5000			285.0000			-267.0000			-127.0000			
56.2396			-84.5983			31.4460			3.0000			285.0000			-254.0000			-134.0000			
62.8394			-85.1306			25.3775			3.0000			279.0000			-241.0000			-138.0000			
70.5393			-83.0014			15.4472			2.9000			270.0000			-221.0000			-143.0000			
75.4892			-78.7429			6.6202			3.3000			263.0000			-201.0000			-151.0000			
76.0391			-74.4844			1.1034			2.6000			253.0000			-180.0000			-159.0000			
76.5891			-71.8229			-2.2067			2.5000			244.0000			-160.0000			-165.0000			
78.7891			-68.0967			-7.1719			3.5000			233.0000			-139.0000			-168.0000			
76.5891			-60.6444			-14.3438			1.5000			220.0000			-115.0000			-174.0000			
78.2391			-53.1920			-20.9640			4.0000			203.0000			-87.0000			-176.0000			
82.6390			-48.4013			-29.7910			4.4000			183.0000			-58.0000			-180.0000			
88.1389			-47.3366			-38.0662			2.7000			165.0000			-30.0000			-182.0000			
89.2389			-42.5458			-43.0314			3.6000			146.0000			-2.0000			-183.0000			
88.1389			-35.0935			-49.0999			3.9000			129.0000			22.0000			-184.0000			
88.1389			-29.7704			-55.7202			2.6000			110.0000			45.0000			-182.0000			
87.5889			-24.4473			-60.6853			2.4000			92.0000			69.0000			-180.0000			
85.9389			-18.5919			-65.0988			2.2000			74.0000			90.0000			-174.0000			
85.3889			-11.6719			-71.7190			1.9000			51.0000			112.0000			-167.0000			
83.1890			-4.2195			-76.1325			2.8000			28.0000			135.0000			-159.0000			
80.4390			-0.4934			-78.3392			1.5000			6.0000			156.0000			-153.0000			
76.5891			3.7651			-79.9943			0.3000			-16.0000			177.0000			-145.0000			
71.6392			10.1528			-80.5460			1.2000			-37.0000			197.0000			-137.0000			
63.9394			18.6698			-81.0977			1.5000			-59.0000			215.0000			-127.0000			
57.8896			26.1221			-81.6493			2.3000			-86.0000			236.0000			-116.0000			
54.0396			33.5745			-84.4078			3.2000			-113.0000			254.0000			-102.0000			
51.8397			38.3653			-87.7179			2.4000			-137.0000			270.0000			-89.0000			
46.3398			43.6884			-89.3729			0.6000			-161.0000			286.0000			-78.0000			
38.0900			49.5438			-87.1662			0.4000			-180.0000			298.0000			-69.0000			
30.9402			56.9961			-87.7179			0.2000			-197.0000			310.0000			-59.0000			
25.4403			62.3192			-88.2696			-0.5000			-212.0000			315.0000			-47.0000			
17.7405			69.2392			-87.7179			-0.7000			-223.0000			319.0000			-37.0000			
10.0406			71.9008			-83.8561			-1.9000			-236.0000			322.0000			-24.0000			
3.9908			72.9654			-78.3392			-1.3000			-249.0000			322.0000			-10.0000			
0.1409			75.0947			-77.7875			-2.5000			-262.0000			325.0000			2.0000			
-5.9090			77.2239			-73.3741			-2.0000			-272.0000			323.0000			14.0000			
-13.6088			77.2239			-65.0988			-1.4000			-278.0000			321.0000			25.0000			
-20.2087			76.1593			-59.0303			-3.0000			-286.0000			313.0000			38.0000			
-27.3585			80.4178			-54.0651			-1.0000			-290.0000			301.0000			54.0000			
-35.0584			84.6762			-51.8584			-2.2000			-295.0000			290.0000			70.0000			
-42.2082			86.2732			-46.3415			-2.2000			-300.0000			277.0000			84.0000			
-49.3580			89.4670			-41.9280			-1.8000			-302.0000			267.0000			94.0000			
-55.9579			89.9993			-35.8595			-1.8000			-303.0000			255.0000			103.0000			
-60.3578			87.3378			-30.3427			-3.3000			-301.0000			243.0000			110.0000			
-64.2077			85.7409			-24.8258			-3.2000			-293.0000			226.0000			113.0000			
-69.7076			84.1439			-18.2056			-3.7000			-283.0000			207.0000			119.0000			
-71.9075			80.4178			-11.0337			-2.5000			-275.0000			187.0000			126.0000			
-75.2075			76.1593			-4.4135			-3.4000			-264.0000			166.0000			131.0000			
-77.4074			71.9008			2.2067			-3.3000			-255.0000			146.0000			138.0000			
-77.9574			67.6423			8.2753			-2.0000			-245.0000			125.0000			143.0000			
-80.1573			63.3838			14.3438			-2.4000			-232.0000			102.0000			146.0000			
-82.3573			58.0607			20.4123			-3.8000			-216.0000			74.0000			151.0000			
-86.2072			55.9315			28.1359			-2.1000			-197.0000			46.0000			155.0000			
-90.0571			54.8669			33.6528			-1.5000			-178.0000			17.0000			157.0000			
-93.9070			47.9468			44.1348			-1.8000			-161.0000			-10.0000			159.0000			
-93.3571			38.8976			52.4100			-2.0000			-144.0000			-34.0000			161.0000			
-92.2571			32.5099			57.3752			-2.3000			-126.0000			-59.0000			159.0000			
-90.0571			27.1868			60.6853			-2.1000			-107.0000			-83.0000			155.0000			
-89.5071			22.3960			65.0988			-2.0000			-86.0000			-104.0000			149.0000			
-87.8572			16.0082			69.5123			-2.3000			-63.0000			-126.0000			140.0000			
-84.0073			9.6205			73.9258			-0.4000			-40.0000			-149.0000			132.0000			
-81.2573			3.2328			77.2359			-0.7000			-17.0000			-169.0000			124.0000			
-77.9574			-0.4934			76.1325			-2.3000			4.0000			-189.0000			116.0000			
-73.0075			-5.8165			77.2359			-1.5000			26.0000			-209.0000			110.0000			
-66.4077			-12.7365			77.2359			-1.9000			48.0000			-229.0000			102.0000			
-62.0078			-17.5273			78.3392			-1.1000			75.0000			-248.0000			88.0000			
-59.2578			-24.4473			82.2010			-1.4000			101.0000			-266.0000			76.0000			
-54.3079			-31.3673			86.0628			0.3000			124.0000			-282.0000			63.0000			
