-7.8251			-27.1579			32.5435			-2.4000			178.0000			-355.0000			39.0000			
-4.4360			-29.3589			33.1261			-0.6000			186.0000			-353.0000			27.0000			
-1.6119			-31.5600			31.9608			-1.2000			192.0000			-345.0000			15.0000			
2.3420			-33.7611			30.2128			-1.2000			199.0000			-337.0000			2.0000			
5.7310			-34.3114			29.0475			0.4000			201.0000			-322.0000			-13.0000			
7.9904			-33.7611			25.5516			-0.2000			204.0000			-307.0000			-27.0000			
9.6849			-32.6606			22.6383			-0.3000			203.0000			-292.0000			-41.0000			
12.5091			-34.3114			22.0557			0.2000			205.0000			-275.0000			-53.0000			
14.7684			-33.7611			19.1424			0.1000			204.0000			-257.0000			-66.0000			
15.8981			-33.7611			17.3944			-0.4000			202.0000			-239.0000			-76.0000			
17.0278			-32.6606			16.8118			1.1000			197.0000			-218.0000			-86.0000			
18.1574			-32.6606			13.8985			-0.6000			189.0000			-194.0000			-97.0000			
20.4168			-31.5600			10.9852			-0.1000			182.0000			-169.0000			-107.0000			
23.8058			-30.4595			7.4893			0.8000			174.0000			-144.0000			-119.0000			
26.0652			-29.3589			3.9933			0.6000			167.0000			-120.0000			-129.0000			
30.0190			-29.3589			-0.6679			0.0000			158.0000			-92.0000			-138.0000			
32.8432			-28.2584			-4.1639			0.4000			147.0000			-66.0000			-145.0000			
35.1025			-26.6076			-7.0771			1.4000			136.0000			-39.0000			-153.0000			
36.2322			-23.8562			-9.9904			2.3000			121.0000			-9.0000			-159.0000			
35.1025			-22.2054			-11.7384			1.1000			107.0000			20.0000			-165.0000			
33.9729			-18.3535			-13.4864			2.1000			91.0000			48.0000			-169.0000			
34.5377			-15.6022			-15.8170			3.1000			74.0000			76.0000			-175.0000			
35.1025			-15.6022			-16.9823			2.5000			63.0000			102.0000			-177.0000			
35.6674			-13.9514			-19.3129			2.3000			49.0000			125.0000			-179.0000			
35.1025			-12.8508			-20.4782			1.7000			36.0000			147.0000			-179.0000			
34.5377			-10.0995			-21.6435			2.7000			20.0000			169.0000			-176.0000			
33.9729			-6.7979			-23.9742			3.1000			2.0000			191.0000			-174.0000			
32.8432			-4.0465			-27.4701			1.3000			-15.0000			214.0000			-173.0000			
32.8432			-0.1946			-30.3834			2.2000			-31.0000			236.0000			-170.0000			
32.2784			3.1070			-33.2967			2.0000			-48.0000			257.0000			-168.0000			
30.5839			6.4086			-35.6273			1.3000			-63.0000			275.0000			-163.0000			
31.1487			8.0594			-37.3752			1.8000			-78.0000			289.0000			-156.0000			
29.4542			9.7103			-37.3752			1.7000			-94.0000			302.0000			-149.0000			
27.1948			11.3611			-36.7926			1.7000			-109.0000			312.0000			-139.0000			
25.5003			13.0119			-37.9579			0.5000			-124.0000			323.0000			-130.0000			
23.8058			15.7632			-37.9579			1.6000			-138.0000			333.0000			-120.0000			
22.6761			17.9643			-39.7059			0.9000			-149.0000			340.0000			-114.0000			
19.8520			19.0649			-39.7059			-0.7000			-160.0000			342.0000			-102.0000			
17.0278			20.1654			-37.3752			-0.1000			-169.0000			343.0000			-93.0000			
14.7684			22.9168			-35.6273			2.0000			-178.0000			342.0000			-79.0000			
11.3794			25.1178			-35.0446			1.4000			-187.0000			340.0000			-67.0000			
7.9904			27.3189			-34.4620			0.8000			-196.0000			336.0000			-56.0000			
4.6014			30.0703			-33.8793			0.7000			-205.0000			331.0000			-43.0000			
1.2123			31.7211			-32.1313			0.8000			-210.0000			323.0000			-31.0000			
-3.3064			33.9222			-30.3834			0.2000			-216.0000			315.0000			-17.0000			
-6.1305			34.4724			-28.0528			0.2000			-218.0000			301.0000			-3.0000			
-7.8251			33.3719			-25.1395			0.4000			-219.0000			284.0000			12.0000			
-10.6492			32.8216			-22.8089			-0.6000			-221.0000			267.0000			24.0000			
-12.3438			33.3719			-22.8089			-1.7000			-220.0000			251.0000			36.0000			
-14.6031			33.9222			-18.7303			0.5000			-219.0000			233.0000			49.0000			
-16.2976			33.3719			-18.1476			-1.0000			-217.0000			214.0000			60.0000			
-17.4273			32.2714			-15.2343			-0.3000			-213.0000			193.0000			71.0000			
-18.5570			31.1708			-14.0690			-1.4000			-205.0000			169.0000			81.0000			
-20.2515			31.1708			-11.1557			-0.2000			-197.0000			145.0000			92.0000			
-23.0757			30.6205			-7.6598			-0.1000			-190.0000			119.0000			102.0000			
-25.8998			28.9697			-2.9985			0.0000			-182.0000			95.0000			112.0000			
-29.8537			27.8692			1.0800			-0.9000			-174.0000			70.0000			122.0000			
-32.6779			26.7686			4.5760			-1.3000			-165.0000			42.0000			132.0000			
-35.5021			25.6681			7.4893			-2.3000			-152.0000			14.0000			138.0000			
-34.9372			22.9168			10.4025			-1.6000			-138.0000			-15.0000			144.0000			
-34.9372			21.2659			12.1505			-1.5000			-123.0000			-43.0000			149.0000			
-34.3724			18.5146			13.8985			-1.9000			-107.0000			-73.0000			154.0000			
-35.5021			17.4140			15.6464			-2.4000			-94.0000			-99.0000			158.0000			
-35.5021			16.8638			17.9771			-0.6000			-80.0000			-126.0000			161.0000			
-34.9372			14.6627			19.1424			-1.1000			-65.0000			-152.0000			162.0000			
-34.9372			12.4616			20.8903			-1.5000			-50.0000			-174.0000			163.0000			
-33.8076			10.8108			22.0557			-0.9000			-35.0000			-196.0000			161.0000			
-33.2427			8.0594			24.3863			-0.8000			-17.0000			-217.0000			159.0000			
-33.2427			4.2076			27.2996			-1.7000			-1.0000			-238.0000			156.0000			
-33.2427			0.9059			30.7955			-1.5000			15.0000			-259.0000			155.0000			
-32.6779			-2.3957			32.5435			-2.5000			30.0000			-278.0000			151.0000			
-31.5482			-6.2476			36.0394			-1.7000			45.0000			-296.0000			145.0000			
-30.9834			-8.4487			37.2047			-2.2000			62.0000			-312.0000			138.0000			
-28.7240			-10.0995			37.2047			-1.6000			78.0000			-323.0000			130.0000			
-25.8998			-11.2000			36.0394			-1.0000			93.0000			-334.0000			122.0000			
-24.7702			-13.4011			37.2047			-0.9000			108.0000			-345.0000			113.0000			
-23.0757			-16.7027			37.7874			-1.9000			121.0000			-354.0000			104.0000			
-22.5108			-17.8033			38.3700			-1.9000			131.0000			-358.0000			96.0000			
-20.2515			-18.9038			39.5353			0.3000			142.0000			-362.0000			85.0000			
-17.4273			-20.0043			37.7874			0.3000			151.0000			-362.0000			74.0000			
-15.1679			-21.6552			35.4567			-1.3000			159.0000			-360.0000			62.0000			
-11.7789			-23.8562			34.8741			-0.7000			169.0000			-358.0000			49.0000			
-7.8251			-27.1579			33.7088			-1.2000			178.0000			-354.0000			38.0000			
-4.4360			-29.3589			32.5435			-1.2000			187.0000			-351.0000			25.0000			
-0.4822			-31.5600			31.9608			0.0000			193.0000			-344.0000			13.0000			
2.9068			-33.7611			30.2128			-0.6000			199.0000			-335.0000			-1.0000			
5.7310			-34.8616			28.4649			-0.6000			203.0000			-321.0000			-14.0000			
9.1200			-33.7611			24.9689			0.3000			204.0000			-305.0000			-29.0000			
10.2497			-32.1103			22.6383			0.7000			204.0000			-289.0000			-42.0000			
12.5091			-33.2108			21.4730			0.7000			205.0000			-272.0000			-55.0000			
14.7684			-33.7611			19.1424			0.1000			203.0000			-255.0000			-66.0000			
15.8981			-33.2108			16.8118			-0.5000			200.0000			-237.0000			-76.0000			
17.5926			-32.6606			15.6464			0.5000			195.0000			-216.0000			-88.0000			
19.2871			-32.1103			13.3158			0.4000			188.0000			-193.0000			-99.0000			
20.9816			-30.4595			10.4025			0.9000			181.0000			-167.0000			-110.0000			
23.8058			-30.4595			6.9066			0.2000			175.0000			-143.0000			-120.0000			
26.6300			-28.8087			2.8280			0.6000			167.0000			-116.0000			-129.0000			
30.0190			-28.8087			-1.2506			0.0000			156.0000			-90.0000			-138.0000			
33.9729			-28.2584			-4.7465			0.9000			148.0000			-64.0000			-147.0000			
35.6674			-25.5071			-7.6598			2.5000			134.0000			-35.0000			-155.0000			
35.1025			-23.8562			-10.5731			0.6000			120.0000			-5.0000			-161.0000			
35.1025			-21.1049			-11.7384			2.2000			105.0000			23.0000			-165.0000			
33.9729			-18.9038			-14.6517			0.4000			89.0000			51.0000			-169.0000			
33.4080			-15.6022			-16.3996			1.4000			74.0000			81.0000			-176.0000			
35.1025			-15.0519			-17.5649			2.4000			62.0000			104.0000			-178.0000			
35.6674			-13.9514			-19.3129			2.3000			47.0000			130.0000			-179.0000			
34.5377			-12.3006			-21.0609			1.1000			33.0000			151.0000			-179.0000			
33.9729			-10.0995			-22.8089			1.0000			17.0000			172.0000			-177.0000			
33.4080			-6.2476			-25.1395			2.0000			-1.0000			195.0000			-174.0000			
32.8432			-2.9460			-26.8874			3.0000			-17.0000			218.0000			-173.0000			
32.8432			-0.1946			-30.9660			1.6000			-33.0000			239.0000			-171.0000			
32.2784			3.6573			-33.2967			2.6000			-49.0000			259.0000			-167.0000			
32.2784			6.9589			-36.7926			2.4000			-65.0000			276.0000			-162.0000			
30.5839			8.0594			-36.7926			1.8000			-79.0000			291.0000			-156.0000			
28.8893			10.2605			-37.3752			1.7000			-97.0000			303.0000			-147.0000			
26.6300			11.3611			-36.7926			1.2000			-110.0000			313.0000			-137.0000			
26.0652			13.5622			-37.9579			1.6000			-126.0000			325.0000			-129.0000			
23.8058			15.7632			-36.2099			3.3000			-140.0000			332.0000			-118.0000			
21.5465			17.9643			-36.7926			2.7000			-152.0000			339.0000			-111.0000			
20.9816			19.6151			-37.9579			2.6000			-162.0000			342.0000			-101.0000			
17.0278			21.2659			-36.2099			2.0000			-170.0000			342.0000			-90.0000			
13.6387			23.4670			-35.6273			1.4000			-180.0000			341.0000			-77.0000			
10.8146			25.1178			-35.6273			0.2000			-188.0000			338.0000			-66.0000			
7.4255			27.3189			-33.2967			1.4000			-198.0000			335.0000			-52.0000			
3.4717			29.5200			-33.8793			-0.8000			-205.0000			331.0000			-42.0000			
0.0827			32.2714			-32.7140			-0.3000			-211.0000			324.0000			-28.0000			
-3.8712			33.9222			-30.3834			-0.3000			-217.0000			313.0000			-15.0000			
-6.6954			34.4724			-27.4701			0.3000			-219.0000			299.0000			-1.0000			
-8.9547			33.3719			-25.7221			-1.3000			-220.0000			283.0000			13.0000			
-10.0844			32.8216			-22.2262			0.5000			-220.0000			267.0000			26.0000			
-12.3438			33.9222			-22.2262			-0.6000			-220.0000			250.0000			38.0000			
-15.7328			34.4724			-19.3129			-0.5000			-220.0000			231.0000			50.0000			
-16.8624			33.3719			-16.9823			-0.4000			-216.0000			211.0000			61.0000			
-17.9921			32.8216			-15.2343			-0.4000			-210.0000			190.0000			71.0000			
-19.1218			31.7211			-12.9037			-0.3000			-204.0000			167.0000			83.0000			
-20.8163			29.5200			-9.9904			-1.2000			-195.0000			138.0000			95.0000			
-19.1218			19.0649			-1.8332			-1.8000			-179.0000			97.0000			111.0000			
-20.8163			22.3665			-0.6679			0.8000			-172.0000			71.0000			121.0000			
-23.6405			16.8638			5.7413			-1.0000			-161.0000			39.0000			132.0000			
-25.8998			19.0649			6.9066			0.0000			-152.0000			10.0000			140.0000			
-30.4185			20.7157			9.2372			-0.4000			-145.0000			-10.0000			146.0000			
-29.2889			23.4670			-0.0853			-5.9000			-127.0000			-29.0000			138.0000			
-27.5943			25.6681			-0.0853			-2.0000			-110.0000			-41.0000			134.0000			
-29.2889			26.7686			0.4974			-2.0000			-101.0000			-55.0000			133.0000			
-28.7240			26.2184			1.0800			-1.4000			-88.0000			-66.0000			129.0000			
-30.9834			25.1178			6.3239			0.4000			-81.0000			-81.0000			130.0000			
-34.3724			22.9168			10.9852			-0.4000			-73.0000			-98.0000			135.0000			
-34.9372			18.5146			16.2291			-0.1000			-66.0000			-121.0000			141.0000			
-37.1966			14.1124			22.0557			-1.0000			-57.0000			-148.0000			149.0000			
-38.8911			9.1600			27.2996			-2.4000			-42.0000			-178.0000			154.0000			
-38.8911			4.7578			31.3782			-2.7000			-27.0000			-210.0000			160.0000			
-38.3262			1.4562			35.4567			-1.4000			-9.0000			-240.0000			163.0000			
-39.4559			-1.2951			37.7874			-2.9000			8.0000			-267.0000			163.0000			
-39.4559			-3.4962			40.7007			-2.2000			27.0000			-289.0000			158.0000			
-38.8911			-4.5968			41.8660			-1.6000			45.0000			-308.0000			152.0000			
-37.1966			-8.4487			43.0313			-2.6000			66.0000			-326.0000			145.0000			
-34.3724			-13.4011			45.3619			-2.4000			89.0000			-346.0000			137.0000			
-30.9834			-19.4541			48.2752			-2.1000			109.0000			-367.0000			130.0000			
-26.4647			-27.1579			51.1885			-2.4000			129.0000			-388.0000			124.0000			
-23.6405			-33.2108			54.1017			-2.7000			151.0000			-405.0000			114.0000			
-19.6866			-35.9622			53.5191			-2.1000			168.0000			-414.0000			102.0000			
-17.9921			-38.7135			53.5191			-3.1000			181.0000			-420.0000			89.0000			
-14.0383			-41.4649			53.5191			-1.9000			196.0000			-422.0000			75.0000			
-5.5657			-43.6660			48.2752			-0.9000			207.0000			-418.0000			57.0000			
1.7772			-45.3168			43.0313			-0.5000			217.0000			-409.0000			40.0000			
6.8607			-44.7665			36.6221			-1.2000			223.0000			-392.0000			19.0000			
7.9904			-41.4649			32.5435			-0.9000			223.0000			-369.0000			-1.0000			
10.8146			-38.1633			27.2996			0.0000			222.0000			-342.0000			-21.0000			
11.3794			-33.2108			22.0557			0.2000			217.0000			-312.0000			-40.0000			
10.8146			-29.3589			19.1424			0.5000			211.0000			-286.0000			-52.0000			
9.6849			-23.8562			15.0638			0.8000			200.0000			-258.0000			-63.0000			
6.8607			-23.8562			17.3944			0.3000			185.0000			-230.0000			-72.0000			
5.1662			-22.2054			17.9771			0.9000			172.0000			-206.0000			-78.0000			
2.9068			-24.9568			20.8903			-1.1000			155.0000			-185.0000			-80.0000			
4.0365			-27.1579			23.8036			0.6000			144.0000			-167.0000			-82.0000			
6.8607			-30.4595			23.2210			-0.3000			136.0000			-155.0000			-84.0000			
11.9442			-32.1103			18.5597			-1.6000			135.0000			-142.0000			-90.0000			
17.0278			-32.1103			15.6464			0.5000			135.0000			-128.0000			-98.0000			
22.1113			-33.2108			11.5679			0.4000			136.0000			-115.0000			-106.0000			
26.0652			-33.2108			7.4893			0.3000			138.0000			-100.0000			-115.0000			
29.4542			-31.5600			2.2454			0.1000			139.0000			-85.0000			-123.0000			
34.5377			-31.5600			-2.9985			0.0000			141.0000			-71.0000			-133.0000			
39.6212			-31.0098			-8.2425			0.3000			140.0000			-50.0000			-143.0000			
43.0103			-29.9092			-12.3210			0.7000			134.0000			-27.0000			-152.0000			
44.1399			-29.3589			-13.4864			1.2000			124.0000			-2.0000			-159.0000			
45.8344			-29.3589			-15.2343			1.2000			111.0000			24.0000			-166.0000			
50.3531			-24.4065			-24.5568			1.3000			101.0000			60.0000			-182.0000			
55.4367			-18.3535			-37.3752			-0.2000			93.0000			103.0000			-201.0000			
61.0850			-12.3006			-46.6977			2.0000			79.0000			147.0000			-215.0000			
63.9092			-10.6497			-50.1937			3.0000			62.0000			184.0000			-218.0000			
60.5202			-5.1470			-51.3590			4.0000			33.0000			220.0000			-219.0000			
57.6960			2.5567			-56.6029			3.6000			5.0000			254.0000			-215.0000			
53.7422			8.6097			-57.7682			4.5000			-24.0000			281.0000			-207.0000			
46.9641			14.1124			-57.1856			3.8000			-54.0000			309.0000			-197.0000			
39.0564			16.8638			-51.3590			4.5000			-87.0000			331.0000			-181.0000			
27.7597			21.2659			-43.7845			5.2000			-125.0000			354.0000			-163.0000			
21.5465			21.2659			-39.7059			3.1000			-158.0000			371.0000			-146.0000			
14.7684			22.9168			-35.6273			2.0000			-180.0000			380.0000			-132.0000			
11.9442			19.0649			-31.5487			-0.5000			-188.0000			379.0000			-117.0000			
14.2036			12.4616			-24.5568			2.1000			-193.0000			370.0000			-100.0000			
19.2871			8.0594			-26.3048			1.0000			-189.0000			352.0000			-85.0000			
20.4168			5.8584			-26.8874			-0.6000			-183.0000			333.0000			-71.0000			
20.4168			6.4086			-28.6354			-1.8000			-176.0000			317.0000			-60.0000			
21.5465			10.2605			-31.5487			0.2000			-169.0000			303.0000			-54.0000			
20.4168			16.3135			-35.0446			1.6000			-162.0000			293.0000			-50.0000			
17.5926			21.2659			-36.7926			2.0000			-158.0000			285.0000			-44.0000			
13.0739			24.0173			-36.7926			0.2000			-158.0000			277.0000			-39.0000			
9.1200			26.7686			-36.2099			-0.3000			-158.0000			270.0000			-33.0000			
5.1662			30.6205			-35.6273			0.1000			-161.0000			268.0000			-27.0000			
1.2123			33.9222			-34.4620			0.6000			-165.0000			265.0000			-20.0000			
-2.1767			36.6735			-33.2967			1.1000			-173.0000			266.0000			-13.0000			
-6.1305			37.2238			-30.3834			0.7000			-183.0000			262.0000			-3.0000			
-11.7789			39.9751			-27.4701			0.7000			-197.0000			258.0000			12.0000			
-13.4734			39.9751			-26.8874			-0.3000			-205.0000			246.0000			25.0000			
-12.3438			38.3243			-25.7221			0.2000			-209.0000			231.0000			40.0000			
-16.2976			40.5254			-22.8089			1.4000			-218.0000			219.0000			56.0000			
-26.4647			46.5784			-19.3129			0.7000			-235.0000			214.0000			72.0000			
-36.6317			49.3297			-11.7384			0.9000			-250.0000			199.0000			92.0000			
-45.1043			46.0281			-2.4159			-1.4000			-257.0000			168.0000			118.0000			
-53.5768			41.0757			12.1505			-0.3000			-253.0000			128.0000			142.0000			
-62.0494			35.5730			24.3863			-2.0000			-241.0000			81.0000			164.0000			
-63.7439			31.7211			27.8822			-4.1000			-218.0000			34.0000			177.0000			
-62.6142			33.3719			25.5516			-3.6000			-190.0000			-1.0000			179.0000			
-61.4846			34.4724			22.0557			-4.9000			-165.0000			-31.0000			175.0000			
-56.4010			32.2714			20.3077			-3.8000			-138.0000			-62.0000			175.0000			
-53.0120			27.3189			20.3077			-5.3000			-110.0000			-92.0000			172.0000			
-48.4933			25.1178			20.3077			-3.0000			-82.0000			-124.0000			171.0000			
-41.7153			18.5146			18.5597			-4.6000			-56.0000			-157.0000			167.0000			
-29.8537			9.7103			16.8118			-3.3000			-22.0000			-191.0000			161.0000			
-25.8998			7.5092			14.4811			-3.9000			2.0000			-216.0000			155.0000			
-21.3811			5.3081			13.8985			-2.1000			23.0000			-236.0000			145.0000			
-20.2515			4.7578			14.4811			-1.0000			43.0000			-250.0000			135.0000			
-23.0757			5.8584			17.3944			0.1000			54.0000			-260.0000			130.0000			
-28.7240			5.8584			23.2210			0.3000			56.0000			-268.0000			127.0000			
-32.1130			4.7578			26.7169			-0.6000			59.0000			-276.0000			125.0000			
-33.2427			1.4562			30.7955			-0.9000			60.0000			-286.0000			124.0000			
-33.8076			-1.2951			34.2914			-0.8000			63.0000			-293.0000			123.0000			
-33.8076			-4.0465			36.0394			-1.8000			64.0000			-299.0000			121.0000			
-34.9372			-4.5968			38.9527			-0.5000			65.0000			-303.0000			118.0000			
-34.9372			-8.9989			42.4486			-1.4000			66.0000			-308.0000			116.0000			
-33.8076			-13.4011			44.1966			-3.0000			71.0000			-317.0000			115.0000			
-29.8537			-17.2530			44.1966			-2.9000			82.0000			-329.0000			109.0000			
-25.8998			-21.6552			45.9446			-1.6000			99.0000			-342.0000			103.0000			
-22.5108			-26.6076			47.1099			-2.0000			118.0000			-354.0000			95.0000			
-19.1218			-28.2584			45.9446			-1.4000			136.0000			-364.0000			85.0000			
-16.2976			-29.9092			45.3619			-0.8000			152.0000			-370.0000			73.0000			
-14.0383			-31.0098			43.6139			-1.4000			165.0000			-371.0000			61.0000			
-10.6492			-33.2108			40.7007			-3.1000			180.0000			-371.0000			44.0000			
0.0827			-39.8141			35.4567			-4.2000			205.0000			-372.0000			22.0000			
12.5091			-48.0681			32.5435			-3.0000			234.0000			-373.0000			-1.0000			
23.8058			-54.6714			30.2128			-0.6000			260.0000			-369.0000			-24.0000			
28.8893			-53.5708			25.5516			0.8000			275.0000			-353.0000			-48.0000			
31.1487			-49.7190			20.3077			1.7000			274.0000			-327.0000			-68.0000			
29.4542			-45.8671			17.3944			0.9000			270.0000			-296.0000			-88.0000			
27.1948			-41.4649			17.9771			3.6000			255.0000			-263.0000			-100.0000			
23.8058			-38.1633			16.2291			1.8000			235.0000			-233.0000			-108.0000			
20.9816			-35.4119			16.2291			1.7000			216.0000			-206.0000			-114.0000			
20.4168			-33.2108			13.8985			1.1000			198.0000			-179.0000			-117.0000			
20.9816			-32.1103			11.5679			0.4000			182.0000			-154.0000			-122.0000			
22.6761			-31.0098			9.2372			0.9000			164.0000			-125.0000			-128.0000			
23.2410			-27.7081			6.3239			1.8000			143.0000			-95.0000			-133.0000			
21.5465			-25.5071			5.1586			1.2000			122.0000			-63.0000			-136.0000			
20.4168			-20.5546			1.0800			0.9000			103.0000			-34.0000			-138.0000			
21.5465			-21.6552			-0.6679			-0.7000			87.0000			-7.0000			-140.0000			
26.0652			-22.2054			-2.9985			0.8000			75.0000			17.0000			-143.0000			
28.8893			-21.6552			-7.0771			0.1000			63.0000			40.0000			-146.0000			
31.7135			-20.5546			-8.8251			2.3000			55.0000			63.0000			-151.0000			
34.5377			-21.1049			-11.7384			1.6000			48.0000			82.0000			-157.0000			
36.7971			-20.5546			-15.2343			1.0000			47.0000			99.0000			-161.0000			
37.3619			-17.8033			-17.5649			1.9000			41.0000			119.0000			-165.0000			
38.4916			-16.7027			-21.0609			0.7000			37.0000			138.0000			-170.0000			
39.0564			-13.4011			-24.5568			1.0000			32.0000			158.0000			-175.0000			
39.0564			-8.4487			-29.2181			1.3000			23.0000			182.0000			-181.0000			
39.0564			-3.4962			-33.8793			1.6000			13.0000			207.0000			-188.0000			
38.4916			0.9059			-37.9579			1.4000			2.0000			232.0000			-189.0000			
38.4916			5.8584			-42.6192			1.7000			-15.0000			255.0000			-187.0000			
37.9267			9.7103			-46.6977			0.9000			-35.0000			279.0000			-183.0000			
37.9267			13.5622			-49.0284			2.4000			-57.0000			295.0000			-174.0000			
37.3619			14.6627			-49.6110			2.4000			-78.0000			313.0000			-165.0000			
35.6674			15.7632			-49.0284			2.4000			-100.0000			327.0000			-156.0000			
35.6674			16.8638			-51.3590			1.1000			-119.0000			339.0000			-145.0000			
33.4080			17.9643			-46.6977			4.6000			-139.0000			349.0000			-130.0000			
26.6300			22.9168			-44.3671			5.1000			-166.0000			363.0000			-115.0000			
17.5926			25.1178			-39.7059			2.9000			-194.0000			372.0000			-97.0000			
7.9904			27.3189			-33.8793			1.4000			-220.0000			379.0000			-78.0000			
4.0365			27.8692			-30.3834			1.5000			-237.0000			379.0000			-62.0000			
2.9068			26.2184			-29.2181			0.0000			-242.0000			371.0000			-47.0000			
2.3420			25.1178			-28.6354			-1.1000			-242.0000			359.0000			-34.0000			
2.9068			24.5676			-28.6354			-1.1000			-237.0000			344.0000			-23.0000			
3.4717			24.5676			-28.0528			0.0000			-233.0000			329.0000			-11.0000			
0.0827			25.1178			-26.8874			-1.6000			-228.0000			311.0000			2.0000			
-1.0470			27.8692			-26.8874			0.0000			-224.0000			292.0000			12.0000			
-3.3064			30.0703			-26.8874			-0.1000			-218.0000			273.0000			22.0000			
-5.0009			30.0703			-25.7221			-0.6000			-209.0000			252.0000			31.0000			
-7.2602			33.3719			-25.7221			0.3000			-202.0000			235.0000			38.0000			
-8.9547			33.3719			-25.1395			-0.7000			-193.0000			216.0000			45.0000			
-10.6492			33.3719			-22.8089			0.0000			-186.0000			195.0000			53.0000			
-14.0383			33.9222			-19.8956			0.0000			-182.0000			178.0000			62.0000			
-17.9921			33.3719			-16.3996			-1.0000			-179.0000			156.0000			73.0000			
-20.2515			31.7211			-12.9037			-1.4000			-175.0000			133.0000			85.0000			
-21.9460			30.6205			-8.8251			-0.1000			-172.0000			109.0000			96.0000			
-23.6405			28.9697			-5.9118			-0.5000			-167.0000			84.0000			108.0000			
-27.0295			27.3189			-2.4159			-2.1000			-163.0000			60.0000			119.0000			
-30.4185			26.2184			3.4107			-0.7000			-159.0000			34.0000			131.0000			
-33.8076			25.1178			8.6546			0.0000			-153.0000			7.0000			142.0000			
-38.3262			24.0173			12.7332			-1.5000			-148.0000			-22.0000			155.0000			
-41.1504			22.9168			16.2291			-2.0000			-139.0000			-51.0000			165.0000			
-43.4098			21.8162			20.3077			-1.2000			-128.0000			-80.0000			172.0000			
-43.9746			21.2659			20.8903			-1.8000			-116.0000			-107.0000			175.0000			
-43.9746			17.4140			20.8903			-5.6000			-97.0000			-134.0000			176.0000			
-43.4098			17.9643			20.8903			-4.5000			-77.0000			-160.0000			176.0000			
-41.1504			17.4140			22.0557			-1.6000			-58.0000			-183.0000			174.0000			
-39.4559			13.5622			23.8036			-2.0000			-39.0000			-207.0000			171.0000			
-38.8911			10.2605			26.7169			-1.9000			-19.0000			-229.0000			168.0000			
-36.6317			5.8584			29.0475			-1.7000			1.0000			-251.0000			164.0000			
-34.3724			1.4562			30.7955			-2.1000			23.0000			-273.0000			157.0000			
-32.1130			-2.9460			32.5435			-2.5000			46.0000			-295.0000			150.0000			
-28.1592			-5.1470			31.9608			-1.3000			70.0000			-313.0000			140.0000			
-25.3350			-7.3481			30.7955			-1.8000			90.0000			-329.0000			131.0000			
-23.0757			-7.3481			28.4649			-1.9000			108.0000			-341.0000			120.0000			
-22.5108			-8.9989			31.3782			-0.1000			121.0000			-350.0000			111.0000			
-24.2053			-10.6497			32.5435			-2.3000			132.0000			-359.0000			103.0000			
-23.0757			-12.8508			35.4567			-0.4000			140.0000			-366.0000			96.0000			
-21.3811			-13.4011			31.9608			-2.8000			149.0000			-369.0000			86.0000			
-21.3811			-16.7027			34.8741			-3.2000			154.0000			-370.0000			78.0000			
-20.2515			-18.9038			36.6221			-2.5000			159.0000			-371.0000			68.0000			
-17.9921			-20.0043			36.0394			-1.9000			165.0000			-366.0000			58.0000			
-14.6031			-22.7557			36.6221			-0.7000			168.0000			-362.0000			49.0000			
-10.6492			-26.0573			34.8741			-1.8000			173.0000			-357.0000			40.0000			
-7.8251			-28.2584			33.1261			-2.9000			177.0000			-352.0000			29.0000			
-3.3064			-30.4595			31.9608			-1.8000			182.0000			-343.0000			17.0000			
0.0827			-31.0098			29.0475			-1.8000			189.0000			-330.0000			-1.0000			
3.4717			-32.6606			27.2996			-1.8000			191.0000			-316.0000			-12.0000			
6.8607			-34.8616			26.7169			-1.2000			197.0000			-301.0000			-29.0000			
9.6849			-35.4119			24.3863			-1.3000			200.0000			-284.0000			-43.0000			
11.9442			-35.9622			23.2210			-0.8000			203.0000			-269.0000			-57.0000			
14.7684			-36.5125			22.0557			0.3000			207.0000			-251.0000			-71.0000			
17.0278			-34.8616			17.9771			0.1000			207.0000			-232.0000			-85.0000			
18.1574			-33.7611			14.4811			-1.1000			206.0000			-208.0000			-100.0000			
20.4168			-32.1103			11.5679			-0.1000			202.0000			-184.0000			-113.0000			
21.5465			-31.5600			9.2372			-0.7000			195.0000			-159.0000			-123.0000			
24.9355			-30.4595			5.7413			0.2000			187.0000			-132.0000			-134.0000			
28.3245			-31.5600			2.2454			-0.9000			177.0000			-107.0000			-143.0000			
31.7135			-29.3589			-1.2506			1.1000			166.0000			-82.0000			-150.0000			
33.9729			-29.3589			-4.1639			0.4000			153.0000			-55.0000			-157.0000			
35.6674			-28.2584			-7.0771			0.3000			139.0000			-28.0000			-163.0000			
34.5377			-24.4065			-8.8251			1.3000			120.0000			3.0000			-167.0000			
33.9729			-22.2054			-9.9904			1.7000			103.0000			32.0000			-169.0000			
32.8432			-21.1049			-11.1557			0.5000			84.0000			61.0000			-172.0000			
29.4542			-16.7027			-14.6517			-1.9000			65.0000			90.0000			-175.0000			
31.7135			-15.6022			-14.6517			1.4000			50.0000			114.0000			-175.0000			
33.4080			-14.5016			-16.9823			1.9000			35.0000			138.0000			-177.0000			
32.8432			-13.4011			-17.5649			1.8000			19.0000			163.0000			-175.0000			
32.8432			-10.0995			-20.4782			2.2000			3.0000			184.0000			-173.0000			
32.2784			-6.7979			-24.5568			0.9000			-15.0000			209.0000			-174.0000			
32.2784			-3.4962			-26.8874			1.8000			-31.0000			233.0000			-172.0000			
31.7135			-0.1946			-30.3834			1.1000			-45.0000			255.0000			-169.0000			
31.7135			3.6573			-34.4620			0.9000			-60.0000			275.0000			-167.0000			
31.7135			5.8584			-36.2099			1.3000			-73.0000			293.0000			-163.0000			
31.1487			7.5092			-37.3752			1.2000			-86.0000			305.0000			-157.0000			
31.7135			9.1600			-39.7059			1.1000			-99.0000			317.0000			-150.0000			
30.5839			11.3611			-39.7059			2.2000			-113.0000			326.0000			-140.0000			
28.8893			13.5622			-41.4538			0.9000			-127.0000			336.0000			-132.0000			
25.5003			13.5622			-37.9579			1.1000			-140.0000			341.0000			-121.0000			
23.8058			16.8638			-39.1232			1.5000			-151.0000			346.0000			-113.0000			
22.6761			19.6151			-40.2885			2.0000			-163.0000			348.0000			-101.0000			
19.2871			22.3665			-39.7059			1.9000			-173.0000			348.0000			-89.0000			
15.3333			23.4670			-38.5406			0.2000			-184.0000			346.0000			-74.0000			
11.9442			26.7686			-36.7926			1.9000			-195.0000			342.0000			-61.0000			
7.4255			28.9697			-33.8793			2.5000			-205.0000			339.0000			-48.0000			
3.4717			30.6205			-33.2967			0.7000			-215.0000			331.0000			-33.0000			
-0.4822			32.2714			-31.5487			0.2000			-222.0000			325.0000			-19.0000			
-3.3064			34.4724			-29.8007			1.3000			-227.0000			311.0000			-5.0000			
-6.6954			33.3719			-26.8874			-0.2000			-229.0000			297.0000			12.0000			
-7.8251			32.2714			-25.1395			-0.6000			-231.0000			280.0000			24.0000			
-8.9547			32.2714			-24.5568			-1.2000			-228.0000			261.0000			36.0000			
-11.2141			33.9222			-21.6435			1.0000			-226.0000			246.0000			47.0000			
-12.3438			35.0227			-23.3915			-0.7000			-222.0000			228.0000			58.0000			
-14.6031			34.4724			-21.0609			-1.1000			-218.0000			209.0000			67.0000			
-16.8624			33.3719			-17.5649			-1.0000			-212.0000			187.0000			77.0000			
-18.5570			32.8216			-15.8170			-1.5000			-205.0000			163.0000			87.0000			
-20.8163			32.2714			-11.7384			-0.2000			-194.0000			138.0000			96.0000			
-23.0757			31.1708			-9.4078			-1.3000			-186.0000			111.0000			106.0000			
-25.3350			30.0703			-5.9118			-1.1000			-176.0000			85.0000			115.0000			
-28.1592			28.4195			-2.4159			-2.1000			-166.0000			59.0000			125.0000			
-30.9834			26.7686			2.8280			-1.3000			-157.0000			31.0000			133.0000			
-32.6779			24.5676			6.9066			-1.2000			-145.0000			1.0000			142.0000			
-33.8076			22.9168			8.6546			-2.2000			-129.0000			-29.0000			149.0000			
-33.2427			19.0649			11.5679			-2.6000			-115.0000			-61.0000			155.0000			
-33.8076			19.0649			13.3158			-1.4000			-101.0000			-90.0000			160.0000			
-34.9372			16.8638			16.2291			-1.8000			-88.0000			-117.0000			165.0000			
-36.0669			14.6627			16.8118			-4.5000			-74.0000			-146.0000			169.0000			
-37.1966			14.6627			19.1424			-3.3000			-59.0000			-170.0000			171.0000			
-37.1966			14.6627			20.8903			-1.6000			-46.0000			-193.0000			170.0000			
-37.1966			12.4616			23.2210			-1.5000			-29.0000			-215.0000			169.0000			
-36.6317			8.6097			25.5516			-2.4000			-13.0000			-237.0000			165.0000			
-35.5021			5.3081			29.0475			-1.1000			5.0000			-257.0000			162.0000			
-33.8076			0.9059			31.3782			-1.5000			22.0000			-276.0000			156.0000			
-33.8076			-1.2951			34.2914			-0.8000			38.0000			-293.0000			152.0000			
-33.8076			-4.5968			36.6221			-1.7000			55.0000			-310.0000			145.0000			
-32.1130			-7.8984			36.0394			-3.9000			71.0000			-324.0000			138.0000			
-28.1592			-8.9989			36.0394			-1.1000			89.0000			-335.0000			128.0000			
-25.3350			-10.6497			34.8741			-1.1000			106.0000			-345.0000			117.0000			
-24.7702			-12.8508			34.8741			-2.7000			120.0000			-354.0000			108.0000			
-24.2053			-13.4011			36.6221			-0.9000			133.0000			-361.0000			99.0000			
-20.8163			-13.9514			32.5435			-2.2000			144.0000			-363.0000			87.0000			
-19.6866			-15.6022			33.1261			-2.1000			153.0000			-366.0000			78.0000			
-18.5570			-18.3535			34.8741			-2.0000			163.0000			-366.0000			66.0000			
-16.2976			-21.1049			35.4567			-1.9000			171.0000			-365.0000			56.0000			
-12.9086			-23.8562			35.4567			-1.3000			180.0000			-363.0000			43.0000			
-8.9547			-27.1579			35.4567			-0.6000			187.0000			-358.0000			34.0000			
-5.5657			-29.3589			34.8741			0.0000			191.0000			-354.0000			22.0000			
-1.0470			-32.6606			33.1261			-0.5000			198.0000			-346.0000			12.0000			
1.2123			-32.6606			30.7955			-0.6000			200.0000			-334.0000			-3.0000			
5.1662			-34.3114			28.4649			-0.6000			204.0000			-321.0000			-17.0000			
7.4255			-33.7611			27.8822			1.5000			205.0000			-304.0000			-31.0000			
9.6849			-33.7611			23.8036			-0.2000			206.0000			-288.0000			-45.0000			
13.6387			-35.4119			23.2210			1.4000			206.0000			-270.0000			-58.0000			
13.6387			-35.4119			22.0557			0.2000			204.0000			-251.0000			-69.0000			
15.8981			-34.3114			19.1424			0.7000			201.0000			-231.0000			-81.0000			
17.5926			-33.2108			15.6464			0.0000			196.0000			-207.0000			-94.0000			
19.8520			-32.6606			13.8985			1.0000			191.0000			-182.0000			-107.0000			
23.8058			-31.0098			10.4025			3.2000			184.0000			-156.0000			-118.0000			
26.0652			-31.0098			6.9066			1.9000			177.0000			-129.0000			-130.0000			
30.0190			-30.4595			2.2454			1.8000			167.0000			-101.0000			-139.0000			
32.8432			-29.9092			-1.8332			1.0000			158.0000			-75.0000			-149.0000			
36.2322			-28.8087			-5.3292			2.0000			146.0000			-46.0000			-157.0000			
37.3619			-27.1579			-8.2425			1.9000			131.0000			-19.0000			-163.0000			
37.3619			-25.5071			-9.9904			1.8000			115.0000			12.0000			-168.0000			
36.2322			-21.6552			-11.7384			2.8000			99.0000			40.0000			-172.0000			
33.9729			-19.4541			-13.4864			1.0000			82.0000			67.0000			-176.0000			
35.1025			-17.2530			-15.8170			2.0000			65.0000			96.0000			-179.0000			
35.1025			-15.6022			-16.3996			3.0000			51.0000			120.0000			-179.0000			
33.9729			-13.9514			-16.9823			3.0000			36.0000			143.0000			-180.0000			
33.9729			-12.8508			-19.3129			1.7000			20.0000			166.0000			-179.0000			
32.8432			-10.0995			-21.0609			1.6000			3.0000			189.0000			-176.0000			
32.8432			-5.6973			-23.3915			3.7000			-16.0000			212.0000			-174.0000			
31.7135			-3.4962			-27.4701			0.7000			-34.0000			235.0000			-171.0000			
31.1487			0.3557			-30.3834			1.1000			-51.0000			256.0000			-169.0000			
31.7135			3.1070			-32.7140			2.0000			-65.0000			275.0000			-165.0000			
31.7135			5.8584			-34.4620			3.1000			-79.0000			291.0000			-162.0000			
30.5839			6.9589			-36.2099			1.3000			-92.0000			304.0000			-155.0000			
29.4542			9.1600			-36.2099			2.4000			-106.0000			315.0000			-146.0000			
27.7597			10.8108			-37.9579			0.6000			-122.0000			327.0000			-137.0000			
27.1948			14.1124			-39.1232			2.1000			-135.0000			338.0000			-130.0000			
23.8058			16.3135			-37.3752			2.7000			-147.0000			343.0000			-121.0000			
22.6761			17.9643			-38.5406			2.1000			-155.0000			347.0000			-112.0000			
20.4168			19.6151			-39.1232			0.9000			-164.0000			349.0000			-101.0000			
18.1574			21.8162			-39.7059			0.2000			-177.0000			349.0000			-90.0000			
14.7684			24.5676			-39.1232			0.2000			-185.0000			348.0000			-77.0000			
10.8146			27.3189			-37.9579			0.1000			-196.0000			346.0000			-65.0000			
6.2959			29.5200			-35.6273			0.1000			-205.0000			341.0000			-52.0000			
2.9068			32.2714			-34.4620			0.7000			-213.0000			334.0000			-37.0000			
-2.1767			34.4724			-32.7140			-0.4000			-221.0000			326.0000			-24.0000			
-5.5657			35.0227			-30.9660			-1.5000			-225.0000			313.0000			-9.0000			
-7.8251			34.4724			-28.6354			-1.9000			-228.0000			297.0000			7.0000			
-10.0844			34.4724			-25.1395			-0.7000			-230.0000			280.0000			23.0000			
-12.3438			33.3719			-20.4782			0.5000			-230.0000			264.0000			36.0000			
-14.0383			33.9222			-22.2262			-2.3000			-230.0000			244.0000			50.0000			
-15.1679			34.4724			-20.4782			-1.1000			-227.0000			226.0000			60.0000			
-17.4273			34.4724			-18.1476			-1.1000			-222.0000			205.0000			70.0000			
-17.9921			33.9222			-16.3996			-0.4000			-213.0000			183.0000			80.0000			
-20.8163			32.8216			-14.0690			-2.0000			-206.0000			158.0000			90.0000			
-22.5108			32.2714			-11.1557			-1.3000			-196.0000			132.0000			100.0000			
-25.8998			31.7211			-7.6598			-1.8000			-187.0000			107.0000			111.0000			
-28.1592			30.6205			-4.1639			-1.7000			-177.0000			79.0000			119.0000			
-30.4185			28.4195			-0.0853			-2.0000			-165.0000			53.0000			126.0000			
-32.6779			26.7686			3.4107			-2.5000			-153.0000			24.0000			135.0000			
-33.8076			24.5676			6.9066			-2.3000			-138.0000			-5.0000			141.0000			
-33.8076			22.3665			8.0719			-3.3000			-122.0000			-36.0000			147.0000			
-33.2427			19.0649			11.5679			-2.6000			-108.0000			-65.0000			153.0000			
-33.2427			18.5146			11.5679			-3.1000			-93.0000			-93.0000			156.0000			
-33.2427			16.3135			15.6464			-1.2000			-79.0000			-122.0000			162.0000			
-31.5482			13.0119			16.2291			-2.3000			-64.0000			-150.0000			165.0000			
-34.9372			13.5622			17.9771			-3.4000			-51.0000			-174.0000			166.0000			
-35.5021			13.0119			20.3077			-2.1000			-37.0000			-195.0000			166.0000			
-35.5021			11.3611			22.6383			-1.4000			-23.0000			-217.0000			166.0000			
-36.6317			7.5092			25.5516			-3.5000			-8.0000			-238.0000			163.0000			
-36.0669			4.2076			29.0475			-2.8000			9.0000			-260.0000			160.0000			
-34.9372			0.3557			33.1261			-1.4000			23.0000			-278.0000			157.0000			
-33.8076			-2.9460			36.0394			-0.7000			39.0000			-295.0000			154.0000			
-34.9372			-6.2476			38.3700			-2.8000			54.0000			-310.0000			148.0000			
-33.2427			-8.9989			39.5353			-2.7000			69.0000			-323.0000			139.0000			
-30.4185			-10.0995			39.5353			-0.9000			87.0000			-335.0000			130.0000			
-27.5943			-12.3006			38.3700			-1.5000			103.0000			-346.0000			121.0000			
-26.4647			-15.0519			39.5353			-1.9000			117.0000			-355.0000			112.0000			
-25.3350			-16.7027			40.1180			-1.9000			130.0000			-362.0000			103.0000			
-20.2515			-16.7027			34.2914			-2.6000			145.0000			-366.0000			89.0000			
-18.5570			-17.8033			34.8741			-1.4000			155.0000			-369.0000			79.0000			
-16.8624			-20.0043			35.4567			-1.4000			166.0000			-369.0000			66.0000			
-14.6031			-22.7557			35.4567			-1.9000			175.0000			-366.0000			54.0000			
-10.0844			-25.5071			34.8741			-0.7000			184.0000			-365.0000			42.0000			
-6.1305			-28.2584			33.1261			-1.2000			194.0000			-361.0000			29.0000			
-3.3064			-31.5600			33.1261			-1.7000			201.0000			-355.0000			18.0000			
0.6475			-33.7611			31.3782			-1.7000			207.0000			-347.0000			4.0000			
4.0365			-33.2108			28.4649			-0.7000			208.0000			-334.0000			-10.0000			
5.7310			-33.2108			27.2996			-0.1000			210.0000			-320.0000			-23.0000			
7.9904			-33.7611			26.1343			0.3000			209.0000			-303.0000			-36.0000			
10.8146			-33.7611			23.2210			0.2000			209.0000			-286.0000			-49.0000			
11.9442			-33.7611			22.0557			0.2000			205.0000			-267.0000			-61.0000			
14.7684			-35.9622			20.8903			-0.3000			202.0000			-248.0000			-71.0000			
16.4629			-34.8616			19.7250			1.3000			197.0000			-227.0000			-81.0000			
17.0278			-32.6606			16.2291			0.5000			191.0000			-203.0000			-94.0000			
19.8520			-32.6606			13.8985			1.0000			183.0000			-178.0000			-105.0000			
22.6761			-32.6606			10.4025			0.4000			174.0000			-153.0000			-116.0000			
25.5003			-31.5600			6.9066			0.8000			168.0000			-125.0000			-127.0000			
28.3245			-30.4595			3.4107			1.2000			158.0000			-97.0000			-137.0000			
31.7135			-28.8087			-1.8332			1.0000			149.0000			-71.0000			-146.0000			
34.5377			-27.7081			-4.7465			2.0000			138.0000			-41.0000			-155.0000			
35.6674			-25.5071			-8.8251			1.3000			124.0000			-13.0000			-162.0000			
35.6674			-23.8562			-11.1557			0.6000			111.0000			17.0000			-168.0000			
36.2322			-20.5546			-12.9037			2.7000			95.0000			46.0000			-174.0000			
36.7971			-20.0043			-14.0690			2.7000			81.0000			73.0000			-177.0000			
37.9267			-19.4541			-18.7303			-0.2000			68.0000			99.0000			-181.0000			
37.3619			-16.1525			-19.8956			1.3000			55.0000			123.0000			-183.0000			
36.7971			-14.5016			-19.8956			2.3000			40.0000			145.0000			-182.0000			
36.2322			-12.3006			-21.6435			2.2000			24.0000			166.0000			-182.0000			
35.1025			-10.0995			-23.9742			1.0000			6.0000			190.0000			-180.0000			
35.6674			-5.6973			-26.8874			3.0000			-10.0000			212.0000			-178.0000			
33.9729			-1.8454			-29.2181			2.9000			-29.0000			235.0000			-175.0000			
33.4080			1.4562			-32.1313			2.7000			-47.0000			255.0000			-171.0000			
32.8432			4.2076			-34.4620			2.5000			-64.0000			275.0000			-167.0000			
31.1487			6.4086			-36.2099			1.3000			-80.0000			293.0000			-161.0000			
30.5839			8.0594			-36.7926			1.8000			-98.0000			306.0000			-152.0000			
28.3245			9.1600			-35.6273			1.8000			-113.0000			317.0000			-144.0000			
26.6300			11.9113			-36.7926			1.7000			-129.0000			328.0000			-134.0000			
24.9355			13.5622			-37.3752			1.1000			-143.0000			339.0000			-126.0000			
23.8058			16.3135			-39.7059			0.4000			-155.0000			346.0000			-118.0000			
20.4168			18.5146			-37.9579			0.9000			-166.0000			352.0000			-108.0000			
18.7223			20.1654			-37.3752			1.5000			-175.0000			353.0000			-97.0000			
16.4629			21.8162			-37.3752			0.8000			-185.0000			352.0000			-85.0000			
13.6387			24.0173			-37.3752			0.2000			-193.0000			350.0000			-73.0000			
10.2497			26.7686			-36.2099			0.8000			-199.0000			345.0000			-61.0000			
6.8607			28.9697			-36.2099			-0.3000			-206.0000			341.0000			-49.0000			
2.9068			31.1708			-34.4620			-0.3000			-212.0000			333.0000			-36.0000			
-0.4822			32.8216			-33.2967			-0.9000			-215.0000			323.0000			-23.0000			
-3.8712			34.4724			-30.3834			0.2000			-221.0000			311.0000			-9.0000			
-6.1305			33.3719			-28.6354			-1.3000			-222.0000			294.0000			6.0000			
-7.8251			33.3719			-25.1395			0.4000			-222.0000			276.0000			20.0000			
-11.2141			34.4724			-23.3915			-0.1000			-222.0000			257.0000			34.0000			
-12.3438			33.9222			-21.0609			0.5000			-221.0000			239.0000			46.0000			
-15.1679			33.9222			-21.0609			-2.3000			-220.0000			219.0000			58.0000			
-16.8624			33.9222			-18.1476			-1.0000			-217.0000			199.0000			69.0000			
-19.1218			32.8216			-15.8170			-2.1000			-210.0000			175.0000			82.0000			
-19.6866			32.8216			-12.9037			0.2000			-202.0000			151.0000			92.0000			
-22.5108			31.7211			-9.9904			-0.7000			-195.0000			126.0000			103.0000			
-25.8998			30.6205			-5.9118			-1.1000			-188.0000			100.0000			112.0000			
-29.8537			28.9697			-1.8332			-2.7000			-179.0000			76.0000			121.0000			
-33.2427			28.9697			2.2454			-2.0000			-170.0000			48.0000			132.0000			
-34.9372			27.8692			5.7413			-1.3000			-158.0000			20.0000			139.0000			
-36.6317			25.1178			8.0719			-3.4000			-142.0000			-9.0000			147.0000			
-36.6317			23.4670			10.4025			-2.7000			-126.0000			-39.0000			151.0000			
-36.0669			20.7157			13.3158			-2.0000			-111.0000			-67.0000			155.0000			
-36.0669			20.1654			13.8985			-2.0000			-96.0000			-94.0000			158.0000			
-37.7614			18.5146			16.8118			-2.4000			-83.0000			-120.0000			163.0000			
-33.8076			15.2130			17.9771			-0.6000			-65.0000			-148.0000			164.0000			
-35.5021			13.5622			19.1424			-2.7000			-50.0000			-172.0000			166.0000			
-34.9372			13.0119			20.3077			-1.6000			-34.0000			-197.0000			165.0000			
-34.3724			10.2605			22.0557			-2.0000			-17.0000			-219.0000			162.0000			
-34.9372			6.4086			26.1343			-2.4000			-1.0000			-241.0000			160.0000			
-33.8076			3.6573			29.6302			-0.5000			16.0000			-262.0000			158.0000			
-33.2427			-0.7449			31.9608			-2.0000			31.0000			-282.0000			154.0000			
-33.2427			-4.0465			35.4567			-1.8000			47.0000			-300.0000			151.0000			
-32.1130			-6.7979			36.6221			-2.2000			62.0000			-317.0000			145.0000			
-30.4185			-8.9989			37.7874			-1.6000			78.0000			-329.0000			137.0000			
-27.5943			-10.6497			37.2047			-1.0000			94.0000			-339.0000			127.0000			
-28.1592			-12.3006			39.5353			-0.9000			107.0000			-350.0000			119.0000			
-25.8998			-15.0519			40.1180			-0.8000			119.0000			-359.0000			111.0000			
-25.3350			-16.1525			40.1180			-1.3000			132.0000			-366.0000			101.0000			
-21.9460			-17.8033			37.2047			-2.5000			143.0000			-368.0000			90.0000			
-19.6866			-18.9038			36.6221			-1.9000			153.0000			-369.0000			79.0000			
-17.4273			-20.5546			36.6221			-1.3000			163.0000			-367.0000			67.0000			
-14.6031			-22.2054			36.6221			-0.1000			171.0000			-364.0000			55.0000			
-10.0844			-26.0573			36.0394			0.0000			180.0000			-361.0000			41.0000			
-6.6954			-28.8087			34.8741			-0.6000			188.0000			-358.0000			29.0000			
-3.3064			-31.5600			33.7088			-1.1000			196.0000			-352.0000			18.0000			
1.7772			-33.7611			31.9608			0.0000			203.0000			-344.0000			4.0000			
4.6014			-33.7611			29.0475			-0.1000			207.0000			-330.0000			-11.0000			
7.4255			-33.2108			26.1343			0.3000			211.0000			-314.0000			-26.0000			
9.6849			-33.7611			23.8036			-0.2000			211.0000			-299.0000			-40.0000			
10.8146			-33.7611			23.8036			0.8000			209.0000			-281.0000			-52.0000			
13.6387			-35.4119			22.0557			0.2000			211.0000			-265.0000			-64.0000			
14.7684			-34.3114			20.8903			1.3000			206.0000			-246.0000			-75.0000			
17.0278			-34.8616			19.1424			1.3000			201.0000			-225.0000			-86.0000			
18.7223			-33.2108			15.6464			1.1000			194.0000			-201.0000			-97.0000			
20.9816			-33.2108			12.1505			0.0000			187.0000			-177.0000			-108.0000			
23.8058			-32.6606			9.8199			0.9000			179.0000			-150.0000			-118.0000			
26.6300			-31.0098			5.7413			1.3000			170.0000			-124.0000			-129.0000			
29.4542			-31.0098			2.8280			1.2000			159.0000			-98.0000			-137.0000			
32.8432			-29.3589			-1.2506			2.2000			151.0000			-71.0000			-147.0000			
34.5377			-27.7081			-5.3292			1.5000			138.0000			-43.0000			-154.0000			
35.6674			-25.5071			-8.2425			1.9000			124.0000			-12.0000			-161.0000			
35.1025			-22.7557			-10.5731			1.7000			106.0000			18.0000			-167.0000			
34.5377			-20.5546			-11.7384			2.2000			91.0000			47.0000			-171.0000			
34.5377			-17.2530			-14.0690			3.2000			74.0000			77.0000			-176.0000			
35.6674			-17.2530			-17.5649			0.8000			62.0000			103.0000			-180.0000			
36.2322			-15.6022			-19.3129			1.3000			49.0000			127.0000			-181.0000			
35.6674			-13.4011			-19.8956			2.3000			35.0000			151.0000			-183.0000			
35.1025			-12.3006			-21.6435			1.1000			19.0000			173.0000			-182.0000			
35.1025			-9.5492			-23.9742			1.5000			2.0000			196.0000			-180.0000			
33.9729			-5.1470			-26.3048			2.5000			-17.0000			218.0000			-177.0000			
33.4080			-1.8454			-29.8007			1.7000			-33.0000			240.0000			-175.0000			
32.8432			0.3557			-32.7140			0.4000			-49.0000			261.0000			-171.0000			
32.8432			4.2076			-35.0446			1.9000			-64.0000			278.0000			-168.0000			
31.7135			6.4086			-37.3752			0.7000			-79.0000			294.0000			-162.0000			
31.7135			8.0594			-36.7926			2.9000			-95.0000			305.0000			-154.0000			
28.3245			10.2605			-36.7926			1.7000			-111.0000			318.0000			-144.0000			
27.7597			12.4616			-38.5406			1.6000			-128.0000			327.0000			-134.0000			
26.0652			15.7632			-38.5406			3.2000			-141.0000			337.0000			-125.0000			
23.8058			16.3135			-40.8712			-0.7000			-153.0000			345.0000			-115.0000			
22.6761			17.9643			-39.1232			1.5000			-164.0000			349.0000			-106.0000			
19.8520			19.0649			-37.3752			1.5000			-173.0000			351.0000			-95.0000			
15.8981			21.8162			-37.3752			0.3000			-184.0000			349.0000			-82.0000			
13.0739			24.0173			-36.7926			0.2000			-193.0000			347.0000			-70.0000			
9.1200			26.2184			-35.0446			0.2000			-202.0000			343.0000			-58.0000			
5.7310			29.5200			-34.4620			0.7000			-209.0000			339.0000			-45.0000			
1.7772			31.1708			-33.8793			-0.9000			-215.0000			331.0000			-33.0000			
-1.0470			33.9222			-32.1313			0.7000			-220.0000			323.0000			-20.0000			
-5.0009			34.4724			-30.9660			-1.4000			-223.0000			309.0000			-6.0000			
-7.8251			34.4724			-27.4701			-0.8000			-225.0000			293.0000			9.0000			
-9.5196			33.3719			-25.1395			-1.2000			-225.0000			275.0000			22.0000			
-11.2141			35.0227			-24.5568			-0.7000			-224.0000			258.0000			36.0000			
-14.0383			34.4724			-21.0609			-0.6000			-224.0000			239.0000			48.0000			
-15.1679			34.4724			-20.4782			-1.1000			-220.0000			220.0000			59.0000			
-16.8624			33.9222			-18.1476			-1.0000			-215.0000			199.0000			70.0000			
-18.5570			33.3719			-16.3996			-1.5000			-209.0000			175.0000			81.0000			
-20.8163			32.2714			-12.9037			-1.4000			-201.0000			151.0000			93.0000			
-23.0757			31.7211			-9.9904			-1.3000			-193.0000			123.0000			103.0000			
-25.8998			30.0703			-6.4945			-2.3000			-185.0000			97.0000			114.0000			
-29.2889			28.4195			-1.2506			-2.1000			-176.0000			71.0000			123.0000			
-32.6779			28.4195			2.2454			-2.0000			-166.0000			43.0000			132.0000			
-34.9372			26.7686			5.7413			-2.4000			-154.0000			17.0000			140.0000			
-36.0669			24.0173			8.6546			-3.4000			-138.0000			-15.0000			147.0000			
-36.0669			22.3665			10.4025			-3.3000			-123.0000			-44.0000			151.0000			
-36.0669			20.7157			13.3158			-2.0000			-107.0000			-73.0000			157.0000			
-36.6317			20.1654			14.4811			-1.9000			-95.0000			-100.0000			161.0000			
-36.6317			18.5146			16.2291			-1.8000			-80.0000			-126.0000			164.0000			
-35.5021			15.7632			18.5597			-1.1000			-65.0000			-153.0000			167.0000			
-35.5021			13.5622			19.7250			-2.2000			-49.0000			-176.0000			165.0000			
-36.0669			12.4616			19.7250			-3.8000			-33.0000			-198.0000			165.0000			
-35.5021			9.7103			22.6383			-3.1000			-17.0000			-220.0000			164.0000			
-34.3724			5.8584			25.5516			-2.9000			-1.0000			-242.0000			160.0000			
-34.9372			2.5567			29.0475			-3.3000			16.0000			-264.0000			157.0000			
-33.2427			-0.7449			31.9608			-2.0000			31.0000			-283.0000			155.0000			
-33.2427			-4.5968			34.8741			-2.9000			47.0000			-300.0000			150.0000			
-33.2427			-6.7979			37.2047			-2.8000			63.0000			-315.0000			143.0000			
-29.8537			-8.9989			36.6221			-2.2000			78.0000			-329.0000			135.0000			
-28.1592			-11.2000			37.2047			-2.1000			95.0000			-340.0000			127.0000			
-27.5943			-12.3006			37.7874			-2.1000			109.0000			-350.0000			116.0000			
-25.3350			-15.6022			38.9527			-1.9000			123.0000			-360.0000			108.0000			
-24.2053			-17.2530			39.5353			-1.9000			134.0000			-365.0000			100.0000			
-23.0757			-17.8033			39.5353			-1.3000			146.0000			-368.0000			88.0000			
-19.6866			-19.4541			37.7874			-1.3000			153.0000			-369.0000			77.0000			
-16.8624			-22.2054			36.0394			-3.0000			165.0000			-368.0000			65.0000			
-14.0383			-23.8562			36.0394			-1.8000			174.0000			-366.0000			53.0000			
-10.0844			-26.6076			34.8741			-1.8000			183.0000			-364.0000			40.0000			
-5.5657			-29.3589			34.2914			-0.6000			191.0000			-361.0000			29.0000			
-2.1767			-31.5600			33.7088			0.0000			197.0000			-353.0000			15.0000			
1.2123			-34.8616			31.9608			-1.6000			204.0000			-345.0000			3.0000			
5.1662			-34.8616			29.0475			-0.6000			207.0000			-330.0000			-13.0000			
7.9904			-34.3114			25.5516			-0.7000			208.0000			-313.0000			-27.0000			
9.6849			-33.7611			23.2210			-0.8000			209.0000			-297.0000			-41.0000			
11.3794			-35.4119			23.8036			-0.2000			209.0000			-280.0000			-54.0000			
13.6387			-34.8616			20.8903			-0.3000			207.0000			-262.0000			-65.0000			
15.3333			-34.8616			19.7250			0.1000			205.0000			-243.0000			-77.0000			
17.0278			-34.8616			17.9771			0.1000			198.0000			-222.0000			-88.0000			
17.5926			-33.2108			15.6464			0.0000			193.0000			-198.0000			-99.0000			
20.4168			-33.2108			12.1505			-0.6000			186.0000			-172.0000			-109.0000			
23.2410			-31.5600			9.2372			0.9000			178.0000			-147.0000			-120.0000			
26.0652			-31.0098			5.7413			0.7000			169.0000			-120.0000			-130.0000			
28.8893			-29.9092			1.0800			0.0000			158.0000			-93.0000			-140.0000			
32.8432			-29.3589			-2.4159			1.0000			148.0000			-66.0000			-148.0000			
35.1025			-27.1579			-5.3292			2.6000			135.0000			-38.0000			-156.0000			
35.6674			-25.5071			-9.4078			0.7000			122.0000			-8.0000			-163.0000			
35.6674			-22.2054			-11.7384			1.7000			105.0000			21.0000			-168.0000			
35.1025			-20.5546			-12.9037			1.6000			89.0000			51.0000			-171.0000			
34.5377			-17.8033			-14.0690			2.6000			74.0000			81.0000			-176.0000			
35.6674			-17.2530			-16.3996			2.0000			62.0000			106.0000			-179.0000			
36.2322			-17.2530			-18.7303			0.2000			49.0000			128.0000			-181.0000			
36.2322			-13.4011			-19.8956			2.9000			33.0000			152.0000			-182.0000			
35.1025			-11.7503			-22.8089			0.5000			18.0000			174.0000			-181.0000			
35.1025			-9.5492			-23.3915			2.1000			-1.0000			197.0000			-179.0000			
33.4080			-5.1470			-27.4701			0.7000			-19.0000			222.0000			-177.0000			
32.8432			-1.2951			-29.8007			1.7000			-36.0000			243.0000			-175.0000			
32.8432			2.0065			-32.7140			2.1000			-50.0000			263.0000			-171.0000			
32.8432			4.2076			-35.6273			1.4000			-67.0000			281.0000			-167.0000			
32.2784			5.8584			-38.5406			-0.4000			-82.0000			295.0000			-161.0000			
31.7135			8.6097			-38.5406			1.7000			-97.0000			309.0000			-152.0000			
28.8893			10.8108			-37.3752			2.3000			-112.0000			319.0000			-142.0000			
27.1948			11.9113			-38.5406			0.5000			-128.0000			330.0000			-133.0000			
24.3706			14.6627			-38.5406			0.4000			-145.0000			342.0000			-124.0000			
23.8058			16.3135			-41.4538			-1.3000			-156.0000			347.0000			-115.0000			
22.6761			17.9643			-40.8712			-0.2000			-165.0000			350.0000			-105.0000			
19.2871			19.0649			-37.9579			0.3000			-175.0000			352.0000			-94.0000			
15.3333			21.8162			-37.3752			-0.2000			-185.0000			350.0000			-82.0000			
11.9442			24.5676			-36.7926			-0.2000			-195.0000			348.0000			-69.0000			
8.5552			26.2184			-34.4620			0.3000			-202.0000			345.0000			-56.0000			
5.7310			28.4195			-34.4620			-0.3000			-211.0000			338.0000			-44.0000			
1.7772			30.6205			-33.8793			-1.4000			-216.0000			331.0000			-31.0000			
-1.6119			32.8216			-32.1313			-0.9000			-221.0000			319.0000			-18.0000			
-5.0009			34.4724			-30.3834			-0.9000			-222.0000			308.0000			-5.0000			
-7.8251			33.9222			-28.0528			-1.9000			-225.0000			290.0000			10.0000			
-8.9547			32.8216			-25.1395			-1.2000			-223.0000			272.0000			24.0000			
-12.3438			35.0227			-23.9742			-1.2000			-224.0000			255.0000			37.0000			
-14.0383			34.4724			-21.0609			-0.6000			-223.0000			236.0000			50.0000			
-15.1679			34.4724			-19.8956			-0.5000			-220.0000			216.0000			61.0000			
-16.8624			32.8216			-18.1476			-2.1000			-214.0000			196.0000			71.0000			
-18.5570			32.2714			-15.8170			-2.1000			-207.0000			171.0000			83.0000			
-20.8163			31.7211			-13.4864			-2.5000			-199.0000			145.0000			94.0000			
-23.6405			31.7211			-9.4078			-1.3000			-192.0000			120.0000			103.0000			
-26.4647			30.0703			-5.3292			-1.7000			-184.0000			95.0000			115.0000			
-29.2889			28.4195			-1.2506			-2.1000			-174.0000			68.0000			123.0000			
-32.6779			27.8692			2.8280			-1.9000			-165.0000			40.0000			133.0000			
-34.3724			25.6681			5.7413			-2.9000			-152.0000			11.0000			140.0000			
-36.0669			24.5676			8.6546			-2.8000			-137.0000			-17.0000			146.0000			
-36.0669			22.3665			10.4025			-3.3000			-123.0000			-46.0000			151.0000			
-36.6317			21.2659			12.7332			-2.6000			-107.0000			-75.0000			156.0000			
-36.6317			19.0649			15.0638			-2.5000			-93.0000			-102.0000			161.0000			
-37.7614			19.0649			16.8118			-1.8000			-80.0000			-129.0000			165.0000			
-36.6317			16.8638			18.5597			-1.2000			-62.0000			-157.0000			166.0000			
-36.0669			15.2130			19.7250			-1.1000			-49.0000			-179.0000			166.0000			
-35.5021			13.0119			20.8903			-1.5000			-32.0000			-201.0000			165.0000			
-35.5021			10.2605			22.6383			-2.5000			-16.0000			-223.0000			164.0000			
-34.9372			6.4086			26.7169			-1.8000			2.0000			-245.0000			159.0000			
-34.3724			2.0065			30.2128			-2.1000			19.0000			-267.0000			159.0000			
-33.2427			-1.8454			31.9608			-3.1000			34.0000			-286.0000			154.0000			
-32.6779			-4.5968			35.4567			-1.8000			50.0000			-304.0000			148.0000			
-32.6779			-6.7979			37.2047			-2.2000			65.0000			-318.0000			143.0000			
-30.4185			-8.9989			37.7874			-1.6000			81.0000			-331.0000			133.0000			
-27.0295			-11.2000			36.6221			-1.6000			97.0000			-342.0000			125.0000			
-26.4647			-13.4011			38.3700			-1.4000			112.0000			-353.0000			116.0000			
-25.3350			-15.6022			39.5353			-1.4000			125.0000			-362.0000			108.0000			
-24.2053			-17.8033			39.5353			-2.4000			137.0000			-367.0000			98.0000			
-23.6405			-18.3535			40.7007			-1.2000			147.0000			-369.0000			87.0000			
-20.2515			-19.4541			38.3700			-1.3000			155.0000			-369.0000			75.0000			
-17.4273			-21.6552			37.2047			-1.8000			166.0000			-368.0000			63.0000			
-14.0383			-24.4065			36.6221			-1.8000			174.0000			-366.0000			51.0000			
-9.5196			-26.6076			34.8741			-1.2000			183.0000			-363.0000			38.0000			
-5.0009			-30.4595			33.7088			-1.7000			191.0000			-359.0000			27.0000			
-2.1767			-32.1103			33.1261			-1.1000			197.0000			-352.0000			15.0000			
1.7772			-34.3114			31.3782			-1.1000			203.0000			-341.0000			-1.0000			
5.1662			-35.4119			30.2128			0.0000			207.0000			-327.0000			-13.0000			
6.8607			-34.3114			26.1343			-1.3000			207.0000			-311.0000			-29.0000			
9.6849			-33.2108			23.8036			0.2000			207.0000			-294.0000			-41.0000			
11.3794			-35.4119			23.2210			-0.8000			209.0000			-277.0000			-55.0000			
13.6387			-34.8616			21.4730			0.2000			207.0000			-259.0000			-67.0000			
15.8981			-34.8616			19.7250			0.7000			205.0000			-241.0000			-77.0000			
16.4629			-34.3114			17.9771			0.1000			199.0000			-218.0000			-89.0000			
18.7223			-33.2108			15.0638			0.5000			192.0000			-194.0000			-100.0000			
21.5465			-31.5600			12.1505			2.1000			184.0000			-169.0000			-111.0000			
23.8058			-32.6606			8.6546			-0.2000			176.0000			-145.0000			-122.0000			
27.7597			-31.0098			4.5760			1.3000			169.0000			-118.0000			-132.0000			
30.5839			-30.4595			0.4974			0.6000			158.0000			-90.0000			-141.0000			
33.9729			-28.8087			-2.9985			2.1000			148.0000			-63.0000			-150.0000			
36.7971			-27.1579			-7.0771			2.5000			134.0000			-35.0000			-157.0000			
36.2322			-26.0573			-9.9904			0.1000			120.0000			-5.0000			-164.0000			
35.1025			-22.7557			-11.7384			0.6000			104.0000			25.0000			-169.0000			
34.5377			-21.1049			-13.4864			0.0000			88.0000			55.0000			-172.0000			
33.4080			-16.1525			-14.6517			2.6000			73.0000			83.0000			-177.0000			
35.1025			-18.3535			-16.3996			0.3000			60.0000			108.0000			-180.0000			
36.2322			-16.7027			-18.7303			0.7000			45.0000			133.0000			-182.0000			
35.1025			-13.9514			-20.4782			0.6000			31.0000			155.0000			-182.0000			
35.1025			-11.7503			-22.2262			1.1000			15.0000			178.0000			-181.0000			
33.9729			-8.4487			-24.5568			0.9000			-3.0000			201.0000			-179.0000			
33.4080			-4.5968			-27.4701			1.3000			-22.0000			225.0000			-177.0000			
32.8432			-1.2951			-30.3834			1.1000			-38.0000			247.0000			-173.0000			
33.4080			2.5567			-33.2967			2.6000			-53.0000			266.0000			-170.0000			
32.8432			4.7578			-36.2099			1.3000			-70.0000			284.0000			-166.0000			
32.2784			6.9589			-37.9579			1.2000			-85.0000			298.0000			-159.0000			
30.5839			8.6097			-38.5406			0.6000			-101.0000			310.0000			-151.0000			
28.3245			10.2605			-36.7926			1.7000			-115.0000			322.0000			-141.0000			
26.0652			12.4616			-37.9579			0.5000			-130.0000			331.0000			-132.0000			
24.3706			14.1124			-38.5406			0.0000			-145.0000			339.0000			-122.0000			
23.2410			16.8638			-39.7059			0.3000			-157.0000			347.0000			-113.0000			
22.1113			18.5146			-39.7059			0.9000			-166.0000			350.0000			-103.0000			
19.2871			20.1654			-38.5406			0.9000			-177.0000			350.0000			-93.0000			
15.3333			22.3665			-37.3752			0.3000			-186.0000			349.0000			-80.0000			
11.9442			25.1178			-36.7926			0.2000			-194.0000			346.0000			-68.0000			
7.9904			27.8692			-36.2099			-0.3000			-204.0000			342.0000			-54.0000			
5.7310			30.0703			-35.0446			0.7000			-210.0000			339.0000			-43.0000			
1.2123			32.2714			-34.4620			-0.9000			-217.0000			331.0000			-30.0000			
-2.7415			34.4724			-32.1313			-0.3000			-222.0000			319.0000			-17.0000			
-5.5657			35.0227			-29.8007			-0.3000			-225.0000			305.0000			-2.0000			
-8.3899			34.4724			-26.8874			-0.8000			-225.0000			288.0000			12.0000			
-10.6492			33.3719			-24.5568			-1.8000			-225.0000			271.0000			27.0000			
-12.3438			35.5730			-23.9742			-0.7000			-225.0000			253.0000			39.0000			
-14.6031			35.5730			-21.0609			0.0000			-223.0000			235.0000			51.0000			
-16.8624			34.4724			-19.8956			-2.2000			-219.0000			215.0000			63.0000			
-17.9921			33.3719			-17.5649			-2.1000			-214.0000			192.0000			72.0000			
-19.1218			33.3719			-15.8170			-1.5000			-207.0000			170.0000			84.0000			
-21.9460			33.3719			-11.7384			-0.3000			-199.0000			143.0000			95.0000			
-24.7702			31.7211			-9.9904			-3.0000			-191.0000			118.0000			106.0000			
-27.0295			30.6205			-5.9118			-2.3000			-183.0000			90.0000			116.0000			
-29.8537			28.9697			-1.8332			-2.7000			-174.0000			65.0000			126.0000			
-33.8076			28.4195			2.8280			-2.5000			-163.0000			38.0000			133.0000			
-35.5021			26.2184			5.7413			-3.5000			-149.0000			9.0000			141.0000			
-36.6317			25.1178			8.6546			-2.8000			-135.0000			-21.0000			147.0000			
-36.0669			22.3665			10.9852			-2.7000			-120.0000			-50.0000			153.0000			
-34.9372			20.1654			12.7332			-2.0000			-105.0000			-80.0000			157.0000			
-36.0669			17.4140			15.0638			-3.5000			-90.0000			-107.0000			161.0000			
-38.3262			18.5146			16.2291			-3.5000			-75.0000			-134.0000			164.0000			
-38.3262			16.8638			18.5597			-2.9000			-61.0000			-159.0000			166.0000			
-37.1966			14.6627			20.3077			-2.2000			-45.0000			-183.0000			166.0000			
-35.5021			12.4616			22.0557			-0.9000			-29.0000			-206.0000			165.0000			
-36.0669			9.1600			24.3863			-2.5000			-13.0000			-227.0000			162.0000			
-36.0669			5.3081			26.7169			-4.0000			4.0000			-248.0000			160.0000			
-34.9372			2.5567			30.2128			-2.1000			20.0000			-269.0000			157.0000			
-34.3724			-1.8454			34.2914			-1.9000			35.0000			-288.0000			154.0000			
-34.3724			-4.5968			36.6221			-2.3000			50.0000			-305.0000			149.0000			
-32.6779			-7.3481			37.7874			-2.2000			67.0000			-319.0000			142.0000			
-30.4185			-10.0995			38.3700			-2.1000			83.0000			-332.0000			134.0000			
-27.0295			-11.7503			36.6221			-2.1000			98.0000			-342.0000			124.0000			
-27.0295			-13.4011			38.3700			-2.0000			115.0000			-353.0000			114.0000			
-25.3350			-15.0519			38.9527			-1.4000			126.0000			-361.0000			106.0000			
-23.6405			-16.7027			39.5353			-0.8000			139.0000			-366.0000			95.0000			
-23.0757			-18.9038			41.2833			-0.7000			148.0000			-369.0000			85.0000			
-20.2515			-20.0043			38.9527			-1.3000			157.0000			-369.0000			74.0000			
-16.8624			-22.2054			37.2047			-1.8000			167.0000			-367.0000			62.0000			
-14.0383			-24.9568			36.6221			-2.3000			176.0000			-365.0000			50.0000			
-8.9547			-26.6076			34.8741			-0.6000			186.0000			-363.0000			36.0000			
-4.4360			-30.4595			33.1261			-1.7000			193.0000			-358.0000			25.0000			
-1.6119			-33.2108			33.7088			-1.1000			199.0000			-350.0000			13.0000			
2.9068			-34.8616			31.9608			0.0000			204.0000			-339.0000			-2.0000			
5.7310			-35.4119			30.2128			0.5000			207.0000			-326.0000			-17.0000			
7.9904			-34.8616			26.7169			-0.1000			207.0000			-309.0000			-31.0000			
9.6849			-33.7611			23.8036			-0.2000			209.0000			-293.0000			-43.0000			
11.9442			-35.4119			23.2210			-0.2000			207.0000			-275.0000			-56.0000			
13.6387			-34.8616			21.4730			0.2000			207.0000			-258.0000			-67.0000			
15.8981			-35.4119			19.1424			-0.3000			202.0000			-238.0000			-79.0000			
16.4629			-34.3114			17.9771			0.1000			196.0000			-216.0000			-90.0000			
18.7223			-33.7611			14.4811			-0.5000			191.0000			-192.0000			-101.0000			
21.5465			-33.7611			11.5679			-0.6000			183.0000			-168.0000			-113.0000			
24.3706			-32.6606			8.0719			-0.2000			174.0000			-141.0000			-123.0000			
27.1948			-31.5600			3.9933			-0.3000			166.0000			-113.0000			-133.0000			
30.5839			-30.4595			0.4974			0.6000			157.0000			-86.0000			-142.0000			
33.9729			-28.8087			-2.9985			2.1000			147.0000			-59.0000			-151.0000			
35.6674			-27.1579			-7.0771			1.4000			133.0000			-29.0000			-158.0000			
36.2322			-25.5071			-9.4078			1.3000			118.0000			-1.0000			-164.0000			
35.6674			-22.7557			-11.7384			1.1000			103.0000			28.0000			-169.0000			
35.1025			-20.0043			-13.4864			1.6000			85.0000			59.0000			-173.0000			
33.4080			-16.7027			-15.2343			1.4000			71.0000			87.0000			-178.0000			
35.6674			-17.8033			-16.3996			1.4000			59.0000			110.0000			-181.0000			
36.2322			-16.7027			-18.7303			0.7000			44.0000			135.0000			-183.0000			
35.6674			-13.9514			-20.4782			1.2000			29.0000			158.0000			-182.0000			
35.1025			-11.2000			-22.2262			1.6000			13.0000			180.0000			-181.0000			
34.5377			-7.8984			-24.5568			2.0000			-5.0000			203.0000			-179.0000			
33.9729			-4.0465			-28.0528			1.8000			-22.0000			226.0000			-177.0000			
33.4080			-0.7449			-30.9660			1.6000			-39.0000			248.0000			-173.0000			
32.8432			3.1070			-33.2967			2.6000			-56.0000			269.0000			-170.0000			
32.8432			5.3081			-36.2099			1.9000			-71.0000			286.0000			-164.0000			
31.7135			6.9589			-37.9579			0.7000			-87.0000			300.0000			-157.0000			
30.5839			9.1600			-37.3752			2.3000			-103.0000			311.0000			-149.0000			
28.3245			10.2605			-37.3752			1.2000			-117.0000			323.0000			-140.0000			
26.6300			12.4616			-37.9579			1.1000			-132.0000			332.0000			-131.0000			
23.2410			14.1124			-36.2099			1.1000			-147.0000			340.0000			-120.0000			
23.2410			16.3135			-37.9579			1.5000			-157.0000			347.0000			-113.0000			
21.5465			19.0649			-39.7059			0.9000			-167.0000			351.0000			-103.0000			
18.1574			20.1654			-38.5406			-0.2000			-178.0000			351.0000			-90.0000			
14.2036			22.3665			-37.9579			-1.3000			-186.0000			349.0000			-78.0000			
11.9442			25.6681			-37.3752			0.2000			-196.0000			346.0000			-66.0000			
7.4255			27.8692			-35.6273			-0.3000			-204.0000			343.0000			-54.0000			
5.1662			30.0703			-34.4620			0.7000			-211.0000			337.0000			-41.0000			
0.6475			32.2714			-33.2967			-0.3000			-217.0000			329.0000			-29.0000			
-3.3064			33.3719			-32.7140			-2.6000			-221.0000			319.0000			-15.0000			
-6.1305			35.0227			-29.8007			-0.9000			-225.0000			303.0000			-1.0000			
-7.8251			33.9222			-26.8874			-0.7000			-225.0000			287.0000			15.0000			
-10.0844			33.3719			-23.9742			-0.6000			-225.0000			268.0000			27.0000			
-12.9086			35.0227			-23.9742			-1.8000			-224.0000			251.0000			40.0000			
-14.6031			34.4724			-22.2262			-2.3000			-222.0000			231.0000			52.0000			
-16.2976			34.4724			-18.7303			-0.5000			-219.0000			212.0000			64.0000			
-17.4273			33.3719			-16.9823			-1.0000			-214.0000			190.0000			74.0000			
-19.6866			32.2714			-15.2343			-2.6000			-206.0000			166.0000			86.0000			
-22.5108			32.2714			-11.7384			-1.9000			-198.0000			140.0000			97.0000			
-24.7702			31.7211			-8.8251			-1.8000			-193.0000			114.0000			108.0000			
-27.5943			30.6205			-4.7465			-1.7000			-183.0000			87.0000			117.0000			
-30.4185			29.5200			-0.6679			-1.5000			-173.0000			61.0000			126.0000			
-33.8076			27.8692			3.4107			-2.5000			-161.0000			34.0000			135.0000			
-36.6317			26.7686			6.9066			-2.9000			-149.0000			6.0000			142.0000			
-37.1966			24.5676			9.8199			-2.8000			-134.0000			-25.0000			148.0000			
-36.0669			21.8162			10.9852			-3.2000			-119.0000			-54.0000			153.0000			
-35.5021			20.1654			12.7332			-2.6000			-102.0000			-83.0000			158.0000			
-36.0669			17.9643			15.0638			-3.0000			-89.0000			-110.0000			162.0000			
-37.1966			16.8638			16.2291			-4.1000			-73.0000			-137.0000			165.0000			
-37.1966			16.8638			17.9771			-2.3000			-58.0000			-162.0000			167.0000			
-37.1966			14.1124			20.3077			-2.7000			-45.0000			-185.0000			165.0000			
-36.0669			12.4616			20.8903			-2.7000			-28.0000			-207.0000			165.0000			
-35.5021			9.1600			23.8036			-2.5000			-10.0000			-229.0000			161.0000			
-34.3724			4.7578			27.8822			-1.7000			6.0000			-251.0000			158.0000			
-34.9372			0.9059			30.7955			-3.2000			21.0000			-271.0000			157.0000			
-33.2427			-1.8454			33.7088			-1.3000			37.0000			-291.0000			152.0000			
-33.8076			-5.1470			36.0394			-2.9000			53.0000			-307.0000			148.0000			
-32.1130			-7.8984			37.2047			-2.8000			69.0000			-322.0000			142.0000			
-29.8537			-9.5492			38.3700			-1.0000			84.0000			-333.0000			132.0000			
-27.5943			-11.7503			37.2047			-2.1000			102.0000			-344.0000			124.0000			
-27.0295			-13.9514			38.9527			-2.0000			115.0000			-354.0000			115.0000			
-25.8998			-15.6022			39.5353			-1.9000			126.0000			-363.0000			106.0000			
-22.5108			-16.7027			38.3700			-0.8000			139.0000			-366.0000			94.0000			
-21.3811			-17.8033			40.1180			0.9000			149.0000			-369.0000			85.0000			
-19.6866			-20.0043			38.9527			-0.7000			158.0000			-368.0000			74.0000			
-16.2976			-22.2054			38.3700			-0.1000			168.0000			-367.0000			60.0000			
-12.3438			-24.9568			36.0394			-1.2000			178.0000			-366.0000			49.0000			
-8.3899			-27.7081			34.8741			-1.2000			187.0000			-362.0000			36.0000			
-4.4360			-30.4595			34.2914			-0.6000			193.0000			-358.0000			23.0000			
-1.0470			-33.2108			33.1261			-1.1000			200.0000			-350.0000			11.0000			
2.3420			-33.7611			31.3782			0.0000			204.0000			-338.0000			-3.0000			
5.7310			-34.3114			29.6302			1.0000			208.0000			-324.0000			-18.0000			
7.4255			-34.8616			25.5516			-1.8000			210.0000			-308.0000			-32.0000			
9.6849			-32.6606			22.6383			-0.3000			209.0000			-290.0000			-45.0000			
11.9442			-35.4119			23.8036			0.3000			209.0000			-273.0000			-57.0000			
13.6387			-35.9622			22.0557			-0.2000			207.0000			-256.0000			-69.0000			
15.8981			-35.4119			19.1424			-0.3000			203.0000			-236.0000			-81.0000			
17.0278			-33.2108			17.3944			1.2000			197.0000			-212.0000			-91.0000			
19.2871			-33.2108			14.4811			0.5000			190.0000			-189.0000			-103.0000			
22.1113			-33.2108			12.1505			1.0000			182.0000			-162.0000			-113.0000			
24.3706			-32.6606			8.0719			-0.2000			174.0000			-137.0000			-124.0000			
28.3245			-31.0098			3.9933			1.3000			166.0000			-111.0000			-134.0000			
31.1487			-29.9092			-0.6679			0.5000			155.0000			-84.0000			-144.0000			
34.5377			-29.3589			-3.5812			1.6000			145.0000			-56.0000			-150.0000			
35.6674			-28.2584			-7.0771			0.3000			131.0000			-27.0000			-159.0000			
35.6674			-24.9568			-9.4078			1.3000			115.0000			4.0000			-164.0000			
35.6674			-22.2054			-11.7384			1.7000			100.0000			33.0000			-170.0000			
35.1025			-20.5546			-13.4864			1.0000			84.0000			61.0000			-174.0000			
33.4080			-18.3535			-15.8170			-0.7000			68.0000			91.0000			-179.0000			
35.1025			-16.7027			-15.8170			2.5000			57.0000			115.0000			-181.0000			
36.2322			-16.7027			-18.7303			0.7000			43.0000			138.0000			-182.0000			
35.6674			-13.9514			-20.4782			1.2000			27.0000			161.0000			-182.0000			
35.1025			-11.2000			-22.2262			1.6000			10.0000			185.0000			-181.0000			
34.5377			-6.7979			-25.1395			2.6000			-6.0000			207.0000			-179.0000			
33.9729			-4.0465			-28.0528			1.8000			-24.0000			231.0000			-177.0000			
33.4080			-0.1946			-31.5487			1.6000			-41.0000			252.0000			-173.0000			
32.8432			3.6573			-33.8793			2.6000			-57.0000			271.0000			-170.0000			
32.8432			5.3081			-36.7926			1.3000			-73.0000			287.0000			-165.0000			
31.7135			7.5092			-37.9579			1.2000			-88.0000			302.0000			-158.0000			
30.5839			9.1600			-37.9579			1.7000			-104.0000			315.0000			-148.0000			
27.1948			10.8108			-36.7926			1.2000			-119.0000			325.0000			-137.0000			
26.6300			13.0119			-39.1232			0.5000			-134.0000			335.0000			-131.0000			
23.2410			13.5622			-35.0446			1.7000			-148.0000			341.0000			-120.0000			
22.1113			15.7632			-36.2099			1.6000			-159.0000			349.0000			-112.0000			
20.4168			18.5146			-39.1232			-0.1000			-170.0000			351.0000			-101.0000			
18.1574			21.2659			-37.3752			2.0000			-178.0000			351.0000			-89.0000			
14.2036			22.9168			-37.3752			-0.2000			-188.0000			349.0000			-76.0000			
11.3794			25.6681			-36.7926			0.2000			-197.0000			346.0000			-65.0000			
6.8607			28.9697			-35.0446			0.7000			-205.0000			342.0000			-52.0000			
4.0365			30.0703			-33.8793			0.2000			-212.0000			336.0000			-40.0000			
0.6475			32.2714			-32.7140			0.2000			-218.0000			328.0000			-27.0000			
-3.3064			34.4724			-31.5487			-0.3000			-223.0000			317.0000			-13.0000			
-7.2602			35.0227			-28.6354			-0.8000			-224.0000			301.0000			1.0000			
-8.3899			33.3719			-25.7221			-0.7000			-224.0000			284.0000			17.0000			
-10.6492			34.4724			-23.3915			0.4000			-225.0000			267.0000			29.0000			
-12.3438			35.0227			-22.8089			-0.1000			-225.0000			249.0000			41.0000			
-15.1679			35.0227			-22.2262			-2.3000			-222.0000			230.0000			54.0000			
-16.8624			34.4724			-18.7303			-1.1000			-219.0000			211.0000			65.0000			
-17.4273			33.3719			-16.3996			-0.4000			-211.0000			187.0000			75.0000			
-19.1218			32.8216			-15.2343			-1.5000			-205.0000			162.0000			86.0000			
-22.5108			32.2714			-11.7384			-1.9000			-197.0000			136.0000			97.0000			
-24.7702			31.7211			-8.8251			-1.8000			-188.0000			110.0000			109.0000			
-28.1592			30.0703			-4.1639			-2.2000			-181.0000			84.0000			119.0000			
-31.5482			28.9697			0.4974			-2.0000			-171.0000			58.0000			127.0000			
-34.3724			27.3189			3.4107			-3.6000			-160.0000			29.0000			135.0000			
-36.0669			25.6681			6.9066			-3.5000			-147.0000			1.0000			144.0000			
-36.6317			23.4670			9.8199			-3.3000			-130.0000			-30.0000			149.0000			
-36.0669			21.2659			12.1505			-2.6000			-116.0000			-59.0000			154.0000			
-36.0669			20.7157			12.7332			-2.6000			-101.0000			-87.0000			158.0000			
-36.6317			17.9643			16.2291			-2.4000			-87.0000			-114.0000			163.0000			
-35.5021			15.7632			16.2291			-3.5000			-71.0000			-140.0000			167.0000			
-37.1966			16.3135			17.9771			-2.9000			-57.0000			-165.0000			166.0000			
-36.6317			14.1124			20.8903			-1.6000			-42.0000			-189.0000			167.0000			
-34.9372			11.9113			20.8903			-2.1000			-24.0000			-212.0000			163.0000			
-35.5021			8.6097			24.3863			-2.5000			-9.0000			-233.0000			162.0000			
-34.3724			4.7578			27.8822			-1.7000			8.0000			-254.0000			159.0000			
-33.8076			-0.1946			31.3782			-2.6000			25.0000			-275.0000			156.0000			
-33.2427			-2.9460			34.2914			-1.8000			40.0000			-293.0000			153.0000			
-33.2427			-5.6973			36.6221			-2.3000			56.0000			-310.0000			147.0000			
-32.1130			-7.8984			37.7874			-2.2000			71.0000			-324.0000			139.0000			
-29.2889			-10.0995			37.2047			-2.1000			88.0000			-335.0000			130.0000			
-28.1592			-11.7503			37.7874			-2.1000			103.0000			-345.0000			120.0000			
-25.8998			-13.9514			38.3700			-1.4000			119.0000			-355.0000			113.0000			
-25.8998			-15.0519			40.1180			-0.8000			129.0000			-364.0000			106.0000			
-21.3811			-16.1525			36.6221			-0.9000			142.0000			-367.0000			94.0000			
-20.2515			-17.8033			37.2047			-0.8000			151.0000			-370.0000			82.0000			
-19.1218			-20.0043			37.7874			-1.3000			160.0000			-370.0000			71.0000			
-16.2976			-22.2054			37.2047			-1.3000			170.0000			-367.0000			58.0000			
-12.3438			-24.4065			36.0394			-0.7000			180.0000			-365.0000			46.0000			
-7.8251			-27.1579			34.8741			-0.1000			187.0000			-361.0000			35.0000			
-3.8712			-30.4595			33.1261			-1.2000			194.0000			-357.0000			23.0000			
0.0827			-33.2108			31.9608			-1.1000			200.0000			-348.0000			10.0000			
2.9068			-33.2108			30.2128			0.0000			205.0000			-336.0000			-5.0000			
5.7310			-33.7611			27.8822			-0.1000			207.0000			-321.0000			-19.0000			
7.9904			-33.7611			25.5516			-0.2000			207.0000			-305.0000			-33.0000			
10.2497			-34.3114			23.8036			-0.2000			209.0000			-288.0000			-46.0000			
11.9442			-35.4119			22.0557			-1.4000			208.0000			-271.0000			-59.0000			
13.0739			-35.4119			21.4730			-0.8000			207.0000			-252.0000			-70.0000			
15.3333			-34.8616			19.1424			-0.3000			202.0000			-232.0000			-81.0000			
17.5926			-33.2108			16.8118			1.1000			197.0000			-209.0000			-93.0000			
19.2871			-33.2108			13.8985			0.0000			189.0000			-185.0000			-104.0000			
22.1113			-32.6606			10.9852			0.4000			182.0000			-161.0000			-115.0000			
24.9355			-31.5600			8.0719			1.4000			174.0000			-133.0000			-126.0000			
28.3245			-31.0098			3.9933			1.3000			165.0000			-107.0000			-136.0000			
31.7135			-29.3589			-1.2506			1.1000			154.0000			-81.0000			-143.0000			
34.5377			-28.8087			-3.5812			2.1000			143.0000			-52.0000			-153.0000			
35.1025			-26.6076			-7.6598			0.8000			129.0000			-22.0000			-160.0000			
35.6674			-23.8562			-9.9904			1.8000			113.0000			8.0000			-166.0000			
35.1025			-21.6552			-11.7384			1.7000			97.0000			37.0000			-171.0000			
35.1025			-20.5546			-12.9037			1.6000			82.0000			66.0000			-175.0000			
35.6674			-17.8033			-16.3996			1.4000			67.0000			94.0000			-179.0000			
35.1025			-16.1525			-16.9823			1.9000			55.0000			118.0000			-181.0000			
36.2322			-15.6022			-18.7303			1.8000			41.0000			141.0000			-183.0000			
35.6674			-13.4011			-20.4782			1.7000			25.0000			164.0000			-182.0000			
35.1025			-10.6497			-22.2262			2.2000			9.0000			187.0000			-180.0000			
33.9729			-6.2476			-25.1395			2.5000			-9.0000			211.0000			-178.0000			
33.4080			-3.4962			-28.0528			1.8000			-27.0000			233.0000			-176.0000			
32.8432			0.3557			-31.5487			1.6000			-43.0000			254.0000			-172.0000			
31.7135			3.6573			-34.4620			0.9000			-60.0000			274.0000			-169.0000			
32.8432			5.8584			-36.2099			2.4000			-75.0000			290.0000			-163.0000			
31.1487			7.5092			-36.7926			1.8000			-90.0000			303.0000			-155.0000			
29.4542			9.1600			-37.3752			1.2000			-107.0000			315.0000			-147.0000			
28.3245			10.8108			-37.9579			1.1000			-122.0000			326.0000			-137.0000			
26.0652			14.1124			-38.5406			1.6000			-137.0000			336.0000			-129.0000			
23.8058			14.6627			-35.6273			2.8000			-150.0000			343.0000			-120.0000			
22.1113			16.3135			-36.7926			1.6000			-160.0000			348.0000			-110.0000			
20.4168			19.0649			-37.3752			2.1000			-169.0000			350.0000			-101.0000			
18.1574			21.2659			-36.7926			2.6000			-180.0000			349.0000			-88.0000			
14.2036			22.9168			-36.7926			0.3000			-189.0000			349.0000			-75.0000			
10.8146			25.1178			-35.6273			0.2000			-198.0000			346.0000			-62.0000			
6.8607			27.3189			-33.8793			0.2000			-206.0000			341.0000			-49.0000			
3.4717			29.5200			-32.7140			0.2000			-213.0000			335.0000			-38.0000			
-0.4822			32.2714			-31.5487			0.2000			-219.0000			326.0000			-26.0000			
-3.8712			33.9222			-30.3834			-0.3000			-222.0000			314.0000			-12.0000			
-6.6954			33.9222			-28.0528			-0.8000			-225.0000			299.0000			4.0000			
-7.8251			32.8216			-25.1395			-0.1000			-225.0000			280.0000			17.0000			
-11.7789			34.4724			-23.3915			-0.6000			-225.0000			263.0000			31.0000			
-12.3438			34.4724			-22.2262			0.0000			-225.0000			247.0000			44.0000			
-14.6031			35.0227			-22.2262			-1.8000			-221.0000			226.0000			55.0000			
-15.7328			34.4724			-18.7303			0.0000			-216.0000			207.0000			67.0000			
-17.9921			32.8216			-15.8170			-0.9000			-211.0000			184.0000			77.0000			
-19.6866			32.2714			-13.4864			-0.9000			-204.0000			159.0000			87.0000			
-21.9460			31.7211			-11.1557			-1.3000			-197.0000			134.0000			99.0000			
-24.7702			30.6205			-7.6598			-1.8000			-189.0000			108.0000			110.0000			
-27.5943			30.0703			-3.5812			-1.0000			-180.0000			80.0000			119.0000			
-30.4185			28.4195			0.4974			-1.5000			-169.0000			55.0000			129.0000			
-33.8076			27.3189			4.5760			-1.9000			-157.0000			27.0000			136.0000			
-36.0669			25.1178			8.6546			-2.3000			-145.0000			-3.0000			143.0000			
-35.5021			22.9168			9.8199			-2.7000			-129.0000			-33.0000			150.0000			
-36.0669			20.1654			11.5679			-4.3000			-114.0000			-61.0000			155.0000			
-36.0669			19.6151			13.8985			-2.5000			-98.0000			-91.0000			159.0000			
-36.6317			17.4140			16.2291			-2.9000			-85.0000			-118.0000			163.0000			
-34.3724			14.1124			17.3944			-2.8000			-69.0000			-146.0000			165.0000			
-36.0669			14.6627			17.9771			-3.4000			-54.0000			-169.0000			167.0000			
-35.5021			13.5622			19.1424			-2.7000			-39.0000			-191.0000			166.0000			
-35.5021			10.8108			22.0557			-2.6000			-23.0000			-215.0000			164.0000			
-34.9372			7.5092			24.9689			-2.4000			-7.0000			-236.0000			162.0000			
-34.9372			4.2076			28.4649			-2.2000			11.0000			-258.0000			159.0000			
-34.3724			0.3557			31.9608			-2.0000			27.0000			-276.0000			156.0000			
-33.2427			-2.9460			34.2914			-1.8000			42.0000			-295.0000			151.0000			
-33.2427			-5.1470			36.6221			-1.7000			58.0000			-312.0000			146.0000			
-31.5482			-7.3481			38.3700			-0.5000			72.0000			-324.0000			139.0000			
-28.7240			-10.6497			37.7874			-1.5000			89.0000			-338.0000			129.0000			
-27.5943			-12.8508			38.3700			-2.0000			106.0000			-348.0000			121.0000			
-25.8998			-13.9514			38.3700			-1.4000			119.0000			-358.0000			112.0000			
-25.3350			-16.1525			39.5353			-1.9000			132.0000			-364.0000			103.0000			
-21.3811			-16.7027			35.4567			-2.6000			144.0000			-367.0000			91.0000			
-20.2515			-17.8033			36.0394			-2.0000			152.0000			-369.0000			82.0000			
-17.9921			-20.0043			36.6221			-1.3000			161.0000			-369.0000			69.0000			
-16.2976			-22.7557			36.6221			-2.4000			171.0000			-367.0000			57.0000			
-12.3438			-24.9568			36.0394			-1.2000			180.0000			-364.0000			45.0000			
-7.2602			-27.7081			34.8741			0.0000			188.0000			-361.0000			33.0000			
-3.8712			-30.4595			33.7088			-0.6000			196.0000			-355.0000			20.0000			
0.0827			-33.2108			31.9608			-1.1000			202.0000			-348.0000			7.0000			
2.9068			-33.2108			29.6302			-0.6000			206.0000			-334.0000			-8.0000			
5.7310			-33.2108			26.7169			-0.7000			207.0000			-320.0000			-22.0000			
8.5552			-34.3114			25.5516			-0.2000			209.0000			-303.0000			-35.0000			
11.3794			-34.8616			23.2210			-0.2000			209.0000			-285.0000			-49.0000			
13.6387			-34.8616			22.6383			1.4000			209.0000			-269.0000			-62.0000			
14.7684			-35.4119			21.4730			0.8000			206.0000			-250.0000			-72.0000			
15.8981			-34.8616			19.7250			0.7000			202.0000			-229.0000			-84.0000			
17.5926			-33.2108			16.8118			1.1000			196.0000			-206.0000			-95.0000			
20.4168			-33.2108			14.4811			1.6000			187.0000			-182.0000			-105.0000			
22.6761			-32.6606			11.5679			1.5000			181.0000			-156.0000			-117.0000			
24.9355			-31.0098			7.4893			1.4000			172.0000			-129.0000			-128.0000			
29.4542			-30.4595			3.4107			2.4000			163.0000			-102.0000			-137.0000			
32.2784			-29.3589			-1.2506			1.6000			153.0000			-75.0000			-146.0000			
35.1025			-28.2584			-4.7465			2.0000			141.0000			-48.0000			-153.0000			
36.2322			-26.6076			-7.6598			1.9000			128.0000			-18.0000			-161.0000			
35.6674			-24.4065			-10.5731			0.6000			111.0000			12.0000			-166.0000			
34.5377			-21.1049			-11.7384			1.6000			96.0000			41.0000			-171.0000			
35.6674			-20.0043			-14.6517			1.0000			80.0000			70.0000			-175.0000			
37.3619			-18.3535			-17.5649			1.4000			66.0000			97.0000			-180.0000			
36.2322			-16.1525			-18.1476			1.9000			53.0000			121.0000			-182.0000			
36.2322			-15.0519			-19.3129			1.8000			40.0000			144.0000			-182.0000			
35.6674			-12.8508			-20.4782			2.3000			23.0000			166.0000			-181.0000			
35.1025			-10.0995			-22.8089			2.1000			6.0000			189.0000			-180.0000			
35.1025			-6.2476			-26.3048			2.5000			-12.0000			213.0000			-178.0000			
33.4080			-2.9460			-29.2181			1.2000			-30.0000			236.0000			-176.0000			
33.9729			0.3557			-32.1313			2.1000			-45.0000			256.0000			-172.0000			
32.8432			4.2076			-34.4620			2.5000			-62.0000			276.0000			-168.0000			
32.8432			6.4086			-37.3752			1.8000			-76.0000			292.0000			-162.0000			
31.7135			7.5092			-37.3752			1.8000			-92.0000			305.0000			-155.0000			
29.4542			9.1600			-37.3752			1.2000			-108.0000			315.0000			-145.0000			
27.7597			12.4616			-38.5406			1.6000			-124.0000			327.0000			-136.0000			
26.0652			14.6627			-38.5406			2.1000			-139.0000			337.0000			-128.0000			
24.3706			15.7632			-37.3752			2.7000			-152.0000			345.0000			-118.0000			
21.5465			16.8638			-36.7926			1.6000			-162.0000			350.0000			-109.0000			
19.8520			19.0649			-37.3752			1.5000			-172.0000			351.0000			-99.0000			
17.0278			21.2659			-37.9579			0.3000			-181.0000			350.0000			-86.0000			
13.6387			23.4670			-36.7926			0.3000			-192.0000			349.0000			-73.0000			
10.8146			26.2184			-36.7926			0.2000			-200.0000			346.0000			-61.0000			
6.2959			28.9697			-35.6273			-0.3000			-208.0000			342.0000			-49.0000			
3.4717			30.6205			-33.2967			0.7000			-214.0000			334.0000			-37.0000			
-0.4822			32.8216			-32.1313			0.2000			-219.0000			325.0000			-24.0000			
-3.8712			34.4724			-30.3834			0.2000			-223.0000			312.0000			-10.0000			
-6.1305			34.4724			-28.0528			0.2000			-224.0000			296.0000			5.0000			
-8.3899			33.3719			-25.7221			-0.7000			-225.0000			279.0000			20.0000			
-11.2141			34.4724			-23.3915			-0.1000			-225.0000			262.0000			32.0000			
-13.4734			35.0227			-21.6435			0.0000			-225.0000			243.0000			46.0000			
-14.6031			35.0227			-21.0609			-0.6000			-221.0000			224.0000			57.0000			
-16.8624			34.4724			-19.3129			-1.7000			-217.0000			204.0000			69.0000			
-17.9921			32.8216			-15.2343			-0.4000			-210.0000			180.0000			79.0000			
-20.2515			32.2714			-14.0690			-2.0000			-203.0000			155.0000			90.0000			
-22.5108			31.7211			-10.5731			-1.3000			-196.0000			129.0000			101.0000			
-25.8998			30.6205			-7.0771			-2.3000			-188.0000			103.0000			112.0000			
-29.2889			29.5200			-2.9985			-2.7000			-178.0000			78.0000			122.0000			
-31.5482			28.4195			1.0800			-2.0000			-169.0000			50.0000			129.0000			
-34.9372			26.7686			4.5760			-3.6000			-157.0000			22.0000			137.0000			
-35.5021			25.6681			8.0719			-1.7000			-142.0000			-7.0000			145.0000			
-36.6317			23.4670			9.8199			-3.3000			-128.0000			-37.0000			150.0000			
-35.5021			19.6151			12.1505			-3.7000			-111.0000			-65.0000			154.0000			
-36.6317			19.6151			14.4811			-2.5000			-97.0000			-94.0000			159.0000			
-36.6317			17.4140			17.3944			-1.8000			-84.0000			-121.0000			163.0000			
-33.8076			14.1124			17.9771			-1.7000			-66.0000			-149.0000			166.0000			
-36.0669			14.1124			17.9771			-3.9000			-53.0000			-172.0000			167.0000			
-36.0669			13.0119			20.8903			-2.1000			-37.0000			-194.0000			165.0000			
-35.5021			10.8108			21.4730			-3.2000			-19.0000			-217.0000			164.0000			
-34.9372			6.9589			25.5516			-2.4000			-3.0000			-238.0000			162.0000			
-34.3724			3.6573			29.0475			-1.6000			13.0000			-260.0000			159.0000			
-33.8076			-0.1946			31.9608			-2.0000			28.0000			-279.0000			156.0000			
-32.6779			-4.0465			35.4567			-1.2000			45.0000			-298.0000			151.0000			
-33.2427			-6.2476			37.7874			-1.6000			59.0000			-313.0000			145.0000			
-31.5482			-8.4487			38.3700			-1.6000			77.0000			-327.0000			138.0000			
-28.1592			-9.5492			38.3700			0.6000			92.0000			-338.0000			129.0000			
-27.5943			-12.3006			38.9527			-0.9000			107.0000			-348.0000			119.0000			
-25.8998			-13.9514			38.9527			-0.9000			121.0000			-359.0000			111.0000			
-25.8998			-16.1525			40.7007			-1.3000			131.0000			-366.0000			103.0000			
-22.5108			-17.8033			36.0394			-4.2000			143.0000			-369.0000			89.0000			
-19.6866			-17.8033			34.8741			-2.6000			153.0000			-370.0000			80.0000			
-17.4273			-21.1049			37.2047			-1.3000			161.0000			-369.0000			67.0000			
-14.6031			-23.3060			37.2047			-0.7000			171.0000			-366.0000			55.0000			
-10.6492			-26.0573			36.6221			0.0000			181.0000			-364.0000			43.0000			
-6.6954			-29.3589			35.4567			-0.6000			189.0000			-361.0000			30.0000			
-2.7415			-31.5600			33.7088			-0.5000			196.0000			-355.0000			18.0000			
0.6475			-33.7611			31.9608			-1.1000			201.0000			-345.0000			5.0000			
4.0365			-33.7611			29.0475			-0.6000			205.0000			-332.0000			-9.0000			
5.7310			-33.7611			27.2996			-0.7000			207.0000			-317.0000			-23.0000			
7.9904			-33.2108			24.3863			-0.8000			209.0000			-299.0000			-38.0000			
10.8146			-34.8616			23.8036			-0.2000			210.0000			-284.0000			-51.0000			
13.6387			-34.8616			22.0557			0.8000			209.0000			-266.0000			-62.0000			
14.7684			-34.8616			20.8903			0.7000			206.0000			-247.0000			-74.0000			
16.4629			-35.4119			19.1424			0.1000			202.0000			-226.0000			-85.0000			
18.7223			-33.7611			16.2291			1.1000			194.0000			-202.0000			-97.0000			
20.4168			-33.2108			12.7332			0.0000			187.0000			-177.0000			-107.0000			
22.1113			-33.2108			10.9852			-0.1000			179.0000			-153.0000			-118.0000			
26.0652			-31.5600			6.3239			0.8000			170.0000			-126.0000			-129.0000			
29.4542			-31.5600			2.8280			0.7000			163.0000			-99.0000			-138.0000			
32.8432			-29.3589			-1.8332			1.6000			151.0000			-74.0000			-147.0000			
35.1025			-28.8087			-5.9118			0.3000			139.0000			-44.0000			-154.0000			
35.6674			-25.5071			-8.8251			1.3000			125.0000			-15.0000			-161.0000			
36.2322			-23.3060			-9.9904			2.9000			108.0000			15.0000			-166.0000			
33.9729			-21.1049			-12.9037			0.0000			93.0000			45.0000			-172.0000			
36.2322			-19.4541			-14.6517			2.1000			77.0000			73.0000			-176.0000			
37.3619			-18.3535			-17.5649			1.4000			65.0000			100.0000			-180.0000			
36.2322			-16.1525			-19.3129			0.7000			51.0000			125.0000			-182.0000			
36.2322			-14.5016			-20.4782			1.2000			36.0000			149.0000			-183.0000			
35.6674			-12.3006			-21.0609			2.3000			20.0000			171.0000			-182.0000			
35.1025			-8.9989			-23.9742			2.1000			3.0000			194.0000			-179.0000			
33.9729			-5.6973			-26.8874			1.3000			-14.0000			216.0000			-178.0000			
34.5377			-1.8454			-29.8007			2.8000			-32.0000			239.0000			-176.0000			
34.5377			0.9059			-32.7140			2.7000			-49.0000			261.0000			-173.0000			
33.4080			4.7578			-35.6273			2.5000			-64.0000			278.0000			-168.0000			
32.8432			6.4086			-37.9579			1.2000			-79.0000			294.0000			-161.0000			
31.7135			8.0594			-38.5406			1.2000			-93.0000			307.0000			-154.0000			
29.4542			9.7103			-37.3752			1.7000			-110.0000			317.0000			-144.0000			
27.7597			12.4616			-38.5406			1.6000			-126.0000			327.0000			-135.0000			
26.0652			14.6627			-37.9579			2.7000			-139.0000			338.0000			-127.0000			
24.9355			16.8638			-40.2885			1.5000			-152.0000			344.0000			-117.0000			
21.5465			17.4140			-39.7059			-0.7000			-162.0000			350.0000			-108.0000			
19.8520			19.0649			-37.9579			0.9000			-173.0000			350.0000			-97.0000			
16.4629			21.8162			-37.3752			0.8000			-182.0000			349.0000			-84.0000			
13.6387			24.0173			-37.3752			0.2000			-193.0000			348.0000			-71.0000			
9.6849			26.7686			-36.2099			0.2000			-201.0000			343.0000			-59.0000			
6.8607			28.4195			-35.0446			0.2000			-208.0000			339.0000			-47.0000			
2.9068			31.7211			-33.8793			0.7000			-215.0000			333.0000			-35.0000			
-1.6119			33.3719			-32.7140			-0.9000			-220.0000			323.0000			-22.0000			
-5.0009			34.4724			-30.3834			-0.9000			-223.0000			311.0000			-8.0000			
-6.6954			35.0227			-28.0528			0.2000			-225.0000			294.0000			7.0000			
-8.3899			32.8216			-25.7221			-1.2000			-225.0000			277.0000			22.0000			
-11.7789			35.0227			-22.8089			0.4000			-225.0000			259.0000			35.0000			
-13.4734			34.4724			-21.0609			0.0000			-225.0000			241.0000			47.0000			
-15.1679			34.4724			-21.0609			-1.7000			-222.0000			223.0000			57.0000			
-16.8624			34.4724			-19.3129			-1.7000			-216.0000			201.0000			69.0000			
-18.5570			33.3719			-15.8170			-1.0000			-210.0000			178.0000			80.0000			
-20.8163			32.2714			-12.9037			-1.4000			-202.0000			152.0000			91.0000			
-23.0757			31.7211			-9.4078			-0.7000			-194.0000			125.0000			102.0000			
-25.8998			31.1708			-5.9118			-0.6000			-186.0000			100.0000			114.0000			
-29.8537			28.9697			-2.4159			-3.2000			-177.0000			74.0000			122.0000			
-32.6779			28.4195			1.0800			-3.1000			-168.0000			47.0000			132.0000			
-34.9372			26.7686			5.1586			-3.0000			-155.0000			19.0000			140.0000			
-36.6317			25.6681			8.0719			-2.8000			-141.0000			-11.0000			146.0000			
-36.0669			22.9168			10.9852			-2.1000			-125.0000			-41.0000			151.0000			
-34.9372			19.6151			13.3158			-2.0000			-110.0000			-70.0000			156.0000			
-35.5021			19.6151			13.8985			-1.9000			-95.0000			-98.0000			159.0000			
-37.1966			17.9643			16.8118			-2.4000			-82.0000			-125.0000			164.0000			
-34.9372			15.2130			18.5597			-1.1000			-65.0000			-151.0000			165.0000			
-36.0669			13.0119			19.1424			-3.9000			-51.0000			-174.0000			167.0000			
-36.0669			13.0119			20.8903			-2.1000			-36.0000			-197.0000			165.0000			
-36.0669			10.2605			22.6383			-3.1000			-19.0000			-220.0000			163.0000			
-34.3724			6.9589			25.5516			-1.8000			-1.0000			-242.0000			161.0000			
-34.9372			3.6573			29.6302			-1.6000			15.0000			-263.0000			158.0000			
-34.3724			-0.1946			33.1261			-1.4000			30.0000			-282.0000			155.0000			
-33.2427			-4.0465			35.4567			-1.8000			46.0000			-300.0000			151.0000			
-33.2427			-5.6973			38.3700			-0.5000			61.0000			-315.0000			144.0000			
-31.5482			-8.9989			38.9527			-1.5000			77.0000			-328.0000			136.0000			
-28.7240			-10.6497			37.7874			-1.5000			93.0000			-339.0000			127.0000			
-27.0295			-12.3006			38.9527			-0.3000			109.0000			-351.0000			118.0000			
-25.3350			-15.0519			38.9527			-1.4000			123.0000			-360.0000			110.0000			
-25.3350			-16.1525			40.7007			-0.7000			133.0000			-366.0000			100.0000			
-21.9460			-18.3535			38.3700			-1.9000			145.0000			-369.0000			89.0000			
-19.6866			-18.9038			37.2047			-1.3000			153.0000			-372.0000			79.0000			
-16.2976			-21.1049			37.2047			-0.2000			163.0000			-369.0000			66.0000			
-14.0383			-23.3060			36.6221			-0.7000			173.0000			-367.0000			53.0000			
-11.2141			-26.6076			36.0394			-1.7000			182.0000			-364.0000			42.0000			
-6.1305			-28.2584			35.4567			1.0000			190.0000			-360.0000			30.0000			
-2.7415			-30.4595			33.7088			0.5000			196.0000			-353.0000			17.0000			
0.6475			-34.3114			32.5435			-1.1000			202.0000			-344.0000			4.0000			
4.6014			-33.7611			29.0475			-0.1000			205.0000			-331.0000			-11.0000			
6.8607			-33.7611			26.7169			-0.1000			207.0000			-315.0000			-25.0000			
9.1200			-33.7611			24.3863			-0.2000			210.0000			-299.0000			-39.0000			
10.8146			-34.8616			24.3863			0.3000			208.0000			-281.0000			-53.0000			
13.6387			-34.3114			21.4730			0.7000			207.0000			-264.0000			-65.0000			
15.3333			-34.8616			20.8903			1.3000			205.0000			-245.0000			-75.0000			
16.4629			-34.3114			19.1424			1.2000			199.0000			-225.0000			-86.0000			
18.7223			-33.7611			16.2291			1.1000			193.0000			-201.0000			-98.0000			
21.5465			-32.1103			13.3158			2.7000			185.0000			-175.0000			-108.0000			
23.8058			-31.5600			9.8199			2.0000			178.0000			-148.0000			-119.0000			
26.0652			-30.4595			6.9066			2.5000			169.0000			-123.0000			-130.0000			
30.0190			-29.9092			2.2454			2.3000			160.0000			-96.0000			-140.0000			
33.9729			-29.3589			-1.8332			2.7000			150.0000			-69.0000			-147.0000			
35.1025			-28.2584			-5.9118			0.9000			138.0000			-41.0000			-156.0000			
36.2322			-26.0573			-8.2425			1.9000			123.0000			-12.0000			-162.0000			
35.6674			-23.3060			-10.5731			1.7000			107.0000			19.0000			-168.0000			
34.5377			-20.0043			-12.3210			2.2000			91.0000			49.0000			-172.0000			
35.1025			-18.3535			-14.0690			2.6000			76.0000			78.0000			-177.0000			
37.3619			-18.3535			-16.9823			2.0000			62.0000			103.0000			-181.0000			
36.2322			-16.1525			-18.7303			1.3000			48.0000			127.0000			-182.0000			
35.6674			-13.9514			-19.8956			1.8000			35.0000			151.0000			-183.0000			
35.1025			-12.3006			-21.0609			1.7000			18.0000			173.0000			-181.0000			
35.1025			-8.9989			-23.3915			2.7000			2.0000			195.0000			-181.0000			
33.9729			-4.5968			-26.3048			3.0000			-17.0000			219.0000			-178.0000			
33.4080			-1.2951			-29.2181			2.8000			-34.0000			241.0000			-175.0000			
32.8432			0.9059			-32.7140			1.0000			-51.0000			263.0000			-171.0000			
32.2784			4.2076			-35.0446			1.4000			-65.0000			280.0000			-167.0000			
32.2784			6.4086			-37.3752			1.3000			-81.0000			295.0000			-161.0000			
31.7135			8.6097			-37.9579			2.3000			-97.0000			307.0000			-153.0000			
28.8893			10.2605			-36.7926			2.3000			-113.0000			319.0000			-144.0000			
27.1948			13.0119			-38.5406			1.6000			-129.0000			330.0000			-135.0000			
26.0652			14.6627			-39.1232			1.5000			-144.0000			339.0000			-125.0000			
24.9355			16.8638			-41.4538			0.3000			-155.0000			346.0000			-116.0000			
22.1113			17.9643			-39.7059			0.3000			-163.0000			350.0000			-107.0000			
19.8520			19.6151			-37.3752			2.0000			-174.0000			351.0000			-96.0000			
16.4629			21.8162			-37.3752			0.8000			-184.0000			350.0000			-83.0000			
13.6387			24.5676			-36.2099			1.9000			-193.0000			347.0000			-70.0000			
9.6849			26.7686			-35.6273			0.8000			-201.0000			344.0000			-59.0000			
5.7310			29.5200			-34.4620			0.7000			-209.0000			339.0000			-46.0000			
2.9068			31.1708			-33.8793			0.2000			-216.0000			331.0000			-33.0000			
-1.6119			33.9222			-32.1313			0.1000			-219.0000			321.0000			-20.0000			
-5.0009			34.4724			-30.3834			-0.9000			-223.0000			309.0000			-6.0000			
-7.2602			34.4724			-28.0528			-0.8000			-225.0000			292.0000			9.0000			
-8.9547			33.9222			-25.1395			-0.1000			-225.0000			274.0000			23.0000			
-11.2141			34.4724			-23.3915			-0.1000			-225.0000			256.0000			36.0000			
-14.0383			35.0227			-20.4782			0.5000			-224.0000			237.0000			49.0000			
-15.1679			34.4724			-19.8956			-0.5000			-221.0000			219.0000			58.0000			
-16.2976			33.9222			-18.1476			-0.5000			-216.0000			199.0000			71.0000			
-18.5570			33.3719			-15.8170			-1.0000			-209.0000			174.0000			83.0000			
-21.3811			33.3719			-12.9037			-0.9000			-201.0000			150.0000			93.0000			
-23.6405			32.2714			-9.4078			-0.7000			-194.0000			123.0000			103.0000			
-25.8998			30.0703			-5.9118			-1.7000			-185.0000			95.0000			114.0000			
-29.2889			30.0703			-2.4159			-1.6000			-175.0000			70.0000			123.0000			
-31.5482			27.8692			2.2454			-1.4000			-165.0000			43.0000			132.0000			
-34.9372			26.7686			5.7413			-2.4000			-153.0000			15.0000			140.0000			
-36.6317			25.6681			9.2372			-1.7000			-139.0000			-14.0000			146.0000			
-36.0669			23.4670			10.9852			-1.6000			-123.0000			-44.0000			151.0000			
-34.9372			20.1654			12.1505			-2.6000			-107.0000			-74.0000			156.0000			
-35.5021			18.5146			13.8985			-3.0000			-94.0000			-101.0000			161.0000			
-37.1966			18.5146			16.2291			-2.4000			-81.0000			-128.0000			164.0000			
-34.9372			16.3135			17.9771			-0.6000			-63.0000			-154.0000			166.0000			
-34.9372			14.1124			19.7250			-1.1000			-49.0000			-178.0000			166.0000			
-34.9372			12.4616			20.8903			-1.5000			-32.0000			-201.0000			166.0000			
-34.9372			9.7103			22.0557			-3.1000			-16.0000			-223.0000			162.0000			
-34.3724			6.4086			26.7169			-1.2000			1.0000			-245.0000			161.0000			
-33.8076			2.0065			29.6302			-2.1000			17.0000			-265.0000			157.0000			
-32.6779			-0.7449			32.5435			-0.8000			33.0000			-285.0000			155.0000			
-33.2427			-4.5968			35.4567			-2.3000			47.0000			-302.0000			150.0000			
-32.1130			-6.7979			37.2047			-1.7000			63.0000			-317.0000			143.0000			
-30.4185			-8.9989			37.2047			-2.2000			79.0000			-329.0000			136.0000			
-27.5943			-11.2000			36.6221			-2.1000			95.0000			-342.0000			126.0000			
-27.0295			-12.8508			38.3700			-1.5000			111.0000			-352.0000			116.0000			
-24.2053			-15.6022			39.5353			-0.2000			124.0000			-362.0000			108.0000			
-24.2053			-16.7027			39.5353			-1.3000			135.0000			-367.0000			99.0000			
-23.0757			-18.3535			40.1180			-1.3000			145.0000			-369.0000			88.0000			
-19.6866			-18.9038			37.2047			-1.3000			154.0000			-370.0000			77.0000			
-16.8624			-20.5546			37.2047			-0.2000			164.0000			-369.0000			64.0000			
-13.4734			-23.3060			36.6221			-0.1000			174.0000			-366.0000			51.0000			
-10.0844			-26.0573			35.4567			-0.6000			183.0000			-364.0000			40.0000			
-6.1305			-29.3589			34.8741			-0.6000			191.0000			-359.0000			26.0000			
