-56.1926			7.6276			49.7795			1.2000			-89.0000			-74.0000			141.0000			
-57.2926			4.4338			52.5379			-0.3000			-79.0000			-86.0000			139.0000			
-57.2926			2.8368			54.7446			0.3000			-71.0000			-93.0000			136.0000			
-59.4926			1.2399			55.8480			-2.3000			-62.0000			-103.0000			132.0000			
-55.0927			-2.4863			55.8480			-1.7000			-53.0000			-112.0000			128.0000			
-47.3928			-11.0032			57.5030			-0.8000			-44.0000			-121.0000			123.0000			
-45.7429			-10.4709			55.2963			-0.9000			-34.0000			-130.0000			120.0000			
-38.5930			-16.8586			54.1929			-1.2000			-23.0000			-138.0000			113.0000			
-33.0932			-21.6494			52.5379			-2.1000			-11.0000			-147.0000			103.0000			
-33.0932			-25.3756			56.9514			-1.5000			2.0000			-153.0000			95.0000			
-30.8932			-26.4402			55.8480			-1.4000			12.0000			-160.0000			87.0000			
-26.4933			-29.6341			54.7446			-1.3000			22.0000			-165.0000			79.0000			
-17.1435			-34.4249			51.9862			0.4000			31.0000			-167.0000			70.0000			
-11.6436			-40.8126			53.0896			0.6000			41.0000			-170.0000			61.0000			
-10.5437			-45.6034			55.8480			-0.2000			48.0000			-173.0000			53.0000			
-5.0438			-49.8619			55.2963			0.3000			57.0000			-172.0000			41.0000			
-3.3938			-53.5880			55.8480			-1.1000			65.0000			-171.0000			31.0000			
-3.9438			-54.1203			55.8480			-2.2000			73.0000			-171.0000			20.0000			
8.1559			-58.3788			49.2278			-0.9000			81.0000			-170.0000			11.0000			
14.2058			-56.2496			43.1592			1.1000			88.0000			-168.0000			-2.0000			
13.1058			-51.4588			38.1941			-0.1000			96.0000			-163.0000			-15.0000			
21.3556			-51.4588			28.8154			-1.2000			103.0000			-156.0000			-29.0000			
24.6555			-53.5880			29.3671			0.4000			107.0000			-147.0000			-44.0000			
29.6054			-57.8465			27.7121			-0.5000			112.0000			-140.0000			-57.0000			
33.4553			-55.7173			22.7469			0.4000			117.0000			-133.0000			-69.0000			
38.4052			-55.1850			17.2301			0.4000			119.0000			-126.0000			-77.0000			
45.5551			-55.7173			10.0582			-0.1000			122.0000			-119.0000			-87.0000			
49.9550			-54.1203			5.6447			1.4000			124.0000			-109.0000			-97.0000			
52.1549			-57.3142			3.9896			-1.1000			124.0000			-99.0000			-105.0000			
55.4549			-57.8465			1.2312			-1.1000			124.0000			-89.0000			-113.0000			
58.7548			-56.2496			-3.7340			-1.2000			123.0000			-79.0000			-121.0000			
60.4047			-54.1203			-5.9407			0.3000			122.0000			-68.0000			-128.0000			
63.7047			-46.1357			-17.5261			0.0000			120.0000			-57.0000			-135.0000			
63.1547			-41.8772			-20.8362			0.4000			121.0000			-46.0000			-142.0000			
56.5548			-31.7633			-24.6980			0.0000			116.0000			-31.0000			-150.0000			
56.0048			-25.9079			-30.7665			-0.6000			109.0000			-15.0000			-159.0000			
59.3048			-28.5695			-31.3182			-0.5000			101.0000			-1.0000			-163.0000			
62.6047			-26.4402			-35.7317			0.4000			96.0000			14.0000			-168.0000			
58.7548			-18.9879			-39.0418			0.7000			89.0000			25.0000			-171.0000			
56.0048			-11.5355			-44.5586			0.0000			83.0000			36.0000			-172.0000			
55.4549			-6.7448			-47.8687			0.8000			77.0000			49.0000			-173.0000			
56.0048			-6.7448			-51.1788			-1.9000			69.0000			59.0000			-173.0000			
58.2048			-4.0832			-54.4890			-0.3000			59.0000			71.0000			-171.0000			
58.7548			-1.9540			-56.1440			0.6000			51.0000			80.0000			-168.0000			
60.4047			-3.0186			-57.7991			-0.4000			42.0000			90.0000			-164.0000			
56.0048			4.9661			-58.3507			2.6000			35.0000			99.0000			-161.0000			
47.2050			10.8215			-57.2474			0.7000			25.0000			107.0000			-156.0000			
45.0051			10.8215			-55.0406			0.7000			14.0000			116.0000			-152.0000			
37.8552			17.2092			-53.3856			1.6000			2.0000			125.0000			-145.0000			
32.3554			22.0000			-53.3856			0.9000			-9.0000			133.0000			-135.0000			
28.5055			28.9200			-57.2474			0.1000			-22.0000			141.0000			-127.0000			
26.3055			30.5169			-56.1440			0.6000			-33.0000			146.0000			-120.0000			
21.3556			34.2431			-54.4890			1.1000			-42.0000			153.0000			-112.0000			
14.7558			38.5016			-51.7305			1.5000			-52.0000			156.0000			-103.0000			
13.6558			40.0985			-52.2822			1.4000			-61.0000			156.0000			-93.0000			
12.5558			44.3570			-55.5923			1.3000			-69.0000			157.0000			-85.0000			
8.7059			46.4862			-54.4890			0.6000			-75.0000			157.0000			-76.0000			
3.7560			49.1478			-53.3856			-0.4000			-84.0000			156.0000			-64.0000			
2.6560			52.3417			-54.4890			0.5000			-92.0000			155.0000			-53.0000			
-6.1438			55.0032			-47.3171			1.5000			-98.0000			153.0000			-43.0000			
-12.7436			53.9386			-41.2485			0.0000			-106.0000			151.0000			-31.0000			
-13.8436			50.7447			-36.2834			0.6000			-114.0000			148.0000			-18.0000			
-22.0934			50.2124			-27.4564			0.6000			-121.0000			141.0000			-3.0000			
-27.5933			55.0032			-27.4564			0.0000			-127.0000			132.0000			12.0000			
-33.6431			57.1324			-21.9396			1.5000			-132.0000			126.0000			25.0000			
-38.0430			57.1324			-18.0778			1.0000			-137.0000			119.0000			38.0000			
-39.6930			55.5355			-15.3193			0.5000			-139.0000			111.0000			46.0000			
-42.4429			56.6001			-12.5609			1.6000			-142.0000			103.0000			54.0000			
-44.6429			54.4709			-8.6991			1.1000			-142.0000			94.0000			64.0000			
-48.4928			55.0032			-7.0441			-0.5000			-142.0000			83.0000			72.0000			
-52.8927			55.0032			-3.1823			-1.0000			-142.0000			74.0000			78.0000			
-57.8426			55.0032			2.8863			0.0000			-140.0000			63.0000			86.0000			
-56.1926			51.2770			6.1964			1.2000			-139.0000			54.0000			94.0000			
-59.4926			42.7601			15.5750			-1.1000			-138.0000			42.0000			101.0000			
-61.1425			41.6955			17.7817			-1.6000			-137.0000			29.0000			110.0000			
-55.6427			33.1785			22.7469			0.2000			-133.0000			15.0000			119.0000			
-57.2926			26.7908			30.4705			0.0000			-127.0000			-1.0000			127.0000			
-60.0426			27.8554			33.2289			1.0000			-120.0000			-16.0000			132.0000			
-62.7925			26.7908			36.5390			0.5000			-115.0000			-29.0000			136.0000			
-61.1425			20.4031			39.2974			-1.4000			-109.0000			-39.0000			138.0000			
-57.2926			13.4830			42.6076			-1.1000			-103.0000			-51.0000			139.0000			
-57.2926			9.7569			47.0210			-0.5000			-95.0000			-63.0000			140.0000			
-57.2926			8.6922			48.6761			0.0000			-88.0000			-75.0000			140.0000			
-58.3926			5.4984			53.6412			0.7000			-80.0000			-85.0000			138.0000			
-57.2926			0.7076			55.8480			-0.7000			-71.0000			-94.0000			135.0000			
-58.3926			1.7722			55.2963			-1.3000			-62.0000			-103.0000			131.0000			
-56.1926			-3.0186			56.9514			-2.2000			-55.0000			-111.0000			126.0000			
-47.9428			-9.9386			56.9514			-0.9000			-43.0000			-121.0000			123.0000			
-44.6429			-11.0032			54.7446			-0.8000			-34.0000			-130.0000			118.0000			
-37.4931			-17.3910			55.2963			0.4000			-22.0000			-139.0000			111.0000			
-33.0932			-21.6494			54.7446			0.0000			-9.0000			-146.0000			103.0000			
-31.9932			-26.9725			57.5030			-1.4000			2.0000			-153.0000			95.0000			
-28.6933			-27.5048			55.2963			-0.8000			12.0000			-161.0000			87.0000			
-26.4933			-30.6987			55.8480			-1.3000			22.0000			-164.0000			79.0000			
-17.6935			-36.5541			53.0896			-1.1000			31.0000			-169.0000			71.0000			
-11.0937			-40.8126			52.5379			0.6000			42.0000			-171.0000			61.0000			
-8.8937			-45.6034			55.2963			0.8000			50.0000			-173.0000			52.0000			
-6.1438			-50.3942			56.3997			-0.1000			58.0000			-172.0000			41.0000			
-2.2939			-55.7173			57.5030			-0.5000			66.0000			-171.0000			30.0000			
-3.3938			-55.1850			56.3997			-2.1000			74.0000			-171.0000			20.0000			
9.2559			-58.9111			49.7795			0.1000			81.0000			-169.0000			9.0000			
13.1058			-57.3142			44.8143			0.6000			89.0000			-167.0000			-2.0000			
13.6558			-51.9911			36.5390			-1.7000			97.0000			-162.0000			-16.0000			
24.1056			-51.9911			27.1604			-0.7000			102.0000			-155.0000			-31.0000			
25.7555			-54.6527			28.8154			0.0000			107.0000			-146.0000			-47.0000			
29.6054			-58.3788			28.2637			-0.5000			113.0000			-139.0000			-59.0000			
32.9054			-56.2496			22.7469			-0.5000			115.0000			-132.0000			-68.0000			
37.8552			-54.6527			16.6784			-0.1000			119.0000			-126.0000			-78.0000			
46.6551			-56.2496			10.0582			0.4000			124.0000			-118.0000			-87.0000			
49.9550			-56.7819			6.7480			0.0000			124.0000			-108.0000			-97.0000			
54.3549			-57.3142			3.4379			0.4000			125.0000			-99.0000			-107.0000			
57.1048			-57.3142			-0.4239			-0.6000			124.0000			-88.0000			-114.0000			
60.4047			-57.3142			-3.1823			0.0000			123.0000			-78.0000			-122.0000			
60.9547			-55.7173			-7.0441			-1.8000			122.0000			-68.0000			-128.0000			
64.2547			-46.1357			-18.6295			-0.5000			121.0000			-57.0000			-135.0000			
63.7047			-40.8126			-21.3879			1.5000			121.0000			-45.0000			-145.0000			
57.1048			-32.8279			-24.1463			0.1000			115.0000			-31.0000			-151.0000			
57.1048			-25.9079			-30.7665			0.4000			108.0000			-14.0000			-158.0000			
59.8548			-26.4402			-32.9733			0.4000			101.0000			1.0000			-163.0000			
60.9547			-25.9079			-35.1800			-0.1000			95.0000			15.0000			-168.0000			
59.8548			-20.0525			-39.0418			0.7000			90.0000			26.0000			-171.0000			
56.5548			-11.5355			-44.5586			0.4000			83.0000			38.0000			-172.0000			
55.4549			-6.2124			-49.5238			-0.2000			76.0000			50.0000			-174.0000			
56.5548			-5.1478			-51.7305			-0.3000			67.0000			62.0000			-173.0000			
59.8548			-4.6155			-55.0406			0.1000			60.0000			72.0000			-171.0000			
59.3048			-0.8893			-58.3507			0.0000			52.0000			81.0000			-168.0000			
60.4047			-1.9540			-58.9024			-0.4000			42.0000			91.0000			-165.0000			
56.5548			4.4338			-60.0058			0.9000			34.0000			100.0000			-161.0000			
48.3050			11.8861			-58.3507			1.8000			25.0000			108.0000			-156.0000			
45.0051			11.8861			-55.0406			1.8000			14.0000			117.0000			-151.0000			
36.2053			18.2738			-52.2822			2.1000			2.0000			127.0000			-144.0000			
32.3554			22.5323			-54.4890			0.3000			-10.0000			133.0000			-135.0000			
30.7054			27.8554			-57.7991			0.7000			-22.0000			140.0000			-127.0000			
24.6555			31.0493			-55.5923			0.1000			-33.0000			147.0000			-118.0000			
19.7057			34.7754			-54.4890			0.0000			-42.0000			152.0000			-111.0000			
15.8557			39.0339			-53.3856			1.5000			-52.0000			155.0000			-103.0000			
13.1058			43.2924			-53.3856			3.0000			-61.0000			157.0000			-94.0000			
11.4558			45.4216			-55.0406			1.8000			-69.0000			158.0000			-84.0000			
8.7059			47.5509			-55.0406			1.2000			-76.0000			157.0000			-74.0000			
4.3060			51.2770			-54.4890			1.0000			-84.0000			157.0000			-63.0000			
2.6560			51.8093			-54.4890			0.0000			-91.0000			155.0000			-52.0000			
-8.3437			56.0678			-46.2137			1.5000			-99.0000			154.0000			-42.0000			
-12.1936			53.9386			-40.6968			1.0000			-108.0000			151.0000			-31.0000			
-13.2936			51.8093			-36.2834			2.2000			-115.0000			147.0000			-16.0000			
-21.5434			49.6801			-25.8014			2.3000			-122.0000			140.0000			-1.0000			
-27.0433			55.5355			-26.9047			1.5000			-128.0000			131.0000			13.0000			
-34.7431			58.7294			-23.5946			0.4000			-135.0000			125.0000			28.0000			
-39.1430			58.1971			-17.5261			1.5000			-137.0000			118.0000			37.0000			
-40.2430			55.5355			-12.5609			2.7000			-141.0000			111.0000			47.0000			
-43.5429			56.0678			-10.3542			2.1000			-142.0000			103.0000			56.0000			
-44.6429			55.5355			-9.2508			1.6000			-142.0000			93.0000			63.0000			
-47.9428			56.0678			-7.5958			0.5000			-142.0000			83.0000			72.0000			
-52.8927			53.9386			-2.0789			-1.0000			-140.0000			74.0000			80.0000			
-56.1926			55.0032			2.3346			1.1000			-140.0000			62.0000			87.0000			
-56.7426			52.3417			5.0930			0.7000			-138.0000			52.0000			92.0000			
-60.0426			42.2278			17.2301			-0.5000			-137.0000			42.0000			101.0000			
-60.0426			40.6308			18.8851			-0.5000			-136.0000			29.0000			111.0000			
-56.7426			33.1785			23.8503			0.2000			-132.0000			15.0000			119.0000			
-57.8426			28.9200			29.9188			1.0000			-127.0000			-1.0000			126.0000			
-61.1425			28.9200			33.7806			1.5000			-120.0000			-17.0000			132.0000			
-62.7925			24.6615			38.1941			0.0000			-114.0000			-30.0000			136.0000			
-61.6925			19.8707			40.9525			-0.8000			-109.0000			-41.0000			140.0000			
-57.8426			13.4830			44.2626			0.0000			-103.0000			-52.0000			140.0000			
-56.1926			7.6276			48.6761			0.1000			-97.0000			-65.0000			142.0000			
-57.2926			7.6276			49.2278			-0.4000			-87.0000			-76.0000			141.0000			
-59.4926			6.0307			54.1929			0.7000			-78.0000			-88.0000			138.0000			
-58.3926			1.2399			56.3997			-0.7000			-69.0000			-95.0000			135.0000			
-57.8426			2.8368			55.2963			0.3000			-61.0000			-105.0000			131.0000			
-55.0927			-3.5509			56.3997			-2.2000			-53.0000			-113.0000			127.0000			
-49.0428			-8.3417			56.9514			-0.4000			-44.0000			-121.0000			122.0000			
-45.1929			-9.4063			53.0896			-1.5000			-33.0000			-130.0000			117.0000			
-36.9431			-16.8586			54.1929			0.4000			-21.0000			-139.0000			112.0000			
-33.6431			-20.5848			54.7446			0.5000			-9.0000			-146.0000			102.0000			
-32.5432			-26.4402			58.6064			-0.3000			2.0000			-155.0000			94.0000			
-28.6933			-27.5048			54.7446			-1.4000			13.0000			-159.0000			87.0000			
-24.8433			-31.7633			55.2963			-1.2000			22.0000			-165.0000			78.0000			
-18.2435			-37.0864			54.1929			-1.1000			33.0000			-169.0000			70.0000			
-14.3936			-39.2157			53.6412			0.0000			41.0000			-170.0000			61.0000			
-8.8937			-45.6034			54.7446			0.2000			51.0000			-173.0000			51.0000			
-4.4938			-49.3296			54.7446			0.9000			59.0000			-173.0000			40.0000			
-2.8438			-54.6527			58.0547			0.5000			67.0000			-173.0000			30.0000			
-2.8438			-54.1203			55.8480			-1.1000			73.0000			-171.0000			18.0000			
8.7059			-56.7819			47.5727			-0.4000			81.0000			-169.0000			8.0000			
13.1058			-55.1850			43.1592			1.0000			91.0000			-166.0000			-4.0000			
13.6558			-50.9265			37.0907			-0.1000			97.0000			-162.0000			-17.0000			
23.0056			-49.8619			27.7121			0.8000			103.0000			-154.0000			-33.0000			
26.3055			-53.5880			27.1604			-0.1000			108.0000			-146.0000			-47.0000			
29.0554			-57.3142			27.7121			-0.5000			113.0000			-138.0000			-59.0000			
32.3554			-55.7173			22.7469			-0.6000			117.0000			-131.0000			-68.0000			
37.8552			-53.5880			15.0233			-0.7000			120.0000			-126.0000			-78.0000			
46.1051			-55.1850			9.5065			0.4000			124.0000			-117.0000			-89.0000			
50.5050			-57.3142			7.2997			0.4000			123.0000			-109.0000			-98.0000			
54.3549			-57.3142			3.4379			0.4000			124.0000			-99.0000			-107.0000			
57.6548			-55.7173			-1.5272			0.4000			124.0000			-88.0000			-113.0000			
59.8548			-55.7173			-4.2856			-0.1000			123.0000			-77.0000			-122.0000			
60.9547			-54.6527			-5.3890			0.9000			122.0000			-67.0000			-129.0000			
63.7047			-45.6034			-18.6295			-0.5000			121.0000			-56.0000			-136.0000			
62.0547			-39.2157			-20.2845			2.5000			120.0000			-44.0000			-144.0000			
57.1048			-30.6987			-25.8014			0.6000			115.0000			-30.0000			-152.0000			
57.1048			-25.3756			-30.7665			0.9000			107.0000			-14.0000			-158.0000			
58.7548			-26.4402			-32.9733			-0.6000			100.0000			2.0000			-163.0000			
60.4047			-24.3110			-35.1800			0.9000			95.0000			15.0000			-168.0000			
58.2048			-20.5848			-37.3867			0.2000			89.0000			27.0000			-171.0000			
56.5548			-13.1325			-42.9036			0.5000			82.0000			39.0000			-172.0000			
55.4549			-6.2124			-48.9721			0.2000			76.0000			50.0000			-173.0000			
54.9049			-5.1478			-51.1788			-1.4000			67.0000			61.0000			-173.0000			
58.7548			-3.5509			-54.4890			0.7000			58.0000			71.0000			-170.0000			
59.3048			-0.8893			-56.6957			1.7000			51.0000			81.0000			-167.0000			
58.7548			-1.4217			-57.2474			0.0000			42.0000			91.0000			-163.0000			
54.3549			6.0307			-57.7991			2.5000			33.0000			100.0000			-160.0000			
47.7550			11.8861			-58.3507			1.2000			24.0000			109.0000			-156.0000			
45.0051			11.8861			-54.4890			2.3000			13.0000			117.0000			-152.0000			
34.5553			19.3384			-51.7305			2.1000			1.0000			127.0000			-144.0000			
31.8054			23.0646			-52.2822			2.5000			-11.0000			134.0000			-135.0000			
31.8054			26.7908			-57.7991			0.7000			-23.0000			142.0000			-127.0000			
26.3055			29.9846			-56.1440			0.1000			-35.0000			148.0000			-119.0000			
19.7057			33.7108			-53.3856			0.0000			-44.0000			151.0000			-112.0000			
14.7558			37.9693			-52.2822			0.4000			-53.0000			156.0000			-103.0000			
12.5558			41.6955			-53.3856			0.8000			-60.0000			157.0000			-93.0000			
11.4558			45.9539			-55.0406			2.3000			-69.0000			157.0000			-83.0000			
7.6059			48.0832			-53.9373			1.7000			-76.0000			157.0000			-73.0000			
4.8560			50.7447			-53.9373			1.6000			-84.0000			156.0000			-62.0000			
3.2060			50.7447			-53.3856			0.5000			-91.0000			155.0000			-52.0000			
-9.4437			55.5355			-45.1103			0.9000			-100.0000			153.0000			-41.0000			
-13.8436			53.9386			-40.6968			-0.5000			-108.0000			151.0000			-29.0000			
-13.8436			51.8093			-35.7317			2.2000			-116.0000			147.0000			-15.0000			
-22.0934			50.2124			-26.9047			1.2000			-122.0000			139.0000			-1.0000			
-26.4933			55.0032			-26.9047			1.6000			-127.0000			131.0000			15.0000			
-34.1931			57.6648			-23.0429			0.4000			-133.0000			125.0000			27.0000			
-38.0430			58.1971			-19.7328			0.4000			-138.0000			118.0000			38.0000			
-41.3430			54.4709			-13.1126			0.0000			-140.0000			110.0000			47.0000			
-44.6429			54.4709			-8.1474			1.6000			-143.0000			103.0000			56.0000			
-45.1929			54.4709			-8.1474			1.1000			-143.0000			93.0000			65.0000			
-48.4928			56.6001			-7.5958			0.5000			-143.0000			83.0000			75.0000			
-51.7927			53.9386			-2.0789			0.0000			-141.0000			73.0000			80.0000			
-56.1926			53.9386			2.3346			0.0000			-140.0000			62.0000			88.0000			
-56.7426			50.7447			6.1964			0.2000			-139.0000			52.0000			93.0000			
-60.0426			41.6955			17.7817			-0.5000			-138.0000			41.0000			103.0000			
-60.5925			40.0985			19.4368			-1.0000			-137.0000			28.0000			111.0000			
-56.1926			31.0493			24.9536			-0.1000			-132.0000			14.0000			120.0000			
-57.2926			28.9200			28.8154			0.4000			-126.0000			-3.0000			127.0000			
-61.6925			29.9846			33.2289			1.5000			-120.0000			-17.0000			132.0000			
-62.2425			25.1938			37.6424			0.6000			-114.0000			-30.0000			137.0000			
-60.0426			18.2738			40.9525			-0.8000			-109.0000			-41.0000			140.0000			
-57.2926			14.0153			44.8143			1.5000			-103.0000			-52.0000			140.0000			
-56.7426			8.6922			47.5727			-0.4000			-95.0000			-65.0000			140.0000			
-56.7426			8.1599			49.2278			0.6000			-87.0000			-75.0000			140.0000			
-58.3926			6.0307			53.0896			0.7000			-78.0000			-85.0000			137.0000			
-57.8426			1.7722			56.3997			0.3000			-71.0000			-96.0000			134.0000			
-57.8426			1.7722			55.2963			-0.7000			-60.0000			-105.0000			131.0000			
-52.8927			-5.1478			56.9514			-1.0000			-52.0000			-113.0000			127.0000			
-46.8429			-9.4063			56.9514			0.7000			-43.0000			-122.0000			123.0000			
-45.1929			-8.8740			53.6412			-0.4000			-33.0000			-131.0000			117.0000			
-36.3931			-17.3910			54.1929			0.4000			-21.0000			-140.0000			112.0000			
-32.5432			-21.1171			54.7446			1.0000			-9.0000			-147.0000			102.0000			
-31.4432			-26.4402			59.1581			1.2000			3.0000			-154.0000			93.0000			
-28.1433			-28.0372			55.8480			-0.3000			14.0000			-159.0000			87.0000			
-23.7434			-31.7633			55.2963			-0.1000			22.0000			-164.0000			77.0000			
-17.6935			-38.1510			52.5379			-3.3000			33.0000			-169.0000			70.0000			
-15.4936			-40.2803			54.1929			-1.5000			42.0000			-171.0000			59.0000			
-10.5437			-45.0711			55.2963			-0.3000			51.0000			-172.0000			50.0000			
-3.9438			-49.3296			54.1929			0.9000			59.0000			-172.0000			40.0000			
-1.7439			-55.1850			57.5030			0.5000			67.0000			-172.0000			29.0000			
-2.2939			-55.7173			56.3997			-1.6000			75.0000			-170.0000			18.0000			
10.9059			-58.3788			48.1244			0.6000			83.0000			-169.0000			8.0000			
13.6558			-56.2496			43.1592			0.5000			90.0000			-168.0000			-4.0000			
14.2058			-51.9911			36.5390			-1.2000			97.0000			-162.0000			-18.0000			
22.4556			-51.9911			29.3671			-0.1000			103.0000			-153.0000			-33.0000			
27.4055			-55.7173			28.2637			0.0000			107.0000			-145.0000			-46.0000			
30.1554			-57.8465			25.5053			-2.1000			112.0000			-138.0000			-58.0000			
34.0053			-56.2496			22.1952			0.0000			117.0000			-132.0000			-68.0000			
37.3053			-54.6527			15.5750			-1.7000			119.0000			-124.0000			-78.0000			
45.0051			-54.1203			10.0582			0.9000			122.0000			-116.0000			-89.0000			
49.4050			-55.1850			7.2997			1.5000			124.0000			-107.0000			-99.0000			
53.8049			-58.3788			5.0930			0.5000			125.0000			-97.0000			-107.0000			
58.7548			-56.2496			-2.0789			0.4000			124.0000			-87.0000			-114.0000			
61.5047			-55.7173			-5.9407			-0.1000			123.0000			-77.0000			-122.0000			
61.5047			-54.1203			-7.5958			-0.2000			122.0000			-66.0000			-129.0000			
65.3546			-46.6680			-18.0778			0.6000			120.0000			-55.0000			-137.0000			
62.6047			-40.8126			-20.8362			0.9000			120.0000			-43.0000			-146.0000			
57.6548			-29.6341			-27.4564			0.5000			113.0000			-29.0000			-153.0000			
57.6548			-25.3756			-32.4216			-0.1000			107.0000			-12.0000			-159.0000			
60.9547			-27.5048			-33.5249			0.0000			99.0000			2.0000			-164.0000			
60.9547			-23.7787			-35.7317			1.4000			93.0000			17.0000			-169.0000			
58.2048			-18.4556			-38.4901			1.2000			87.0000			27.0000			-171.0000			
56.5548			-13.1325			-42.9036			0.5000			82.0000			39.0000			-172.0000			
56.5548			-7.8094			-48.4204			0.3000			76.0000			51.0000			-173.0000			
56.5548			-5.1478			-52.2822			-0.8000			66.0000			63.0000			-173.0000			
57.6548			-1.9540			-55.5923			0.1000			59.0000			72.0000			-170.0000			
58.7548			0.1753			-57.7991			1.1000			50.0000			82.0000			-167.0000			
60.9547			-1.9540			-59.4541			-0.4000			41.0000			92.0000			-164.0000			
55.4549			7.6276			-58.9024			4.1000			33.0000			101.0000			-161.0000			
47.2050			11.8861			-57.7991			1.2000			23.0000			110.0000			-156.0000			
43.9051			12.9507			-56.1440			0.7000			13.0000			119.0000			-151.0000			
35.1053			20.4031			-52.8339			2.6000			2.0000			127.0000			-144.0000			
30.7054			25.1938			-53.3856			2.5000			-12.0000			135.0000			-134.0000			
30.1554			28.9200			-57.2474			1.8000			-25.0000			141.0000			-125.0000			
26.3055			29.9846			-57.2474			-0.9000			-35.0000			147.0000			-118.0000			
19.7057			-17.9233			-2.0789			-0.2000			-44.0000			141.0000			-100.0000			
14.2058			-13.6648			-1.5272			-0.9000			-52.0000			132.0000			-75.0000			
10.9059			-7.8094			-1.5272			1.5000			-59.0000			121.0000			-53.0000			
10.9059			-12.6002			5.6447			3.9000			-65.0000			103.0000			-23.0000			
-4.4938			103.4434			-95.3136			3.6000			-75.0000			120.0000			-28.0000			
2.1061			177.4345			-175.8596			3.6000			-84.0000			162.0000			-68.0000			
11.4558			148.1574			-160.4124			-0.7000			-93.0000			193.0000			-103.0000			
4.8560			126.8650			-130.0698			1.6000			-99.0000			179.0000			-83.0000			
-16.5935			158.2713			-138.8967			2.7000			-99.0000			166.0000			-65.0000			
-24.8433			171.0468			-143.3102			2.9000			-104.0000			159.0000			-51.0000			
-41.8930			173.7083			-130.6214			1.2000			-109.0000			158.0000			-41.0000			
-50.1428			188.6130			-135.5866			2.8000			-113.0000			154.0000			-34.0000			
-51.7927			204.5823			-150.4821			2.3000			-110.0000			148.0000			-33.0000			
-97.4417			188.6130			-85.3833			5.7000			-118.0000			136.0000			-9.0000			
-133.7409			126.3327			6.1964			-1.2000			-139.0000			122.0000			33.0000			
-139.7908			68.3110			70.1918			-1.2000			-163.0000			102.0000			85.0000			
-120.5412			49.6801			67.4334			-3.4000			-177.0000			76.0000			133.0000			
-80.3921			76.8279			0.6795			-2.8000			-174.0000			59.0000			150.0000			
-71.0423			72.5694			-2.6306			-1.0000			-161.0000			57.0000			133.0000			
-69.9423			61.3909			7.8514			-0.6000			-155.0000			51.0000			124.0000			
-68.2924			56.6001			12.8166			1.1000			-149.0000			40.0000			124.0000			
-68.2924			59.2617			8.4031			-0.6000			-145.0000			32.0000			122.0000			
-69.3923			52.3417			17.7817			0.7000			-140.0000			24.0000			120.0000			
-68.8424			47.0186			21.6435			-0.1000			-133.0000			14.0000			120.0000			
-68.2924			42.7601			25.5053			0.0000			-127.0000			5.0000			117.0000			
-67.7424			40.6308			26.6087			-0.4000			-119.0000			-3.0000			114.0000			
-62.2425			34.7754			26.0570			-1.4000			-113.0000			-14.0000			113.0000			
-53.9927			23.5969			30.4705			0.0000			-104.0000			-24.0000			113.0000			
-49.0428			18.2738			31.0222			0.2000			-99.0000			-34.0000			111.0000			
-50.1428			17.7415			32.6772			0.2000			-92.0000			-47.0000			114.0000			
-50.1428			17.7415			32.6772			0.2000			-82.0000			-59.0000			116.0000			
-50.6928			14.5476			36.5390			0.4000			-76.0000			-69.0000			114.0000			
-54.5427			36.3724			18.8851			0.7000			-68.0000			-71.0000			106.0000			
-54.5427			-9.9386			62.4682			-2.0000			-61.0000			-81.0000			103.0000			
-55.0927			-64.7665			120.9468			1.0000			-51.0000			-111.0000			123.0000			
-58.9426			-81.8005			139.7041			-1.0000			-41.0000			-148.0000			156.0000			
-62.2425			-36.5541			107.1547			8.3000			-26.0000			-173.0000			168.0000			
-82.5920			-12.0679			96.1210			1.4000			-15.0000			-175.0000			153.0000			
-78.7421			-27.5048			104.3962			-1.8000			-8.0000			-169.0000			134.0000			
-60.0426			-49.3296			109.3614			0.0000			-3.0000			-166.0000			120.0000			
-41.8930			-63.7019			106.0513			0.4000			5.0000			-168.0000			110.0000			
-36.3931			-69.5573			104.9479			-0.9000			17.0000			-175.0000			99.0000			
-36.3931			-69.5573			104.3962			-1.5000			30.0000			-180.0000			87.0000			
-35.8431			-67.9604			103.8446			0.0000			40.0000			-181.0000			76.0000			
-28.6933			-66.3635			94.4659			-0.5000			48.0000			-177.0000			60.0000			
-8.3437			-55.7173			63.0199			-1.0000			59.0000			-171.0000			39.0000			
10.9059			-42.4095			31.5739			0.0000			70.0000			-167.0000			19.0000			
16.9557			-38.1510			21.6435			0.4000			81.0000			-161.0000			-1.0000			
11.4558			-45.6034			33.7806			-0.3000			90.0000			-160.0000			-15.0000			
15.3058			-49.8619			35.9873			1.4000			102.0000			-154.0000			-31.0000			
9.8059			-47.7326			39.2974			1.3000			105.0000			-150.0000			-39.0000			
21.3556			-51.4588			32.1255			2.0000			109.0000			-145.0000			-46.0000			
23.5556			-55.7173			32.1255			0.0000			112.0000			-140.0000			-57.0000			
30.1554			-59.9758			29.3671			-0.4000			117.0000			-137.0000			-60.0000			
37.8552			-61.0404			22.7469			-0.4000			120.0000			-133.0000			-66.0000			
37.8552			-64.7665			26.6087			-0.3000			123.0000			-129.0000			-72.0000			
43.9051			-66.8958			23.2986			0.3000			125.0000			-125.0000			-75.0000			
49.4050			-66.3635			17.7817			0.8000			125.0000			-117.0000			-81.0000			
56.5548			-66.8958			11.1615			0.8000			124.0000			-108.0000			-89.0000			
62.6047			-69.5573			7.2997			0.3000			123.0000			-97.0000			-97.0000			
65.3546			-70.6220			5.6447			0.3000			121.0000			-85.0000			-104.0000			
65.3546			-67.4281			1.7829			-0.2000			121.0000			-74.0000			-113.0000			
64.2547			-61.5727			-1.5272			1.1000			119.0000			-63.0000			-120.0000			
62.0547			-55.7173			-4.2856			2.0000			115.0000			-52.0000			-126.0000			
56.5548			-42.4095			-14.2160			0.0000			110.0000			-37.0000			-133.0000			
64.2547			-18.9879			-45.1103			0.1000			110.0000			-17.0000			-150.0000			
74.1544			-6.2124			-67.1777			0.7000			106.0000			6.0000			-173.0000			
78.0043			-8.8740			-68.2811			0.8000			104.0000			31.0000			-194.0000			
73.6044			-19.5202			-53.9373			0.1000			97.0000			47.0000			-203.0000			
75.2544			-24.3110			-51.1788			-0.2000			89.0000			58.0000			-199.0000			
82.4042			-18.4556			-63.8676			0.0000			79.0000			65.0000			-191.0000			
86.2542			-7.8094			-79.3148			-0.8000			72.0000			73.0000			-185.0000			
85.7042			-0.3570			-85.9350			-0.5000			63.0000			83.0000			-180.0000			
87.9041			-1.9540			-84.8316			1.1000			53.0000			94.0000			-177.0000			
89.0041			-3.5509			-83.7282			1.7000			44.0000			101.0000			-170.0000			
79.1043			2.3045			-79.3148			2.0000			35.0000			109.0000			-163.0000			
70.8545			1.7722			-69.3844			3.2000			26.0000			115.0000			-155.0000			
54.3549			7.6276			-58.9024			3.0000			15.0000			120.0000			-147.0000			
35.6553			12.4184			-45.1103			2.9000			4.0000			124.0000			-135.0000			
24.6555			16.1446			-38.4901			2.3000			-9.0000			130.0000			-123.0000			
22.4556			17.7415			-37.9384			2.2000			-25.0000			136.0000			-111.0000			
26.3055			18.2738			-43.4553			1.1000			-37.0000			142.0000			-100.0000			
26.3055			23.5969			-51.1788			-1.2000			-45.0000			145.0000			-90.0000			
23.0056			31.5816			-55.0406			-0.4000			-53.0000			147.0000			-86.0000			
17.5057			38.5016			-55.5923			0.4000			-60.0000			150.0000			-80.0000			
12.0058			44.8893			-56.6957			0.2000			-67.0000			154.0000			-76.0000			
9.2559			46.4862			-53.9373			1.8000			-74.0000			158.0000			-71.0000			
4.8560			45.9539			-49.5238			1.2000			-83.0000			160.0000			-65.0000			
3.7560			49.6801			-51.7305			1.7000			-91.0000			160.0000			-55.0000			
-3.9438			58.1971			-52.2822			1.9000			-99.0000			159.0000			-44.0000			
-9.4437			61.3909			-50.6272			1.3000			-107.0000			159.0000			-35.0000			
-12.1936			59.7940			-44.5586			3.0000			-114.0000			156.0000			-22.0000			
-18.2435			59.7940			-38.4901			3.0000			-121.0000			150.0000			-9.0000			
-22.6434			64.0525			-38.4901			2.9000			-127.0000			143.0000			4.0000			
-28.6933			64.5848			-35.1800			0.7000			-132.0000			136.0000			18.0000			
-35.2931			67.2463			-32.4216			-0.4000			-136.0000			128.0000			30.0000			
-36.9431			66.1817			-28.5598			0.6000			-139.0000			121.0000			39.0000			
-44.0929			62.4555			-19.1811			-0.8000			-140.0000			111.0000			49.0000			
-51.7927			51.2770			2.3346			1.8000			-142.0000			97.0000			63.0000			
-61.1425			44.8893			18.3334			2.0000			-145.0000			81.0000			84.0000			
-60.5925			43.8247			18.3334			1.5000			-147.0000			64.0000			104.0000			
-57.2926			52.3417			3.4379			-1.5000			-147.0000			52.0000			117.0000			
-55.0927			48.0832			6.7480			-0.2000			-145.0000			42.0000			121.0000			
-54.5427			41.1631			13.9199			0.5000			-142.0000			31.0000			125.0000			
-54.5427			38.5016			16.1267			0.0000			-137.0000			19.0000			128.0000			
-56.7426			30.5169			27.1604			0.9000			-131.0000			6.0000			134.0000			
-57.8426			29.4523			28.8154			0.4000			-126.0000			-8.0000			136.0000			
-58.9426			29.9846			29.3671			0.4000			-119.0000			-21.0000			140.0000			
-58.9426			29.4523			29.9188			0.4000			-113.0000			-31.0000			140.0000			
-55.0927			22.0000			33.2289			0.1000			-107.0000			-40.0000			138.0000			
-50.6928			11.8861			38.7458			0.0000			-100.0000			-50.0000			137.0000			
-47.9428			9.2245			39.8491			1.1000			-91.0000			-61.0000			133.0000			
-46.8429			8.1599			38.7458			0.0000			-82.0000			-72.0000			132.0000			
-46.8429			7.0953			39.8491			0.1000			-74.0000			-81.0000			129.0000			
-45.7429			5.4984			40.4008			0.1000			-65.0000			-90.0000			124.0000			
-48.4928			3.9014			43.7109			-0.8000			-55.0000			-99.0000			121.0000			
-51.2428			-1.9540			51.9862			-1.2000			-48.0000			-106.0000			116.0000			
-46.2929			-14.1971			60.2615			-0.2000			-38.0000			-118.0000			116.0000			
-46.2929			-13.6648			60.8131			0.8000			-29.0000			-130.0000			115.0000			
-45.1929			-17.3910			61.3648			-1.2000			-18.0000			-142.0000			115.0000			
-40.2430			-18.4556			60.8131			2.1000			-9.0000			-152.0000			115.0000			
-36.9431			-25.3756			63.0199			0.7000			2.0000			-160.0000			108.0000			
-29.7932			-32.8279			63.5716			0.9000			13.0000			-165.0000			100.0000			
-24.2934			-41.8772			66.3300			0.1000			22.0000			-172.0000			93.0000			
-18.2435			-49.3296			66.3300			-1.2000			34.0000			-176.0000			84.0000			
-15.4936			-53.5880			66.3300			-2.7000			43.0000			-178.0000			74.0000			
-12.7436			-56.7819			69.6401			0.1000			54.0000			-180.0000			62.0000			
-9.4437			-61.0404			70.7435			0.2000			62.0000			-181.0000			50.0000			
-3.3938			-64.7665			69.6401			1.4000			71.0000			-179.0000			36.0000			
-1.1939			-63.7019			64.1233			-0.7000			79.0000			-176.0000			25.0000			
8.7059			-64.2342			54.7446			-0.7000			89.0000			-174.0000			10.0000			
10.9059			-59.4434			48.6761			0.1000			96.0000			-169.0000			-4.0000			
14.7558			-51.9911			35.4357			-1.7000			104.0000			-162.0000			-20.0000			
23.0056			-48.7972			27.7121			1.9000			111.0000			-154.0000			-38.0000			
25.2055			-51.9911			27.1604			0.3000			116.0000			-143.0000			-55.0000			
28.5055			-54.6527			26.6087			0.4000			121.0000			-135.0000			-67.0000			
32.3554			-55.1850			21.6435			-1.1000			122.0000			-126.0000			-77.0000			
36.2053			-53.0557			15.5750			-1.2000			123.0000			-119.0000			-87.0000			
41.7052			-55.7173			13.9199			0.0000			126.0000			-110.0000			-95.0000			
44.4551			-55.7173			11.1615			-0.1000			127.0000			-103.0000			-103.0000			
49.4050			-54.6527			5.6447			0.4000			127.0000			-93.0000			-109.0000			
53.8049			-54.6527			1.2312			0.3000			127.0000			-83.0000			-116.0000			
54.9049			-56.2496			1.2312			-0.1000			126.0000			-73.0000			-121.0000			
56.5548			-51.9911			-4.8373			-0.2000			123.0000			-63.0000			-127.0000			
56.5548			-46.6680			-9.2508			0.6000			121.0000			-52.0000			-133.0000			
54.9049			-43.4741			-9.8025			1.6000			117.0000			-41.0000			-138.0000			
54.9049			-36.5541			-16.9744			1.3000			113.0000			-26.0000			-144.0000			
54.3549			-33.8926			-19.1811			1.2000			107.0000			-13.0000			-149.0000			
54.9049			-30.1664			-25.2497			-0.5000			100.0000			-1.0000			-154.0000			
57.1048			-27.5048			-29.1115			0.4000			96.0000			13.0000			-159.0000			
58.2048			-22.1817			-35.1800			0.8000			90.0000			26.0000			-162.0000			
57.6548			-15.7940			-41.8002			0.0000			84.0000			38.0000			-165.0000			
59.3048			-10.4709			-47.3171			1.5000			77.0000			50.0000			-169.0000			
62.0547			-8.8740			-54.4890			-1.3000			69.0000			63.0000			-172.0000			
64.8046			-5.1478			-60.0058			-0.3000			62.0000			77.0000			-174.0000			
64.8046			-0.3570			-63.3159			1.1000			53.0000			89.0000			-173.0000			
67.0046			-1.4217			-65.5227			0.0000			43.0000			100.0000			-169.0000			
62.6047			7.6276			-68.2811			1.9000			34.0000			110.0000			-167.0000			
57.6548			10.2892			-66.6260			1.3000			25.0000			120.0000			-164.0000			
52.1549			14.0153			-64.9710			1.1000			14.0000			129.0000			-157.0000			
42.8051			22.5323			-64.4193			0.9000			1.0000			137.0000			-149.0000			
38.4052			25.7262			-62.7642			1.3000			-12.0000			144.0000			-140.0000			
35.1053			29.4523			-62.2125			2.3000			-24.0000			150.0000			-130.0000			
31.2554			28.9200			-57.7991			2.3000			-35.0000			156.0000			-119.0000			
26.8555			28.9200			-53.9373			1.8000			-46.0000			157.0000			-108.0000			
21.3556			33.7108			-54.4890			0.5000			-54.0000			158.0000			-95.0000			
15.8557			34.7754			-51.1788			-0.5000			-64.0000			159.0000			-84.0000			
12.5558			39.0339			-50.6272			0.9000			-73.0000			158.0000			-72.0000			
9.2559			39.5662			-47.3171			1.5000			-80.0000			157.0000			-62.0000			
6.5060			39.5662			-44.5586			1.5000			-87.0000			154.0000			-51.0000			
4.3060			39.5662			-41.2485			2.6000			-94.0000			152.0000			-40.0000			
-8.3437			46.4862			-35.7317			2.4000			-103.0000			150.0000			-28.0000			
-9.4437			49.1478			-39.5935			0.1000			-112.0000			146.0000			-14.0000			
-12.1936			51.8093			-36.8350			2.7000			-119.0000			144.0000			-2.0000			
-18.2435			51.2770			-29.6631			3.3000			-126.0000			139.0000			8.0000			
-19.8935			53.9386			-30.7665			3.2000			-129.0000			134.0000			19.0000			
-25.9433			55.5355			-27.4564			2.1000			-136.0000			128.0000			27.0000			
-30.8932			55.0032			-23.5946			0.5000			-139.0000			121.0000			37.0000			
-35.8431			54.4709			-18.6295			0.0000			-139.0000			115.0000			45.0000			
-40.7930			57.1324			-15.8710			0.4000			-141.0000			106.0000			54.0000			
-43.5429			56.0678			-12.5609			0.0000			-141.0000			97.0000			61.0000			
-47.3928			56.0678			-7.0441			1.6000			-141.0000			87.0000			69.0000			
-50.1428			55.5355			-3.1823			2.2000			-140.0000			76.0000			78.0000			
-55.6427			56.6001			-0.4239			0.5000			-140.0000			64.0000			87.0000			
-57.2926			54.4709			3.9896			1.1000			-139.0000			54.0000			95.0000			
-60.5925			43.2924			17.7817			0.4000			-139.0000			41.0000			106.0000			
-61.1425			38.5016			22.1952			-0.4000			-138.0000			27.0000			118.0000			
-57.8426			31.5816			28.2637			2.0000			-134.0000			12.0000			128.0000			
-61.1425			28.9200			33.2289			1.0000			-129.0000			-5.0000			137.0000			
-65.5424			31.0493			34.8840			0.4000			-122.0000			-20.0000			144.0000			
-66.0924			28.3877			38.1941			0.5000			-116.0000			-34.0000			149.0000			
-64.9924			21.4677			43.1592			-0.3000			-111.0000			-46.0000			151.0000			
-61.1425			11.8861			49.2278			0.0000			-104.0000			-56.0000			151.0000			
-59.4926			7.0953			52.5379			0.1000			-96.0000			-69.0000			150.0000			
-59.4926			4.4338			55.2963			0.2000			-86.0000			-81.0000			148.0000			
-61.1425			3.3691			58.0547			0.2000			-77.0000			-91.0000			144.0000			
-59.4926			0.1753			59.7098			0.3000			-67.0000			-102.0000			141.0000			
-57.2926			0.1753			56.9514			-0.1000			-58.0000			-110.0000			135.0000			
-50.1428			-8.3417			57.5030			-0.9000			-49.0000			-119.0000			130.0000			
-48.4928			-7.8094			55.8480			-0.4000			-39.0000			-126.0000			125.0000			
-41.8930			-12.0679			53.0896			-0.8000			-29.0000			-134.0000			119.0000			
-35.8431			-15.2617			50.8828			-0.2000			-17.0000			-141.0000			110.0000			
-35.8431			-16.3263			51.9862			-0.1000			-5.0000			-148.0000			100.0000			
-34.1931			-21.6494			55.8480			0.0000			7.0000			-154.0000			92.0000			
-28.1433			-24.8433			53.6412			0.6000			15.0000			-159.0000			83.0000			
-20.4434			-32.8279			53.0896			-0.1000			26.0000			-162.0000			73.0000			
-16.0435			-39.7480			54.7446			-1.0000			34.0000			-165.0000			67.0000			
-13.8436			-42.9418			54.1929			-2.5000			43.0000			-170.0000			58.0000			
-11.0937			-45.6034			55.2963			-1.3000			52.0000			-172.0000			50.0000			
-8.3437			-47.7326			54.7446			-1.3000			61.0000			-173.0000			41.0000			
-3.9438			-53.0557			57.5030			0.5000			70.0000			-173.0000			29.0000			
-1.1939			-55.1850			56.3997			0.0000			77.0000			-172.0000			20.0000			
9.8059			-58.9111			50.3311			1.2000			87.0000			-172.0000			9.0000			
10.9059			-58.3788			47.5727			0.1000			94.0000			-169.0000			-2.0000			
14.7558			-57.8465			43.1592			0.0000			100.0000			-165.0000			-15.0000			
21.3556			-59.9758			39.2974			0.6000			106.0000			-159.0000			-29.0000			
26.3055			-63.7019			38.1941			0.8000			111.0000			-150.0000			-43.0000			
32.3554			-66.3635			34.8840			0.8000			116.0000			-143.0000			-55.0000			
38.4052			-65.2989			27.1604			0.2000			120.0000			-136.0000			-66.0000			
43.3551			-62.1050			18.3334			-0.4000			123.0000			-128.0000			-77.0000			
49.4050			-61.5727			12.2649			0.1000			127.0000			-119.0000			-89.0000			
52.1549			-62.1050			8.9548			-0.9000			127.0000			-107.0000			-99.0000			
57.1048			-62.6373			5.6447			0.1000			127.0000			-96.0000			-110.0000			
62.0547			-61.0404			-0.9755			0.0000			128.0000			-84.0000			-121.0000			
63.1547			-61.0404			-2.6306			-0.5000			127.0000			-71.0000			-131.0000			
63.7047			-54.1203			-9.2508			0.3000			125.0000			-61.0000			-137.0000			
64.2547			-45.6034			-18.6295			0.0000			124.0000			-51.0000			-146.0000			
59.8548			-40.2803			-18.0778			1.5000			121.0000			-37.0000			-153.0000			
58.7548			-31.2310			-25.2497			2.2000			115.0000			-21.0000			-160.0000			
58.2048			-31.7633			-25.8014			0.6000			109.0000			-6.0000			-165.0000			
59.8548			-30.1664			-29.6631			0.0000			102.0000			8.0000			-168.0000			
59.3048			-25.3756			-32.9733			0.9000			95.0000			20.0000			-170.0000			
58.2048			-21.1171			-34.6283			2.4000			89.0000			31.0000			-169.0000			
55.4549			-15.2617			-39.5935			0.6000			83.0000			40.0000			-169.0000			
54.9049			-11.5355			-42.9036			0.4000			74.0000			51.0000			-169.0000			
55.4549			-11.0032			-44.5586			-0.1000			66.0000			63.0000			-168.0000			
55.4549			-7.2771			-47.8687			0.3000			59.0000			72.0000			-166.0000			
55.4549			-3.0186			-51.1788			1.2000			50.0000			82.0000			-164.0000			
56.5548			-3.5509			-52.2822			0.7000			41.0000			92.0000			-160.0000			
51.0550			5.4984			-53.9373			2.6000			31.0000			102.0000			-156.0000			
46.6551			8.1599			-54.4890			0.3000			22.0000			111.0000			-153.0000			
45.5551			10.2892			-53.9373			1.9000			11.0000			121.0000			-149.0000			
38.4052			18.2738			-56.1440			0.5000			-1.0000			130.0000			-143.0000			
36.7553			20.9354			-57.2474			0.4000			-13.0000			139.0000			-136.0000			
36.7553			27.8554			-62.2125			2.3000			-25.0000			146.0000			-129.0000			
31.8054			31.5816			-60.0058			3.3000			-34.0000			152.0000			-122.0000			
25.7555			35.8400			-58.9024			2.6000			-43.0000			157.0000			-114.0000			
20.8056			40.0985			-59.4541			1.4000			-54.0000			160.0000			-105.0000			
17.5057			43.2924			-58.3507			2.4000			-63.0000			162.0000			-95.0000			
11.4558			49.1478			-61.1092			-0.5000			-71.0000			162.0000			-84.0000			
7.0559			53.4063			-60.5575			0.0000			-81.0000			162.0000			-73.0000			
4.8560			55.5355			-59.4541			0.9000			-88.0000			162.0000			-60.0000			
3.7560			53.9386			-54.4890			3.2000			-96.0000			161.0000			-50.0000			
-7.2437			56.0678			-46.2137			2.6000			-105.0000			158.0000			-37.0000			
-10.5437			55.0032			-44.0069			0.4000			-113.0000			155.0000			-24.0000			
-17.1435			52.3417			-34.6283			0.5000			-120.0000			148.0000			-9.0000			
-23.1934			51.2770			-26.3530			1.7000			-128.0000			141.0000			7.0000			
-25.9433			56.0678			-26.9047			3.2000			-132.0000			132.0000			22.0000			
-29.7932			56.6001			-24.6980			2.1000			-137.0000			124.0000			34.0000			
-32.5432			56.0678			-22.4912			1.0000			-142.0000			117.0000			45.0000			
-36.3931			53.4063			-15.8710			1.1000			-143.0000			109.0000			52.0000			
-41.3430			52.3417			-12.0092			-1.0000			-145.0000			100.0000			63.0000			
-43.5429			51.8093			-9.2508			-0.9000			-144.0000			90.0000			72.0000			
-47.3928			55.0032			-5.3890			2.2000			-143.0000			79.0000			78.0000			
-49.0428			51.2770			-0.9755			1.2000			-143.0000			70.0000			84.0000			
-51.7927			50.7447			0.1278			-0.9000			-141.0000			59.0000			91.0000			
-53.4427			47.0186			7.8514			1.4000			-139.0000			50.0000			98.0000			
-57.2926			42.7601			16.6784			2.1000			-138.0000			37.0000			106.0000			
-57.2926			40.0985			16.6784			-0.5000			-135.0000			25.0000			114.0000			
-55.6427			32.1139			24.4020			0.8000			-132.0000			12.0000			122.0000			
-56.7426			32.1139			25.5053			0.8000			-126.0000			-4.0000			129.0000			
-61.6925			32.1139			29.3671			-0.2000			-120.0000			-17.0000			132.0000			
-62.2425			28.3877			33.2289			-0.6000			-116.0000			-30.0000			137.0000			
-59.4926			19.8707			38.7458			-0.8000			-109.0000			-41.0000			139.0000			
-57.8426			12.4184			45.9177			0.5000			-103.0000			-53.0000			141.0000			
-57.8426			8.1599			49.7795			0.1000			-95.0000			-65.0000			141.0000			
-57.8426			4.4338			53.0896			-0.3000			-87.0000			-76.0000			141.0000			
-60.5925			3.3691			56.9514			-0.2000			-76.0000			-88.0000			142.0000			
-60.5925			0.1753			61.3648			0.9000			-69.0000			-99.0000			138.0000			
-60.5925			0.7076			59.7098			-0.1000			-60.0000			-109.0000			136.0000			
-53.9927			-7.8094			61.9165			0.1000			-50.0000			-119.0000			133.0000			
-50.6928			-12.6002			62.4682			-0.8000			-41.0000			-129.0000			129.0000			
-47.9428			-12.6002			60.8131			0.2000			-31.0000			-138.0000			125.0000			
-40.7930			-19.5202			60.8131			0.5000			-18.0000			-147.0000			117.0000			
-38.0430			-23.7787			61.3648			-0.4000			-6.0000			-153.0000			108.0000			
-36.9431			-28.5695			65.2266			-0.2000			7.0000			-161.0000			99.0000			
-31.4432			-29.6341			60.8131			-0.2000			16.0000			-166.0000			92.0000			
-22.6434			-33.3603			56.9514			0.9000			25.0000			-168.0000			81.0000			
-13.8436			-39.7480			54.1929			0.6000			35.0000			-171.0000			70.0000			
-12.7436			-42.4095			54.7446			-0.4000			45.0000			-172.0000			59.0000			
-10.5437			-44.0065			54.7446			0.1000			53.0000			-174.0000			47.0000			
-6.1438			-45.6034			51.4345			-0.3000			63.0000			-173.0000			37.0000			
-3.3938			-48.7972			50.3311			-1.8000			71.0000			-173.0000			24.0000			
-1.1939			-49.3296			49.7795			-0.7000			78.0000			-170.0000			14.0000			
10.9059			-52.5234			42.6076			0.9000			86.0000			-169.0000			3.0000			
10.9059			-52.5234			40.4008			-1.2000			94.0000			-165.0000			-10.0000			
13.6558			-50.3942			37.0907			0.3000			101.0000			-161.0000			-23.0000			
17.5057			-52.5234			35.9873			0.9000			107.0000			-154.0000			-35.0000			
21.3556			-56.2496			35.9873			1.0000			111.0000			-147.0000			-48.0000			
29.0554			-58.9111			31.0222			1.1000			114.0000			-140.0000			-58.0000			
35.6553			-58.9111			24.9536			1.7000			119.0000			-135.0000			-67.0000			
41.1552			-59.4434			17.7817			-0.5000			120.0000			-128.0000			-76.0000			
46.1051			-59.4434			12.2649			-1.0000			124.0000			-119.0000			-85.0000			
49.4050			-59.4434			10.0582			0.0000			124.0000			-109.0000			-97.0000			
53.8049			-62.1050			7.2997			-1.0000			126.0000			-99.0000			-105.0000			
59.3048			-61.0404			1.7829			0.0000			124.0000			-89.0000			-114.0000			
63.1547			-60.5081			-1.5272			1.1000			124.0000			-77.0000			-122.0000			
63.7047			-56.2496			-6.4924			0.9000			123.0000			-67.0000			-130.0000			
65.9046			-49.3296			-16.9744			-0.3000			123.0000			-55.0000			-140.0000			
60.9547			-43.4741			-16.4227			1.0000			119.0000			-41.0000			-148.0000			
59.3048			-33.8926			-25.8014			-0.3000			115.0000			-27.0000			-156.0000			
60.4047			-30.1664			-30.2148			0.0000			108.0000			-10.0000			-162.0000			
64.2547			-30.1664			-32.4216			1.6000			101.0000			6.0000			-169.0000			
63.7047			-27.5048			-36.8350			-0.6000			96.0000			19.0000			-172.0000			
61.5047			-20.5848			-41.2485			-0.3000			90.0000			31.0000			-175.0000			
59.3048			-14.7294			-46.7654			-2.1000			83.0000			41.0000			-174.0000			
59.8548			-12.6002			-48.4204			-1.1000			77.0000			54.0000			-175.0000			
62.0547			-8.8740			-53.3856			-0.2000			67.0000			66.0000			-174.0000			
60.9547			-4.6155			-56.6957			-0.3000			58.0000			77.0000			-172.0000			
60.4047			-2.4863			-58.3507			-0.4000			50.0000			86.0000			-168.0000			
62.0547			-3.0186			-58.9024			0.1000			41.0000			95.0000			-165.0000			
54.3549			7.6276			-59.4541			2.5000			31.0000			104.0000			-161.0000			
48.8550			7.0953			-55.5923			0.3000			19.0000			115.0000			-154.0000			
43.9051			9.7569			-52.8339			0.8000			9.0000			123.0000			-149.0000			
37.3053			16.6769			-52.2822			1.7000			-1.0000			130.0000			-141.0000			
32.9054			20.9354			-53.9373			0.0000			-15.0000			136.0000			-131.0000			
30.7054			26.2585			-56.1440			0.8000			-26.0000			145.0000			-122.0000			
29.6054			26.2585			-53.9373			1.9000			-35.0000			151.0000			-115.0000			
24.1056			31.5816			-53.9373			1.7000			-46.0000			153.0000			-106.0000			
19.7057			35.3077			-53.3856			1.6000			-54.0000			155.0000			-97.0000			
15.8557			37.4370			-54.4890			-1.1000			-63.0000			158.0000			-88.0000			
12.5558			43.8247			-56.6957			-0.3000			-72.0000			159.0000			-80.0000			
7.6059			48.6155			-56.1440			0.0000			-79.0000			159.0000			-68.0000			
4.3060			51.8093			-56.1440			0.0000			-87.0000			158.0000			-59.0000			
2.6560			52.3417			-52.2822			2.7000			-94.0000			156.0000			-49.0000			
-7.2437			56.6001			-48.9721			0.3000			-103.0000			155.0000			-38.0000			
-9.4437			55.0032			-45.1103			0.4000			-113.0000			154.0000			-26.0000			
-17.1435			53.4063			-36.2834			0.0000			-119.0000			149.0000			-12.0000			
-23.1934			55.0032			-31.8699			0.0000			-124.0000			143.0000			2.0000			
-28.1433			61.9232			-31.3182			2.4000			-130.0000			134.0000			18.0000			
-31.4432			61.9232			-28.0081			2.4000			-137.0000			129.0000			30.0000			
-35.8431			60.8586			-24.1463			0.8000			-140.0000			121.0000			40.0000			
-38.5930			59.2617			-18.6295			2.0000			-143.0000			113.0000			49.0000			
-44.0929			57.6648			-12.5609			1.0000			-145.0000			103.0000			59.0000			
-46.2929			53.9386			-8.1474			-0.4000			-145.0000			93.0000			69.0000			
-51.7927			55.5355			-3.7340			0.0000			-144.0000			81.0000			80.0000			
-53.9927			55.0032			-0.9755			0.0000			-144.0000			71.0000			88.0000			
-55.6427			53.9386			1.2312			-0.4000			-143.0000			60.0000			95.0000			
-56.7426			48.6155			10.6098			2.4000			-141.0000			49.0000			103.0000			
-60.5925			40.6308			19.9885			0.0000			-140.0000			38.0000			112.0000			
-59.4926			40.0985			18.3334			-1.0000			-137.0000			24.0000			121.0000			
-57.2926			31.5816			27.1604			1.4000			-132.0000			9.0000			129.0000			
-57.8426			29.4523			29.3671			0.9000			-127.0000			-6.0000			134.0000			
-62.2425			31.5816			31.0222			0.3000			-120.0000			-20.0000			138.0000			
-63.8925			28.9200			33.7806			-1.1000			-115.0000			-30.0000			140.0000			
-58.3926			20.4031			38.7458			0.7000			-109.0000			-43.0000			141.0000			
-55.6427			12.4184			43.7109			0.4000			-102.0000			-54.0000			141.0000			
-55.6427			8.1599			47.0210			-0.4000			-93.0000			-66.0000			143.0000			
-56.1926			6.0307			48.6761			-1.4000			-85.0000			-77.0000			140.0000			
-56.7426			3.3691			51.9862			-1.3000			-76.0000			-88.0000			139.0000			
-55.0927			-0.3570			54.1929			-1.2000			-66.0000			-98.0000			135.0000			
-56.1926			1.7722			54.1929			-0.2000			-58.0000			-107.0000			130.0000			
-49.5928			-6.7448			55.8480			-0.4000			-49.0000			-115.0000			127.0000			
-45.7429			-12.0679			58.0547			0.2000			-40.0000			-126.0000			124.0000			
-43.5429			-12.0679			55.8480			0.2000			-28.0000			-136.0000			119.0000			
-40.2430			-18.4556			56.9514			-1.7000			-17.0000			-146.0000			113.0000			
-38.5930			-20.5848			58.6064			-0.5000			-5.0000			-152.0000			104.0000			
-36.3931			-26.9725			62.4682			-0.8000			7.0000			-158.0000			98.0000			
-31.4432			-29.1018			61.3648			0.8000			15.0000			-164.0000			89.0000			
-23.7434			-36.5541			60.2615			0.0000			23.0000			-168.0000			82.0000			
-14.9436			-42.9418			58.0547			0.1000			35.0000			-172.0000			72.0000			
-11.6436			-46.6680			57.5030			-0.8000			45.0000			-174.0000			62.0000			
-8.8937			-51.4588			60.2615			0.0000			54.0000			-176.0000			50.0000			
-6.1438			-53.0557			59.1581			0.0000			62.0000			-175.0000			39.0000			
-3.9438			-57.3142			60.2615			-1.0000			71.0000			-175.0000			26.0000			
1.0061			-56.7819			55.2963			-0.4000			79.0000			-174.0000			16.0000			
10.9059			-59.9758			48.6761			-0.3000			88.0000			-172.0000			4.0000			
10.9059			-57.3142			45.3660			-1.0000			96.0000			-169.0000			-9.0000			
17.5057			-55.1850			36.5390			-1.1000			103.0000			-162.0000			-23.0000			
20.2556			-54.6527			34.3323			0.0000			108.0000			-155.0000			-37.0000			
25.2055			-59.9758			35.4357			0.6000			113.0000			-147.0000			-51.0000			
30.7054			-61.5727			29.9188			-0.9000			117.0000			-140.0000			-63.0000			
36.7553			-59.9758			24.4020			1.1000			120.0000			-132.0000			-72.0000			
42.8051			-57.8465			16.1267			1.0000			124.0000			-126.0000			-82.0000			
47.7550			-58.9111			10.6098			-0.5000			126.0000			-116.0000			-92.0000			
50.5050			-59.4434			8.9548			0.0000			126.0000			-106.0000			-101.0000			
53.2549			-59.4434			5.6447			-0.5000			126.0000			-97.0000			-110.0000			
56.5548			-58.9111			1.7829			-0.5000			126.0000			-86.0000			-118.0000			
60.9547			-59.9758			0.1278			1.1000			124.0000			-75.0000			-124.0000			
61.5047			-53.0557			-8.6991			-0.2000			124.0000			-65.0000			-132.0000			
61.5047			-45.6034			-16.9744			-1.0000			123.0000			-53.0000			-139.0000			
58.2048			-41.8772			-15.3193			1.0000			119.0000			-41.0000			-148.0000			
56.5548			-33.8926			-21.9396			0.7000			113.0000			-25.0000			-155.0000			
58.2048			-31.7633			-25.8014			0.6000			107.0000			-10.0000			-161.0000			
61.5047			-30.6987			-30.2148			0.5000			101.0000			5.0000			-165.0000			
62.0547			-26.9725			-34.0766			1.0000			95.0000			17.0000			-170.0000			
59.3048			-19.5202			-39.5935			0.1000			89.0000			27.0000			-171.0000			
57.1048			-12.6002			-45.1103			-0.6000			82.0000			40.0000			-172.0000			
58.2048			-10.4709			-48.4204			-0.6000			75.0000			52.0000			-173.0000			
62.6047			-9.9386			-52.2822			0.3000			67.0000			64.0000			-171.0000			
60.9547			-5.1478			-55.0406			0.7000			58.0000			75.0000			-171.0000			
59.3048			-0.8893			-59.4541			-1.0000			48.0000			86.0000			-168.0000			
63.1547			-1.9540			-60.0058			1.1000			39.0000			95.0000			-165.0000			
56.5548			7.6276			-62.7642			1.4000			30.0000			105.0000			-162.0000			
49.9550			8.6922			-59.4541			-0.8000			20.0000			115.0000			-158.0000			
46.1051			11.8861			-56.1440			1.8000			8.0000			124.0000			-152.0000			
39.5052			19.8707			-57.7991			1.5000			-3.0000			132.0000			-144.0000			
35.6553			23.5969			-60.0058			-0.7000			-15.0000			138.0000			-135.0000			
32.3554			29.9846			-60.0058			2.3000			-27.0000			147.0000			-127.0000			
28.5055			30.5169			-56.6957			2.3000			-39.0000			151.0000			-119.0000			
24.1056			33.7108			-56.1440			1.6000			-47.0000			156.0000			-110.0000			
20.2556			36.3724			-54.4890			2.1000			-55.0000			158.0000			-99.0000			
15.8557			37.9693			-52.8339			0.9000			-65.0000			158.0000			-89.0000			
12.0058			43.2924			-55.0406			0.2000			-74.0000			160.0000			-78.0000			
8.7059			46.4862			-55.0406			0.1000			-81.0000			159.0000			-67.0000			
4.3060			49.1478			-53.9373			-0.4000			-89.0000			158.0000			-57.0000			
0.4561			48.6155			-47.3171			1.7000			-97.0000			157.0000			-46.0000			
-8.3437			53.4063			-43.4553			1.6000			-105.0000			154.0000			-34.0000			
-8.8937			51.8093			-42.3519			0.5000			-113.0000			152.0000			-22.0000			
-15.4936			50.7447			-34.0766			1.1000			-121.0000			146.0000			-8.0000			
-22.6434			51.2770			-30.2148			-1.5000			-127.0000			139.0000			6.0000			
-25.9433			57.1324			-29.1115			2.0000			-131.0000			133.0000			19.0000			
-30.3432			58.1971			-26.3530			1.5000			-137.0000			127.0000			31.0000			
-33.0932			57.1324			-21.9396			2.1000			-140.0000			119.0000			40.0000			
-36.9431			55.0032			-16.9744			1.0000			-142.0000			112.0000			50.0000			
-40.7930			56.0678			-14.7677			0.5000			-145.0000			103.0000			59.0000			
-44.0929			55.0032			-10.9059			0.0000			-144.0000			92.0000			67.0000			
-49.5928			54.4709			-5.3890			-0.5000			-144.0000			82.0000			76.0000			
-52.3427			53.4063			-0.9755			0.0000			-142.0000			71.0000			85.0000			
-55.6427			54.4709			1.7829			0.6000			-142.0000			61.0000			92.0000			
-57.2926			50.7447			8.9548			2.4000			-140.0000			49.0000			100.0000			
-59.4926			41.6955			18.3334			0.5000			-140.0000			38.0000			110.0000			
-58.9426			40.0985			17.7817			-1.0000			-138.0000			24.0000			118.0000			
-58.9426			33.1785			26.6087			0.8000			-133.0000			10.0000			126.0000			
-60.5925			30.5169			31.0222			0.9000			-127.0000			-5.0000			133.0000			
-62.7925			31.0493			32.6772			0.9000			-120.0000			-19.0000			137.0000			
-64.4425			28.9200			35.9873			0.4000			-116.0000			-32.0000			141.0000			
-61.1425			22.0000			40.4008			1.2000			-109.0000			-44.0000			143.0000			
-57.8426			12.9507			45.9177			1.0000			-103.0000			-55.0000			143.0000			
-57.2926			8.1599			48.6761			-0.4000			-94.0000			-67.0000			143.0000			
-58.3926			6.0307			51.9862			-0.3000			-85.0000			-80.0000			142.0000			
-59.4926			2.8368			55.2963			-1.3000			-77.0000			-89.0000			139.0000			
-57.2926			-0.3570			58.0547			0.4000			-66.0000			-99.0000			136.0000			
-57.2926			0.7076			56.9514			0.3000			-58.0000			-109.0000			133.0000			
-50.6928			-6.7448			58.6064			1.1000			-50.0000			-119.0000			129.0000			
-46.2929			-10.4709			58.0547			1.3000			-39.0000			-129.0000			124.0000			
-41.8930			-13.1325			54.7446			-0.2000			-28.0000			-137.0000			119.0000			
-36.9431			-17.9233			55.2963			0.4000			-16.0000			-145.0000			110.0000			
-37.4931			-20.0525			58.6064			1.0000			-4.0000			-152.0000			102.0000			
-35.8431			-24.8433			60.8131			0.1000			7.0000			-158.0000			95.0000			
-30.8932			-26.9725			57.5030			-0.3000			16.0000			-163.0000			85.0000			
-23.1934			-33.8926			57.5030			0.4000			26.0000			-166.0000			77.0000			
-15.4936			-40.8126			56.3997			0.0000			35.0000			-171.0000			68.0000			
-10.5437			-45.0711			55.8480			0.2000			45.0000			-173.0000			58.0000			
-6.6938			-49.8619			57.5030			0.9000			54.0000			-175.0000			47.0000			
-5.0438			-51.9911			56.3997			-0.6000			63.0000			-175.0000			36.0000			
-2.2939			-56.2496			59.1581			0.6000			71.0000			-174.0000			25.0000			
1.5561			-56.7819			54.1929			-1.0000			79.0000			-173.0000			15.0000			
10.9059			-59.4434			48.6761			0.1000			88.0000			-173.0000			3.0000			
10.9059			-58.3788			45.9177			-1.5000			95.0000			-169.0000			-9.0000			
17.5057			-55.7173			36.5390			-1.6000			102.0000			-163.0000			-22.0000			
21.9056			-56.2496			33.2289			-1.1000			107.0000			-154.0000			-37.0000			
24.6555			-61.5727			36.5390			-0.3000			111.0000			-148.0000			-50.0000			
31.2554			-63.7019			32.6772			0.2000			116.0000			-140.0000			-61.0000			
36.2053			-62.6373			25.5053			-0.9000			119.0000			-134.0000			-71.0000			
44.4551			-59.9758			15.5750			0.0000			123.0000			-127.0000			-81.0000			
51.0550			-60.5081			11.7132			2.2000			125.0000			-118.0000			-91.0000			
53.2549			-62.1050			8.4031			-0.4000			127.0000			-107.0000			-102.0000			
56.5548			-61.0404			3.9896			-0.4000			126.0000			-96.0000			-111.0000			
59.8548			-60.5081			0.6795			0.0000			125.0000			-84.0000			-120.0000			
62.6047			-61.0404			-0.9755			0.5000			125.0000			-74.0000			-128.0000			
64.2547			-55.1850			-10.3542			-1.2000			123.0000			-64.0000			-135.0000			
65.3546			-46.6680			-17.5261			1.1000			123.0000			-52.0000			-144.0000			
59.3048			-40.8126			-17.5261			0.9000			119.0000			-38.0000			-151.0000			
57.6548			-32.8279			-24.6980			0.1000			114.0000			-23.0000			-159.0000			
59.3048			-31.2310			-26.9047			1.1000			107.0000			-7.0000			-164.0000			
62.0547			-29.6341			-31.3182			1.0000			100.0000			8.0000			-169.0000			
62.0547			-26.9725			-35.1800			0.0000			95.0000			20.0000			-173.0000			
59.8548			-19.5202			-39.5935			0.7000			87.0000			31.0000			-174.0000			
57.1048			-11.5355			-47.3171			-1.7000			82.0000			41.0000			-175.0000			
57.6548			-8.8740			-48.9721			-0.1000			74.0000			54.0000			-174.0000			
60.9547			-8.8740			-52.2822			-0.2000			66.0000			66.0000			-173.0000			
61.5047			-6.7448			-53.9373			0.8000			57.0000			75.0000			-171.0000			
59.8548			-1.4217			-58.3507			0.0000			47.0000			86.0000			-168.0000			
60.9547			-1.4217			-58.3507			1.1000			38.0000			95.0000			-164.0000			
52.7049			7.0953			-60.0058			-0.2000			30.0000			103.0000			-160.0000			
49.4050			8.6922			-57.7991			0.2000			20.0000			114.0000			-157.0000			
43.9051			10.8215			-53.9373			0.7000			8.0000			123.0000			-151.0000			
37.3053			18.2738			-54.4890			1.0000			-4.0000			131.0000			-142.0000			
35.6553			23.0646			-58.3507			0.3000			-17.0000			139.0000			-133.0000			
32.3554			28.9200			-60.5575			0.7000			-29.0000			146.0000			-126.0000			
26.3055			32.1139			-56.6957			1.7000			-39.0000			152.0000			-117.0000			
20.8056			36.3724			-56.6957			0.4000			-49.0000			156.0000			-109.0000			
19.1557			39.5662			-57.2474			1.4000			-57.0000			159.0000			-101.0000			
16.4057			40.6308			-56.1440			0.8000			-66.0000			160.0000			-90.0000			
12.5558			45.9539			-57.2474			1.2000			-74.0000			160.0000			-80.0000			
8.1559			49.1478			-57.2474			0.0000			-82.0000			159.0000			-68.0000			
4.8560			52.8740			-59.4541			-1.7000			-90.0000			158.0000			-56.0000			
-0.6439			51.2770			-50.0755			0.5000			-97.0000			156.0000			-46.0000			
-8.3437			54.4709			-44.5586			1.5000			-106.0000			155.0000			-34.0000			
-9.4437			53.4063			-42.9036			1.0000			-114.0000			152.0000			-21.0000			
-17.1435			52.3417			-34.0766			1.1000			-122.0000			148.0000			-9.0000			
-23.1934			52.8740			-29.6631			0.0000			-128.0000			140.0000			7.0000			
-29.7932			59.2617			-28.0081			1.4000			-133.0000			131.0000			22.0000			
-33.0932			59.7940			-26.3530			0.3000			-137.0000			125.0000			33.0000			
-35.8431			59.2617			-20.2845			3.1000			-141.0000			118.0000			43.0000			
-39.1430			56.0678			-14.2160			2.7000			-143.0000			111.0000			52.0000			
-41.3430			55.0032			-13.1126			0.5000			-145.0000			100.0000			61.0000			
-44.6429			55.0032			-10.9059			-0.5000			-145.0000			91.0000			69.0000			
-50.1428			55.5355			-6.4924			-1.0000			-143.0000			80.0000			77.0000			
-51.7927			52.3417			-0.4239			0.1000			-142.0000			70.0000			84.0000			
-53.4427			52.8740			0.1278			-0.4000			-141.0000			58.0000			94.0000			
-56.7426			49.1478			9.5065			1.9000			-140.0000			48.0000			99.0000			
-58.9426			42.2278			17.2301			0.5000			-139.0000			36.0000			109.0000			
-56.7426			37.9693			17.7817			-0.9000			-137.0000			23.0000			119.0000			
-58.3926			32.6462			24.4020			-1.3000			-132.0000			7.0000			126.0000			
-61.1425			31.5816			30.4705			0.9000			-125.0000			-6.0000			132.0000			
-62.2425			30.5169			33.2289			1.5000			-121.0000			-20.0000			136.0000			
-63.8925			26.7908			36.5390			-0.5000			-114.0000			-33.0000			139.0000			
-61.1425			21.4677			40.4008			0.7000			-109.0000			-43.0000			141.0000			
-59.4926			14.0153			45.3660			-0.1000			-101.0000			-55.0000			142.0000			
-56.7426			8.6922			47.5727			-0.4000			-93.0000			-68.0000			142.0000			
-57.2926			5.4984			50.3311			-1.4000			-84.0000			-82.0000			140.0000			
-57.8426			3.3691			54.1929			-0.2000			-74.0000			-90.0000			138.0000			
-58.3926			0.1753			57.5030			-0.7000			-66.0000			-101.0000			134.0000			
-57.8426			0.1753			56.9514			-0.7000			-57.0000			-110.0000			131.0000			
-49.5928			-7.8094			58.0547			0.6000			-49.0000			-119.0000			128.0000			
-49.0428			-9.9386			58.6064			-0.3000			-38.0000			-129.0000			124.0000			
-42.9929			-13.6648			56.9514			0.2000			-27.0000			-138.0000			119.0000			
-36.9431			-18.9879			56.3997			0.4000			-15.0000			-146.0000			111.0000			
-37.4931			-22.1817			59.7098			0.0000			-3.0000			-154.0000			101.0000			
-37.4931			-27.5048			62.4682			-2.5000			7.0000			-159.0000			94.0000			
-31.9932			-28.0372			59.7098			-0.3000			18.0000			-164.0000			86.0000			
-23.1934			-33.8926			55.8480			-1.2000			27.0000			-169.0000			76.0000			
-16.0435			-40.8126			55.8480			-1.0000			36.0000			-172.0000			67.0000			
-12.7436			-44.0065			56.3997			-0.3000			46.0000			-173.0000			56.0000			
-8.3437			-48.2649			55.8480			-0.7000			55.0000			-175.0000			45.0000			
-4.4938			-49.8619			54.7446			0.3000			64.0000			-175.0000			33.0000			
-3.3938			-52.5234			56.3997			0.4000			71.0000			-173.0000			23.0000			
0.4561			-53.5880			51.9862			-1.1000			79.0000			-173.0000			13.0000			
10.9059			-56.2496			44.8143			-0.5000			88.0000			-172.0000			-1.0000			
11.4558			-54.6527			42.0559			-1.1000			96.0000			-167.0000			-12.0000			
16.9557			-51.9911			34.8840			-0.1000			102.0000			-162.0000			-26.0000			
19.7057			-54.1203			33.7806			-0.6000			108.0000			-155.0000			-40.0000			
23.5556			-58.3788			34.3323			-0.4000			113.0000			-147.0000			-52.0000			
28.5055			-59.9758			30.4705			-1.0000			116.0000			-140.0000			-63.0000			
35.1053			-61.5727			26.0570			-0.4000			120.0000			-132.0000			-73.0000			
42.8051			-57.8465			16.6784			1.6000			123.0000			-126.0000			-82.0000			
48.3050			-58.3788			10.0582			0.0000			124.0000			-116.0000			-92.0000			
52.1549			-59.4434			8.4031			1.1000			125.0000			-107.0000			-102.0000			
55.4549			-60.5081			4.5413			-0.5000			125.0000			-97.0000			-111.0000			
58.7548			-59.9758			-0.4239			-1.6000			126.0000			-86.0000			-119.0000			
60.9547			-58.9111			-0.9755			1.0000			124.0000			-74.0000			-128.0000			
61.5047			-53.0557			-9.2508			-0.8000			123.0000			-64.0000			-135.0000			
64.2547			-46.6680			-18.0778			-0.4000			121.0000			-51.0000			-143.0000			
57.1048			-39.2157			-17.5261			0.3000			118.0000			-39.0000			-152.0000			
56.0048			-30.6987			-25.8014			-0.4000			113.0000			-23.0000			-159.0000			
58.7548			-31.2310			-26.9047			0.6000			106.0000			-6.0000			-164.0000			
63.1547			-31.2310			-30.7665			1.1000			99.0000			8.0000			-169.0000			
62.0547			-26.4402			-35.1800			0.4000			93.0000			20.0000			-173.0000			
59.8548			-19.5202			-39.5935			0.7000			88.0000			30.0000			-174.0000			
57.1048			-13.1325			-45.1103			-1.1000			82.0000			42.0000			-175.0000			
57.6548			-8.8740			-48.9721			-0.1000			74.0000			54.0000			-174.0000			
59.8548			-6.7448			-53.9373			-0.8000			66.0000			66.0000			-174.0000			
59.3048			-5.1478			-55.0406			-0.8000			55.0000			76.0000			-170.0000			
59.8548			-1.9540			-58.9024			-1.0000			46.0000			87.0000			-168.0000			
59.8548			-1.4217			-58.3507			0.0000			38.0000			97.0000			-165.0000			
52.1549			8.6922			-61.1092			-0.2000			29.0000			105.0000			-162.0000			
48.8550			9.7569			-58.3507			0.2000			19.0000			115.0000			-156.0000			
43.9051			11.8861			-53.9373			1.8000			8.0000			124.0000			-150.0000			
37.3053			17.7415			-53.9373			1.1000			-4.0000			132.0000			-143.0000			
34.5553			22.5323			-57.2474			-0.1000			-18.0000			138.0000			-132.0000			
31.8054			26.7908			-59.4541			-0.8000			-29.0000			147.0000			-125.0000			
27.4055			29.4523			-56.1440			0.7000			-39.0000			151.0000			-117.0000			
20.2556			35.3077			-53.9373			1.6000			-49.0000			155.0000			-109.0000			
16.9557			39.0339			-53.9373			2.0000			-57.0000			157.0000			-99.0000			
15.3058			41.1631			-55.0406			1.4000			-66.0000			159.0000			-88.0000			
13.1058			44.3570			-56.6957			0.7000			-74.0000			158.0000			-79.0000			
8.1559			48.6155			-55.0406			1.7000			-82.0000			158.0000			-68.0000			
4.8560			51.8093			-57.2474			-0.5000			-91.0000			157.0000			-56.0000			
-0.0939			51.8093			-49.5238			2.1000			-97.0000			157.0000			-47.0000			
-9.4437			55.5355			-45.1103			0.9000			-106.0000			155.0000			-35.0000			
-9.4437			52.3417			-42.9036			0.0000			-114.0000			151.0000			-22.0000			
-16.5935			51.2770			-34.6283			0.0000			-122.0000			147.0000			-8.0000			
-22.6434			53.9386			-31.8699			-0.5000			-128.0000			140.0000			7.0000			
-28.6933			59.2617			-30.2148			0.3000			-133.0000			133.0000			20.0000			
-33.0932			59.2617			-25.2497			0.9000			-138.0000			125.0000			33.0000			
-36.3931			58.7294			-21.3879			0.9000			-140.0000			121.0000			42.0000			
-39.6930			57.1324			-15.3193			2.1000			-144.0000			111.0000			51.0000			
-41.8930			55.0032			-10.9059			2.2000			-144.0000			101.0000			59.0000			
-44.0929			53.9386			-9.8025			0.0000			-143.0000			90.0000			70.0000			
-50.1428			56.0678			-6.4924			-0.5000			-144.0000			80.0000			78.0000			
-52.3427			54.4709			-0.9755			1.1000			-143.0000			69.0000			86.0000			
-55.0927			52.8740			1.2312			-0.9000			-142.0000			59.0000			93.0000			
-57.2926			48.6155			11.1615			2.4000			-141.0000			47.0000			101.0000			
-59.4926			42.7601			17.2301			0.5000			-141.0000			35.0000			110.0000			
-57.2926			39.0339			17.2301			-1.0000			-136.0000			22.0000			118.0000			
-56.7426			31.5816			24.9536			-0.1000			-133.0000			6.0000			127.0000			
-59.4926			31.0493			28.8154			0.3000			-126.0000			-8.0000			132.0000			
-62.7925			31.0493			33.2289			1.4000			-120.0000			-21.0000			136.0000			
-62.2425			26.2585			37.0907			1.1000			-114.0000			-33.0000			140.0000			
-58.3926			19.3384			39.8491			0.8000			-108.0000			-44.0000			140.0000			
-57.2926			12.9507			45.3660			1.0000			-102.0000			-56.0000			141.0000			
-57.8426			9.7569			47.5727			-0.4000			-93.0000			-68.0000			141.0000			
-57.2926			6.0307			50.3311			-0.9000			-84.0000			-80.0000			139.0000			
-57.2926			2.3045			53.0896			-1.8000			-74.0000			-90.0000			138.0000			
-57.2926			1.2399			56.3997			0.3000			-66.0000			-101.0000			135.0000			
-56.7426			0.7076			56.3997			0.3000			-57.0000			-108.0000			130.0000			
-49.0428			-8.8740			56.9514			-0.9000			-47.0000			-118.0000			127.0000			
-47.3928			-9.9386			57.5030			0.1000			-38.0000			-129.0000			123.0000			
-43.5429			-13.6648			55.8480			-1.3000			-28.0000			-138.0000			118.0000			
-36.9431			-18.9879			56.9514			1.0000			-15.0000			-146.0000			110.0000			
-35.2931			-23.2464			59.1581			0.6000			-3.0000			-152.0000			100.0000			
-34.7431			-27.5048			61.3648			-0.8000			8.0000			-160.0000			94.0000			
-32.5432			-28.5695			60.8131			-0.2000			18.0000			-165.0000			85.0000			
-23.1934			-34.4249			56.9514			-0.6000			26.0000			-169.0000			77.0000			
-15.4936			-40.8126			56.3997			0.0000			36.0000			-172.0000			68.0000			
-11.6436			-45.6034			57.5030			0.2000			46.0000			-174.0000			56.0000			
-8.3437			-50.9265			58.6064			-0.6000			56.0000			-175.0000			47.0000			
-3.3938			-51.9911			56.3997			1.0000			63.0000			-174.0000			34.0000			
-2.2939			-55.7173			58.6064			0.5000			73.0000			-175.0000			23.0000			
2.1061			-57.3142			54.1929			-1.0000			79.0000			-173.0000			13.0000			
10.9059			-58.9111			47.5727			-0.4000			88.0000			-171.0000			3.0000			
12.0058			-55.7173			43.7109			0.0000			97.0000			-167.0000			-11.0000			
19.7057			-53.5880			34.8840			1.0000			103.0000			-162.0000			-25.0000			
22.4556			-55.7173			33.2289			0.0000			108.0000			-153.0000			-40.0000			
26.8555			-60.5081			33.2289			-0.4000			112.0000			-147.0000			-53.0000			
29.6054			-61.0404			29.9188			-1.5000			117.0000			-139.0000			-64.0000			
35.1053			-60.5081			25.5053			0.1000			120.0000			-132.0000			-73.0000			
42.2551			-59.9758			17.7817			0.0000			122.0000			-124.0000			-83.0000			
48.3050			-59.4434			12.2649			1.1000			125.0000			-117.0000			-92.0000			
53.8049			-59.9758			7.2997			1.1000			126.0000			-105.0000			-103.0000			
57.1048			-61.0404			3.9896			0.0000			125.0000			-95.0000			-113.0000			
60.4047			-60.5081			-0.4239			-0.5000			125.0000			-84.0000			-120.0000			
62.6047			-59.9758			-1.5272			1.1000			124.0000			-72.0000			-128.0000			
63.1547			-51.9911			-10.9059			0.2000			123.0000			-63.0000			-136.0000			
64.8046			-45.6034			-18.0778			1.1000			122.0000			-51.0000			-144.0000			
58.7548			-40.8126			-18.0778			-0.1000			118.0000			-37.0000			-151.0000			
56.5548			-30.6987			-26.3530			-0.4000			113.0000			-23.0000			-158.0000			
57.6548			-29.6341			-27.4564			0.5000			106.0000			-6.0000			-163.0000			
61.5047			-30.6987			-30.7665			0.0000			99.0000			8.0000			-169.0000			
62.0547			-26.4402			-34.6283			0.9000			93.0000			20.0000			-172.0000			
59.3048			-18.9879			-40.1452			0.1000			87.0000			31.0000			-173.0000			
57.1048			-11.5355			-46.7654			-1.1000			80.0000			43.0000			-175.0000			
58.2048			-8.3417			-50.0755			-0.2000			71.0000			55.0000			-175.0000			
61.5047			-7.2771			-55.0406			-0.8000			63.0000			68.0000			-174.0000			
59.3048			-3.0186			-57.2474			-0.9000			55.0000			77.0000			-170.0000			
60.4047			-0.8893			-59.4541			0.0000			46.0000			87.0000			-168.0000			
60.9547			-1.4217			-60.0058			-0.4000			38.0000			96.0000			-165.0000			
53.2549			9.7569			-62.2125			0.8000			28.0000			106.0000			-162.0000			
48.8550			9.7569			-58.3507			0.2000			18.0000			115.0000			-156.0000			
42.8051			13.4830			-55.5923			0.6000			6.0000			124.0000			-151.0000			
37.3053			18.8061			-55.5923			0.5000			-6.0000			132.0000			-142.0000			
35.1053			24.1292			-58.9024			0.3000			-19.0000			140.0000			-132.0000			
31.2554			28.9200			-60.0058			0.1000			-30.0000			147.0000			-125.0000			
26.8555			31.0493			-57.2474			0.6000			-40.0000			153.0000			-117.0000			
19.7057			36.9047			-56.1440			0.4000			-49.0000			155.0000			-108.0000			
15.8557			40.0985			-55.0406			0.9000			-58.0000			159.0000			-98.0000			
13.6558			43.2924			-55.5923			1.3000			-66.0000			159.0000			-88.0000			
12.0058			46.4862			-57.2474			1.2000			-75.0000			159.0000			-77.0000			
8.1559			50.2124			-56.1440			2.2000			-83.0000			159.0000			-67.0000			
5.4060			51.8093			-57.7991			-0.5000			-91.0000			159.0000			-54.0000			
-2.2939			52.3417			-48.9721			1.0000			-99.0000			156.0000			-45.0000			
-9.4437			55.5355			-45.1103			0.9000			-106.0000			155.0000			-33.0000			
-9.9937			52.8740			-42.9036			0.0000			-115.0000			152.0000			-21.0000			
-18.2435			51.2770			-31.8699			1.1000			-122.0000			146.0000			-7.0000			
-23.1934			54.4709			-31.8699			-0.5000			-128.0000			138.0000			8.0000			
-29.2432			60.8586			-30.7665			0.8000			-133.0000			131.0000			22.0000			
-34.1931			60.3263			-25.8014			0.3000			-138.0000			125.0000			34.0000			
-38.0430			58.1971			-19.1811			0.9000			-142.0000			118.0000			43.0000			
-41.3430			57.6648			-14.2160			2.1000			-143.0000			110.0000			53.0000			
-42.4429			56.0678			-10.9059			2.7000			-143.0000			100.0000			61.0000			
-44.0929			55.0032			-9.2508			1.6000			-145.0000			90.0000			70.0000			
-50.1428			56.0678			-6.4924			-0.5000			-144.0000			79.0000			78.0000			
-52.8927			55.0032			-0.9755			1.1000			-142.0000			69.0000			86.0000			
-56.1926			55.5355			0.6795			0.0000			-141.0000			58.0000			95.0000			
-59.4926			48.0832			12.8166			1.4000			-141.0000			48.0000			101.0000			
-59.4926			42.7601			17.2301			0.5000			-139.0000			35.0000			111.0000			
-56.7426			39.0339			17.7817			0.0000			-137.0000			21.0000			120.0000			
-57.8426			33.1785			25.5053			0.8000			-132.0000			7.0000			128.0000			
-60.5925			31.5816			28.8154			-0.1000			-126.0000			-9.0000			133.0000			
-63.8925			29.9846			34.3323			0.4000			-120.0000			-23.0000			138.0000			
-64.4425			26.2585			39.2974			1.1000			-115.0000			-34.0000			142.0000			
-59.4926			18.2738			43.1592			1.9000			-108.0000			-46.0000			142.0000			
-58.3926			10.8215			48.1244			0.5000			-101.0000			-58.0000			143.0000			
-56.7426			9.2245			47.5727			0.0000			-92.0000			-71.0000			143.0000			
-58.3926			6.5630			51.9862			0.1000			-84.0000			-82.0000			141.0000			
-58.9426			3.3691			54.7446			-0.8000			-75.0000			-92.0000			138.0000			
-58.3926			0.7076			56.3997			-1.2000			-65.0000			-104.0000			134.0000			
-57.2926			0.7076			56.9514			0.3000			-56.0000			-112.0000			132.0000			
-50.6928			-7.8094			58.6064			0.1000			-48.0000			-121.0000			127.0000			
-48.4928			-9.4063			57.5030			-0.3000			-37.0000			-129.0000			123.0000			
-42.4429			-13.6648			55.8480			-0.2000			-26.0000			-139.0000			116.0000			
-38.0430			-17.9233			56.9514			0.9000			-14.0000			-147.0000			108.0000			
-36.9431			-23.2464			60.8131			0.6000			-2.0000			-153.0000			101.0000			
-33.0932			-26.4402			59.7098			0.1000			9.0000			-161.0000			92.0000			
-29.7932			-30.1664			59.1581			-0.7000			17.0000			-164.0000			85.0000			
-24.2934			-33.3603			57.5030			-0.1000			27.0000			-169.0000			77.0000			
-17.1435			-38.1510			56.3997			1.1000			37.0000			-171.0000			66.0000			
-12.1936			-42.9418			56.3997			1.2000			47.0000			-173.0000			55.0000			
-8.8937			-47.2003			57.5030			1.4000			55.0000			-175.0000			45.0000			
-5.0438			-50.9265			56.9514			0.9000			65.0000			-173.0000			33.0000			
-2.8438			-53.0557			56.3997			0.4000			73.0000			-173.0000			23.0000			
3.2060			-54.1203			50.3311			-0.5000			81.0000			-173.0000			11.0000			
9.8059			-56.2496			45.9177			-0.5000			90.0000			-170.0000			-1.0000			
10.3559			-54.1203			43.7109			0.0000			96.0000			-168.0000			-13.0000			
19.7057			-53.0557			34.3323			0.9000			103.0000			-161.0000			-27.0000			
21.9056			-54.6527			33.2289			0.4000			108.0000			-153.0000			-42.0000			
26.3055			-59.9758			34.3323			0.6000			114.0000			-145.0000			-54.0000			
29.6054			-60.5081			29.9188			-0.9000			118.0000			-140.0000			-63.0000			
35.1053			-59.4434			22.7469			-1.5000			120.0000			-133.0000			-73.0000			
41.7052			-58.3788			16.1267			-0.5000			125.0000			-125.0000			-83.0000			
46.1051			-58.9111			13.3683			0.5000			126.0000			-115.0000			-94.0000			
52.1549			-59.9758			8.9548			1.1000			126.0000			-106.0000			-102.0000			
56.5548			-58.9111			2.8863			0.5000			127.0000			-94.0000			-112.0000			
59.3048			-59.4434			0.1278			0.0000			125.0000			-83.0000			-120.0000			
60.4047			-60.5081			-0.9755			-1.0000			124.0000			-72.0000			-128.0000			
62.0547			-50.9265			-12.0092			-0.8000			123.0000			-63.0000			-135.0000			
62.6047			-43.4741			-18.0778			1.0000			122.0000			-49.0000			-145.0000			
57.1048			-39.2157			-19.1811			-1.2000			117.0000			-36.0000			-152.0000			
57.1048			-31.2310			-26.9047			-1.0000			112.0000			-21.0000			-160.0000			
58.2048			-29.1018			-28.5598			0.5000			103.0000			-5.0000			-165.0000			
62.0547			-30.6987			-31.3182			0.0000			98.0000			9.0000			-169.0000			
60.9547			-27.5048			-33.5249			0.0000			92.0000			20.0000			-173.0000			
58.7548			-20.0525			-38.4901			0.2000			88.0000			31.0000			-173.0000			
56.5548			-12.0679			-44.5586			0.0000			80.0000			43.0000			-175.0000			
56.5548			-7.8094			-48.4204			0.3000			72.0000			55.0000			-174.0000			
60.4047			-6.7448			-52.8339			0.8000			63.0000			66.0000			-173.0000			
59.3048			-4.0832			-56.1440			-0.9000			55.0000			77.0000			-170.0000			
58.7548			-0.8893			-58.9024			-1.0000			45.0000			88.0000			-167.0000			
58.7548			-0.3570			-57.2474			1.1000			36.0000			98.0000			-164.0000			
52.1549			9.7569			-60.5575			1.3000			27.0000			106.0000			-161.0000			
48.3050			10.8215			-57.7991			1.3000			17.0000			115.0000			-157.0000			
41.1552			14.0153			-55.0406			0.1000			5.0000			126.0000			-150.0000			
36.7553			18.2738			-53.9373			1.0000			-7.0000			133.0000			-142.0000			
37.3053			22.0000			-59.4541			-0.1000			-19.0000			141.0000			-132.0000			
32.3554			26.7908			-59.4541			-0.3000			-29.0000			147.0000			-125.0000			
27.4055			28.9200			-55.5923			0.7000			-41.0000			153.0000			-116.0000			
20.8056			34.2431			-53.9373			1.1000			-49.0000			154.0000			-108.0000			
15.3058			39.5662			-55.0406			-0.1000			-58.0000			158.0000			-98.0000			
14.2058			41.6955			-55.5923			0.3000			-67.0000			159.0000			-88.0000			
10.3559			46.4862			-56.1440			0.6000			-76.0000			159.0000			-77.0000			
8.7059			49.6801			-55.5923			2.7000			-83.0000			158.0000			-66.0000			
6.5060			51.8093			-58.3507			0.0000			-91.0000			159.0000			-54.0000			
-4.4938			53.4063			-48.4204			0.4000			-99.0000			156.0000			-45.0000			
-10.5437			56.0678			-44.0069			1.5000			-107.0000			155.0000			-33.0000			
-9.9937			55.0032			-43.4553			1.5000			-116.0000			153.0000			-21.0000			
-18.2435			52.3417			-32.9733			1.1000			-123.0000			147.0000			-7.0000			
-22.0934			53.4063			-30.7665			0.5000			-129.0000			138.0000			9.0000			
-28.6933			60.3263			-31.3182			0.3000			-134.0000			132.0000			22.0000			
-33.0932			60.3263			-27.4564			-0.2000			-138.0000			125.0000			34.0000			
-37.4931			58.1971			-19.7328			0.9000			-142.0000			118.0000			42.0000			
-41.8930			55.5355			-13.1126			0.5000			-143.0000			110.0000			53.0000			
-41.8930			55.0032			-9.8025			3.3000			-145.0000			99.0000			61.0000			
-44.6429			56.6001			-9.2508			2.7000			-144.0000			88.0000			71.0000			
-48.4928			56.0678			-5.9407			1.6000			-143.0000			79.0000			78.0000			
-51.7927			54.4709			-0.9755			1.7000			-143.0000			67.0000			87.0000			
-55.0927			54.4709			1.2312			0.6000			-141.0000			56.0000			94.0000			
-58.3926			48.0832			13.3683			3.0000			-141.0000			47.0000			101.0000			
-60.0426			41.6955			18.8851			0.5000			-140.0000			34.0000			112.0000			
-55.0927			37.9693			17.7817			0.6000			-136.0000			20.0000			120.0000			
-57.2926			34.2431			23.2986			0.2000			-131.0000			6.0000			128.0000			
-60.5925			33.1785			27.7121			0.3000			-126.0000			-9.0000			132.0000			
-62.2425			29.9846			32.1255			-0.1000			-120.0000			-23.0000			137.0000			
-61.1425			24.6615			36.5390			0.0000			-114.0000			-33.0000			140.0000			
-58.9426			17.7415			42.0559			0.8000			-108.0000			-45.0000			140.0000			
-57.2926			10.8215			47.5727			1.1000			-100.0000			-57.0000			141.0000			
-55.6427			8.1599			48.1244			0.6000			-91.0000			-70.0000			141.0000			
-57.2926			7.6276			51.4345			1.7000			-84.0000			-82.0000			140.0000			
-58.9426			4.9661			53.6412			-0.3000			-75.0000			-92.0000			139.0000			
-57.8426			1.2399			56.3997			-0.1000			-65.0000			-103.0000			134.0000			
-56.1926			-0.3570			58.6064			2.0000			-56.0000			-111.0000			132.0000			
-50.1428			-8.3417			59.7098			1.2000			-46.0000			-121.0000			128.0000			
-49.5928			-8.8740			58.0547			-0.4000			-36.0000			-130.0000			123.0000			
-41.3430			-13.6648			55.2963			0.2000			-25.0000			-140.0000			118.0000			
-36.9431			-17.9233			56.9514			2.0000			-14.0000			-147.0000			110.0000			
-36.9431			-23.7787			61.3648			0.6000			-1.0000			-154.0000			101.0000			
-33.6431			-27.5048			60.2615			-0.8000			9.0000			-161.0000			93.0000			
-27.0433			-30.6987			58.0547			0.3000			19.0000			-165.0000			84.0000			
-20.4434			-34.4249			56.3997			1.5000			28.0000			-169.0000			76.0000			
-17.1435			-38.6834			55.8480			0.0000			38.0000			-171.0000			66.0000			
-12.1936			-43.4741			56.9514			1.2000			47.0000			-174.0000			56.0000			
-8.3437			-47.7326			56.9514			0.8000			56.0000			-175.0000			44.0000			
-4.4938			-50.9265			56.3997			0.9000			65.0000			-174.0000			32.0000			
-2.8438			-55.1850			58.6064			0.5000			73.0000			-175.0000			22.0000			
4.8560			-56.2496			51.4345			0.0000			81.0000			-173.0000			11.0000			
13.1058			-58.3788			45.9177			0.6000			89.0000			-171.0000			-1.0000			
9.8059			-54.1203			44.2626			0.0000			98.0000			-167.0000			-13.0000			
19.7057			-54.1203			35.4357			1.0000			104.0000			-161.0000			-27.0000			
24.1056			-55.1850			31.5739			0.4000			108.0000			-153.0000			-42.0000			
27.4055			-59.4434			32.1255			0.0000			114.0000			-146.0000			-55.0000			
31.8054			-60.5081			28.8154			0.1000			118.0000			-139.0000			-65.0000			
35.6553			-59.4434			22.1952			-1.5000			119.0000			-131.0000			-73.0000			
41.7052			-57.8465			15.0233			-1.1000			123.0000			-124.0000			-84.0000			
47.7550			-57.8465			12.2649			2.1000			124.0000			-114.0000			-94.0000			
51.6049			-59.9758			10.0582			1.6000			127.0000			-104.0000			-104.0000			
57.6548			-59.9758			3.4379			1.1000			125.0000			-95.0000			-112.0000			
60.9547			-58.3788			-2.0789			0.4000			124.0000			-83.0000			-121.0000			
60.9547			-58.9111			-2.6306			-0.5000			125.0000			-72.0000			-128.0000			
64.2547			-52.5234			-12.0092			-0.2000			123.0000			-61.0000			-136.0000			
64.2547			-45.0711			-18.0778			1.1000			121.0000			-49.0000			-145.0000			
57.6548			-38.6834			-20.2845			-1.3000			118.0000			-36.0000			-152.0000			
57.6548			-30.1664			-27.4564			0.0000			112.0000			-20.0000			-159.0000			
59.3048			-29.6341			-29.6631			0.0000			105.0000			-5.0000			-165.0000			
62.0547			-29.1018			-33.5249			-0.5000			98.0000			9.0000			-170.0000			
61.5047			-25.9079			-35.7317			-0.1000			92.0000			22.0000			-172.0000			
59.3048			-19.5202			-39.0418			0.7000			87.0000			32.0000			-174.0000			
58.2048			-12.6002			-46.2137			-0.6000			79.0000			44.0000			-175.0000			
58.2048			-8.3417			-49.5238			0.3000			72.0000			56.0000			-174.0000			
60.9547			-5.1478			-54.4890			1.3000			63.0000			68.0000			-174.0000			
60.9547			-3.0186			-58.3507			-0.4000			54.0000			79.0000			-172.0000			
61.5047			-0.8893			-61.1092			-0.4000			45.0000			89.0000			-167.0000			
59.3048			1.2399			-59.4541			1.0000			36.0000			97.0000			-164.0000			
51.6049			10.2892			-61.1092			0.7000			27.0000			107.0000			-161.0000			
50.5050			10.8215			-59.4541			1.8000			17.0000			116.0000			-156.0000			
41.7052			15.0800			-55.5923			1.1000			5.0000			125.0000			-149.0000			
35.1053			20.4031			-53.9373			1.5000			-8.0000			133.0000			-141.0000			
35.6553			25.1938			-59.4541			1.3000			-20.0000			140.0000			-132.0000			
32.9054			27.8554			-59.4541			1.3000			-30.0000			147.0000			-123.0000			
26.8555			30.5169			-56.1440			1.2000			-40.0000			152.0000			-115.0000			
19.7057			34.2431			-53.9373			0.0000			-51.0000			157.0000			-106.0000			
15.8557			40.6308			-54.4890			1.9000			-59.0000			158.0000			-98.0000			
12.5558			44.3570			-57.2474			-0.3000			-69.0000			159.0000			-87.0000			
8.1559			48.0832			-55.0406			1.1000			-76.0000			158.0000			-76.0000			
6.5060			51.2770			-55.5923			2.1000			-84.0000			159.0000			-65.0000			
5.4060			52.3417			-59.4541			-1.7000			-92.0000			156.0000			-55.0000			
-3.9438			54.4709			-50.0755			0.4000			-99.0000			157.0000			-44.0000			
-9.9937			56.0678			-44.0069			2.0000			-108.0000			155.0000			-33.0000			
-10.5437			54.4709			-42.3519			1.5000			-116.0000			151.0000			-20.0000			
-18.2435			52.8740			-32.9733			1.6000			-123.0000			146.0000			-7.0000			
-22.6434			54.4709			-30.2148			1.6000			-129.0000			138.0000			9.0000			
-29.7932			59.2617			-29.1115			0.3000			-134.0000			131.0000			24.0000			
-32.5432			60.3263			-26.3530			1.4000			-139.0000			125.0000			35.0000			
-37.4931			59.7940			-21.3879			0.9000			-142.0000			117.0000			44.0000			
-42.4429			57.1324			-13.6643			1.0000			-144.0000			109.0000			52.0000			
-44.0929			55.0032			-9.8025			1.1000			-144.0000			98.0000			63.0000			
-46.8429			56.6001			-7.5958			2.1000			-144.0000			88.0000			71.0000			
-49.5928			57.6648			-5.3890			2.6000			-143.0000			78.0000			79.0000			
-53.4427			55.5355			-0.4239			1.6000			-141.0000			66.0000			88.0000			
-55.0927			53.4063			2.8863			1.2000			-141.0000			55.0000			95.0000			
-58.9426			48.0832			12.2649			1.4000			-140.0000			46.0000			103.0000			
-60.5925			43.8247			17.7817			1.0000			-139.0000			33.0000			113.0000			
-55.0927			37.4370			19.9885			2.3000			-136.0000			20.0000			121.0000			
-56.7426			34.2431			23.2986			0.8000			-132.0000			4.0000			129.0000			
-61.6925			33.7108			27.7121			-0.2000			-125.0000			-10.0000			134.0000			
-63.8925			31.0493			32.6772			-0.1000			-119.0000			-25.0000			138.0000			
-63.3425			24.6615			38.7458			0.0000			-114.0000			-36.0000			141.0000			
-58.3926			17.2092			43.1592			1.9000			-107.0000			-48.0000			142.0000			
-58.9426			11.8861			47.5727			0.5000			-100.0000			-59.0000			143.0000			
-56.1926			7.6276			49.7795			1.2000			-90.0000			-71.0000			143.0000			
-56.1926			6.0307			51.9862			1.8000			-81.0000			-82.0000			141.0000			
-58.3926			4.4338			53.6412			-0.3000			-73.0000			-93.0000			138.0000			
-58.9426			2.3045			55.8480			-0.7000			-64.0000			-104.0000			134.0000			
-57.8426			0.7076			56.9514			-0.1000			-56.0000			-112.0000			131.0000			
-50.1428			-9.4063			59.1581			-0.3000			-46.0000			-121.0000			126.0000			
-48.4928			-7.8094			56.3997			0.1000			-35.0000			-131.0000			122.0000			
-42.4429			-12.6002			55.2963			0.2000			-25.0000			-140.0000			117.0000			
-37.4931			-17.9233			55.8480			0.4000			-13.0000			-147.0000			109.0000			
-36.9431			-22.1817			60.2615			1.1000			-1.0000			-153.0000			99.0000			
-33.0932			-26.9725			60.2615			0.2000			11.0000			-161.0000			92.0000			
-27.5933			-30.6987			58.0547			-0.2000			20.0000			-165.0000			84.0000			
-19.3435			-36.0218			55.8480			0.4000			27.0000			-169.0000			75.0000			
-16.0435			-39.7480			54.7446			-1.0000			38.0000			-172.0000			65.0000			
-13.8436			-42.9418			56.9514			0.1000			48.0000			-175.0000			55.0000			
-8.8937			-47.2003			58.0547			1.9000			56.0000			-174.0000			44.0000			
-3.3938			-51.4588			56.9514			2.0000			66.0000			-174.0000			32.0000			
-3.3938			-54.1203			58.6064			1.0000			75.0000			-173.0000			21.0000			
5.4060			-55.7173			51.4345			1.1000			83.0000			-173.0000			10.0000			
10.9059			-56.2496			46.4693			1.1000			90.0000			-171.0000			-2.0000			
9.8059			-53.5880			43.1592			-0.6000			98.0000			-167.0000			-15.0000			
19.7057			-53.0557			35.4357			2.0000			104.0000			-160.0000			-29.0000			
23.0056			-55.7173			34.3323			1.6000			108.0000			-153.0000			-43.0000			
29.0554			-60.5081			32.1255			0.6000			114.0000			-145.0000			-55.0000			
33.4553			-59.4434			27.7121			1.7000			118.0000			-138.0000			-66.0000			
35.6553			-59.4434			22.1952			-1.5000			120.0000			-131.0000			-75.0000			
42.2551			-58.3788			16.1267			0.0000			123.0000			-124.0000			-85.0000			
45.5551			-57.3142			11.7132			0.0000			125.0000			-114.0000			-95.0000			
51.6049			-59.4434			9.5065			1.6000			126.0000			-103.0000			-105.0000			
57.1048			-60.5081			4.5413			1.1000			126.0000			-93.0000			-113.0000			
60.9547			-58.9111			-1.5272			0.5000			126.0000			-83.0000			-123.0000			
60.9547			-58.3788			-2.0789			0.4000			124.0000			-72.0000			-130.0000			
63.1547			-50.3942			-12.5609			0.1000			123.0000			-61.0000			-136.0000			
63.1547			-45.0711			-17.5261			0.5000			121.0000			-48.0000			-147.0000			
57.6548			-37.6187			-19.1811			0.8000			117.0000			-35.0000			-153.0000			
55.4549			-28.0372			-27.4564			0.0000			111.0000			-18.0000			-160.0000			
58.2048			-29.1018			-29.1115			0.0000			103.0000			-4.0000			-166.0000			
62.0547			-29.1018			-32.4216			0.5000			97.0000			11.0000			-171.0000			
60.9547			-24.8433			-36.2834			-0.1000			91.0000			22.0000			-173.0000			
57.6548			-18.4556			-39.0418			0.1000			86.0000			33.0000			-175.0000			
57.6548			-12.0679			-45.1103			0.4000			79.0000			45.0000			-175.0000			
57.6548			-8.8740			-48.4204			0.3000			71.0000			58.0000			-175.0000			
58.7548			-5.1478			-53.9373			-0.3000			63.0000			69.0000			-173.0000			
59.8548			-2.4863			-57.7991			-0.4000			54.0000			78.0000			-170.0000			
62.0547			-1.4217			-60.0058			0.6000			44.0000			89.0000			-167.0000			
59.3048			1.2399			-59.4541			1.0000			36.0000			98.0000			-164.0000			
51.0550			9.7569			-58.9024			1.9000			26.0000			108.0000			-161.0000			
48.8550			10.8215			-57.7991			1.8000			16.0000			116.0000			-156.0000			
41.1552			16.6769			-55.5923			2.2000			5.0000			127.0000			-150.0000			
36.2053			20.4031			-55.0406			1.5000			-8.0000			134.0000			-140.0000			
32.9054			27.3231			-60.0058			0.2000			-21.0000			141.0000			-132.0000			
32.3554			28.9200			-58.9024			2.3000			-32.0000			148.0000			-122.0000			
27.9555			29.9846			-57.2474			0.6000			-42.0000			153.0000			-116.0000			
19.7057			34.7754			-53.3856			1.0000			-51.0000			157.0000			-107.0000			
15.3058			39.0339			-53.3856			0.9000			-60.0000			158.0000			-96.0000			
12.0058			44.3570			-56.6957			-0.3000			-68.0000			159.0000			-85.0000			
9.2559			48.0832			-55.0406			2.2000			-76.0000			159.0000			-75.0000			
5.9560			51.2770			-55.0406			2.1000			-85.0000			158.0000			-65.0000			
5.9560			52.3417			-57.7991			0.4000			-93.0000			157.0000			-53.0000			
-2.8438			53.9386			-48.9721			2.1000			-100.0000			155.0000			-43.0000			
-10.5437			56.6001			-44.0069			2.0000			-109.0000			154.0000			-32.0000			
-11.0937			54.4709			-40.6968			2.6000			-116.0000			151.0000			-18.0000			
-19.3435			52.3417			-31.8699			1.1000			-124.0000			146.0000			-4.0000			
-22.0934			55.5355			-31.3182			2.1000			-129.0000			137.0000			11.0000			
-28.6933			60.3263			-29.1115			2.5000			-134.0000			129.0000			24.0000			
-33.0932			60.3263			-26.3530			0.8000			-139.0000			123.0000			36.0000			
-36.9431			58.1971			-21.3879			-0.1000			-142.0000			116.0000			44.0000			
-41.8930			58.1971			-15.3193			0.9000			-144.0000			110.0000			54.0000			
-44.0929			54.4709			-9.8025			0.5000			-144.0000			98.0000			63.0000			
-45.7429			54.4709			-7.0441			1.6000			-144.0000			87.0000			72.0000			
-50.1428			56.0678			-4.8373			1.1000			-143.0000			77.0000			79.0000			
-53.4427			55.5355			-0.4239			1.6000			-143.0000			65.0000			88.0000			
-54.5427			53.4063			2.8863			1.7000			-141.0000			55.0000			95.0000			
-58.9426			45.9539			14.4716			1.4000			-140.0000			44.0000			104.0000			
-60.0426			43.2924			17.7817			1.0000			-138.0000			31.0000			113.0000			
-55.0927			37.4370			21.0918			3.4000			-137.0000			18.0000			121.0000			
-56.7426			32.6462			26.0570			1.9000			-131.0000			2.0000			130.0000			
-60.5925			33.7108			27.7121			0.8000			-125.0000			-11.0000			134.0000			
-64.4425			32.6462			32.6772			0.8000			-119.0000			-25.0000			138.0000			
-63.8925			25.7262			37.0907			-1.0000			-113.0000			-37.0000			141.0000			
-58.3926			16.6769			42.6076			0.9000			-107.0000			-48.0000			142.0000			
-57.8426			10.2892			48.1244			0.5000			-99.0000			-59.0000			143.0000			
-57.2926			8.1599			50.3311			1.2000			-91.0000			-71.0000			142.0000			
-57.2926			4.9661			53.0896			0.7000			-82.0000			-83.0000			139.0000			
-56.7426			3.3691			54.1929			0.8000			-72.0000			-93.0000			136.0000			
-57.8426			2.3045			55.8480			0.3000			-62.0000			-104.0000			135.0000			
-57.2926			0.1753			57.5030			0.3000			-55.0000			-112.0000			131.0000			
-49.5928			-9.9386			59.7098			0.1000			-45.0000			-122.0000			127.0000			
-47.9428			-9.9386			57.5030			-0.3000			-35.0000			-131.0000			121.0000			
-42.4429			-13.1325			56.9514			1.3000			-24.0000			-141.0000			117.0000			
-39.1430			-17.9233			56.9514			-0.1000			-12.0000			-148.0000			108.0000			
-37.4931			-22.7141			60.8131			0.6000			-1.0000			-154.0000			99.0000			
-31.4432			-26.9725			59.1581			0.7000			10.0000			-161.0000			91.0000			
-25.9433			-31.7633			59.1581			1.4000			19.0000			-166.0000			83.0000			
-18.7935			-37.0864			56.3997			0.5000			29.0000			-169.0000			73.0000			
-13.8436			-40.8126			54.7446			0.0000			39.0000			-173.0000			64.0000			
-12.7436			-45.0711			57.5030			-0.3000			48.0000			-174.0000			53.0000			
-9.9937			-48.7972			58.0547			-0.7000			58.0000			-175.0000			42.0000			
-5.5938			-52.5234			59.1581			1.0000			66.0000			-174.0000			31.0000			
-4.4938			-53.5880			59.1581			1.0000			74.0000			-173.0000			20.0000			
6.5060			-57.8465			51.4345			0.0000			82.0000			-172.0000			10.0000			
10.9059			-57.8465			47.5727			0.6000			90.0000			-170.0000			-1.0000			
8.7059			-54.1203			43.1592			-2.2000			98.0000			-166.0000			-15.0000			
19.7057			-53.5880			34.3323			0.4000			104.0000			-161.0000			-29.0000			
22.4556			-54.6527			34.8840			2.6000			109.0000			-152.0000			-43.0000			
29.6054			-62.6373			33.2289			0.1000			112.0000			-144.0000			-56.0000			
34.0053			-59.4434			26.0570			0.6000			117.0000			-137.0000			-67.0000			
38.4052			-59.9758			20.5402			-1.0000			121.0000			-130.0000			-76.0000			
44.4551			-59.4434			13.9199			-1.0000			123.0000			-123.0000			-86.0000			
46.1051			-59.4434			12.2649			-1.0000			126.0000			-114.0000			-97.0000			
52.1549			-59.9758			8.4031			0.5000			124.0000			-103.0000			-106.0000			
57.1048			-60.5081			2.8863			-0.5000			126.0000			-92.0000			-114.0000			
60.9547			-59.4434			-0.9755			0.5000			125.0000			-81.0000			-123.0000			
61.5047			-57.8465			-3.1823			0.4000			123.0000			-70.0000			-130.0000			
63.7047			-49.8619			-14.7677			-0.9000			123.0000			-59.0000			-138.0000			
63.1547			-45.0711			-18.0778			0.0000			121.0000			-48.0000			-147.0000			
58.2048			-38.6834			-19.7328			-0.2000			117.0000			-33.0000			-155.0000			
57.1048			-29.6341			-27.4564			0.0000			111.0000			-18.0000			-161.0000			
59.3048			-28.0372			-31.3182			0.0000			103.0000			-1.0000			-166.0000			
62.6047			-28.0372			-34.0766			0.4000			97.0000			13.0000			-171.0000			
61.5047			-23.7787			-36.8350			0.8000			92.0000			23.0000			-173.0000			
58.7548			-16.3263			-41.8002			0.6000			86.0000			34.0000			-174.0000			
58.2048			-12.0679			-46.2137			0.0000			79.0000			46.0000			-175.0000			
57.6548			-9.4063			-48.4204			-0.1000			70.0000			59.0000			-175.0000			
60.9547			-5.6801			-55.0406			0.2000			60.0000			68.0000			-174.0000			
60.4047			-1.9540			-57.7991			0.6000			53.0000			80.0000			-171.0000			
61.5047			-0.8893			-60.5575			0.0000			43.0000			90.0000			-168.0000			
58.7548			1.2399			-58.9024			1.0000			35.0000			98.0000			-164.0000			
51.0550			9.7569			-59.4541			1.3000			25.0000			107.0000			-161.0000			
47.7550			10.2892			-56.6957			1.3000			15.0000			118.0000			-155.0000			
38.9552			17.2092			-55.0406			1.1000			4.0000			127.0000			-149.0000			
35.6553			20.9354			-55.5923			0.9000			-9.0000			134.0000			-139.0000			
33.4553			27.3231			-59.4541			1.3000			-22.0000			141.0000			-130.0000			
30.7054			29.4523			-58.3507			1.8000			-33.0000			148.0000			-122.0000			
26.3055			31.0493			-56.1440			1.2000			-42.0000			153.0000			-114.0000			
21.3556			33.7108			-53.9373			1.1000			-51.0000			156.0000			-106.0000			
15.8557			38.5016			-54.4890			-0.1000			-60.0000			159.0000			-96.0000			
12.5558			43.8247			-56.6957			-0.3000			-69.0000			159.0000			-85.0000			
8.1559			48.0832			-56.1440			0.0000			-77.0000			160.0000			-76.0000			
5.9560			51.2770			-56.1440			1.0000			-84.0000			159.0000			-65.0000			
5.4060			51.2770			-56.6957			0.0000			-93.0000			156.0000			-53.0000			
-4.4938			53.9386			-48.4204			1.0000			-100.0000			156.0000			-42.0000			
-9.4437			55.0032			-44.5586			0.9000			-108.0000			153.0000			-30.0000			
-12.1936			53.9386			-40.6968			1.0000			-116.0000			150.0000			-18.0000			
-20.4434			52.3417			-30.2148			1.6000			-124.0000			144.0000			-3.0000			
-24.2934			54.4709			-29.6631			0.5000			-130.0000			136.0000			11.0000			
-28.6933			60.3263			-28.5598			3.0000			-136.0000			130.0000			26.0000			
-32.5432			60.8586			-25.8014			2.5000			-140.0000			123.0000			36.0000			
-36.9431			58.1971			-20.2845			0.9000			-143.0000			116.0000			46.0000			
-41.8930			57.1324			-14.7677			0.4000			-145.0000			107.0000			55.0000			
-44.6429			55.5355			-11.4575			-0.5000			-145.0000			97.0000			64.0000			
-46.8429			56.0678			-7.0441			2.1000			-144.0000			87.0000			71.0000			
-50.1428			55.0032			-2.6306			2.2000			-143.0000			77.0000			80.0000			
-53.9927			55.5355			0.6795			2.2000			-141.0000			65.0000			88.0000			
-55.0927			54.4709			1.7829			1.1000			-141.0000			54.0000			95.0000			
-58.9426			45.4216			14.4716			0.9000			-140.0000			44.0000			104.0000			
-60.0426			42.7601			18.3334			1.0000			-138.0000			31.0000			113.0000			
-55.6427			36.3724			22.1952			2.9000			-136.0000			18.0000			120.0000			
-58.3926			33.1785			27.7121			2.5000			-130.0000			2.0000			130.0000			
-62.2425			33.7108			28.8154			0.2000			-125.0000			-12.0000			135.0000			
-63.8925			32.1139			32.6772			0.9000			-118.0000			-26.0000			139.0000			
-64.4425			26.2585			36.5390			-1.6000			-113.0000			-38.0000			141.0000			
-58.9426			17.7415			40.9525			-0.2000			-105.0000			-48.0000			142.0000			
-56.7426			8.6922			47.5727			-0.4000			-99.0000			-61.0000			143.0000			
-55.6427			6.5630			49.2278			0.1000			-91.0000			-73.0000			141.0000			
