-0.0679			0.7673			-0.3055			0.3000			-1.0000			7.0000			2.0000			
-0.0679			-0.3463			-0.3055			-0.7000			-1.0000			7.0000			2.0000			
-0.0679			-0.3463			0.2512			-0.1000			-1.0000			7.0000			1.0000			
-0.6247			0.2105			0.2512			-0.1000			-1.0000			7.0000			1.0000			
-0.0679			0.2105			-0.3055			-0.1000			-1.0000			6.0000			-1.0000			
-0.6247			-0.3463			0.2512			-0.7000			-1.0000			6.0000			1.0000			
-0.0679			-0.9031			0.2512			-0.7000			-2.0000			7.0000			2.0000			
-0.0679			0.2105			0.2512			0.3000			-1.0000			6.0000			2.0000			
-0.6247			0.2105			-0.3055			-0.7000			-1.0000			6.0000			2.0000			
-0.0679			0.2105			-0.3055			-0.1000			-1.0000			6.0000			-1.0000			
-0.0679			-0.3463			0.2512			-0.1000			-2.0000			6.0000			1.0000			
-0.6247			-0.3463			-0.3055			-1.2000			-1.0000			4.0000			0.0000			
-0.0679			-0.3463			0.2512			-0.1000			-1.0000			5.0000			2.0000			
0.4889			-0.3463			0.2512			0.3000			-1.0000			5.0000			0.0000			
-0.0679			-0.3463			0.2512			-0.1000			-2.0000			4.0000			1.0000			
-0.0679			-0.3463			-0.3055			-0.7000			-2.0000			5.0000			-1.0000			
-0.6247			0.2105			0.8080			0.3000			-2.0000			5.0000			-1.0000			
-0.6247			0.2105			0.8080			0.3000			-2.0000			5.0000			-1.0000			
0.4889			0.2105			0.2512			0.9000			-3.0000			5.0000			-1.0000			
-0.6247			-0.3463			0.2512			-0.7000			-3.0000			5.0000			-1.0000			
-0.6247			-0.3463			0.2512			-0.7000			-3.0000			5.0000			-1.0000			
-0.0679			0.2105			0.2512			0.3000			-4.0000			4.0000			-1.0000			
-0.6247			-0.3463			0.2512			-0.7000			-2.0000			3.0000			-1.0000			
-0.0679			0.2105			0.2512			0.3000			-3.0000			4.0000			-1.0000			
-0.0679			0.7673			0.2512			0.9000			-3.0000			4.0000			-1.0000			
1.0457			0.2105			-0.3055			0.9000			-2.0000			4.0000			-2.0000			
-0.0679			0.2105			-0.3055			-0.1000			-4.0000			4.0000			-2.0000			
0.4889			0.2105			-0.3055			0.4000			-3.0000			3.0000			-2.0000			
-0.6247			-0.3463			-0.3055			-1.2000			-4.0000			3.0000			-1.0000			
-0.6247			0.2105			0.2512			-0.1000			-3.0000			4.0000			-1.0000			
-0.0679			0.2105			-0.3055			-0.1000			-3.0000			4.0000			-1.0000			
0.4889			0.2105			-0.3055			0.4000			-3.0000			3.0000			-1.0000			
-0.0679			0.2105			0.2512			0.3000			-3.0000			3.0000			-2.0000			
-0.0679			-0.3463			0.2512			-0.1000			-3.0000			2.0000			-3.0000			
-0.0679			-0.9031			-0.3055			-1.2000			-4.0000			2.0000			-3.0000			
0.4889			0.2105			-0.3055			0.4000			-3.0000			4.0000			-1.0000			
-0.0679			-0.3463			-0.3055			-0.7000			-4.0000			3.0000			-1.0000			
-0.0679			0.2105			0.8080			0.9000			-3.0000			3.0000			-1.0000			
0.4889			0.2105			0.2512			0.9000			-4.0000			4.0000			-1.0000			
-0.0679			-0.9031			0.2512			-0.7000			-3.0000			2.0000			-1.0000			
0.4889			-0.3463			0.2512			0.3000			-3.0000			3.0000			-1.0000			
-1.1815			0.2105			0.2512			-0.7000			-2.0000			3.0000			-1.0000			
0.4889			-0.3463			0.2512			0.3000			-3.0000			2.0000			-2.0000			
-0.0679			0.2105			-0.3055			-0.1000			-3.0000			4.0000			-2.0000			
0.4889			0.2105			-0.3055			0.4000			-3.0000			3.0000			-1.0000			
0.4889			0.2105			-0.3055			0.4000			-3.0000			3.0000			-1.0000			
-0.0679			0.2105			-0.3055			-0.1000			-2.0000			4.0000			-2.0000			
0.4889			0.2105			0.2512			0.9000			-3.0000			4.0000			-1.0000			
0.4889			-0.3463			-0.3055			-0.1000			-3.0000			3.0000			-1.0000			
-0.0679			0.2105			-0.3055			-0.1000			-2.0000			4.0000			-2.0000			
0.4889			0.2105			0.2512			0.9000			-3.0000			4.0000			-1.0000			
-0.0679			0.2105			-0.3055			-0.1000			-2.0000			4.0000			-1.0000			
0.4889			0.2105			-0.3055			0.4000			-3.0000			4.0000			-1.0000			
0.4889			-0.3463			-0.3055			-0.1000			-3.0000			5.0000			-1.0000			
0.4889			0.2105			0.2512			0.9000			-2.0000			4.0000			-1.0000			
-0.0679			-0.3463			-0.3055			-0.7000			-3.0000			5.0000			-1.0000			
-0.0679			-0.3463			-0.3055			-0.7000			-2.0000			5.0000			-1.0000			
-0.0679			-0.3463			-0.3055			-0.7000			-2.0000			4.0000			0.0000			
0.4889			0.7673			0.2512			1.5000			-2.0000			4.0000			-1.0000			
-0.0679			-0.3463			-0.3055			-0.7000			-1.0000			5.0000			-1.0000			
0.4889			0.2105			-0.3055			0.4000			-1.0000			6.0000			1.0000			
-0.0679			0.2105			-0.3055			-0.1000			-1.0000			6.0000			0.0000			
-0.0679			1.3240			-0.3055			0.9000			-2.0000			4.0000			0.0000			
-0.6247			0.2105			-0.3055			-0.7000			-2.0000			6.0000			-1.0000			
-0.6247			-0.3463			-0.3055			-1.2000			-1.0000			5.0000			-1.0000			
-0.0679			0.2105			-0.3055			-0.1000			-1.0000			5.0000			1.0000			
-0.0679			0.2105			0.8080			0.9000			-1.0000			6.0000			-1.0000			
-0.6247			0.2105			-0.3055			-0.7000			-2.0000			6.0000			1.0000			
0.4889			0.2105			0.2512			0.9000			-1.0000			5.0000			2.0000			
0.4889			0.2105			-0.3055			0.4000			-1.0000			7.0000			1.0000			
-0.0679			-0.3463			0.2512			-0.1000			-2.0000			6.0000			1.0000			
-0.0679			-0.3463			-0.3055			-0.7000			-1.0000			7.0000			2.0000			
-0.0679			-0.3463			-0.3055			-0.7000			-1.0000			6.0000			2.0000			
-0.0679			0.2105			0.2512			0.3000			-1.0000			5.0000			2.0000			
0.4889			0.2105			0.2512			0.9000			-1.0000			7.0000			1.0000			
-0.0679			-0.3463			0.2512			-0.1000			-1.0000			6.0000			-1.0000			
0.4889			0.2105			-0.3055			0.4000			-1.0000			7.0000			2.0000			
-0.0679			0.2105			0.2512			0.3000			-1.0000			6.0000			1.0000			
-0.0679			0.2105			-0.3055			-0.1000			-1.0000			6.0000			1.0000			
-0.0679			0.2105			-0.3055			-0.1000			-1.0000			7.0000			3.0000			
0.4889			-0.3463			0.2512			0.3000			-1.0000			7.0000			1.0000			
0.4889			-0.3463			0.8080			0.9000			-1.0000			6.0000			1.0000			
-0.0679			0.2105			0.2512			0.3000			-1.0000			6.0000			1.0000			
-0.0679			-0.3463			-0.3055			-0.7000			-1.0000			6.0000			2.0000			
-0.0679			-0.9031			0.2512			-0.7000			-1.0000			8.0000			0.0000			
0.4889			-0.3463			-0.3055			-0.1000			-1.0000			7.0000			2.0000			
-0.6247			0.2105			0.2512			-0.1000			-1.0000			6.0000			1.0000			
-0.0679			-0.3463			0.8080			0.3000			-1.0000			6.0000			1.0000			
0.4889			0.7673			0.2512			1.5000			-1.0000			6.0000			1.0000			
-0.0679			0.2105			-0.3055			-0.1000			-1.0000			5.0000			2.0000			
-0.6247			-0.3463			-0.3055			-1.2000			-1.0000			5.0000			1.0000			
-0.0679			0.2105			-0.3055			-0.1000			-1.0000			5.0000			0.0000			
-0.0679			0.2105			-0.3055			-0.1000			-1.0000			5.0000			1.0000			
-0.0679			0.2105			0.2512			0.3000			-2.0000			5.0000			1.0000			
-0.0679			-0.3463			0.2512			-0.1000			-1.0000			5.0000			1.0000			
-0.0679			0.2105			0.2512			0.3000			-1.0000			6.0000			0.0000			
0.4889			0.2105			-0.3055			0.4000			-2.0000			5.0000			0.0000			
-0.0679			-0.3463			-0.3055			-0.7000			-1.0000			5.0000			-1.0000			
-0.0679			0.2105			-0.3055			-0.1000			-2.0000			5.0000			-1.0000			
0.4889			-0.3463			0.2512			0.3000			-2.0000			4.0000			-1.0000			
-0.0679			0.2105			0.8080			0.9000			-3.0000			5.0000			0.0000			
0.4889			0.2105			0.2512			0.9000			-3.0000			5.0000			0.0000			
-0.0679			0.2105			0.2512			0.3000			-3.0000			4.0000			-1.0000			
0.4889			0.2105			0.2512			0.9000			-2.0000			4.0000			-1.0000			
0.4889			0.2105			-0.3055			0.4000			-3.0000			3.0000			-1.0000			
-0.0679			-0.3463			0.2512			-0.1000			-2.0000			3.0000			-1.0000			
0.4889			-0.3463			-0.3055			-0.1000			-2.0000			3.0000			-1.0000			
0.4889			-0.3463			-0.3055			-0.1000			-4.0000			4.0000			-1.0000			
-0.0679			0.2105			-0.3055			-0.1000			-3.0000			3.0000			-2.0000			
-0.0679			-0.3463			0.2512			-0.1000			-3.0000			3.0000			-1.0000			
-0.0679			0.7673			0.2512			0.9000			-4.0000			3.0000			-2.0000			
-0.0679			-0.3463			0.2512			-0.1000			-3.0000			4.0000			-2.0000			
-0.0679			-0.3463			-0.3055			-0.7000			-3.0000			3.0000			-2.0000			
-0.0679			-0.3463			-0.3055			-0.7000			-4.0000			4.0000			-1.0000			
0.4889			0.2105			-0.3055			0.4000			-3.0000			3.0000			-2.0000			
0.4889			-0.3463			0.2512			0.3000			-3.0000			3.0000			-2.0000			
0.4889			0.2105			0.2512			0.9000			-3.0000			3.0000			-1.0000			
0.4889			-0.3463			-0.3055			-0.1000			-3.0000			3.0000			-1.0000			
-0.0679			0.2105			-0.3055			-0.1000			-3.0000			3.0000			-2.0000			
0.4889			0.2105			-0.3055			0.4000			-4.0000			4.0000			-1.0000			
0.4889			0.2105			0.2512			0.9000			-3.0000			2.0000			-2.0000			
0.4889			-0.3463			-0.3055			-0.1000			-3.0000			3.0000			-1.0000			
0.4889			-0.3463			-0.3055			-0.1000			-4.0000			4.0000			-1.0000			
0.4889			0.7673			-0.3055			0.9000			-4.0000			3.0000			-2.0000			
0.4889			0.2105			0.2512			0.9000			-4.0000			3.0000			-1.0000			
0.4889			0.2105			0.2512			0.9000			-3.0000			3.0000			-2.0000			
0.4889			0.2105			0.8080			1.5000			-4.0000			3.0000			-1.0000			
0.4889			0.2105			0.2512			0.9000			-2.0000			3.0000			-1.0000			
1.0457			0.2105			0.2512			1.5000			-3.0000			4.0000			-1.0000			
-0.0679			0.7673			0.2512			0.9000			-2.0000			3.0000			-1.0000			
0.4889			0.2105			-0.3055			0.4000			-3.0000			3.0000			-1.0000			
0.4889			0.2105			-0.3055			0.4000			-4.0000			4.0000			-1.0000			
-0.0679			-0.3463			0.8080			0.3000			-2.0000			3.0000			-1.0000			
0.4889			0.2105			-0.3055			0.4000			-1.0000			4.0000			-1.0000			
-0.0679			0.2105			0.2512			0.3000			-2.0000			5.0000			-1.0000			
0.4889			-0.3463			-0.3055			-0.1000			-3.0000			3.0000			0.0000			
-0.0679			-0.3463			-0.3055			-0.7000			-2.0000			5.0000			-1.0000			
-0.0679			-0.3463			0.2512			-0.1000			-2.0000			4.0000			-1.0000			
-0.0679			0.2105			0.2512			0.3000			-1.0000			4.0000			-1.0000			
-0.0679			0.7673			0.2512			0.9000			-1.0000			4.0000			0.0000			
-0.0679			-0.3463			0.2512			-0.1000			-1.0000			5.0000			0.0000			
1.0457			0.2105			-0.3055			0.9000			-1.0000			4.0000			-1.0000			
0.4889			0.2105			-0.3055			0.4000			-2.0000			6.0000			-1.0000			
0.4889			0.2105			-0.3055			0.4000			-2.0000			6.0000			0.0000			
-0.0679			0.2105			-0.3055			-0.1000			-2.0000			6.0000			-1.0000			
-0.6247			0.7673			-0.3055			-0.1000			-2.0000			5.0000			1.0000			
-0.0679			-0.3463			0.2512			-0.1000			-1.0000			6.0000			1.0000			
0.4889			0.2105			0.2512			0.9000			-2.0000			6.0000			0.0000			
0.4889			0.2105			-0.3055			0.4000			-1.0000			6.0000			1.0000			
-0.0679			-0.3463			-0.3055			-0.7000			-1.0000			6.0000			1.0000			
-0.0679			0.2105			-0.3055			-0.1000			-1.0000			6.0000			2.0000			
0.4889			0.2105			0.8080			1.5000			-1.0000			5.0000			1.0000			
0.4889			0.2105			-0.3055			0.4000			-1.0000			7.0000			0.0000			
0.4889			0.7673			-0.3055			0.9000			-1.0000			6.0000			1.0000			
0.4889			0.2105			-0.8623			-0.1000			-1.0000			6.0000			2.0000			
-0.0679			0.2105			-0.3055			-0.1000			-1.0000			6.0000			1.0000			
0.4889			0.7673			0.2512			1.5000			-1.0000			6.0000			1.0000			
0.4889			0.2105			0.2512			0.9000			-1.0000			6.0000			2.0000			
0.4889			-0.3463			-0.3055			-0.1000			-1.0000			6.0000			2.0000			
0.4889			-0.3463			-0.3055			-0.1000			-1.0000			7.0000			2.0000			
0.4889			-0.3463			-0.3055			-0.1000			-1.0000			6.0000			2.0000			
0.4889			0.7673			-0.3055			0.9000			-1.0000			6.0000			2.0000			
0.4889			0.2105			0.2512			0.9000			-1.0000			6.0000			2.0000			
0.4889			0.2105			-0.3055			0.4000			-1.0000			6.0000			2.0000			
-0.0679			0.2105			0.8080			0.9000			-1.0000			6.0000			1.0000			
-0.0679			-0.3463			0.2512			-0.1000			-1.0000			6.0000			1.0000			
-0.6247			-0.3463			-0.3055			-1.2000			-1.0000			6.0000			2.0000			
-0.0679			-0.3463			0.2512			-0.1000			-1.0000			6.0000			3.0000			
0.4889			-0.3463			-0.3055			-0.1000			-1.0000			6.0000			1.0000			
-0.0679			0.2105			0.2512			0.3000			-1.0000			6.0000			1.0000			
-0.0679			-0.3463			0.2512			-0.1000			-1.0000			5.0000			1.0000			
0.4889			0.2105			-0.3055			0.4000			-1.0000			5.0000			2.0000			
-0.0679			-0.3463			-0.8623			-1.2000			-1.0000			5.0000			1.0000			
-0.0679			-0.3463			0.2512			-0.1000			-1.0000			5.0000			-1.0000			
-0.6247			-0.3463			0.2512			-0.7000			-1.0000			5.0000			-1.0000			
-0.0679			0.2105			-0.3055			-0.1000			-2.0000			6.0000			1.0000			
0.4889			0.2105			-0.3055			0.4000			-2.0000			6.0000			1.0000			
0.4889			-0.3463			0.2512			0.3000			-2.0000			5.0000			0.0000			
0.4889			0.7673			-0.3055			0.9000			-2.0000			6.0000			2.0000			
0.4889			0.2105			0.2512			0.9000			-2.0000			5.0000			0.0000			
0.4889			0.2105			-0.3055			0.4000			-2.0000			5.0000			-1.0000			
-0.0679			0.7673			-0.3055			0.3000			-2.0000			4.0000			0.0000			
0.4889			0.2105			-0.3055			0.4000			-2.0000			4.0000			-1.0000			
0.4889			0.7673			-0.3055			0.9000			-3.0000			4.0000			-1.0000			
0.4889			0.2105			0.2512			0.9000			-3.0000			4.0000			-1.0000			
0.4889			0.2105			0.2512			0.9000			-2.0000			4.0000			-1.0000			
0.4889			0.7673			0.2512			1.5000			-3.0000			5.0000			-1.0000			
0.4889			0.2105			-0.3055			0.4000			-3.0000			4.0000			-1.0000			
-0.0679			0.2105			-0.3055			-0.1000			-2.0000			4.0000			-1.0000			
-0.0679			-0.3463			-0.3055			-0.7000			-3.0000			3.0000			-1.0000			
-0.0679			0.2105			-0.3055			-0.1000			-4.0000			4.0000			-1.0000			
0.4889			0.7673			-0.3055			0.9000			-3.0000			3.0000			-1.0000			
-0.0679			0.7673			-0.3055			0.3000			-3.0000			3.0000			-2.0000			
-0.0679			0.2105			-0.3055			-0.1000			-3.0000			3.0000			-1.0000			
-0.0679			0.7673			0.2512			0.9000			-3.0000			4.0000			-1.0000			
0.4889			-0.3463			-0.3055			-0.1000			-4.0000			3.0000			-1.0000			
0.4889			0.2105			-0.3055			0.4000			-3.0000			3.0000			-1.0000			
0.4889			0.2105			-0.8623			-0.1000			-3.0000			1.0000			-1.0000			
0.4889			0.2105			0.2512			0.9000			-3.0000			3.0000			-1.0000			
-0.0679			-0.3463			-0.3055			-0.7000			-2.0000			3.0000			-1.0000			
-0.0679			0.2105			-0.3055			-0.1000			-4.0000			4.0000			-2.0000			
0.4889			0.2105			-0.3055			0.4000			-3.0000			2.0000			-1.0000			
-0.0679			-0.3463			-0.3055			-0.7000			-4.0000			3.0000			-1.0000			
0.4889			0.2105			0.2512			0.9000			-4.0000			3.0000			-1.0000			
0.4889			-0.3463			-0.3055			-0.1000			-3.0000			2.0000			-2.0000			
0.4889			0.2105			-0.3055			0.4000			-3.0000			2.0000			-2.0000			
0.4889			-0.3463			0.2512			0.3000			-3.0000			3.0000			-1.0000			
-0.0679			-0.3463			-0.3055			-0.7000			-2.0000			3.0000			-1.0000			
-0.0679			0.2105			0.2512			0.3000			-3.0000			4.0000			-1.0000			
1.0457			-0.3463			-0.3055			0.3000			-3.0000			4.0000			-1.0000			
-0.0679			-0.3463			0.2512			-0.1000			-2.0000			4.0000			-1.0000			
0.4889			0.2105			0.2512			0.9000			-4.0000			3.0000			-1.0000			
1.0457			0.2105			-0.8623			0.3000			-3.0000			4.0000			-1.0000			
-0.0679			0.2105			0.2512			0.3000			-3.0000			3.0000			-1.0000			
-0.0679			0.2105			0.2512			0.3000			-3.0000			4.0000			-1.0000			
-0.0679			0.2105			-0.3055			-0.1000			-2.0000			5.0000			-1.0000			
0.4889			0.2105			-0.3055			0.4000			-3.0000			4.0000			-1.0000			
0.4889			0.2105			-0.3055			0.4000			-3.0000			4.0000			-1.0000			
-0.0679			0.2105			-0.3055			-0.1000			-2.0000			4.0000			-1.0000			
0.4889			-0.3463			-0.3055			-0.1000			-2.0000			4.0000			-1.0000			
-0.0679			0.2105			0.2512			0.3000			-2.0000			4.0000			-1.0000			
-0.0679			-0.3463			0.2512			-0.1000			-2.0000			5.0000			0.0000			
-0.0679			0.2105			-0.3055			-0.1000			-1.0000			5.0000			-1.0000			
-0.0679			0.2105			0.2512			0.3000			-2.0000			5.0000			-1.0000			
-0.0679			0.2105			0.2512			0.3000			-2.0000			5.0000			0.0000			
-0.6247			-0.3463			-0.3055			-1.2000			-1.0000			5.0000			0.0000			
-0.0679			-0.3463			-0.3055			-0.7000			-1.0000			5.0000			-1.0000			
2.1592			-115.0421			-1.4191			-114.3000			0.0000			-15.0000			6.0000			
10.5108			1.8808			-2.5327			9.8000			-2.0000			-49.0000			-20.0000			
-0.6247			35.8441			-76.0271			-40.8000			-41.0000			41.0000			-71.0000			
1.0457			54.2177			-8.6572			46.5000			-32.0000			70.0000			-97.0000			
-3.9653			30.8332			-36.4960			-9.6000			-40.0000			77.0000			-82.0000			
-2.8518			55.3313			-114.4446			-61.9000			12.0000			53.0000			-86.0000			
95.1408			-10.3683			-187.3822			-102.6000			319.0000			-13.0000			-113.0000			
111.8441			6.8918			-131.7047			-12.9000			257.0000			15.0000			-125.0000			
145.2506			6.8918			-160.1002			-7.9000			188.0000			46.0000			-108.0000			
76.2104			1.8808			-142.2834			-64.1000			147.0000			62.0000			-102.0000			
101.2653			30.8332			-109.9904			22.1000			94.0000			65.0000			-96.0000			
53.9394			10.7892			-126.6937			-61.9000			65.0000			75.0000			-77.0000			
61.7342			40.8551			-91.6168			10.9000			30.0000			72.0000			-71.0000			
29.4412			29.7196			-99.9684			-40.8000			4.0000			87.0000			-58.0000			
24.4302			38.6280			-74.3567			-11.3000			-22.0000			85.0000			-49.0000			
21.0896			38.6280			-81.0381			-21.3000			-44.0000			90.0000			-40.0000			
10.5108			36.4009			-73.2432			-26.3000			-59.0000			91.0000			-29.0000			
14.4083			39.1848			-66.0051			-12.4000			-72.0000			89.0000			-23.0000			
6.6134			38.0712			-74.3567			-29.6000			-82.0000			87.0000			-12.0000			
14.9650			51.4339			-86.0490			-19.6000			-95.0000			81.0000			-1.0000			
32.2251			78.1591			-143.9537			-33.5000			-117.0000			71.0000			26.0000			
49.4852			123.2580			-197.9610			-25.2000			-129.0000			56.0000			44.0000			
59.5071			160.5619			-259.2063			-39.1000			-136.0000			51.0000			59.0000			
72.8697			229.0454			-332.7007			-30.7000			-143.0000			32.0000			78.0000			
77.8807			302.5398			-404.5248			-24.0000			-143.0000			27.0000			85.0000			
82.8917			345.9683			-457.4185			-28.5000			-143.0000			32.0000			86.0000			
83.4485			398.8620			-505.3013			-22.9000			-141.0000			30.0000			88.0000			
66.1884			475.1403			-573.7847			-32.4000			-133.0000			10.0000			100.0000			
32.7819			564.7812			-617.7700			-20.2000			-123.0000			2.0000			102.0000			
9.3973			631.0376			-667.8798			-27.4000			-119.0000			2.0000			103.0000			
-19.5551			703.9752			-709.6380			-25.2000			-114.0000			-8.0000			108.0000			
-47.9506			764.1070			-740.2607			-24.1000			-111.0000			-9.0000			108.0000			
-75.2326			824.7956			-771.4401			-21.8000			-108.0000			-14.0000			111.0000			
-98.6172			864.8834			-783.1324			-16.8000			-106.0000			-18.0000			114.0000			
-123.1154			896.0629			-793.1544			-20.2000			-105.0000			-18.0000			114.0000			
-146.5000			923.3449			-792.5976			-15.7000			-102.0000			-23.0000			115.0000			
-165.4303			937.8211			-786.4731			-14.0000			-98.0000			-25.0000			115.0000			
-181.5768			942.8321			-772.5537			-11.2000			-87.0000			-31.0000			114.0000			
-197.7233			937.8211			-749.1691			-9.0000			-77.0000			-36.0000			112.0000			
-211.6427			927.2423			-722.4439			-6.8000			-63.0000			-44.0000			108.0000			
-243.3790			919.4475			-683.4696			-7.4000			-50.0000			-53.0000			104.0000			
-282.3533			911.6526			-634.4733			-5.1000			-33.0000			-62.0000			100.0000			
-329.1224			904.4145			-578.7957			-3.4000			-22.0000			-70.0000			96.0000			
-363.0858			879.3596			-522.0045			-5.7000			-14.0000			-73.0000			93.0000			
-401.5033			857.0886			-459.6456			-4.0000			-5.0000			-80.0000			89.0000			
-434.3531			824.7956			-395.6164			-5.1000			1.0000			-84.0000			87.0000			
-462.1919			789.1619			-332.1440			-5.1000			5.0000			-88.0000			84.0000			
-474.4409			752.4147			-284.2612			-6.2000			6.0000			-98.0000			91.0000			
-494.4849			718.4514			-231.3675			-7.4000			12.0000			-105.0000			89.0000			
-537.3566			692.2829			-157.3163			-2.3000			33.0000			-113.0000			78.0000			
-564.6386			652.7518			-92.7303			-4.6000			47.0000			-115.0000			70.0000			
-583.5690			614.3343			-36.4960			-5.7000			58.0000			-118.0000			61.0000			
-586.9097			568.1219			10.2732			-8.5000			65.0000			-118.0000			54.0000			
-581.3419			529.7043			42.0094			-9.6000			63.0000			-121.0000			55.0000			
-570.2064			482.3784			73.1889			-14.6000			66.0000			-125.0000			51.0000			
-543.4812			444.5176			83.2108			-15.7000			66.0000			-126.0000			50.0000			
-506.7339			393.2943			96.5735			-16.8000			65.0000			-123.0000			45.0000			
-464.9758			341.5141			107.7090			-15.7000			70.0000			-118.0000			36.0000			
-419.8769			283.6094			116.6174			-19.6000			76.0000			-110.0000			23.0000			
-367.5400			222.9208			126.0826			-18.5000			80.0000			-107.0000			16.0000			
-311.3056			161.1187			132.2071			-17.9000			85.0000			-105.0000			9.0000			
-255.6280			104.8844			130.5368			-20.2000			97.0000			-110.0000			5.0000			
-188.2581			50.8771			116.0606			-21.3000			103.0000			-109.0000			2.0000			
-137.0348			13.0163			102.1412			-21.8000			111.0000			-105.0000			-7.0000			
-89.7088			-21.5038			89.8921			-21.3000			125.0000			-97.0000			-20.0000			
-37.3719			-63.2620			80.4270			-20.2000			127.0000			-84.0000			-31.0000			
-10.6466			-81.6356			73.1889			-19.0000			141.0000			-83.0000			-41.0000			
35.0090			-110.0311			54.2585			-20.7000			142.0000			-75.0000			-47.0000			
32.2251			-105.5769			54.2585			-19.0000			164.0000			-78.0000			-59.0000			
47.8148			-111.7015			43.1230			-20.7000			169.0000			-65.0000			-67.0000			
41.6903			-107.8040			48.1340			-17.9000			174.0000			-56.0000			-77.0000			
45.0309			-107.2473			44.7933			-17.4000			171.0000			-41.0000			-81.0000			
45.5877			-106.6905			40.8959			-20.1000			166.0000			-35.0000			-83.0000			
47.2581			-103.9066			37.5552			-19.0000			160.0000			-26.0000			-84.0000			
50.5987			-103.9066			33.6578			-19.6000			156.0000			-17.0000			-89.0000			
52.2690			-102.2363			32.5442			-17.4000			153.0000			-3.0000			-94.0000			
57.2800			-103.3498			31.9875			-14.0000			146.0000			9.0000			-100.0000			
56.1665			-99.4524			26.9765			-16.3000			135.0000			23.0000			-102.0000			
58.9503			-100.5659			25.8629			-15.7000			127.0000			32.0000			-105.0000			
62.8478			-97.7821			20.2952			-14.6000			115.0000			44.0000			-108.0000			
62.2910			-97.7821			21.9655			-13.5000			107.0000			51.0000			-110.0000			
67.3020			-94.9982			15.2842			-12.4000			97.0000			61.0000			-113.0000			
65.6317			-93.8846			16.3977			-11.8000			89.0000			68.0000			-115.0000			
63.4046			-91.1008			16.3977			-11.3000			77.0000			78.0000			-117.0000			
68.4155			-92.2143			11.9435			-11.8000			66.0000			81.0000			-113.0000			
66.7452			-88.8737			10.8300			-11.3000			57.0000			84.0000			-110.0000			
64.5181			-85.5330			9.1596			-11.8000			50.0000			87.0000			-109.0000			
65.0749			-83.3059			6.9325			-11.3000			39.0000			93.0000			-106.0000			
61.1774			-80.5220			5.8190			-13.5000			30.0000			102.0000			-105.0000			
57.2800			-72.7272			3.5919			-11.8000			18.0000			105.0000			-100.0000			
60.0639			-77.7381			2.4783			-15.1000			3.0000			113.0000			-95.0000			
50.5987			-71.0568			9.7164			-10.7000			-6.0000			113.0000			-87.0000			
51.7123			-71.0568			5.8190			-13.5000			-21.0000			117.0000			-77.0000			
45.5877			-66.6026			5.8190			-15.1000			-35.0000			121.0000			-69.0000			
46.1445			-66.6026			4.7054			-15.7000			-45.0000			123.0000			-60.0000			
43.3606			-63.2620			5.8190			-14.0000			-55.0000			125.0000			-53.0000			
41.6903			-62.1484			1.9216			-18.5000			-67.0000			124.0000			-42.0000			
40.5767			-59.3645			5.8190			-12.9000			-73.0000			123.0000			-36.0000			
39.4632			-57.1374			1.3648			-16.3000			-78.0000			121.0000			-28.0000			
36.6793			-55.4671			2.4783			-16.3000			-82.0000			117.0000			-20.0000			
36.1225			-52.1264			0.8080			-15.1000			-90.0000			115.0000			-13.0000			
31.6683			-48.7858			0.2512			-16.8000			-98.0000			112.0000			-5.0000			
32.7819			-45.4451			-3.6462			-16.3000			-107.0000			106.0000			6.0000			
36.6793			-37.0935			-22.0198			-22.4000			-118.0000			100.0000			20.0000			
53.9394			-17.0496			-56.5399			-19.6000			-129.0000			85.0000			41.0000			
58.9503			2.4376			-83.8219			-22.4000			-135.0000			75.0000			62.0000			
82.8917			23.5951			-126.1369			-19.6000			-148.0000			62.0000			78.0000			
88.4595			47.5364			-156.7596			-20.7000			-149.0000			54.0000			86.0000			
96.2543			84.2836			-200.1881			-19.6000			-150.0000			40.0000			97.0000			
97.3679			114.3495			-234.7082			-22.9000			-148.0000			38.0000			97.0000			
98.4814			148.8696			-271.4554			-24.0000			-149.0000			32.0000			100.0000			
94.0272			180.6059			-303.1916			-28.5000			-143.0000			23.0000			99.0000			
78.9943			238.5106			-344.9498			-27.4000			-137.0000			4.0000			101.0000			
52.2690			300.8695			-377.2428			-24.0000			-128.0000			-11.0000			98.0000			
35.0090			347.6386			-406.1952			-23.5000			-127.0000			-21.0000			98.0000			
1.0457			403.8730			-434.0340			-29.1000			-120.0000			-33.0000			99.0000			
-18.9983			448.9718			-452.4076			-22.4000			-123.0000			-38.0000			97.0000			
-41.8261			477.9242			-461.3160			-25.2000			-124.0000			-38.0000			93.0000			
-62.4268			507.4333			-468.5541			-23.5000			-120.0000			-47.0000			91.0000			
-80.2436			513.5578			-455.7482			-22.4000			-114.0000			-51.0000			84.0000			
-97.5037			521.3527			-446.8398			-22.9000			-106.0000			-59.0000			81.0000			
-111.4231			514.6714			-422.3417			-19.0000			-97.0000			-67.0000			77.0000			
-125.8992			499.6385			-393.9461			-20.2000			-94.0000			-68.0000			76.0000			
-144.2729			486.2758			-360.5395			-18.5000			-86.0000			-76.0000			75.0000			
-167.1007			469.5726			-324.3491			-21.8000			-76.0000			-85.0000			74.0000			
-201.0640			460.1074			-279.8070			-20.7000			-60.0000			-96.0000			73.0000			
-223.8918			440.6202			-240.8327			-24.0000			-51.0000			-100.0000			75.0000			
-248.9467			420.5763			-193.5068			-21.8000			-39.0000			-107.0000			73.0000			
-268.9906			402.2027			-155.0892			-21.8000			-34.0000			-109.0000			77.0000			
-285.6939			374.9207			-112.2175			-22.9000			-28.0000			-113.0000			79.0000			
-303.5108			361.0013			-76.0271			-18.5000			-18.0000			-119.0000			76.0000			
-321.8844			335.9463			-35.9392			-21.8000			-5.0000			-123.0000			72.0000			
-341.3715			323.6973			1.3648			-16.3000			12.0000			-130.0000			65.0000			
-352.5070			300.3127			34.7713			-17.4000			29.0000			-129.0000			55.0000			
-363.6425			275.2578			69.2914			-19.0000			39.0000			-130.0000			47.0000			
-356.9612			257.4409			76.5295			-22.9000			39.0000			-134.0000			49.0000			
-341.3715			227.9318			91.5625			-21.8000			41.0000			-134.0000			46.0000			
-320.2140			192.2982			108.2657			-19.6000			43.0000			-129.0000			38.0000			
-293.4888			153.3239			119.9580			-20.2000			48.0000			-123.0000			29.0000			
-262.3093			115.4631			127.7529			-19.0000			55.0000			-122.0000			21.0000			
-228.9028			77.6023			132.2071			-19.0000			59.0000			-117.0000			14.0000			
-188.8149			34.7306			135.5478			-18.5000			65.0000			-117.0000			8.0000			
-151.5109			0.7673			133.3207			-17.4000			71.0000			-118.0000			4.0000			
-116.4341			-22.0605			117.1742			-21.3000			82.0000			-123.0000			2.0000			
-70.2217			-54.9103			109.9361			-15.1000			88.0000			-115.0000			-9.0000			
-46.8371			-74.3975			105.4819			-15.7000			101.0000			-110.0000			-23.0000			
-5.6357			-98.8956			89.8921			-14.6000			106.0000			-98.0000			-34.0000			
24.4302			-121.7234			81.5405			-15.7000			111.0000			-92.0000			-43.0000			
23.3167			-116.1557			79.3134			-13.5000			128.0000			-93.0000			-52.0000			
42.8038			-121.7234			64.2805			-14.6000			134.0000			-87.0000			-57.0000			
45.5877			-121.7234			64.8372			-11.2000			144.0000			-77.0000			-67.0000			
52.2690			-126.1776			62.6101			-11.2000			146.0000			-65.0000			-75.0000			
46.7013			-121.1667			60.9398			-13.5000			150.0000			-51.0000			-82.0000			
52.2690			-122.2802			59.8262			-10.1000			146.0000			-43.0000			-82.0000			
56.7232			-123.3938			57.0424			-9.6000			142.0000			-33.0000			-82.0000			
56.1665			-121.7234			55.3720			-10.1000			141.0000			-25.0000			-85.0000			
61.7342			-120.6099			49.8043			-9.0000			139.0000			-15.0000			-90.0000			
60.0639			-117.8260			47.5772			-10.1000			138.0000			-2.0000			-92.0000			
60.6207			-117.2692			48.6907			-7.9000			133.0000			12.0000			-97.0000			
67.3020			-120.6099			45.3501			-7.9000			123.0000			26.0000			-100.0000			
61.7342			-115.0421			45.9069			-7.4000			116.0000			38.0000			-102.0000			
68.9723			-114.4853			39.7823			-5.7000			108.0000			47.0000			-103.0000			
67.8588			-113.9286			40.3391			-5.7000			100.0000			57.0000			-104.0000			
70.6426			-110.0311			38.1120			-1.2000			91.0000			65.0000			-106.0000			
73.4265			-110.0311			34.7713			-1.8000			82.0000			75.0000			-107.0000			
75.0968			-109.4744			39.2255			4.8000			71.0000			82.0000			-108.0000			
70.6426			-103.9066			32.5442			-0.7000			63.0000			81.0000			-107.0000			
75.0968			-103.3498			30.8739			2.6000			53.0000			85.0000			-103.0000			
72.8697			-100.5659			28.0900			0.3000			43.0000			90.0000			-103.0000			
73.4265			-99.4524			26.4197			0.3000			33.0000			100.0000			-102.0000			
70.0859			-96.6685			26.4197			-0.1000			22.0000			115.0000			-102.0000			
68.4155			-93.8846			24.1926			-1.2000			8.0000			123.0000			-98.0000			
66.1884			-91.1008			24.1926			-0.7000			-2.0000			124.0000			-91.0000			
63.9613			-90.5440			23.0790			-3.5000			-16.0000			128.0000			-83.0000			
60.0639			-88.3169			24.1926			-4.0000			-27.0000			129.0000			-75.0000			
59.5071			-86.6465			23.0790			-4.0000			-40.0000			132.0000			-65.0000			
53.9394			-83.8627			21.9655			-7.9000			-48.0000			131.0000			-58.0000			
53.9394			-83.8627			23.0790			-6.8000			-63.0000			135.0000			-48.0000			
52.2690			-80.5220			21.9655			-6.2000			-70.0000			135.0000			-42.0000			
50.5987			-78.8517			20.8519			-7.4000			-77.0000			133.0000			-34.0000			
47.8148			-76.0678			20.8519			-7.4000			-82.0000			132.0000			-27.0000			
47.2581			-75.5110			20.2952			-7.9000			-87.0000			127.0000			-19.0000			
43.9174			-73.2839			19.1816			-10.1000			-95.0000			126.0000			-10.0000			
41.6903			-69.3865			20.2952			-7.3000			-103.0000			120.0000			-1.0000			
37.7929			-64.9323			15.2842			-11.8000			-110.0000			115.0000			6.0000			
42.2471			-67.7162			13.6138			-11.8000			-121.0000			112.0000			16.0000			
40.0200			-61.5916			10.8300			-10.7000			-124.0000			100.0000			25.0000			
54.4961			-48.7858			-22.0198			-16.3000			-139.0000			86.0000			46.0000			
57.2800			-32.6393			-37.0528			-12.4000			-145.0000			72.0000			65.0000			
71.1994			-23.7309			-62.6644			-15.1000			-151.0000			65.0000			78.0000			
75.6536			-7.0276			-83.8219			-15.1000			-154.0000			55.0000			85.0000			
86.2324			6.3350			-109.4336			-16.8000			-158.0000			47.0000			92.0000			
84.0053			41.9687			-141.7266			-15.7000			-156.0000			34.0000			98.0000			
84.0053			60.3423			-163.9977			-19.6000			-153.0000			27.0000			96.0000			
81.7782			77.0456			-176.8035			-17.9000			-150.0000			19.0000			92.0000			
73.4265			109.3386			-200.7449			-17.9000			-145.0000			0.0000			96.0000			
53.9394			154.9942			-229.1404			-20.2000			-137.0000			-22.0000			102.0000			
29.9980			197.8659			-249.7411			-21.8000			-134.0000			-32.0000			103.0000			
8.2837			236.2835			-263.1038			-18.5000			-132.0000			-42.0000			98.0000			
-8.4195			264.1223			-275.9096			-20.2000			-132.0000			-46.0000			93.0000			
-30.1338			289.1772			-278.6935			-19.6000			-127.0000			-56.0000			91.0000			
-47.3938			313.1185			-287.6019			-21.8000			-122.0000			-64.0000			89.0000			
-59.6429			317.0160			-273.1257			-15.7000			-112.0000			-70.0000			83.0000			
-80.2436			317.0160			-256.4225			-19.6000			-105.0000			-72.0000			78.0000			
-93.0495			315.3456			-239.7192			-17.4000			-102.0000			-80.0000			78.0000			
-102.5147			299.7559			-214.6643			-17.4000			-97.0000			-80.0000			74.0000			
-113.6502			280.8255			-185.7119			-18.5000			-89.0000			-88.0000			72.0000			
-125.8992			264.1223			-157.3163			-19.0000			-79.0000			-97.0000			73.0000			
-150.3974			259.1113			-126.6937			-17.9000			-63.0000			-109.0000			70.0000			
-165.4303			242.4080			-97.7413			-20.7000			-54.0000			-112.0000			71.0000			
-173.7820			227.3750			-72.1296			-18.5000			-50.0000			-116.0000			72.0000			
-193.2691			214.5692			-41.5070			-20.2000			-37.0000			-122.0000			72.0000			
-203.8479			202.3201			-17.0088			-18.5000			-28.0000			-126.0000			71.0000			
-211.6427			183.3898			9.1596			-19.0000			-17.0000			-126.0000			66.0000			
-222.2215			161.6755			45.3501			-15.1000			2.0000			-128.0000			56.0000			
-240.5951			156.1077			64.2805			-20.2000			22.0000			-132.0000			47.0000			
-234.4705			143.3019			70.4050			-20.7000			26.0000			-137.0000			49.0000			
-231.6867			127.1554			86.5515			-17.9000			32.0000			-132.0000			43.0000			
-220.5511			99.8734			103.8115			-16.8000			39.0000			-132.0000			39.0000			
-200.5072			74.8185			106.5954			-19.0000			43.0000			-130.0000			34.0000			
-184.3607			50.3203			117.7309			-16.3000			51.0000			-126.0000			25.0000			
-160.9761			18.0273			127.1961			-15.7000			59.0000			-121.0000			14.0000			
-133.1373			-12.0386			127.7529			-17.4000			63.0000			-119.0000			10.0000			
-107.5256			-29.8554			123.8555			-13.5000			69.0000			-123.0000			8.0000			
-78.0165			-53.2400			116.6174			-14.6000			75.0000			-120.0000			4.0000			
-57.9726			-69.9433			116.0606			-11.8000			88.0000			-120.0000			-7.0000			
-24.5660			-89.9872			102.1412			-12.4000			93.0000			-115.0000			-15.0000			
8.2837			-112.2582			92.6760			-11.2000			97.0000			-104.0000			-28.0000			
13.8515			-118.3828			92.6760			-11.8000			111.0000			-101.0000			-39.0000			
29.9980			-123.9505			79.3134			-14.6000			119.0000			-94.0000			-46.0000			
36.6793			-121.7234			76.5295			-8.5000			127.0000			-88.0000			-55.0000			
51.7123			-130.0751			68.1779			-10.1000			131.0000			-76.0000			-62.0000			
47.8148			-127.8480			73.1889			-6.8000			140.0000			-68.0000			-72.0000			
52.8258			-126.1776			65.3940			-7.9000			144.0000			-57.0000			-78.0000			
54.4961			-128.9615			67.6211			-6.8000			143.0000			-43.0000			-83.0000			
52.8258			-126.7344			67.6211			-6.2000			142.0000			-36.0000			-84.0000			
60.0639			-126.7344			59.2695			-7.4000			139.0000			-29.0000			-83.0000			
58.9503			-125.0641			58.7127			-7.4000			136.0000			-19.0000			-86.0000			
63.4046			-125.6209			55.9288			-6.2000			136.0000			-6.0000			-92.0000			
65.6317			-124.5073			53.7017			-5.1000			134.0000			7.0000			-95.0000			
64.5181			-122.2802			53.7017			-4.0000			127.0000			21.0000			-99.0000			
65.6317			-120.6099			50.3611			-4.6000			121.0000			31.0000			-102.0000			
70.6426			-121.7234			48.6907			-2.3000			113.0000			43.0000			-105.0000			
68.9723			-118.9395			47.5772			-2.3000			106.0000			53.0000			-105.0000			
72.3130			-118.3828			44.7933			-1.2000			96.0000			59.0000			-105.0000			
72.3130			-115.0421			44.2365			1.5000			89.0000			71.0000			-108.0000			
71.1994			-114.4853			42.5662			-0.7000			79.0000			79.0000			-108.0000			
71.1994			-113.3718			42.0094			-0.1000			70.0000			84.0000			-107.0000			
74.5401			-110.0311			37.5552			2.0000			61.0000			88.0000			-105.0000			
72.8697			-107.2473			38.1120			3.7000			53.0000			93.0000			-103.0000			
75.0968			-107.8040			35.3281			2.6000			43.0000			104.0000			-101.0000			
72.3130			-103.9066			31.9875			0.3000			34.0000			112.0000			-99.0000			
70.6426			-101.1227			34.7713			4.2000			19.0000			123.0000			-98.0000			
72.8697			-101.6795			30.3171			1.5000			9.0000			127.0000			-96.0000			
68.9723			-97.7821			29.2036			0.3000			-2.0000			128.0000			-89.0000			
66.1884			-94.9982			30.3171			1.5000			-17.0000			132.0000			-84.0000			
65.6317			-94.4414			29.2036			0.3000			-30.0000			133.0000			-76.0000			
61.7342			-93.3279			29.2036			-2.3000			-43.0000			132.0000			-67.0000			
59.5071			-88.3169			26.9765			-1.8000			-53.0000			133.0000			-60.0000			
60.6207			-89.9872			24.1926			-5.1000			-68.0000			136.0000			-53.0000			
53.9394			-88.3169			30.8739			-3.4000			-73.0000			135.0000			-49.0000			
53.9394			-85.5330			26.9765			-4.6000			-80.0000			132.0000			-40.0000			
50.5987			-82.1923			26.9765			-4.6000			-87.0000			130.0000			-33.0000			
49.4852			-81.0788			26.4197			-5.1000			-93.0000			126.0000			-23.0000			
48.3716			-81.0788			26.4197			-6.2000			-100.0000			124.0000			-17.0000			
43.3606			-77.1814			24.7494			-9.0000			-110.0000			117.0000			-5.0000			
42.8038			-75.5110			25.3061			-7.4000			-117.0000			115.0000			1.0000			
43.3606			-75.5110			23.6358			-8.5000			-124.0000			110.0000			9.0000			
39.4632			-72.1704			23.0790			-9.6000			-129.0000			101.0000			19.0000			
43.3606			-69.9433			14.1706			-12.4000			-139.0000			89.0000			33.0000			
51.1555			-57.1374			-6.4301			-12.4000			-146.0000			74.0000			48.0000			
57.8368			-47.1155			-23.1334			-12.4000			-153.0000			60.0000			66.0000			
60.6207			-35.9799			-36.4960			-11.8000			-156.0000			57.0000			75.0000			
70.0859			-30.9690			-52.6425			-13.5000			-162.0000			51.0000			80.0000			
73.4265			-19.2767			-68.7890			-14.6000			-161.0000			42.0000			84.0000			
73.4265			6.8918			-99.9684			-19.6000			-158.0000			24.0000			92.0000			
70.0859			23.5951			-108.8768			-15.2000			-154.0000			13.0000			92.0000			
65.6317			36.9577			-116.6717			-14.0000			-147.0000			3.0000			91.0000			
57.8368			54.7745			-127.2504			-14.6000			-147.0000			-5.0000			91.0000			
41.1335			89.8514			-146.1808			-15.1000			-142.0000			-25.0000			99.0000			
16.0786			126.0418			-158.4299			-16.3000			-135.0000			-41.0000			102.0000			
1.0457			154.4374			-172.3493			-16.8000			-131.0000			-50.0000			98.0000			
-15.1008			175.5949			-177.3603			-16.8000			-128.0000			-57.0000			96.0000			
-28.4635			193.4117			-182.9280			-17.9000			-121.0000			-65.0000			92.0000			
-46.2803			203.4337			-175.1332			-17.9000			-111.0000			-71.0000			85.0000			
-57.9726			203.4337			-164.5544			-19.0000			-105.0000			-73.0000			80.0000			
-73.5623			204.5472			-149.5215			-18.5000			-100.0000			-80.0000			82.0000			
-84.1411			193.4117			-126.6937			-17.4000			-94.0000			-80.0000			79.0000			
-88.5953			177.8220			-107.2065			-17.9000			-87.0000			-86.0000			79.0000			
-92.4927			165.0161			-93.2871			-20.7000			-77.0000			-95.0000			82.0000			
-95.2766			152.7671			-74.3567			-16.8000			-65.0000			-102.0000			79.0000			
-120.3315			151.0968			-48.1883			-17.4000			-50.0000			-110.0000			78.0000			
-129.7967			141.6316			-32.0418			-20.2000			-42.0000			-112.0000			77.0000			
-136.4780			128.8257			-10.8843			-18.5000			-33.0000			-118.0000			78.0000			
-142.6025			109.3386			16.3977			-16.8000			-24.0000			-119.0000			71.0000			
-152.0677			94.8624			43.1230			-14.0000			-9.0000			-121.0000			62.0000			
-150.3974			89.2946			43.1230			-17.9000			6.0000			-131.0000			61.0000			
-165.9871			85.9540			63.7237			-16.3000			19.0000			-133.0000			52.0000			
-168.7710			72.0346			81.5405			-15.1000			29.0000			-130.0000			43.0000			
-163.7600			55.3313			91.5625			-16.8000			34.0000			-130.0000			37.0000			
-152.6245			41.4119			97.6870			-13.5000			41.0000			-134.0000			35.0000			
-134.8077			14.6867			105.4819			-14.6000			47.0000			-130.0000			27.0000			
-119.2179			-7.5844			113.2767			-13.5000			53.0000			-124.0000			16.0000			
-102.5147			-32.0825			121.0716			-13.5000			61.0000			-125.0000			10.0000			
-79.6869			-46.5587			113.8335			-12.4000			65.0000			-126.0000			8.0000			
-66.3242			-56.5807			112.1632			-10.7000			73.0000			-126.0000			2.0000			
-44.0532			-76.6246			108.8225			-11.8000			79.0000			-124.0000			-7.0000			
-22.3389			-91.6575			104.9251			-9.0000			87.0000			-121.0000			-15.0000			
4.9431			-111.1447			95.4599			-10.7000			91.0000			-113.0000			-24.0000			
11.0676			-111.7015			94.3464			-6.2000			104.0000			-109.0000			-38.0000			
22.2031			-113.9286			82.6541			-9.0000			113.0000			-101.0000			-48.0000			
36.1225			-121.7234			76.5295			-9.0000			118.0000			-92.0000			-55.0000			
42.2471			-123.9505			74.3024			-7.4000			123.0000			-83.0000			-61.0000			
52.8258			-126.7344			68.7347			-5.1000			129.0000			-75.0000			-69.0000			
45.0309			-123.3938			71.5185			-6.8000			136.0000			-66.0000			-78.0000			
51.1555			-123.9505			68.7347			-4.0000			138.0000			-51.0000			-85.0000			
51.7123			-125.0641			67.6211			-5.7000			138.0000			-44.0000			-87.0000			
54.4961			-123.9505			65.9508			-3.5000			136.0000			-36.0000			-86.0000			
57.2800			-122.2802			62.0534			-2.9000			135.0000			-27.0000			-88.0000			
59.5071			-124.5073			60.3830			-4.6000			132.0000			-16.0000			-90.0000			
60.6207			-121.7234			58.1559			-2.9000			134.0000			-1.0000			-96.0000			
61.7342			-119.4963			54.8153			-2.9000			130.0000			12.0000			-101.0000			
64.5181			-120.0531			54.2585			-1.2000			125.0000			22.0000			-102.0000			
66.1884			-119.4963			50.3611			-2.9000			120.0000			37.0000			-107.0000			
66.7452			-117.2692			51.4746			0.9000			112.0000			47.0000			-106.0000			
68.9723			-117.2692			50.9178			2.6000			104.0000			57.0000			-107.0000			
67.8588			-113.3718			45.3501			-0.1000			95.0000			63.0000			-105.0000			
70.6426			-111.1447			46.4636			5.9000			86.0000			75.0000			-107.0000			
75.6536			-113.9286			43.1230			4.8000			77.0000			83.0000			-107.0000			
70.6426			-108.9176			44.2365			5.9000			71.0000			84.0000			-107.0000			
73.9833			-106.1337			37.5552			5.4000			61.0000			89.0000			-103.0000			
73.4265			-106.1337			38.6688			5.9000			52.0000			104.0000			-105.0000			
72.3130			-105.0202			38.6688			5.9000			43.0000			110.0000			-102.0000			
72.8697			-100.0092			32.5442			5.4000			31.0000			117.0000			-101.0000			
72.3130			-99.4524			30.3171			3.1000			18.0000			127.0000			-99.0000			
68.9723			-97.7821			35.8849			7.0000			11.0000			132.0000			-98.0000			
68.4155			-97.7821			31.9875			2.6000			-1.0000			132.0000			-90.0000			
63.9613			-92.7711			31.4307			2.6000			-17.0000			135.0000			-82.0000			
65.0749			-92.7711			30.3171			2.6000			-31.0000			136.0000			-73.0000			
63.4046			-91.1008			30.3171			2.6000			-42.0000			138.0000			-65.0000			
57.2800			-86.0898			28.0900			-0.7000			-54.0000			135.0000			-56.0000			
60.0639			-89.4304			27.5332			-1.8000			-63.0000			140.0000			-50.0000			
56.1665			-86.0898			28.6468			-1.2000			-69.0000			138.0000			-46.0000			
53.9394			-84.4194			28.0900			-2.3000			-77.0000			135.0000			-37.0000			
51.7123			-81.0788			26.9765			-2.3000			-84.0000			132.0000			-30.0000			
49.4852			-79.9652			26.4197			-4.0000			-91.0000			129.0000			-22.0000			
47.2581			-81.0788			30.3171			-3.4000			-99.0000			126.0000			-13.0000			
45.0309			-76.6246			22.5223			-9.0000			-107.0000			122.0000			-7.0000			
43.3606			-73.2839			27.5332			-2.3000			-115.0000			118.0000			0.0000			
43.9174			-74.3975			25.8629			-4.6000			-122.0000			112.0000			7.0000			
39.4632			-72.1704			26.4197			-6.2000			-126.0000			99.0000			15.0000			
44.4742			-70.5000			21.9655			-4.0000			-137.0000			87.0000			30.0000			
39.4632			-66.0458			18.0681			-8.5000			-140.0000			74.0000			42.0000			
54.4961			-53.2400			-3.6462			-2.3000			-151.0000			63.0000			54.0000			
50.0419			-42.1045			-11.9978			-4.0000			-153.0000			56.0000			69.0000			
61.1774			-40.4342			-27.5876			-6.8000			-159.0000			52.0000			77.0000			
61.7342			-34.8664			-32.5985			-5.7000			-159.0000			42.0000			81.0000			
63.9613			-25.9580			-45.4044			-7.3000			-156.0000			31.0000			85.0000			
60.6207			0.7673			-64.8915			-3.5000			-152.0000			11.0000			88.0000			
52.8258			14.6867			-76.5838			-9.0000			-147.0000			0.0000			92.0000			
52.8258			19.6976			-83.8219			-11.3000			-148.0000			-5.0000			92.0000			
40.0200			31.9467			-82.1516			-10.1000			-146.0000			-14.0000			90.0000			
21.0896			65.9100			-92.1736			-5.1000			-140.0000			-37.0000			95.0000			
3.2728			94.8624			-108.3201			-10.1000			-130.0000			-54.0000			104.0000			
-11.2034			116.0199			-117.2285			-12.4000			-128.0000			-63.0000			103.0000			
-21.7822			123.2580			-117.7853			-16.3000			-119.0000			-68.0000			96.0000			
-34.5880			132.7231			-111.6607			-13.5000			-115.0000			-72.0000			87.0000			
-48.5074			137.7341			-107.7633			-18.5000			-107.0000			-77.0000			82.0000			
-58.5294			134.9503			-92.7303			-16.3000			-103.0000			-83.0000			81.0000			
-66.8810			133.2799			-83.8219			-17.4000			-98.0000			-89.0000			80.0000			
-70.2217			121.5876			-74.9135			-23.5000			-88.0000			-96.0000			81.0000			
-75.2326			106.5547			-59.3238			-27.9000			-75.0000			-99.0000			78.0000			
-80.2436			97.6463			-41.5070			-24.1000			-66.0000			-102.0000			78.0000			
-88.5953			90.4082			-33.1553			-31.3000			-55.0000			-106.0000			79.0000			
-104.1850			92.0785			-10.3275			-22.4000			-40.0000			-113.0000			78.0000			
-108.6392			72.5914			9.7164			-26.3000			-30.0000			-115.0000			77.0000			
-112.5366			57.0016			33.6578			-21.8000			-19.0000			-117.0000			73.0000			
-109.7527			51.9906			42.5662			-15.1000			-7.0000			-126.0000			69.0000			
-114.7637			46.4229			49.8043			-18.5000			9.0000			-130.0000			63.0000			
-115.8773			35.2874			58.1559			-22.4000			20.0000			-128.0000			56.0000			
-126.4560			30.2764			80.9837			-15.1000			33.0000			-129.0000			44.0000			
-118.1044			14.6867			82.6541			-20.7000			37.0000			-131.0000			38.0000			
-107.5256			0.7673			94.3464			-12.4000			43.0000			-132.0000			31.0000			
-94.1630			-22.6173			101.0277			-15.7000			49.0000			-129.0000			24.0000			
-78.5733			-39.3206			104.3683			-13.5000			57.0000			-129.0000			14.0000			
-65.2107			-47.6722			104.9251			-7.9000			63.0000			-130.0000			11.0000			
-52.9616			-58.8078			103.2548			-8.5000			68.0000			-130.0000			6.0000			
-37.3719			-72.7272			102.1412			-7.9000			72.0000			-127.0000			-2.0000			
-17.8847			-91.6575			101.5844			-7.9000			79.0000			-125.0000			-10.0000			
4.9431			-104.4634			96.0167			-3.5000			85.0000			-120.0000			-18.0000			
1.6024			-99.4524			86.5515			-11.3000			100.0000			-117.0000			-29.0000			
21.6464			-107.8040			85.4379			-0.7000			104.0000			-107.0000			-38.0000			
26.6573			-113.3718			79.8702			-6.8000			112.0000			-97.0000			-50.0000			
41.6903			-116.7124			71.5185			-3.5000			116.0000			-89.0000			-57.0000			
44.4742			-118.9395			72.0753			-2.3000			121.0000			-80.0000			-65.0000			
46.1445			-118.3828			65.3940			-6.8000			130.0000			-72.0000			-72.0000			
46.7013			-115.5989			67.6211			-1.2000			134.0000			-59.0000			-80.0000			
48.3716			-118.9395			68.7347			-1.8000			135.0000			-50.0000			-86.0000			
54.4961			-120.6099			64.2805			-1.8000			134.0000			-40.0000			-88.0000			
52.2690			-115.0421			60.9398			-1.8000			134.0000			-33.0000			-88.0000			
56.1665			-116.7124			59.2695			-1.2000			132.0000			-21.0000			-89.0000			
57.2800			-116.7124			58.1559			-1.2000			132.0000			-11.0000			-92.0000			
57.2800			-112.8150			54.8153			-0.7000			132.0000			3.0000			-98.0000			
66.1884			-117.2692			52.5882			1.5000			128.0000			17.0000			-101.0000			
59.5071			-112.8150			53.7017			0.3000			125.0000			29.0000			-105.0000			
63.9613			-110.0311			48.1340			2.0000			119.0000			42.0000			-106.0000			
65.6317			-112.2582			48.6907			2.0000			112.0000			51.0000			-106.0000			
66.1884			-109.4744			47.0204			3.7000			105.0000			61.0000			-107.0000			
67.8588			-105.5769			43.6797			5.9000			95.0000			70.0000			-104.0000			
67.8588			-107.8040			44.2365			4.2000			85.0000			82.0000			-106.0000			
68.4155			-105.0202			41.4526			4.8000			82.0000			85.0000			-105.0000			
70.6426			-102.7930			41.4526			9.2000			72.0000			88.0000			-102.0000			
71.7562			-100.0092			36.4417			8.1000			63.0000			102.0000			-98.0000			
71.1994			-98.8956			36.4417			8.7000			53.0000			110.0000			-99.0000			
74.5401			-98.8956			34.7713			10.4000			42.0000			116.0000			-100.0000			
71.7562			-93.8846			34.2146			12.0000			29.0000			124.0000			-98.0000			
75.0968			-93.3279			29.2036			10.9000			20.0000			128.0000			-98.0000			
75.0968			-93.3279			31.9875			13.7000			7.0000			132.0000			-99.0000			
68.4155			-89.9872			28.6468			7.0000			-6.0000			131.0000			-94.0000			
65.0749			-88.3169			30.3171			7.0000			-24.0000			134.0000			-88.0000			
58.9503			-86.6465			28.6468			0.9000			-37.0000			135.0000			-80.0000			
58.9503			-86.6465			29.2036			1.5000			-50.0000			135.0000			-70.0000			
58.3936			-81.0788			23.6358			0.9000			-57.0000			136.0000			-61.0000			
56.7232			-82.1923			28.6468			3.1000			-65.0000			138.0000			-56.0000			
54.4961			-82.1923			27.5332			-0.1000			-71.0000			138.0000			-49.0000			
50.5987			-77.7381			27.5332			0.3000			-77.0000			134.0000			-40.0000			
50.0419			-77.1814			24.1926			-2.9000			-86.0000			134.0000			-33.0000			
45.0309			-74.3975			26.4197			-2.9000			-94.0000			129.0000			-23.0000			
47.8148			-73.2839			23.6358			-1.8000			-102.0000			125.0000			-13.0000			
39.4632			-69.3865			26.9765			-2.9000			-106.0000			123.0000			-5.0000			
42.8038			-70.5000			23.0790			-4.6000			-117.0000			119.0000			2.0000			
41.1335			-68.8297			25.3061			-2.3000			-122.0000			109.0000			9.0000			
37.7929			-67.7162			25.3061			-4.6000			-128.0000			99.0000			20.0000			
40.5767			-67.1594			21.9655			-4.6000			-137.0000			85.0000			32.0000			
35.5658			-61.0349			20.2952			-5.1000			-140.0000			73.0000			45.0000			
42.8038			-56.5807			9.7164			-4.0000			-146.0000			69.0000			51.0000			
46.1445			-47.1155			-3.0894			-4.0000			-154.0000			59.0000			62.0000			
48.9284			-41.5477			-16.4520			-9.0000			-159.0000			50.0000			75.0000			
52.8258			-35.9799			-24.2469			-7.4000			-158.0000			42.0000			79.0000			
52.2690			-34.3096			-25.9172			-7.9000			-155.0000			34.0000			81.0000			
53.9394			-25.9580			-34.8257			-6.8000			-150.0000			15.0000			84.0000			
47.8148			1.8808			-57.6535			-7.9000			-149.0000			2.0000			92.0000			
42.2471			8.0054			-59.8806			-9.6000			-147.0000			-3.0000			90.0000			
36.6793			11.9028			-55.9831			-7.3000			-147.0000			-13.0000			92.0000			
23.3167			24.1519			-55.9831			-8.5000			-142.0000			-27.0000			93.0000			
7.7270			53.1042			-68.2322			-7.4000			-133.0000			-52.0000			100.0000			
-6.1924			72.0346			-73.8000			-7.9000			-124.0000			-66.0000			106.0000			
-21.2254			88.7379			-83.2652			-15.7000			-119.0000			-70.0000			102.0000			
-30.1338			93.7488			-77.1406			-13.5000			-115.0000			-72.0000			92.0000			
-41.8261			97.6463			-69.3458			-13.5000			-109.0000			-77.0000			85.0000			
-49.6210			97.6463			-63.2212			-15.1000			-105.0000			-87.0000			86.0000			
-56.3023			93.1921			-54.8696			-17.9000			-98.0000			-92.0000			83.0000			
-56.3023			86.5107			-46.5179			-16.3000			-88.0000			-96.0000			82.0000			
-65.2107			79.8294			-33.7121			-19.0000			-76.0000			-102.0000			79.0000			
-60.7565			67.0236			-25.9172			-19.6000			-69.0000			-103.0000			76.0000			
-70.2217			58.1152			-8.1004			-20.2000			-60.0000			-106.0000			74.0000			
-79.6869			51.4339			6.3758			-21.8000			-46.0000			-114.0000			72.0000			
-89.1520			42.5255			31.4307			-15.1000			-32.0000			-119.0000			70.0000			
-91.3791			38.0712			36.9984			-16.3000			-23.0000			-126.0000			69.0000			
-85.8114			29.1628			42.5662			-14.0000			-8.0000			-129.0000			64.0000			
-84.1411			17.4705			51.4746			-15.1000			3.0000			-128.0000			58.0000			
-89.1520			9.6757			64.2805			-15.1000			17.0000			-128.0000			48.0000			
-96.3901			7.4486			74.8592			-14.0000			28.0000			-130.0000			41.0000			
-89.7088			-7.5844			82.0973			-15.1000			38.0000			-131.0000			35.0000			
-81.3572			-23.1741			91.5625			-12.9000			46.0000			-130.0000			28.0000			
-68.5513			-36.5367			92.1192			-12.9000			54.0000			-132.0000			22.0000			
-59.0861			-44.3316			98.2438			-5.1000			59.0000			-133.0000			16.0000			
-50.7345			-52.1264			93.7896			-9.0000			66.0000			-132.0000			11.0000			
-35.7016			-65.4891			94.3464			-6.8000			70.0000			-129.0000			4.0000			
-21.7822			-81.0788			96.0167			-6.8000			75.0000			-124.0000			-3.0000			
-1.7382			-92.2143			90.4489			-3.5000			83.0000			-123.0000			-11.0000			
1.0457			-89.9872			84.8812			-4.0000			94.0000			-121.0000			-21.0000			
7.7270			-96.1117			86.5515			-1.8000			102.0000			-113.0000			-30.0000			
23.8735			-102.2363			74.3024			-4.0000			105.0000			-102.0000			-39.0000			
29.4412			-102.7930			72.0753			-1.2000			114.0000			-94.0000			-48.0000			
40.5767			-110.0311			66.5076			-2.9000			120.0000			-83.0000			-57.0000			
41.6903			-110.0311			66.5076			-1.8000			124.0000			-76.0000			-65.0000			
40.5767			-107.8040			63.1669			-4.0000			135.0000			-67.0000			-73.0000			
48.3716			-112.8150			62.6101			-1.8000			135.0000			-55.0000			-80.0000			
43.9174			-107.2473			62.0534			-1.2000			138.0000			-46.0000			-85.0000			
51.1555			-109.4744			57.5991			-0.7000			135.0000			-39.0000			-85.0000			
51.7123			-108.9176			57.0424			-0.1000			133.0000			-28.0000			-86.0000			
52.2690			-108.3608			55.9288			-0.1000			133.0000			-18.0000			-90.0000			
56.7232			-107.8040			53.1449			2.0000			133.0000			-6.0000			-93.0000			
53.9394			-105.0202			52.5882			1.5000			131.0000			9.0000			-98.0000			
57.2800			-106.1337			47.5772			-1.2000			131.0000			19.0000			-102.0000			
59.5071			-104.4634			49.2475			4.2000			126.0000			32.0000			-105.0000			
62.2910			-102.7930			44.7933			4.2000			118.0000			43.0000			-107.0000			
62.2910			-102.7930			45.9069			5.4000			109.0000			53.0000			-107.0000			
64.5181			-102.2363			42.5662			4.8000			100.0000			62.0000			-108.0000			
63.4046			-96.1117			39.7823			7.0000			91.0000			73.0000			-107.0000			
67.3020			-98.8956			39.2255			7.6000			85.0000			79.0000			-108.0000			
68.4155			-97.7821			39.7823			10.4000			78.0000			85.0000			-108.0000			
67.3020			-94.9982			35.3281			7.6000			69.0000			93.0000			-105.0000			
68.9723			-92.7711			33.6578			9.8000			58.0000			102.0000			-103.0000			
77.3239			-92.2143			31.9875			17.0000			45.0000			109.0000			-101.0000			
71.1994			-88.8737			31.4307			13.7000			33.0000			115.0000			-104.0000			
73.9833			-89.4304			25.8629			10.4000			22.0000			119.0000			-105.0000			
69.5291			-86.0898			30.8739			14.3000			13.0000			123.0000			-106.0000			
67.8588			-86.6465			25.3061			6.5000			-1.0000			129.0000			-103.0000			
61.7342			-81.6356			27.5332			7.6000			-12.0000			130.0000			-96.0000			
59.5071			-81.0788			26.4197			4.8000			-30.0000			137.0000			-89.0000			
56.7232			-78.2949			25.3061			3.7000			-41.0000			135.0000			-77.0000			
60.0639			-79.9652			24.7494			4.8000			-53.0000			136.0000			-66.0000			
51.1555			-72.7272			24.1926			2.6000			-57.0000			137.0000			-60.0000			
54.4961			-76.0678			24.1926			2.6000			-65.0000			140.0000			-53.0000			
50.0419			-72.7272			25.3061			2.6000			-70.0000			139.0000			-46.0000			
49.4852			-70.5000			21.9655			0.9000			-78.0000			136.0000			-36.0000			
46.1445			-69.9433			23.6358			-0.1000			-86.0000			135.0000			-27.0000			
44.4742			-68.2729			25.3061			1.5000			-95.0000			131.0000			-17.0000			
41.6903			-65.4891			21.9655			-1.8000			-98.0000			127.0000			-10.0000			
40.0200			-63.2620			21.4087			-1.8000			-106.0000			126.0000			-4.0000			
37.2361			-64.3755			23.0790			-4.0000			-114.0000			120.0000			4.0000			
40.0200			-62.7052			21.4087			-1.2000			-121.0000			113.0000			14.0000			
34.4522			-60.4781			23.0790			-2.9000			-127.0000			100.0000			25.0000			
37.7929			-60.4781			22.5223			-0.1000			-134.0000			83.0000			38.0000			
32.7819			-54.3535			18.0681			-3.5000			-137.0000			78.0000			46.0000			
35.5658			-52.6832			10.8300			-6.2000			-142.0000			71.0000			53.0000			
38.3496			-47.1155			6.9325			-1.8000			-151.0000			62.0000			60.0000			
43.3606			-39.3206			-9.7707			-5.7000			-156.0000			50.0000			73.0000			
45.5877			-33.7528			-16.4520			-4.6000			-155.0000			42.0000			79.0000			
46.1445			-36.5367			-17.5656			-7.9000			-152.0000			33.0000			83.0000			
42.2471			-26.5148			-23.1334			-7.4000			-148.0000			19.0000			84.0000			
42.8038			-17.6063			-31.4850			-6.2000			-149.0000			8.0000			89.0000			
35.0090			-1.4598			-43.7341			-10.1000			-146.0000			-4.0000			93.0000			
31.6683			5.7782			-47.6315			-10.1000			-147.0000			-14.0000			94.0000			
19.9760			11.9028			-38.7231			-6.8000			-141.0000			-27.0000			94.0000			
13.8515			19.6976			-40.9502			-7.4000			-135.0000			-43.0000			97.0000			
-12.3170			51.9906			-49.8586			-10.1000			-121.0000			-71.0000			106.0000			
-14.5441			60.8991			-57.0967			-10.7000			-121.0000			-71.0000			105.0000			
-27.9067			68.1371			-52.0857			-11.8000			-114.0000			-74.0000			98.0000			
-36.8151			72.5914			-48.7450			-12.9000			-110.0000			-81.0000			90.0000			
-40.7125			74.2617			-48.7450			-15.1000			-106.0000			-91.0000			90.0000			
-45.7235			71.4778			-39.2799			-13.5000			-99.0000			-96.0000			84.0000			
-51.2913			63.1262			-30.9282			-19.0000			-86.0000			-101.0000			79.0000			
-53.5184			61.4558			-22.5766			-14.6000			-80.0000			-104.0000			77.0000			
-56.8590			50.3203			-11.9978			-18.5000			-71.0000			-105.0000			74.0000			
-57.9726			34.7306			2.4783			-20.7000			-63.0000			-106.0000			70.0000			
-63.5403			24.1519			21.4087			-17.9000			-49.0000			-114.0000			68.0000			
-76.3462			27.4925			32.5442			-16.3000			-33.0000			-125.0000			69.0000			
-73.0055			24.1519			28.6468			-20.2000			-21.0000			-129.0000			69.0000			
-75.2326			15.2434			44.7933			-15.1000			-8.0000			-129.0000			62.0000			
-73.0055			5.2215			51.4746			-16.3000			5.0000			-128.0000			54.0000			
-68.5513			-3.6869			58.7127			-13.5000			15.0000			-128.0000			48.0000			
-74.6759			-9.8115			69.8482			-14.6000			29.0000			-128.0000			40.0000			
-70.7784			-21.5038			79.8702			-12.4000			40.0000			-132.0000			33.0000			
-61.8700			-31.5257			84.3244			-9.0000			48.0000			-132.0000			27.0000			
-58.5294			-38.7638			87.1083			-10.1000			58.0000			-135.0000			21.0000			
-45.7235			-47.1155			83.2108			-9.6000			63.0000			-134.0000			16.0000			
-39.0422			-54.3535			87.6650			-5.7000			67.0000			-133.0000			9.0000			
-24.5660			-69.3865			85.9947			-7.9000			72.0000			-129.0000			3.0000			
-9.5331			-79.9652			87.1083			-2.3000			76.0000			-125.0000			-6.0000			
-7.8628			-79.4085			81.5405			-5.7000			89.0000			-125.0000			-13.0000			
6.6134			-87.2033			78.1999			-2.3000			97.0000			-118.0000			-25.0000			
11.6244			-87.2033			73.1889			-2.3000			101.0000			-110.0000			-32.0000			
23.8735			-93.8846			68.7347			-1.2000			107.0000			-102.0000			-42.0000			
29.9980			-96.6685			66.5076			-0.1000			113.0000			-91.0000			-53.0000			
36.6793			-99.4524			60.9398			-1.8000			119.0000			-82.0000			-60.0000			
38.3496			-100.0092			60.3830			-1.2000			125.0000			-74.0000			-68.0000			
36.1225			-97.2253			59.2695			-1.8000			131.0000			-63.0000			-76.0000			
43.3606			-100.0092			55.9288			-0.7000			135.0000			-56.0000			-82.0000			
41.6903			-98.8956			59.2695			2.0000			136.0000			-46.0000			-85.0000			
47.2581			-99.4524			52.5882			0.3000			134.0000			-36.0000			-87.0000			
46.7013			-100.0092			53.7017			0.3000			133.0000			-27.0000			-87.0000			
48.9284			-98.3388			50.3611			0.9000			132.0000			-16.0000			-91.0000			
50.0419			-94.9982			46.4636			1.5000			132.0000			-3.0000			-95.0000			
53.9394			-97.7821			48.6907			4.8000			129.0000			8.0000			-99.0000			
53.9394			-97.2253			45.3501			2.0000			129.0000			22.0000			-104.0000			
53.3826			-95.5550			43.1230			0.9000			123.0000			33.0000			-105.0000			
56.1665			-93.3279			41.4526			4.2000			117.0000			45.0000			-107.0000			
57.8368			-92.2143			40.3391			5.9000			107.0000			55.0000			-108.0000			
57.8368			-91.1008			39.7823			6.5000			98.0000			67.0000			-106.0000			
65.6317			-91.6575			35.3281			9.3000			88.0000			76.0000			-106.0000			
58.9503			-88.3169			37.5552			8.1000			87.0000			82.0000			-107.0000			
63.4046			-88.3169			33.1010			8.1000			78.0000			92.0000			-105.0000			
62.2910			-86.0898			32.5442			8.7000			70.0000			97.0000			-102.0000			
63.4046			-84.9762			29.7603			8.1000			59.0000			106.0000			-100.0000			
63.4046			-82.7491			29.2036			9.8000			48.0000			110.0000			-98.0000			
63.9613			-82.1923			26.9765			8.7000			35.0000			121.0000			-97.0000			
60.0639			-76.0678			25.3061			9.3000			30.0000			124.0000			-99.0000			
62.8478			-78.8517			24.1926			8.1000			18.0000			134.0000			-98.0000			
59.5071			-76.6246			24.7494			7.6000			8.0000			134.0000			-95.0000			
57.8368			-74.3975			23.0790			6.5000			-8.0000			140.0000			-88.0000			
56.7232			-74.3975			22.5223			4.8000			-26.0000			142.0000			-80.0000			
52.2690			-69.3865			24.7494			7.6000			-40.0000			139.0000			-68.0000			
54.4961			-68.8297			18.6248			4.2000			-47.0000			139.0000			-62.0000			
51.7123			-68.2729			19.1816			2.6000			-56.0000			142.0000			-57.0000			
50.0419			-68.8297			20.8519			2.0000			-63.0000			140.0000			-51.0000			
48.3716			-66.0458			20.8519			3.1000			-71.0000			138.0000			-46.0000			
43.3606			-62.7052			19.1816			-0.1000			-80.0000			133.0000			-36.0000			
43.9174			-64.9323			21.4087			0.3000			-90.0000			132.0000			-27.0000			
41.1335			-61.0349			16.3977			-3.5000			-98.0000			130.0000			-20.0000			
38.9064			-58.2510			18.6248			-0.7000			-105.0000			124.0000			-14.0000			
36.1225			-57.1374			19.7384			-1.2000			-112.0000			124.0000			-7.0000			
33.8954			-54.9103			18.6248			-2.3000			-122.0000			115.0000			-1.0000			
33.8954			-56.0239			19.1816			-2.9000			-129.0000			103.0000			10.0000			
31.6683			-54.3535			19.7384			-2.9000			-137.0000			92.0000			22.0000			
35.0090			-52.1264			14.1706			-2.9000			-142.0000			77.0000			35.0000			
29.9980			-48.2290			17.5113			-0.7000			-145.0000			73.0000			39.0000			
31.1115			-48.7858			12.5003			-5.1000			-149.0000			66.0000			44.0000			
33.8954			-45.4451			8.6029			-2.9000			-159.0000			56.0000			53.0000			
36.1225			-33.7528			-6.4301			-4.0000			-163.0000			43.0000			61.0000			
39.4632			-32.6393			-13.1114			-6.2000			-162.0000			34.0000			72.0000			
36.6793			-30.9690			-11.9978			-6.2000			-160.0000			26.0000			76.0000			
38.3496			-28.1851			-15.3385			-5.1000			-157.0000			15.0000			77.0000			
36.1225			-22.6173			-19.2359			-5.7000			-155.0000			6.0000			81.0000			
28.8844			-5.3573			-32.0418			-8.5000			-154.0000			-9.0000			86.0000			
24.9870			0.7673			-32.0418			-6.2000			-152.0000			-19.0000			90.0000			
13.2947			8.0054			-30.3714			-9.0000			-147.0000			-29.0000			92.0000			
8.8405			9.1189			-27.0308			-9.0000			-137.0000			-46.0000			93.0000			
-5.0789			27.4925			-25.3605			-2.9000			-129.0000			-66.0000			99.0000			
-21.2254			45.8661			-37.6095			-12.9000			-121.0000			-75.0000			104.0000			
-29.0202			54.7745			-39.2799			-13.5000			-116.0000			-76.0000			102.0000			
-36.2583			55.8881			-35.3824			-15.7000			-109.0000			-82.0000			95.0000			
-39.0422			60.3423			-35.9392			-14.6000			-103.0000			-90.0000			95.0000			
-41.2693			56.4449			-31.4850			-16.3000			-93.0000			-96.0000			91.0000			
-52.9616			53.1042			-15.8953			-15.7000			-81.0000			-97.0000			84.0000			
-50.7345			45.8661			-14.2249			-19.0000			-73.0000			-101.0000			83.0000			
-52.4048			37.5145			-0.3055			-15.1000			-66.0000			-102.0000			79.0000			
-52.4048			20.8112			11.3867			-20.2000			-57.0000			-104.0000			75.0000			
-52.9616			9.1189			29.7603			-14.0000			-44.0000			-112.0000			74.0000			
-60.1997			18.5841			24.7494			-16.8000			-28.0000			-126.0000			77.0000			
-65.2107			16.3570			33.6578			-15.1000			-13.0000			-127.0000			71.0000			
-59.6429			4.1079			39.7823			-15.7000			-4.0000			-125.0000			65.0000			
-61.3132			-2.5734			52.5882			-11.3000			7.0000			-127.0000			55.0000			
-54.0752			-11.4818			52.0314			-13.5000			17.0000			-127.0000			48.0000			
-56.3023			-20.3902			66.5076			-10.1000			29.0000			-128.0000			39.0000			
-54.0752			-29.8554			74.3024			-9.6000			43.0000			-134.0000			31.0000			
-48.5074			-33.7528			75.9727			-6.2000			54.0000			-137.0000			27.0000			
-43.4964			-38.7638			74.3024			-7.9000			59.0000			-137.0000			22.0000			
-35.7016			-48.7858			79.3134			-5.1000			63.0000			-135.0000			15.0000			
-26.7931			-57.6942			78.7566			-5.7000			68.0000			-132.0000			7.0000			
-15.1008			-68.2729			79.8702			-3.5000			72.0000			-129.0000			-1.0000			
-5.6357			-74.9543			77.0863			-3.5000			79.0000			-127.0000			-8.0000			
-6.7492			-71.0568			73.7456			-4.0000			92.0000			-123.0000			-17.0000			
6.0566			-78.2949			71.5185			-0.7000			97.0000			-117.0000			-24.0000			
14.4083			-83.8627			68.1779			-1.2000			102.0000			-107.0000			-33.0000			
23.3167			-85.5330			58.7127			-3.5000			109.0000			-100.0000			-43.0000			
28.3277			-88.8737			60.9398			0.3000			115.0000			-89.0000			-52.0000			
33.8954			-90.5440			55.3720			-1.2000			121.0000			-81.0000			-62.0000			
34.4522			-89.4304			55.3720			0.3000			126.0000			-71.0000			-71.0000			
36.1225			-91.6575			56.4856			0.9000			133.0000			-63.0000			-78.0000			
38.3496			-91.6575			53.7017			0.3000			136.0000			-55.0000			-82.0000			
41.1335			-89.9872			49.8043			0.9000			136.0000			-45.0000			-83.0000			
42.2471			-90.5440			49.8043			1.5000			135.0000			-35.0000			-87.0000			
45.0309			-91.6575			48.6907			2.0000			132.0000			-24.0000			-89.0000			
45.0309			-89.9872			47.5772			2.6000			133.0000			-13.0000			-92.0000			
52.2690			-91.1008			44.2365			5.4000			131.0000			-1.0000			-96.0000			
46.1445			-87.2033			43.6797			2.6000			132.0000			10.0000			-100.0000			
52.8258			-87.7601			37.5552			2.6000			130.0000			22.0000			-105.0000			
53.3826			-86.6465			40.3391			7.0000			123.0000			34.0000			-107.0000			
52.8258			-85.5330			36.9984			4.2000			115.0000			46.0000			-110.0000			
55.0529			-82.7491			34.7713			7.0000			106.0000			57.0000			-109.0000			
55.0529			-83.8627			35.3281			6.5000			95.0000			68.0000			-108.0000			
57.8368			-79.4085			30.8739			9.3000			89.0000			75.0000			-107.0000			
59.5071			-81.6356			33.6578			11.5000			84.0000			87.0000			-108.0000			
58.9503			-79.9652			30.8739			9.8000			77.0000			93.0000			-106.0000			
62.2910			-78.2949			27.5332			11.5000			65.0000			99.0000			-104.0000			
60.0639			-76.0678			25.8629			9.8000			55.0000			104.0000			-103.0000			
59.5071			-74.9543			26.4197			10.9000			41.0000			113.0000			-100.0000			
61.7342			-72.1704			21.9655			11.5000			35.0000			115.0000			-101.0000			
61.1774			-71.6136			21.9655			11.5000			24.0000			128.0000			-102.0000			
58.9503			-69.9433			21.4087			10.4000			14.0000			130.0000			-102.0000			
58.3936			-68.8297			21.4087			10.9000			2.0000			134.0000			-97.0000			
53.9394			-65.4891			20.2952			8.7000			-13.0000			139.0000			-90.0000			
53.3826			-66.6026			19.7384			6.5000			-32.0000			141.0000			-80.0000			
52.8258			-63.8187			15.8410			4.8000			-43.0000			139.0000			-70.0000			
48.3716			-58.8078			17.5113			7.0000			-50.0000			136.0000			-64.0000			
47.2581			-59.9213			15.8410			3.1000			-59.0000			141.0000			-59.0000			
47.2581			-61.0349			18.6248			4.8000			-66.0000			140.0000			-52.0000			
43.3606			-58.2510			18.0681			3.1000			-74.0000			137.0000			-45.0000			
41.1335			-54.3535			16.3977			3.1000			-84.0000			134.0000			-35.0000			
42.2471			-56.5807			15.8410			1.4000			-93.0000			131.0000			-24.0000			
36.6793			-52.1264			18.0681			2.6000			-99.0000			131.0000			-20.0000			
36.6793			-51.0129			14.1706			-0.1000			-104.0000			127.0000			-14.0000			
34.4522			-52.6832			16.9545			-1.2000			-113.0000			124.0000			-6.0000			
29.4412			-47.6722			14.7274			-3.5000			-121.0000			116.0000			3.0000			
31.1115			-47.6722			14.7274			-1.8000			-127.0000			102.0000			12.0000			
29.4412			-47.6722			18.6248			0.3000			-137.0000			90.0000			26.0000			
27.2141			-43.2180			13.0571			-2.9000			-139.0000			81.0000			35.0000			
29.9980			-44.3316			10.2732			-4.0000			-145.0000			76.0000			42.0000			
26.6573			-40.4342			12.5003			-1.2000			-147.0000			65.0000			46.0000			
31.1115			-39.3206			6.3758			-1.8000			-155.0000			56.0000			55.0000			
28.3277			-30.9690			-0.8623			-3.4000			-160.0000			43.0000			63.0000			
34.4522			-29.8554			-6.9869			-2.3000			-159.0000			31.0000			72.0000			
33.8954			-27.0715			-12.5546			-5.7000			-157.0000			28.0000			77.0000			
29.4412			-23.1741			-12.5546			-6.2000			-153.0000			19.0000			79.0000			
30.5548			-22.6173			-11.4411			-3.5000			-154.0000			8.0000			82.0000			
20.5328			-13.7089			-14.2249			-7.3000			-151.0000			-7.0000			86.0000			
19.9760			-3.1302			-26.4740			-9.6000			-149.0000			-18.0000			95.0000			
13.8515			2.4376			-25.9172			-9.6000			-144.0000			-32.0000			96.0000			
1.0457			8.5621			-19.2359			-9.6000			-134.0000			-44.0000			95.0000			
0.4889			13.0163			-20.9063			-7.3000			-130.0000			-61.0000			101.0000			
-18.9983			36.9577			-27.0308			-9.0000			-120.0000			-75.0000			105.0000			
-23.4525			44.1958			-32.5985			-11.8000			-116.0000			-78.0000			104.0000			
-36.8151			47.5364			-25.3605			-14.6000			-107.0000			-87.0000			99.0000			
-37.9287			48.0932			-27.5876			-17.4000			-100.0000			-91.0000			95.0000			
-44.6100			51.4339			-23.1334			-16.3000			-90.0000			-97.0000			92.0000			
-44.0532			40.2984			-15.3385			-19.1000			-81.0000			-97.0000			87.0000			
-49.0642			35.2874			-2.5327			-16.3000			-72.0000			-99.0000			84.0000			
-48.5074			26.3790			4.1487			-17.9000			-64.0000			-102.0000			80.0000			
-48.5074			13.5731			19.1816			-15.7000			-54.0000			-106.0000			78.0000			
-47.3938			8.5621			24.1926			-14.6000			-43.0000			-117.0000			78.0000			
-47.9506			6.8918			25.8629			-15.1000			-26.0000			-126.0000			75.0000			
-55.1887			9.1189			30.3171			-15.7000			-15.0000			-126.0000			72.0000			
-55.7455			-0.9031			40.8959			-15.7000			-3.0000			-127.0000			63.0000			
-51.8481			-8.1411			46.4636			-13.5000			8.0000			-128.0000			54.0000			
-49.6210			-16.4928			52.0314			-14.0000			19.0000			-129.0000			46.0000			
-45.1667			-25.4012			60.9398			-9.6000			29.0000			-130.0000			38.0000			
-46.2803			-28.1851			65.3940			-9.0000			45.0000			-139.0000			32.0000			
-42.3829			-34.8664			68.7347			-8.5000			53.0000			-142.0000			26.0000			
-37.3719			-38.7638			68.1779			-7.9000			58.0000			-139.0000			20.0000			
-28.4635			-49.3426			71.5185			-6.2000			62.0000			-137.0000			13.0000			
-22.3389			-56.5807			73.7456			-5.1000			66.0000			-133.0000			6.0000			
-10.6466			-64.3755			70.9618			-4.0000			72.0000			-130.0000			-2.0000			
-8.4195			-65.4891			70.9618			-2.9000			82.0000			-129.0000			-11.0000			
-5.6357			-66.6026			69.8482			-2.3000			89.0000			-123.0000			-20.0000			
6.0566			-71.0568			62.6101			-2.3000			95.0000			-119.0000			-26.0000			
14.9650			-74.3975			59.8262			0.3000			97.0000			-110.0000			-34.0000			
21.0896			-78.2949			55.3720			-1.8000			107.0000			-100.0000			-45.0000			
28.3277			-82.7491			53.7017			-0.7000			113.0000			-89.0000			-56.0000			
28.3277			-81.0788			52.0314			-0.7000			120.0000			-81.0000			-67.0000			
33.8954			-82.7491			48.6907			-0.1000			124.0000			-69.0000			-75.0000			
30.5548			-81.6356			49.8043			-1.2000			130.0000			-63.0000			-80.0000			
36.6793			-83.3059			47.5772			0.9000			132.0000			-54.0000			-85.0000			
36.6793			-81.6356			45.9069			0.9000			133.0000			-44.0000			-87.0000			
40.0200			-82.1923			43.6797			1.5000			132.0000			-33.0000			-90.0000			
41.1335			-82.7491			43.1230			1.5000			129.0000			-21.0000			-91.0000			
41.6903			-80.5220			40.3391			1.5000			127.0000			-9.0000			-95.0000			
45.5877			-80.5220			38.1120			3.1000			129.0000			-1.0000			-98.0000			
45.5877			-79.4085			39.2255			5.4000			129.0000			13.0000			-103.0000			
47.2581			-78.2949			35.8849			4.8000			126.0000			25.0000			-106.0000			
49.4852			-78.2949			33.6578			4.8000			119.0000			37.0000			-107.0000			
48.9284			-75.5110			32.5442			5.9000			112.0000			51.0000			-110.0000			
47.8148			-72.1704			28.6468			4.2000			101.0000			63.0000			-108.0000			
53.9394			-75.5110			31.9875			10.4000			95.0000			71.0000			-108.0000			
54.4961			-74.3975			26.9765			7.0000			89.0000			88.0000			-108.0000			
55.6097			-72.1704			26.9765			10.4000			82.0000			91.0000			-106.0000			
58.3936			-72.1704			25.8629			12.0000			74.0000			99.0000			-105.0000			
57.2800			-68.8297			23.6358			12.0000			63.0000			101.0000			-102.0000			
57.2800			-67.7162			23.0790			12.6000			50.0000			111.0000			-101.0000			
62.8478			-68.8297			19.1816			13.2000			39.0000			114.0000			-99.0000			
57.2800			-62.7052			20.2952			14.8000			32.0000			119.0000			-101.0000			
58.3936			-63.2620			15.2842			10.4000			23.0000			131.0000			-104.0000			
57.8368			-62.7052			16.9545			12.0000			12.0000			134.0000			-102.0000			
53.3826			-60.4781			18.6248			11.5000			-1.0000			134.0000			-97.0000			
50.0419			-57.6942			15.8410			8.1000			-19.0000			142.0000			-89.0000			
52.8258			-59.9213			16.3977			9.2000			-37.0000			142.0000			-78.0000			
47.2581			-53.7968			16.9545			10.4000			-43.0000			141.0000			-70.0000			
47.2581			-53.7968			10.2732			3.7000			-50.0000			140.0000			-62.0000			
44.4742			-52.6832			13.6138			5.4000			-59.0000			145.0000			-57.0000			
41.6903			-51.5697			14.1706			4.2000			-67.0000			142.0000			-50.0000			
40.5767			-51.5697			15.2842			4.2000			-73.0000			139.0000			-40.0000			
37.2361			-47.1155			14.7274			4.8000			-84.0000			136.0000			-29.0000			
36.1225			-46.5587			11.3867			0.9000			-90.0000			136.0000			-22.0000			
36.6793			-47.6722			11.9435			0.9000			-96.0000			134.0000			-16.0000			
32.7819			-44.3316			12.5003			0.9000			-103.0000			130.0000			-10.0000			
32.7819			-44.3316			11.9435			0.3000			-114.0000			127.0000			-1.0000			
27.2141			-42.6613			13.0571			-2.3000			-120.0000			118.0000			8.0000			
26.1006			-42.6613			14.1706			-2.3000			-126.0000			102.0000			19.0000			
26.6573			-39.3206			9.7164			-2.9000			-135.0000			95.0000			31.0000			
23.8735			-34.3096			10.2732			-0.1000			-137.0000			84.0000			40.0000			
26.1006			-37.6503			9.1596			-2.3000			-142.0000			78.0000			45.0000			
21.6464			-34.8664			10.8300			-2.3000			-145.0000			66.0000			51.0000			
27.7709			-34.3096			5.2622			-1.2000			-153.0000			58.0000			59.0000			
24.4302			-29.8554			1.9216			-3.5000			-155.0000			45.0000			66.0000			
26.1006			-21.5038			-9.2140			-4.6000			-156.0000			34.0000			73.0000			
28.8844			-23.1741			-9.7707			-4.0000			-154.0000			29.0000			77.0000			
23.8735			-22.0605			-7.5436			-5.7000			-152.0000			22.0000			80.0000			
24.4302			-19.8334			-9.7707			-5.1000			-151.0000			9.0000			83.0000			
17.7489			-15.9360			-5.8733			-4.0000			-151.0000			-4.0000			87.0000			
11.6244			-0.3463			-21.4630			-10.1000			-148.0000			-20.0000			96.0000			
8.8405			4.1079			-19.7927			-6.8000			-142.0000			-31.0000			98.0000			
2.7160			4.1079			-13.6682			-6.8000			-136.0000			-42.0000			98.0000			
-3.9653			10.2325			-14.7817			-8.5000			-129.0000			-58.0000			100.0000			
-12.8737			28.6061			-23.1334			-7.4000			-122.0000			-74.0000			103.0000			
-26.7931			39.7416			-24.8037			-11.8000			-113.0000			-81.0000			101.0000			
-30.1338			40.2984			-23.1334			-12.9000			-109.0000			-89.0000			100.0000			
-36.8151			43.0822			-19.7927			-13.5000			-99.0000			-96.0000			95.0000			
-41.2693			41.4119			-18.6792			-18.5000			-93.0000			-97.0000			89.0000			
-47.9506			38.0712			-8.6572			-18.5000			-83.0000			-99.0000			84.0000			
-47.9506			28.6061			-1.4191			-20.7000			-75.0000			-100.0000			82.0000			
-50.1777			20.2544			11.9435			-17.9000			-65.0000			-103.0000			78.0000			
-47.3938			10.2325			20.2952			-16.8000			-54.0000			-108.0000			77.0000			
-43.4964			8.0054			18.0681			-17.4000			-43.0000			-120.0000			79.0000			
-47.3938			5.7782			26.9765			-14.6000			-29.0000			-123.0000			76.0000			
-50.1777			0.7673			30.3171			-19.0000			-16.0000			-124.0000			71.0000			
-49.0642			-4.2437			40.8959			-12.4000			-2.0000			-128.0000			63.0000			
-48.5074			-9.8115			43.1230			-15.2000			9.0000			-128.0000			55.0000			
-44.0532			-18.7199			50.3611			-12.4000			20.0000			-129.0000			46.0000			
-40.1558			-27.6283			57.5991			-10.1000			31.0000			-132.0000			37.0000			
-41.8261			-27.6283			59.8262			-9.6000			46.0000			-141.0000			31.0000			
-36.8151			-30.9690			60.9398			-6.8000			52.0000			-142.0000			26.0000			
-32.9177			-38.7638			63.7237			-7.9000			57.0000			-138.0000			21.0000			
-25.6796			-47.1155			67.0643			-5.7000			63.0000			-136.0000			11.0000			
-17.3280			-53.7968			67.0643			-4.0000			66.0000			-132.0000			4.0000			
-17.3280			-53.7968			65.9508			-5.1000			74.0000			-132.0000			-4.0000			
-8.4195			-58.8078			63.7237			-3.4000			82.0000			-127.0000			-15.0000			
-6.1924			-58.8078			62.0534			-2.9000			88.0000			-125.0000			-21.0000			
3.8295			-63.2620			58.7127			-0.7000			93.0000			-118.0000			-28.0000			
14.4083			-67.7162			53.1449			-0.1000			96.0000			-109.0000			-38.0000			
19.4193			-69.9433			50.3611			-0.1000			106.0000			-99.0000			-50.0000			
25.5438			-74.3975			49.8043			0.9000			110.0000			-87.0000			-60.0000			
25.5438			-72.1704			45.3501			-1.2000			117.0000			-78.0000			-70.0000			
29.4412			-74.3975			48.1340			3.1000			121.0000			-72.0000			-75.0000			
28.3277			-73.2839			45.3501			0.3000			128.0000			-64.0000			-82.0000			
33.3387			-73.8407			41.4526			0.9000			129.0000			-53.0000			-84.0000			
33.8954			-73.8407			41.4526			1.4000			130.0000			-42.0000			-89.0000			
35.0090			-72.7272			40.8959			3.1000			129.0000			-32.0000			-91.0000			
37.7929			-71.6136			36.9984			3.1000			127.0000			-19.0000			-93.0000			
40.0200			-74.9543			38.1120			3.1000			126.0000			-10.0000			-97.0000			
41.6903			-73.2839			33.1010			1.5000			127.0000			2.0000			-100.0000			
40.5767			-68.8297			33.6578			5.4000			128.0000			14.0000			-105.0000			
43.3606			-72.1704			33.6578			4.8000			123.0000			29.0000			-108.0000			
45.0309			-69.3865			29.2036			4.8000			118.0000			40.0000			-108.0000			
45.5877			-66.6026			28.0900			7.0000			110.0000			55.0000			-108.0000			
50.0419			-69.9433			25.3061			5.4000			98.0000			73.0000			-108.0000			
45.0309			-63.8187			26.9765			8.1000			95.0000			77.0000			-107.0000			
50.5987			-64.9323			20.8519			6.5000			89.0000			88.0000			-105.0000			
50.0419			-64.3755			23.6358			9.3000			82.0000			94.0000			-104.0000			
50.0419			-64.3755			24.7494			10.4000			75.0000			99.0000			-102.0000			
52.8258			-61.0349			19.7384			11.5000			61.0000			108.0000			-97.0000			
52.8258			-60.4781			20.2952			12.6000			49.0000			114.0000			-95.0000			
54.4961			-59.9213			16.9545			11.5000			43.0000			117.0000			-95.0000			
55.6097			-57.1374			14.7274			13.2000			35.0000			124.0000			-97.0000			
52.8258			-55.4671			14.1706			11.5000			24.0000			134.0000			-99.0000			
53.9394			-54.9103			13.0571			12.0000			12.0000			136.0000			-97.0000			
50.0419			-53.2400			14.7274			11.5000			-2.0000			138.0000			-92.0000			
45.0309			-50.4561			15.2842			9.8000			-22.0000			146.0000			-84.0000			
51.1555			-53.2400			9.1596			7.0000			-36.0000			143.0000			-73.0000			
47.8148			-48.7858			13.6138			12.6000			-43.0000			142.0000			-68.0000			
43.3606			-46.0019			9.7164			7.0000			-50.0000			141.0000			-60.0000			
44.4742			-49.3426			10.8300			5.9000			-62.0000			145.0000			-56.0000			
37.2361			-43.2180			11.3867			5.4000			-68.0000			142.0000			-47.0000			
37.2361			-45.4451			11.3867			3.1000			-77.0000			137.0000			-38.0000			
37.2361			-40.9909			6.9325			3.1000			-87.0000			135.0000			-27.0000			
29.9980			-38.2070			10.2732			2.0000			-92.0000			135.0000			-23.0000			
33.8954			-42.6613			9.1596			0.3000			-100.0000			134.0000			-17.0000			
27.2141			-36.5367			10.2732			0.9000			-106.0000			128.0000			-9.0000			
31.1115			-38.2070			8.6029			1.5000			-117.0000			122.0000			0.0000			
26.6573			-37.0935			10.2732			-0.1000			-124.0000			116.0000			8.0000			
23.8735			-35.4232			11.3867			-0.1000			-129.0000			99.0000			21.0000			
25.5438			-35.9799			9.7164			-0.7000			-137.0000			93.0000			31.0000			
19.9760			-29.8554			7.4893			-2.3000			-139.0000			83.0000			40.0000			
24.4302			-31.5257			5.8190			-1.2000			-144.0000			75.0000			45.0000			
16.6354			-27.6283			9.1596			-1.8000			-148.0000			65.0000			51.0000			
24.9870			-28.1851			1.9216			-1.2000			-155.0000			53.0000			59.0000			
20.5328			-25.9580			5.2622			-0.1000			-157.0000			40.0000			67.0000			
23.8735			-19.8334			-5.3165			-1.2000			-158.0000			35.0000			70.0000			
23.8735			-19.2767			-9.7707			-5.1000			-157.0000			27.0000			73.0000			
21.6464			-18.7199			-7.5436			-4.6000			-155.0000			18.0000			77.0000			
18.8625			-17.0496			-6.9869			-5.1000			-153.0000			5.0000			82.0000			
14.9650			-15.3792			-3.0894			-3.5000			-153.0000			-9.0000			87.0000			
9.9541			-4.8005			-7.5436			-2.3000			-149.0000			-25.0000			89.0000			
6.0566			-0.3463			-15.3385			-9.6000			-145.0000			-30.0000			94.0000			
-3.9653			8.5621			-13.6682			-9.0000			-137.0000			-43.0000			96.0000			
-2.8518			8.0054			-13.1114			-7.9000			-134.0000			-57.0000			99.0000			
-13.4305			21.9247			-17.0088			-8.5000			-123.0000			-74.0000			103.0000			
-27.3499			36.4009			-22.0198			-12.9000			-114.0000			-82.0000			102.0000			
-35.1448			35.2874			-17.0088			-16.8000			-106.0000			-91.0000			103.0000			
-38.4854			38.6280			-14.7817			-14.6000			-100.0000			-96.0000			98.0000			
-37.9287			35.8441			-15.3385			-17.4000			-94.0000			-97.0000			92.0000			
-42.3829			31.3899			-3.0894			-14.0000			-84.0000			-99.0000			85.0000			
-42.9396			23.0383			3.5919			-16.3000			-77.0000			-102.0000			81.0000			
-44.0532			14.6867			13.0571			-16.3000			-66.0000			-105.0000			76.0000			
-42.9396			13.5731			15.2842			-14.0000			-56.0000			-116.0000			76.0000			
-40.7125			9.1189			15.2842			-16.3000			-44.0000			-122.0000			74.0000			
-37.9287			-0.3463			23.6358			-14.6000			-34.0000			-125.0000			72.0000			
-40.1558			-3.6869			31.9875			-11.8000			-20.0000			-127.0000			66.0000			
-42.3829			-6.4708			37.5552			-11.3000			-4.0000			-134.0000			59.0000			
-39.5990			-11.4818			39.2255			-11.8000			6.0000			-130.0000			52.0000			
-37.9287			-20.3902			47.5772			-10.7000			19.0000			-133.0000			43.0000			
-32.3609			-27.0715			50.9178			-8.5000			30.0000			-137.0000			35.0000			
-34.0312			-25.4012			53.1449			-6.2000			42.0000			-145.0000			31.0000			
-31.8041			-29.8554			56.4856			-5.1000			51.0000			-143.0000			25.0000			
-26.2364			-38.7638			58.7127			-6.2000			56.0000			-138.0000			18.0000			
-21.2254			-45.4451			62.0534			-4.6000			63.0000			-135.0000			10.0000			
-16.2144			-47.1155			59.8262			-3.5000			69.0000			-134.0000			4.0000			
-13.4305			-45.4451			58.7127			-0.1000			79.0000			-129.0000			-5.0000			
-9.5331			-52.6832			63.1669			0.9000			85.0000			-125.0000			-12.0000			
-5.0789			-53.7968			55.9288			-2.9000			91.0000			-121.0000			-19.0000			
3.2728			-55.4671			50.9178			-1.2000			96.0000			-116.0000			-25.0000			
13.8515			-60.4781			47.0204			0.3000			101.0000			-104.0000			-34.0000			
17.7489			-63.2620			45.9069			0.3000			111.0000			-94.0000			-48.0000			
25.5438			-66.0458			42.5662			2.0000			115.0000			-82.0000			-57.0000			
20.5328			-66.0458			47.0204			1.5000			123.0000			-74.0000			-66.0000			
31.1115			-67.1594			38.1120			2.0000			126.0000			-67.0000			-70.0000			
22.7599			-62.7052			41.4526			1.5000			134.0000			-59.0000			-77.0000			
31.6683			-66.0458			36.9984			2.6000			136.0000			-47.0000			-80.0000			
29.9980			-66.0458			37.5552			1.5000			135.0000			-37.0000			-84.0000			
31.6683			-64.9323			35.8849			2.6000			134.0000			-28.0000			-86.0000			
37.2361			-66.0458			33.1010			4.2000			130.0000			-12.0000			-89.0000			
34.4522			-63.8187			33.1010			3.7000			132.0000			-7.0000			-91.0000			
41.1335			-64.9323			27.5332			3.7000			133.0000			4.0000			-94.0000			
38.9064			-61.0349			28.0900			5.9000			132.0000			19.0000			-100.0000			
40.0200			-63.2620			30.8739			7.6000			128.0000			32.0000			-104.0000			
43.3606			-60.4781			24.7494			7.6000			119.0000			47.0000			-104.0000			
42.2471			-59.3645			23.6358			6.5000			109.0000			67.0000			-105.0000			
47.8148			-59.9213			21.4087			9.2000			102.0000			71.0000			-106.0000			
49.4852			-59.9213			23.6358			13.1000			95.0000			78.0000			-106.0000			
48.3716			-56.5807			17.5113			9.2000			90.0000			88.0000			-107.0000			
50.5987			-58.2510			19.1816			11.5000			79.0000			93.0000			-106.0000			
48.3716			-56.5807			21.4087			13.1000			71.0000			98.0000			-105.0000			
46.7013			-52.1264			16.3977			10.9000			57.0000			107.0000			-101.0000			
53.3826			-54.9103			14.7274			13.2000			47.0000			109.0000			-98.0000			
50.5987			-53.7968			16.3977			13.2000			39.0000			117.0000			-99.0000			
48.9284			-49.8993			10.2732			9.3000			34.0000			122.0000			-98.0000			
50.0419			-50.4561			10.8300			10.4000			22.0000			134.0000			-100.0000			
47.8148			-47.6722			11.3867			11.5000			10.0000			136.0000			-96.0000			
44.4742			-44.8884			11.3867			10.9000			-7.0000			138.0000			-90.0000			
47.2581			-46.0019			9.1596			10.4000			-26.0000			145.0000			-80.0000			
40.5767			-43.2180			10.8300			8.1000			-35.0000			140.0000			-74.0000			
44.4742			-44.8884			7.4893			7.0000			-45.0000			142.0000			-66.0000			
38.3496			-37.6503			8.0461			8.7000			-51.0000			140.0000			-60.0000			
39.4632			-43.2180			8.6029			4.8000			-64.0000			143.0000			-54.0000			
35.5658			-40.4342			8.0461			3.1000			-70.0000			139.0000			-45.0000			
32.7819			-37.6503			9.7164			4.8000			-81.0000			134.0000			-34.0000			
31.6683			-34.8664			5.8190			2.6000			-87.0000			134.0000			-30.0000			
29.4412			-33.1961			6.9325			3.1000			-94.0000			133.0000			-22.0000			
29.4412			-35.4232			6.3758			0.3000			-100.0000			129.0000			-17.0000			
24.4302			-30.4122			7.4893			1.5000			-108.0000			125.0000			-9.0000			
27.2141			-30.9690			5.2622			1.5000			-121.0000			119.0000			3.0000			
23.8735			-31.5257			11.3867			3.7000			-127.0000			108.0000			11.0000			
20.5328			-29.8554			5.8190			-3.5000			-133.0000			100.0000			20.0000			
23.3167			-29.2986			5.8190			-0.1000			-139.0000			88.0000			29.0000			
16.6354			-25.9580			7.4893			-1.8000			-142.0000			79.0000			37.0000			
20.5328			-25.9580			3.5919			-1.8000			-147.0000			71.0000			43.0000			
16.0786			-24.8444			7.4893			-1.2000			-152.0000			61.0000			50.0000			
18.3057			-25.9580			3.0351			-4.6000			-157.0000			46.0000			58.0000			
17.7489			-18.1631			-3.0894			-3.5000			-161.0000			39.0000			66.0000			
17.1922			-16.4928			-3.6462			-2.9000			-161.0000			31.0000			68.0000			
20.5328			-17.6063			-8.1004			-5.1000			-161.0000			23.0000			69.0000			
16.6354			-13.7089			-6.9869			-4.0000			-158.0000			12.0000			75.0000			
15.5218			-14.2657			-6.4301			-5.1000			-155.0000			2.0000			79.0000			
11.6244			-14.8225			-1.9759			-5.1000			-154.0000			-12.0000			82.0000			
1.0457			-2.5734			-3.6462			-5.1000			-150.0000			-28.0000			84.0000			
4.3863			0.7673			-15.3385			-10.1000			-147.0000			-35.0000			88.0000			
-5.0789			5.7782			-10.3275			-9.6000			-140.0000			-44.0000			93.0000			
-9.5331			9.1189			-12.5546			-12.9000			-132.0000			-59.0000			99.0000			
-15.1008			16.9138			-15.3385			-13.5000			-121.0000			-72.0000			105.0000			
-27.3499			33.6170			-17.5656			-11.2000			-111.0000			-83.0000			105.0000			
-32.9177			32.5035			-14.7817			-15.1000			-101.0000			-91.0000			107.0000			
-36.2583			33.6170			-11.9978			-14.6000			-97.0000			-94.0000			106.0000			
-42.9396			32.5035			-8.6572			-19.0000			-88.0000			-97.0000			99.0000			
-47.3938			26.9357			-0.8623			-21.3000			-79.0000			-99.0000			92.0000			
-47.3938			20.2544			6.9325			-20.2000			-69.0000			-99.0000			87.0000			
-48.5074			15.8002			14.7274			-17.9000			-58.0000			-106.0000			86.0000			
-42.3829			11.3460			10.8300			-20.2000			-46.0000			-112.0000			86.0000			
-40.7125			8.5621			17.5113			-14.6000			-36.0000			-117.0000			85.0000			
-39.0422			-0.3463			23.0790			-16.3000			-26.0000			-119.0000			82.0000			
-36.2583			-6.4708			29.7603			-12.9000			-14.0000			-124.0000			75.0000			
-37.3719			-7.0276			33.6578			-10.7000			2.0000			-130.0000			68.0000			
-35.7016			-13.7089			37.5552			-11.8000			15.0000			-130.0000			56.0000			
-31.2473			-20.9470			43.1230			-9.0000			26.0000			-134.0000			46.0000			
-32.3609			-24.2877			50.3611			-6.2000			36.0000			-139.0000			38.0000			
-27.9067			-25.9580			43.6797			-10.1000			42.0000			-146.0000			34.0000			
-26.7931			-28.1851			50.9178			-4.0000			52.0000			-145.0000			25.0000			
-21.7822			-38.2070			53.1449			-6.8000			56.0000			-141.0000			17.0000			
-17.8847			-40.9909			54.8153			-4.0000			61.0000			-139.0000			8.0000			
-16.7712			-39.8774			54.2585			-2.3000			67.0000			-137.0000			-2.0000			
-16.7712			-42.1045			54.8153			-4.0000			75.0000			-133.0000			-13.0000			
-5.6357			-47.6722			52.5882			-0.7000			76.0000			-130.0000			-18.0000			
-6.7492			-46.0019			51.4746			-1.2000			84.0000			-127.0000			-26.0000			
3.8295			-50.4561			44.2365			-2.3000			89.0000			-119.0000			-34.0000			
11.6244			-54.9103			42.5662			-0.7000			94.0000			-109.0000			-44.0000			
16.6354			-56.0239			39.7823			0.3000			102.0000			-97.0000			-56.0000			
22.7599			-58.2510			35.8849			0.3000			109.0000			-85.0000			-69.0000			
17.7489			-59.3645			42.0094			0.3000			115.0000			-82.0000			-74.0000			
27.2141			-59.9213			34.2146			1.5000			119.0000			-75.0000			-78.0000			
21.6464			-56.5807			36.4417			1.4000			122.0000			-65.0000			-84.0000			
27.7709			-59.3645			33.1010			1.5000			125.0000			-53.0000			-88.0000			
27.7709			-58.8078			33.6578			2.6000			127.0000			-41.0000			-92.0000			
27.7709			-55.4671			29.7603			2.0000			123.0000			-29.0000			-95.0000			
32.7819			-57.6942			28.6468			3.7000			123.0000			-20.0000			-95.0000			
33.3387			-58.8078			31.4307			5.9000			125.0000			-11.0000			-97.0000			
34.4522			-54.9103			23.0790			2.6000			125.0000			0.0000			-100.0000			
36.6793			-54.9103			23.0790			4.8000			125.0000			19.0000			-105.0000			
36.1225			-56.5807			29.2036			8.7000			121.0000			33.0000			-109.0000			
37.7929			-51.5697			21.4087			7.6000			113.0000			51.0000			-109.0000			
42.2471			-56.0239			21.9655			8.1000			104.0000			63.0000			-108.0000			
40.5767			-54.3535			21.9655			8.1000			100.0000			74.0000			-107.0000			
43.9174			-51.5697			17.5113			9.8000			94.0000			75.0000			-104.0000			
45.0309			-50.4561			15.8410			10.4000			88.0000			91.0000			-105.0000			
43.9174			-49.8993			15.8410			9.8000			81.0000			94.0000			-103.0000			
51.7123			-49.3426			16.9545			19.3000			68.0000			100.0000			-100.0000			
53.9394			-49.3426			13.0571			17.6000			53.0000			110.0000			-97.0000			
50.0419			-45.4451			13.0571			17.6000			48.0000			107.0000			-97.0000			
52.2690			-47.1155			12.5003			17.6000			39.0000			112.0000			-99.0000			
51.1555			-43.7748			9.1596			16.5000			29.0000			122.0000			-101.0000			
50.0419			-43.7748			9.7164			15.9000			18.0000			131.0000			-103.0000			
46.1445			-42.1045			8.6029			12.6000			3.0000			134.0000			-100.0000			
41.6903			-37.0935			9.1596			13.7000			-15.0000			137.0000			-90.0000			
42.8038			-39.3206			6.3758			9.8000			-27.0000			142.0000			-83.0000			
41.6903			-37.0935			8.0461			12.6000			-36.0000			140.0000			-72.0000			
38.9064			-37.0935			6.3758			8.1000			-42.0000			140.0000			-64.0000			
35.0090			-31.5257			6.3758			9.8000			-51.0000			143.0000			-56.0000			
38.3496			-37.0935			5.8190			7.0000			-61.0000			145.0000			-49.0000			
30.5548			-34.3096			9.7164			5.9000			-68.0000			140.0000			-39.0000			
34.4522			-32.6393			1.9216			3.7000			-74.0000			137.0000			-28.0000			
29.9980			-29.2986			6.3758			7.0000			-79.0000			136.0000			-23.0000			
26.6573			-30.4122			5.2622			1.5000			-85.0000			138.0000			-15.0000			
25.5438			-27.6283			5.8190			3.7000			-93.0000			132.0000			-7.0000			
23.8735			-25.9580			4.1487			2.0000			-102.0000			130.0000			1.0000			
21.6464			-28.1851			5.2622			-1.2000			-111.0000			125.0000			11.0000			
24.4302			-26.5148			2.4783			0.3000			-118.0000			115.0000			21.0000			
17.1922			-24.8444			7.4893			-0.1000			-123.0000			104.0000			31.0000			
21.6464			-24.2877			3.5919			0.9000			-129.0000			97.0000			40.0000			
16.0786			-20.9470			6.3758			1.5000			-132.0000			84.0000			48.0000			
18.3057			-22.0605			1.3648			-2.3000			-136.0000			77.0000			54.0000			
14.9650			-19.8334			5.2622			0.3000			-142.0000			66.0000			62.0000			
15.5218			-19.8334			0.8080			-3.5000			-145.0000			51.0000			70.0000			
16.6354			-15.9360			-0.8623			-0.1000			-151.0000			47.0000			73.0000			
14.4083			-14.8225			-4.2030			-4.6000			-151.0000			37.0000			74.0000			
16.0786			-14.2657			-6.9869			-5.1000			-150.0000			27.0000			76.0000			
13.8515			-10.3683			-6.9869			-3.5000			-148.0000			17.0000			79.0000			
11.6244			-10.9250			-5.3165			-4.6000			-148.0000			5.0000			86.0000			
11.6244			-13.1521			-2.5327			-4.0000			-147.0000			-11.0000			86.0000			
2.7160			-8.1411			1.9216			-3.5000			-145.0000			-20.0000			85.0000			
-0.6247			3.5511			-12.5546			-9.6000			-142.0000			-34.0000			89.0000			
-2.8518			5.7782			-11.4411			-8.5000			-137.0000			-43.0000			95.0000			
-9.5331			10.2325			-11.9978			-11.3000			-129.0000			-57.0000			99.0000			
-14.5441			12.4596			-11.9978			-14.0000			-121.0000			-72.0000			101.0000			
-21.7822			22.4815			-12.5546			-11.8000			-111.0000			-85.0000			103.0000			
-37.9287			33.6170			-10.8843			-15.1000			-103.0000			-96.0000			105.0000			
-38.4854			29.7196			-12.5546			-21.3000			-100.0000			-97.0000			105.0000			
-47.3938			29.1628			-3.6462			-21.8000			-89.0000			-99.0000			95.0000			
-47.9506			23.5951			0.8080			-23.5000			-82.0000			-102.0000			93.0000			
-45.7235			20.2544			8.0461			-17.4000			-70.0000			-104.0000			87.0000			
-46.2803			17.4705			7.4893			-21.3000			-59.0000			-109.0000			86.0000			
-47.9506			15.8002			13.6138			-18.5000			-48.0000			-116.0000			83.0000			
-39.5990			8.0054			11.3867			-20.2000			-41.0000			-120.0000			83.0000			
-39.0422			0.7673			23.6358			-14.6000			-28.0000			-124.0000			77.0000			
-34.5880			-6.4708			26.9765			-14.0000			-17.0000			-128.0000			72.0000			
-34.0312			-8.6979			29.2036			-13.5000			-1.0000			-136.0000			63.0000			
-34.5880			-11.4818			34.2146			-11.8000			13.0000			-135.0000			52.0000			
-30.6906			-20.9470			39.2255			-12.4000			25.0000			-137.0000			41.0000			
-26.7931			-21.5038			41.4526			-6.8000			30.0000			-143.0000			37.0000			
-27.9067			-21.5038			41.4526			-7.9000			39.0000			-150.0000			31.0000			
-25.6796			-28.1851			44.7933			-9.0000			45.0000			-149.0000			23.0000			
-21.7822			-34.3096			50.9178			-5.1000			52.0000			-144.0000			12.0000			
-20.1118			-34.3096			49.8043			-4.6000			59.0000			-145.0000			5.0000			
-17.8847			-33.7528			47.0204			-4.6000			65.0000			-140.0000			-8.0000			
-16.2144			-35.4232			50.9178			-0.7000			69.0000			-139.0000			-15.0000			
-10.6466			-43.2180			50.3611			-3.5000			73.0000			-134.0000			-21.0000			
-2.8518			-38.7638			44.2365			2.6000			79.0000			-132.0000			-27.0000			
1.0457			-43.7748			40.8959			-1.8000			84.0000			-124.0000			-37.0000			
11.0676			-48.2290			36.9984			-0.1000			90.0000			-114.0000			-49.0000			
12.7379			-49.3426			32.5442			-4.0000			97.0000			-103.0000			-63.0000			
18.8625			-53.2400			35.8849			1.5000			103.0000			-92.0000			-71.0000			
18.8625			-52.1264			36.4417			3.1000			107.0000			-86.0000			-79.0000			
22.2031			-52.6832			30.3171			-0.1000			112.0000			-80.0000			-81.0000			
21.6464			-51.0129			31.9875			2.6000			119.0000			-69.0000			-89.0000			
23.8735			-52.1264			31.4307			3.1000			119.0000			-58.0000			-93.0000			
26.6573			-52.6832			29.7603			3.7000			119.0000			-45.0000			-96.0000			
26.6573			-51.5697			30.8739			5.9000			117.0000			-35.0000			-98.0000			
28.3277			-51.0129			26.4197			3.7000			119.0000			-27.0000			-98.0000			
29.9980			-50.4561			24.7494			4.2000			119.0000			-17.0000			-98.0000			
31.6683			-49.3426			22.5223			4.8000			122.0000			-3.0000			-103.0000			
34.4522			-48.7858			19.7384			5.4000			122.0000			20.0000			-107.0000			
33.3387			-51.0129			25.3061			7.6000			118.0000			32.0000			-109.0000			
36.6793			-47.6722			18.6248			7.6000			110.0000			52.0000			-110.0000			
34.4522			-46.5587			18.6248			6.5000			105.0000			58.0000			-106.0000			
38.9064			-48.7858			19.7384			9.8000			99.0000			71.0000			-106.0000			
39.4632			-46.0019			14.7274			8.1000			94.0000			78.0000			-101.0000			
40.5767			-44.8884			14.7274			10.4000			89.0000			90.0000			-101.0000			
52.2690			-45.4451			13.0571			19.8000			77.0000			96.0000			-98.0000			
47.2581			-42.1045			14.1706			19.3000			65.0000			100.0000			-95.0000			
50.0419			-44.3316			8.6029			14.3000			57.0000			106.0000			-94.0000			
50.0419			-40.9909			13.6138			22.6000			49.0000			107.0000			-94.0000			
49.4852			-42.1045			8.6029			15.9000			41.0000			114.0000			-94.0000			
48.9284			-38.2070			5.8190			16.5000			32.0000			122.0000			-96.0000			
48.9284			-39.3206			7.4893			17.0000			20.0000			134.0000			-98.0000			
42.8038			-35.9799			8.6029			15.4000			4.0000			136.0000			-91.0000			
45.5877			-34.3096			1.3648			12.6000			-12.0000			139.0000			-85.0000			
41.6903			-32.6393			6.9325			15.9000			-25.0000			144.0000			-76.0000			
40.0200			-34.3096			5.2622			10.9000			-33.0000			142.0000			-66.0000			
40.0200			-32.0825			4.1487			12.0000			-40.0000			141.0000			-57.0000			
36.6793			-26.5148			1.3648			11.5000			-50.0000			143.0000			-50.0000			
36.1225			-32.6393			5.2622			8.7000			-59.0000			144.0000			-43.0000			
35.5658			-29.8554			4.1487			9.8000			-66.0000			139.0000			-34.0000			
30.5548			-25.4012			3.5919			8.7000			-70.0000			135.0000			-24.0000			
31.6683			-25.9580			2.4783			8.1000			-77.0000			139.0000			-18.0000			
25.5438			-23.7309			5.2622			7.0000			-83.0000			136.0000			-11.0000			
24.9870			-24.2877			1.9216			2.6000			-91.0000			134.0000			-2.0000			
22.2031			-21.5038			3.0351			3.7000			-101.0000			131.0000			6.0000			
