-17.4665			25.0721			-8.2601			-0.6000			-237.0000			195.0000			-45.0000			
-19.1437			28.4891			-10.5331			-1.1000			-247.0000			183.0000			-26.0000			
-20.8208			27.3501			-9.9648			-3.4000			-253.0000			172.0000			-9.0000			
-21.3798			29.0586			-7.6919			0.0000			-259.0000			162.0000			9.0000			
-22.4979			28.4891			-6.5554			-0.5000			-264.0000			148.0000			25.0000			
-26.4112			27.3501			-1.4414			-0.5000			-268.0000			136.0000			42.0000			
-29.7654			24.5026			3.1045			-2.1000			-271.0000			121.0000			59.0000			
-31.4425			22.7940			7.6503			-1.0000			-272.0000			104.0000			74.0000			
-31.4425			22.2245			9.9233			0.7000			-273.0000			88.0000			90.0000			
-31.4425			20.5160			11.0597			0.1000			-269.0000			70.0000			105.0000			
-29.2064			15.3905			12.1962			-1.6000			-265.0000			50.0000			123.0000			
-27.5292			11.4040			15.0373			-1.0000			-258.0000			30.0000			136.0000			
-28.0883			11.4040			17.3103			0.6000			-252.0000			10.0000			159.0000			
-28.0883			9.1260			17.8785			-1.0000			-243.0000			-10.0000			181.0000			
-32.0016			9.1260			20.1514			-2.7000			-233.0000			-30.0000			194.0000			
-32.5606			11.4040			19.5832			-1.5000			-223.0000			-48.0000			203.0000			
-33.1196			9.6955			21.2879			-2.1000			-212.0000			-65.0000			211.0000			
-33.1196			9.1260			24.1290			0.1000			-201.0000			-81.0000			219.0000			
-32.0016			6.8479			26.4020			1.2000			-188.0000			-97.0000			224.0000			
-30.3244			2.8614			28.1066			0.6000			-174.0000			-114.0000			229.0000			
-29.2064			-1.6946			30.3796			-0.5000			-158.0000			-131.0000			233.0000			
-26.4112			-5.1116			31.5160			0.0000			-142.0000			-147.0000			235.0000			
-24.7341			-6.8202			31.5160			0.0000			-124.0000			-163.0000			236.0000			
-21.9389			-6.2507			29.8113			1.6000			-105.0000			-178.0000			234.0000			
-19.7027			-7.3897			27.5384			0.4000			-84.0000			-192.0000			232.0000			
-16.9075			-10.8067			27.5384			-0.1000			-64.0000			-205.0000			228.0000			
-14.6714			-11.3762			26.9702			0.9000			-44.0000			-216.0000			223.0000			
-12.9942			-13.6542			26.9702			0.3000			-22.0000			-226.0000			214.0000			
-14.1123			-15.3627			30.3796			0.9000			-1.0000			-236.0000			206.0000			
-15.2304			-14.2237			30.9478			1.4000			18.0000			-243.0000			197.0000			
-13.5533			-16.5017			30.3796			0.3000			34.0000			-248.0000			188.0000			
-11.8762			-18.2102			29.8113			-0.2000			52.0000			-252.0000			178.0000			
-6.8448			-20.4882			29.8113			2.4000			68.0000			-255.0000			166.0000			
-1.8135			-23.9053			26.4020			0.6000			87.0000			-257.0000			152.0000			
3.7769			-25.6138			24.6973			2.8000			105.0000			-259.0000			139.0000			
6.5721			-28.4613			22.4243			0.5000			124.0000			-259.0000			124.0000			
7.6902			-27.8918			19.5832			-0.6000			139.0000			-256.0000			107.0000			
9.9263			-23.9053			17.3103			3.3000			156.0000			-252.0000			89.0000			
9.3673			-22.7663			15.0373			1.6000			169.0000			-246.0000			70.0000			
12.1625			-22.7663			12.1962			1.5000			183.0000			-238.0000			51.0000			
14.9577			-21.0578			8.2186			2.1000			194.0000			-230.0000			31.0000			
18.3119			-24.4748			8.2186			2.0000			207.0000			-217.0000			11.0000			
19.4300			-29.6003			11.0597			0.8000			216.0000			-209.0000			-7.0000			
20.5481			-29.6003			10.4915			1.4000			222.0000			-197.0000			-24.0000			
21.6662			-28.4613			8.2186			1.4000			229.0000			-186.0000			-41.0000			
23.3433			-27.8918			6.5139			1.9000			233.0000			-174.0000			-57.0000			
26.1385			-27.3223			1.3998			0.2000			237.0000			-161.0000			-75.0000			
29.4927			-25.6138			-3.1461			0.7000			240.0000			-145.0000			-93.0000			
31.7289			-22.7663			-8.2601			0.6000			241.0000			-130.0000			-125.0000			
32.2879			-21.0578			-11.6695			-0.4000			240.0000			-113.0000			-145.0000			
31.7289			-19.9187			-11.6695			0.1000			239.0000			-94.0000			-163.0000			
28.3746			-15.9322			-12.8060			-0.3000			235.0000			-74.0000			-179.0000			
28.3746			-11.3762			-14.5107			2.4000			228.0000			-55.0000			-196.0000			
28.9337			-10.8067			-16.2154			1.9000			222.0000			-36.0000			-204.0000			
27.8156			-8.5287			-19.0565			0.2000			210.0000			-14.0000			-216.0000			
31.7289			-9.6677			-20.1930			1.8000			200.0000			7.0000			-227.0000			
32.8469			-12.5152			-20.1930			0.1000			191.0000			24.0000			-236.0000			
32.8469			-10.8067			-21.8977			0.1000			180.0000			41.0000			-243.0000			
33.4060			-9.0982			-24.1706			0.1000			171.0000			57.0000			-250.0000			
31.7289			-6.8202			-26.4435			-1.5000			157.0000			73.0000			-255.0000			
30.6108			-2.8336			-28.1482			-0.3000			143.0000			89.0000			-260.0000			
28.3746			1.7224			-31.5576			-1.4000			127.0000			107.0000			-264.0000			
26.6975			4.5699			-31.5576			-0.2000			109.0000			123.0000			-266.0000			
24.4613			6.8479			-30.9894			0.3000			91.0000			139.0000			-267.0000			
21.6662			6.2784			-29.8529			-1.9000			71.0000			155.0000			-266.0000			
19.9890			7.4174			-28.1482			-0.7000			51.0000			169.0000			-263.0000			
17.1938			11.4040			-27.5800			1.0000			32.0000			181.0000			-259.0000			
13.8396			11.4040			-26.4435			-1.1000			11.0000			191.0000			-254.0000			
12.1625			14.2515			-26.4435			0.0000			-11.0000			203.0000			-245.0000			
14.3987			15.3905			-29.2847			0.5000			-31.0000			212.0000			-237.0000			
14.9577			14.2515			-30.4211			-1.2000			-50.0000			219.0000			-228.0000			
12.7215			16.5295			-30.4211			-1.1000			-68.0000			223.0000			-218.0000			
11.6035			18.2380			-29.8529			0.0000			-84.0000			227.0000			-208.0000			
7.1312			21.0855			-29.8529			-1.6000			-101.0000			231.0000			-197.0000			
0.9817			24.5026			-26.4435			-0.9000			-119.0000			233.0000			-184.0000			
-4.6087			26.7806			-24.7388			-2.5000			-137.0000			233.0000			-169.0000			
-6.2858			27.9196			-21.3295			0.3000			-155.0000			233.0000			-155.0000			
-7.9629			27.3501			-19.6248			-0.2000			-172.0000			232.0000			-138.0000			
-9.6400			25.0721			-16.7836			-1.3000			-188.0000			227.0000			-121.0000			
-8.5219			22.7940			-15.6471			-1.3000			-201.0000			221.0000			-103.0000			
-11.8762			22.2245			-11.6695			-1.3000			-214.0000			212.0000			-82.0000			
-15.2304			21.0855			-7.6919			-1.8000			-226.0000			204.0000			-63.0000			
-16.9075			23.3635			-7.6919			-1.2000			-237.0000			192.0000			-43.0000			
-19.1437			30.1976			-10.5331			0.5000			-247.0000			182.0000			-24.0000			
-20.8208			29.0586			-9.9648			-1.7000			-253.0000			171.0000			-6.0000			
-21.9389			28.4891			-8.2601			-1.7000			-260.0000			159.0000			11.0000			
-23.0569			27.3501			-5.9872			-1.6000			-264.0000			148.0000			26.0000			
-26.4112			26.7806			-1.4414			-1.0000			-268.0000			134.0000			43.0000			
-30.3244			25.6416			3.1045			-1.5000			-272.0000			120.0000			60.0000			
-32.0016			22.2245			8.7868			-0.9000			-273.0000			104.0000			75.0000			
-34.2377			21.6550			11.6279			-0.9000			-271.0000			86.0000			90.0000			
-32.0016			20.5160			11.6279			0.1000			-268.0000			68.0000			107.0000			
-30.3244			17.0990			13.3326			0.1000			-265.0000			48.0000			123.0000			
-28.0883			11.4040			14.4691			-2.2000			-260.0000			28.0000			136.0000			
-28.6473			11.4040			16.7420			-0.5000			-253.0000			9.0000			159.0000			
-28.0883			9.1260			19.0149			0.0000			-242.0000			-12.0000			181.0000			
-32.0016			9.1260			21.2879			-1.5000			-233.0000			-33.0000			194.0000			
-33.1196			11.9735			20.1514			-0.9000			-221.0000			-50.0000			204.0000			
-32.5606			10.8345			21.8561			0.1000			-210.0000			-67.0000			211.0000			
-33.1196			9.1260			24.1290			0.1000			-200.0000			-83.0000			219.0000			
-31.4425			6.2784			26.9702			1.8000			-187.0000			-99.0000			224.0000			
-30.3244			2.2919			29.2431			1.2000			-173.0000			-115.0000			230.0000			
-28.6473			-1.1251			31.5160			1.7000			-156.0000			-131.0000			233.0000			
-26.4112			-4.5421			32.0843			1.1000			-140.0000			-149.0000			235.0000			
-24.1750			-6.8202			30.9478			0.0000			-122.0000			-165.0000			235.0000			
-21.3798			-7.3897			29.8113			1.0000			-103.0000			-179.0000			234.0000			
-20.2617			-7.3897			28.6749			1.0000			-82.0000			-194.0000			230.0000			
-17.4665			-10.2372			28.1066			0.4000			-63.0000			-205.0000			226.0000			
-13.5533			-11.3762			26.4020			1.4000			-43.0000			-218.0000			221.0000			
-12.4352			-13.0847			26.4020			0.8000			-21.0000			-228.0000			214.0000			
-14.1123			-15.3627			28.6749			-0.7000			0.0000			-236.0000			204.0000			
-14.6714			-15.3627			30.9478			0.9000			19.0000			-244.0000			195.0000			
-12.9942			-16.5017			31.5160			2.0000			37.0000			-248.0000			186.0000			
-11.3171			-17.6407			30.3796			1.4000			53.0000			-253.0000			177.0000			
-6.2858			-21.6273			29.8113			1.8000			70.0000			-255.0000			165.0000			
-1.2544			-24.4748			26.9702			1.2000			88.0000			-257.0000			151.0000			
3.7769			-27.3223			24.1290			0.5000			107.0000			-258.0000			137.0000			
6.0131			-27.8918			21.8561			0.0000			125.0000			-259.0000			121.0000			
8.2492			-27.8918			19.0149			-0.6000			141.0000			-257.0000			105.0000			
9.3673			-23.9053			17.3103			2.7000			157.0000			-251.0000			86.0000			
9.9263			-22.1968			15.6056			3.3000			170.0000			-245.0000			69.0000			
12.7215			-22.7663			12.1962			2.1000			184.0000			-236.0000			50.0000			
15.5167			-20.4882			8.2186			3.2000			195.0000			-228.0000			31.0000			
17.7529			-23.9053			7.6503			1.4000			206.0000			-217.0000			9.0000			
18.8710			-29.0308			10.4915			0.3000			217.0000			-207.0000			-9.0000			
19.9890			-29.6003			11.0597			1.4000			223.0000			-195.0000			-26.0000			
21.1071			-29.6003			8.7868			0.2000			229.0000			-185.0000			-43.0000			
22.7842			-27.8918			6.5139			1.4000			234.0000			-172.0000			-59.0000			
27.2565			-26.1833			0.8316			1.9000			237.0000			-158.0000			-76.0000			
29.4927			-25.0443			-3.7143			0.7000			239.0000			-144.0000			-97.0000			
32.2879			-22.7663			-7.6919			1.8000			243.0000			-128.0000			-128.0000			
33.9650			-21.0578			-12.2378			0.6000			241.0000			-110.0000			-147.0000			
31.1698			-18.7797			-11.6695			0.7000			238.0000			-92.0000			-165.0000			
29.4927			-15.3627			-12.2378			1.8000			234.0000			-72.0000			-181.0000			
27.8156			-11.9457			-13.9424			1.9000			227.0000			-53.0000			-195.0000			
27.8156			-12.5152			-16.7836			-1.4000			220.0000			-34.0000			-206.0000			
28.3746			-8.5287			-19.0565			0.7000			210.0000			-13.0000			-216.0000			
31.7289			-9.0982			-21.3295			1.2000			200.0000			7.0000			-228.0000			
32.2879			-11.9457			-20.1930			0.1000			191.0000			25.0000			-236.0000			
33.4060			-10.2372			-21.8977			1.2000			179.0000			43.0000			-244.0000			
33.4060			-8.5287			-24.7388			0.1000			168.0000			58.0000			-251.0000			
31.1698			-5.6811			-26.4435			-0.9000			155.0000			75.0000			-257.0000			
30.6108			-2.2641			-28.7165			-0.3000			141.0000			90.0000			-260.0000			
28.9337			2.2919			-31.5576			-0.3000			126.0000			108.0000			-264.0000			
27.2565			5.1394			-31.5576			0.8000			108.0000			125.0000			-266.0000			
23.3433			7.4174			-30.9894			-0.2000			89.0000			141.0000			-267.0000			
20.5481			6.8479			-29.8529			-2.4000			70.0000			156.0000			-265.0000			
20.5481			6.8479			-28.1482			-0.7000			49.0000			170.0000			-262.0000			
17.1938			10.8345			-27.0118			1.0000			31.0000			182.0000			-258.0000			
13.8396			11.4040			-26.4435			-1.1000			10.0000			194.0000			-252.0000			
11.6035			13.6820			-25.8753			-0.5000			-12.0000			203.0000			-244.0000			
14.3987			14.8210			-29.2847			0.0000			-32.0000			210.0000			-236.0000			
14.3987			15.3905			-30.9894			-1.2000			-52.0000			218.0000			-227.0000			
13.2806			16.5295			-30.9894			-1.1000			-71.0000			224.0000			-218.0000			
10.4854			18.2380			-30.4211			-1.6000			-86.0000			228.0000			-207.0000			
5.4540			21.6550			-28.7165			-1.6000			-103.0000			230.0000			-196.0000			
0.9817			24.5026			-26.4435			-0.9000			-122.0000			232.0000			-183.0000			
-3.4906			27.3501			-25.8753			-2.0000			-139.0000			233.0000			-168.0000			
-7.4039			28.4891			-20.7612			0.3000			-156.0000			234.0000			-154.0000			
-8.5219			26.7806			-19.0565			-0.7000			-173.0000			231.0000			-136.0000			
-9.6400			23.3635			-16.2154			-2.4000			-189.0000			226.0000			-118.0000			
-10.1990			23.3635			-13.9424			-0.7000			-203.0000			219.0000			-99.0000			
-12.4352			23.9331			-12.8060			-1.3000			-216.0000			212.0000			-80.0000			
-16.3485			20.5160			-7.6919			-3.5000			-228.0000			203.0000			-61.0000			
-19.1437			24.5026			-6.5554			-1.1000			-238.0000			192.0000			-41.0000			
-19.1437			30.1976			-10.5331			0.5000			-247.0000			182.0000			-23.0000			
-20.8208			29.6281			-9.9648			-1.1000			-254.0000			170.0000			-5.0000			
-22.4979			29.6281			-8.2601			-1.1000			-261.0000			159.0000			11.0000			
-23.0569			27.9196			-5.9872			-1.1000			-265.0000			147.0000			28.0000			
-26.9702			26.7806			0.2633			0.0000			-268.0000			133.0000			46.0000			
-31.4425			25.6416			4.2409			-1.5000			-272.0000			118.0000			61.0000			
-32.0016			22.7940			8.7868			-0.4000			-272.0000			101.0000			76.0000			
-34.7967			21.6550			12.1962			-0.9000			-271.0000			84.0000			93.0000			
-30.8835			19.3770			12.1962			0.6000			-269.0000			67.0000			109.0000			
-28.6473			15.9600			12.1962			-0.4000			-264.0000			46.0000			125.0000			
-28.0883			11.4040			14.4691			-2.2000			-257.0000			26.0000			138.0000			
-27.5292			11.9735			16.7420			1.1000			-252.0000			7.0000			162.0000			
-28.0883			9.1260			19.0149			0.0000			-242.0000			-13.0000			183.0000			
-32.0016			9.1260			20.7196			-2.1000			-231.0000			-34.0000			195.0000			
-32.5606			12.5430			20.1514			0.1000			-221.0000			-51.0000			204.0000			
-33.6787			10.8345			22.4243			-0.4000			-210.0000			-68.0000			213.0000			
-33.6787			9.1260			24.6973			0.1000			-199.0000			-85.0000			219.0000			
-31.4425			5.1394			26.4020			0.0000			-187.0000			-101.0000			225.0000			
-30.8835			1.7224			29.8113			0.6000			-172.0000			-116.0000			230.0000			
-28.6473			-2.2641			31.5160			0.6000			-156.0000			-134.0000			233.0000			
-26.9702			-5.1116			32.0843			0.0000			-138.0000			-150.0000			235.0000			
-23.6160			-6.8202			30.3796			0.0000			-120.0000			-166.0000			234.0000			
-20.8208			-6.8202			29.8113			2.1000			-101.0000			-180.0000			234.0000			
-20.2617			-7.9592			28.6749			0.4000			-81.0000			-194.0000			231.0000			
-17.4665			-10.2372			27.5384			-0.1000			-60.0000			-207.0000			228.0000			
-13.5533			-10.8067			25.8337			1.4000			-40.0000			-218.0000			221.0000			
-11.3171			-13.6542			25.8337			0.8000			-18.0000			-229.0000			213.0000			
-14.6714			-15.3627			29.8113			-0.2000			1.0000			-237.0000			205.0000			
-14.6714			-15.3627			30.9478			0.9000			19.0000			-243.0000			196.0000			
-14.1123			-15.9322			30.9478			0.9000			38.0000			-249.0000			185.0000			
-11.8762			-17.6407			30.3796			0.8000			54.0000			-253.0000			175.0000			
-5.7267			-22.1968			28.6749			0.7000			71.0000			-256.0000			163.0000			
0.4227			-25.0443			26.4020			1.7000			91.0000			-257.0000			151.0000			
3.7769			-26.7528			25.2655			2.2000			108.0000			-258.0000			136.0000			
7.1312			-29.6003			22.4243			0.0000			126.0000			-258.0000			121.0000			
7.6902			-26.7528			18.4467			-0.6000			143.0000			-256.0000			104.0000			
8.8083			-23.3358			16.1738			1.6000			159.0000			-251.0000			84.0000			
9.9263			-22.7663			13.9009			1.0000			173.0000			-245.0000			66.0000			
12.1625			-23.3358			12.1962			1.0000			185.0000			-237.0000			47.0000			
14.9577			-20.4882			8.7868			3.2000			197.0000			-227.0000			27.0000			
17.7529			-24.4748			8.7868			2.0000			208.0000			-217.0000			7.0000			
18.8710			-29.0308			10.4915			0.3000			218.0000			-206.0000			-10.0000			
19.9890			-29.6003			9.9233			0.3000			223.0000			-195.0000			-27.0000			
21.6662			-30.7393			8.7868			-0.2000			229.0000			-183.0000			-43.0000			
22.2252			-28.4613			6.5139			0.2000			233.0000			-171.0000			-61.0000			
27.2565			-25.6138			0.2633			1.9000			238.0000			-157.0000			-77.0000			
30.6108			-25.6138			-4.2825			0.7000			239.0000			-142.0000			-100.0000			
30.6108			-23.3358			-5.9872			1.2000			240.0000			-127.0000			-129.0000			
32.2879			-21.0578			-10.5331			0.6000			242.0000			-109.0000			-150.0000			
30.0517			-18.7797			-11.6695			-0.3000			238.0000			-91.0000			-167.0000			
29.4927			-15.9322			-13.3742			0.1000			233.0000			-71.0000			-182.0000			
27.8156			-10.8067			-15.0789			1.9000			228.0000			-50.0000			-198.0000			
27.8156			-10.8067			-16.7836			0.2000			220.0000			-32.0000			-207.0000			
27.8156			-9.0982			-18.4883			0.2000			209.0000			-10.0000			-218.0000			
31.7289			-9.0982			-20.7612			1.8000			199.0000			10.0000			-229.0000			
32.8469			-11.3762			-20.1930			1.2000			189.0000			27.0000			-237.0000			
32.8469			-10.2372			-22.4659			0.1000			177.0000			45.0000			-245.0000			
33.9650			-9.0982			-24.7388			0.1000			166.0000			61.0000			-252.0000			
31.1698			-5.6811			-26.4435			-0.9000			154.0000			75.0000			-257.0000			
30.0517			-1.6946			-28.7165			-0.3000			140.0000			92.0000			-261.0000			
27.8156			2.2919			-32.6941			-2.5000			124.0000			110.0000			-265.0000			
27.2565			4.5699			-33.2623			-1.4000			106.0000			126.0000			-266.0000			
25.0204			6.2784			-31.5576			-0.2000			87.0000			141.0000			-266.0000			
20.5481			7.9869			-29.8529			-1.3000			69.0000			157.0000			-265.0000			
18.3119			7.9869			-28.1482			-1.8000			49.0000			171.0000			-263.0000			
16.0758			10.8345			-27.5800			-0.6000			29.0000			182.0000			-258.0000			
13.2806			11.4040			-26.4435			-1.7000			7.0000			193.0000			-252.0000			
11.6035			13.1125			-25.3071			-0.5000			-16.0000			205.0000			-244.0000			
13.8396			15.9600			-29.2847			0.5000			-35.0000			213.0000			-236.0000			
13.8396			15.3905			-30.4211			-1.1000			-52.0000			219.0000			-227.0000			
13.2806			17.0990			-31.5576			-1.1000			-71.0000			224.0000			-217.0000			
12.1625			18.8075			-30.4211			0.5000			-89.0000			229.0000			-207.0000			
5.4540			21.6550			-28.7165			-1.6000			-105.0000			231.0000			-195.0000			
-1.2544			23.9331			-25.3071			-2.6000			-123.0000			232.0000			-181.0000			
-5.1677			27.3501			-24.7388			-2.5000			-141.0000			234.0000			-167.0000			
-7.4039			29.0586			-22.4659			-0.8000			-158.0000			232.0000			-152.0000			
-7.9629			26.2111			-19.6248			-1.3000			-174.0000			231.0000			-133.0000			
-8.5219			24.5026			-16.2154			-0.2000			-190.0000			225.0000			-117.0000			
-10.7581			22.7940			-13.9424			-1.9000			-203.0000			219.0000			-99.0000			
-13.5533			23.3635			-11.1013			-1.2000			-217.0000			212.0000			-78.0000			
-15.2304			21.0855			-8.2601			-2.4000			-228.0000			202.0000			-59.0000			
-18.0256			25.0721			-7.1237			0.0000			-239.0000			191.0000			-39.0000			
-19.1437			30.1976			-9.3966			1.6000			-248.0000			181.0000			-20.0000			
-20.2617			28.4891			-9.3966			-1.1000			-255.0000			170.0000			-2.0000			
-22.4979			29.6281			-7.6919			-0.5000			-261.0000			159.0000			13.0000			
-23.0569			29.6281			-5.9872			0.5000			-265.0000			145.0000			30.0000			
-26.9702			26.2111			-0.3049			-1.0000			-269.0000			132.0000			48.0000			
-30.8835			24.5026			4.8092			-1.5000			-271.0000			117.0000			63.0000			
-31.4425			22.7940			7.6503			-1.0000			-271.0000			100.0000			78.0000			
-32.0016			21.6550			11.0597			0.7000			-271.0000			84.0000			94.0000			
-30.8835			19.3770			12.7644			1.2000			-269.0000			65.0000			111.0000			
-29.7654			16.5295			12.1962			-1.0000			-264.0000			45.0000			126.0000			
-28.6473			10.8345			15.0373			-2.7000			-257.0000			26.0000			140.0000			
-28.0883			10.8345			17.3103			0.0000			-250.0000			5.0000			163.0000			
-28.0883			9.1260			19.0149			0.0000			-239.0000			-15.0000			184.0000			
-32.0016			9.1260			20.7196			-2.1000			-230.0000			-34.0000			198.0000			
-32.5606			10.8345			20.7196			-1.0000			-219.0000			-53.0000			207.0000			
-33.6787			10.8345			22.9926			0.1000			-209.0000			-69.0000			214.0000			
-33.1196			9.1260			25.2655			1.2000			-197.0000			-85.0000			222.0000			
-32.5606			5.7089			27.5384			0.6000			-185.0000			-102.0000			226.0000			
-30.8835			0.5834			28.6749			-1.6000			-171.0000			-117.0000			231.0000			
-28.0883			-3.4031			32.0843			0.6000			-154.0000			-136.0000			234.0000			
-27.5292			-4.5421			33.2207			1.1000			-136.0000			-152.0000			236.0000			
-25.8521			-5.6811			32.0843			0.5000			-118.0000			-168.0000			236.0000			
-21.9389			-7.9592			30.3796			0.4000			-99.0000			-184.0000			234.0000			
-19.7027			-7.3897			28.1066			1.0000			-80.0000			-197.0000			230.0000			
-16.3485			-10.8067			26.9702			-0.1000			-61.0000			-210.0000			226.0000			
-13.5533			-12.5152			26.9702			0.8000			-41.0000			-222.0000			219.0000			
-12.9942			-14.2237			26.9702			-0.2000			-19.0000			-234.0000			209.0000			
-14.1123			-15.9322			29.8113			-0.2000			-1.0000			-244.0000			199.0000			
-13.5533			-16.5017			30.3796			0.3000			14.0000			-252.0000			189.0000			
-14.1123			-17.6407			30.9478			-0.8000			29.0000			-264.0000			175.0000			
21.1071			75.7579			144.0258			240.8000			-49.0000			-388.0000			93.0000			
7.6902			96.2600			119.0236			222.9000			-25.0000			-418.0000			68.0000			
4.3360			77.4664			90.0438			171.8000			4.0000			-402.0000			63.0000			
12.7215			61.5203			82.6568			156.9000			27.0000			-393.0000			49.0000			
24.4613			41.5877			78.6792			144.7000			51.0000			-381.0000			38.0000			
31.7289			11.9735			57.0864			100.7000			75.0000			-366.0000			31.0000			
27.8156			-9.0982			34.3572			53.0000			90.0000			-360.0000			11.0000			
18.8710			-14.7932			17.3103			21.3000			106.0000			-348.0000			-5.0000			
12.7215			-15.3627			11.0597			8.4000			125.0000			-334.0000			-17.0000			
8.8083			-10.8067			10.4915			8.4000			136.0000			-322.0000			-36.0000			
18.8710			-14.7932			14.4691			18.5000			150.0000			-311.0000			-57.0000			
22.2252			-18.7797			14.4691			17.9000			162.0000			-297.0000			-71.0000			
27.2565			-24.4748			12.1962			14.9000			168.0000			-281.0000			-86.0000			
27.2565			-29.6003			8.7868			6.4000			176.0000			-269.0000			-103.0000			
27.2565			-30.1698			7.0821			4.1000			181.0000			-253.0000			-117.0000			
28.9337			-29.0308			0.8316			0.7000			187.0000			-238.0000			-132.0000			
30.6108			-22.7663			-4.2825			3.5000			190.0000			-220.0000			-156.0000			
33.9650			-20.4882			-7.6919			5.7000			192.0000			-202.0000			-183.0000			
34.5240			-20.4882			-10.5331			3.5000			193.0000			-183.0000			-200.0000			
33.4060			-18.7797			-11.6695			2.9000			190.0000			-162.0000			-218.0000			
30.0517			-16.5017			-11.6695			1.8000			188.0000			-143.0000			-232.0000			
29.4927			-10.8067			-13.9424			4.7000			182.0000			-120.0000			-244.0000			
30.0517			-10.2372			-17.3518			2.4000			175.0000			-99.0000			-254.0000			
30.6108			-9.0982			-18.4883			3.0000			166.0000			-77.0000			-263.0000			
35.0831			-9.6677			-20.1930			5.2000			155.0000			-54.0000			-272.0000			
34.5240			-11.3762			-21.3295			1.8000			147.0000			-35.0000			-280.0000			
35.0831			-9.6677			-22.4659			2.9000			136.0000			-17.0000			-286.0000			
36.2012			-7.9592			-24.7388			3.5000			127.0000			-1.0000			-292.0000			
33.9650			-4.5421			-27.0118			2.4000			115.0000			18.0000			-298.0000			
32.8469			-1.1251			-28.7165			3.0000			100.0000			36.0000			-301.0000			
28.3746			2.2919			-30.9894			-0.3000			83.0000			54.0000			-303.0000			
26.1385			5.1394			-30.9894			0.2000			67.0000			72.0000			-304.0000			
27.2565			7.4174			-30.9894			3.6000			50.0000			87.0000			-304.0000			
22.7842			7.9869			-29.8529			0.9000			30.0000			104.0000			-301.0000			
21.1071			7.4174			-28.7165			-0.1000			12.0000			119.0000			-297.0000			
17.7529			10.8345			-27.0118			1.5000			-6.0000			132.0000			-291.0000			
14.3987			13.1125			-25.8753			1.6000			-28.0000			143.0000			-285.0000			
14.3987			13.6820			-26.4435			1.6000			-50.0000			154.0000			-276.0000			
16.6348			15.3905			-29.8529			2.1000			-68.0000			165.0000			-267.0000			
16.0758			15.3905			-30.4211			1.0000			-86.0000			171.0000			-257.0000			
14.9577			17.6685			-29.8529			2.7000			-103.0000			178.0000			-248.0000			
12.7215			18.2380			-30.4211			0.5000			-120.0000			182.0000			-237.0000			
6.5721			22.2245			-28.7165			0.0000			-136.0000			186.0000			-224.0000			
1.5408			24.5026			-25.8753			0.1000			-154.0000			187.0000			-211.0000			
-3.4906			27.9196			-23.6024			0.8000			-171.0000			190.0000			-195.0000			
-6.2858			26.7806			-20.7612			-0.2000			-189.0000			189.0000			-179.0000			
-6.2858			27.3501			-19.0565			2.0000			-205.0000			187.0000			-162.0000			
-5.7267			23.9331			-17.3518			0.8000			-219.0000			184.0000			-143.0000			
-9.0810			21.6550			-12.2378			0.3000			-233.0000			176.0000			-126.0000			
-11.3171			22.2245			-9.9648			0.9000			-245.0000			169.0000			-107.0000			
-13.5533			21.0855			-8.2601			-0.7000			-257.0000			160.0000			-85.0000			
-16.9075			25.6416			-8.2601			0.4000			-268.0000			150.0000			-65.0000			
-17.4665			29.6281			-9.9648			2.2000			-276.0000			140.0000			-47.0000			
-19.1437			29.6281			-8.8284			1.6000			-282.0000			130.0000			-30.0000			
-21.3798			29.0586			-6.5554			1.1000			-289.0000			120.0000			-11.0000			
-21.9389			28.4891			-4.2825			2.2000			-291.0000			106.0000			6.0000			
-25.8521			26.2111			0.2633			0.6000			-294.0000			93.0000			23.0000			
-28.0883			25.6416			4.8092			2.3000			-296.0000			79.0000			39.0000			
-30.3244			21.6550			8.2186			-0.4000			-296.0000			63.0000			55.0000			
-30.8835			19.9465			12.1962			1.2000			-295.0000			46.0000			71.0000			
-28.6473			19.3770			13.9009			4.6000			-291.0000			27.0000			86.0000			
-26.4112			16.5295			13.3326			3.4000			-287.0000			10.0000			102.0000			
-26.4112			11.4040			16.1738			1.1000			-282.0000			-10.0000			116.0000			
-25.8521			9.1260			17.8785			1.1000			-272.0000			-29.0000			140.0000			
-26.9702			9.1260			19.5832			1.7000			-262.0000			-49.0000			160.0000			
-31.4425			10.8345			21.8561			1.2000			-252.0000			-69.0000			173.0000			
-31.4425			11.9735			20.7196			1.2000			-241.0000			-85.0000			183.0000			
-32.5606			10.2650			22.9926			0.7000			-230.0000			-102.0000			190.0000			
-31.4425			7.4174			25.2655			1.2000			-217.0000			-118.0000			198.0000			
-30.3244			4.5699			26.9702			1.2000			-204.0000			-132.0000			204.0000			
-28.6473			1.1529			29.8113			2.3000			-190.0000			-148.0000			209.0000			
-26.4112			-3.4031			32.0843			2.2000			-173.0000			-164.0000			212.0000			
-22.4979			-4.5421			31.5160			4.4000			-155.0000			-181.0000			215.0000			
-22.4979			-7.3897			30.9478			1.0000			-136.0000			-196.0000			215.0000			
-19.1437			-9.0982			30.9478			2.7000			-116.0000			-210.0000			214.0000			
-18.0256			-6.8202			28.6749			3.8000			-97.0000			-223.0000			211.0000			
-14.1123			-9.6677			27.5384			3.7000			-77.0000			-234.0000			206.0000			
-11.3171			-13.0847			25.8337			1.4000			-55.0000			-245.0000			201.0000			
-10.7581			-14.2237			26.4020			1.4000			-32.0000			-255.0000			191.0000			
-13.5533			-15.3627			31.5160			2.6000			-13.0000			-262.0000			183.0000			
-12.4352			-15.9322			32.0843			3.7000			6.0000			-268.0000			174.0000			
-11.3171			-17.0712			31.5160			3.1000			23.0000			-273.0000			165.0000			
-8.5219			-18.2102			30.9478			4.2000			40.0000			-275.0000			156.0000			
-2.3725			-22.1968			29.2431			4.6000			58.0000			-277.0000			143.0000			
2.0998			-25.0443			26.4020			3.4000			78.0000			-280.0000			129.0000			
7.1312			-27.8918			24.1290			3.3000			96.0000			-279.0000			116.0000			
9.3673			-26.1833			21.2879			4.4000			113.0000			-277.0000			101.0000			
10.4854			-26.7528			19.5832			3.3000			130.0000			-275.0000			84.0000			
9.9263			-25.6138			17.8785			2.1000			145.0000			-269.0000			66.0000			
12.7215			-22.1968			12.1962			2.7000			159.0000			-261.0000			48.0000			
14.9577			-22.7663			11.0597			3.2000			173.0000			-254.0000			30.0000			
17.1938			-20.4882			7.6503			4.3000			184.0000			-243.0000			9.0000			
19.9890			-26.1833			8.7868			2.5000			195.0000			-233.0000			-10.0000			
20.5481			-29.6003			12.1962			3.1000			203.0000			-222.0000			-28.0000			
21.6662			-29.6003			10.4915			2.5000			210.0000			-210.0000			-46.0000			
23.3433			-29.6003			8.2186			1.9000			216.0000			-198.0000			-61.0000			
25.5794			-28.4613			5.9456			3.0000			221.0000			-185.0000			-77.0000			
30.0517			-26.1833			0.2633			4.1000			225.0000			-170.0000			-93.0000			
32.2879			-25.0443			-3.7143			3.5000			227.0000			-155.0000			-117.0000			
33.4060			-22.7663			-7.1237			3.5000			228.0000			-138.0000			-144.0000			
32.8469			-19.9187			-9.9648			2.9000			227.0000			-120.0000			-165.0000			
31.7289			-18.2102			-13.3742			0.1000			223.0000			-100.0000			-181.0000			
30.6108			-16.5017			-12.8060			1.3000			221.0000			-81.0000			-197.0000			
29.4927			-11.3762			-14.5107			3.6000			214.0000			-61.0000			-212.0000			
28.3746			-10.2372			-16.7836			1.3000			205.0000			-40.0000			-222.0000			
29.4927			-9.0982			-18.4883			1.9000			196.0000			-19.0000			-231.0000			
33.4060			-9.6677			-19.6248			4.1000			186.0000			-1.0000			-241.0000			
34.5240			-12.5152			-20.7612			1.2000			176.0000			19.0000			-249.0000			
34.5240			-11.3762			-22.4659			0.6000			165.0000			35.0000			-257.0000			
34.5240			-7.3897			-24.7388			2.3000			154.0000			51.0000			-262.0000			
33.4060			-4.5421			-27.0118			1.8000			142.0000			67.0000			-267.0000			
32.8469			-1.6946			-28.7165			2.4000			125.0000			85.0000			-272.0000			
29.4927			3.4309			-31.5576			1.3000			110.0000			101.0000			-275.0000			
26.1385			4.5699			-29.8529			0.8000			91.0000			119.0000			-276.0000			
27.2565			8.5564			-29.8529			5.9000			74.0000			135.0000			-275.0000			
28.9337			4.5699			-32.1258			1.3000			47.0000			142.0000			-278.0000			
29.4927			4.0004			-24.1706			9.3000			24.0000			146.0000			-281.0000			
26.6975			12.5430			-21.8977			17.3000			6.0000			159.0000			-276.0000			
21.6662			9.1260			-22.4659			8.3000			-15.0000			173.0000			-269.0000			
18.3119			9.1260			-24.1706			3.2000			-37.0000			184.0000			-259.0000			
19.4300			9.1260			-28.7165			-0.1000			-55.0000			194.0000			-250.0000			
17.1938			12.5430			-30.4211			-0.6000			-72.0000			201.0000			-241.0000			
13.8396			17.6685			-30.9894			0.5000			-90.0000			207.0000			-231.0000			
11.0444			19.9465			-30.4211			0.5000			-106.0000			209.0000			-220.0000			
6.0131			22.2245			-28.7165			-0.4000			-122.0000			214.0000			-208.0000			
2.0998			23.9331			-25.8753			0.1000			-140.0000			215.0000			-193.0000			
-3.4906			27.9196			-23.6024			0.8000			-157.0000			217.0000			-179.0000			
-7.4039			26.2111			-20.7612			-1.9000			-174.0000			218.0000			-162.0000			
-7.4039			26.2111			-19.0565			-0.2000			-190.0000			215.0000			-145.0000			
-5.7267			25.0721			-16.7836			2.5000			-205.0000			210.0000			-127.0000			
-10.1990			21.6550			-11.6695			-0.2000			-218.0000			203.0000			-108.0000			
-12.4352			23.9331			-9.9648			1.5000			-231.0000			195.0000			-89.0000			
-13.5533			21.0855			-7.1237			0.4000			-243.0000			185.0000			-68.0000			
-18.5846			25.0721			-8.2601			-1.7000			-253.0000			175.0000			-48.0000			
-18.5846			29.6281			-9.3966			1.6000			-261.0000			166.0000			-30.0000			
-19.7027			29.6281			-9.9648			0.0000			-267.0000			153.0000			-12.0000			
-20.2617			29.6281			-8.2601			1.1000			-274.0000			144.0000			4.0000			
-23.0569			27.3501			-4.2825			0.0000			-277.0000			130.0000			21.0000			
-27.5292			26.2111			2.5363			1.2000			-280.0000			118.0000			38.0000			
-29.7654			25.6416			4.8092			0.6000			-282.0000			101.0000			55.0000			
-30.3244			23.3635			7.6503			0.6000			-282.0000			86.0000			70.0000			
-29.7654			19.3770			10.4915			0.1000			-281.0000			68.0000			86.0000			
-29.2064			17.6685			13.9009			2.3000			-278.0000			50.0000			101.0000			
-27.5292			16.5295			13.3326			2.3000			-274.0000			31.0000			117.0000			
-27.5292			11.9735			15.6056			0.0000			-266.0000			10.0000			132.0000			
-25.8521			9.6955			17.3103			1.1000			-258.0000			-9.0000			155.0000			
-27.5292			9.1260			20.1514			1.7000			-248.0000			-29.0000			175.0000			
-31.4425			10.2650			21.8561			0.6000			-238.0000			-49.0000			188.0000			
-32.5606			11.9735			21.8561			1.2000			-228.0000			-66.0000			197.0000			
-33.1196			10.8345			23.5608			1.2000			-215.0000			-83.0000			204.0000			
-30.8835			7.4174			24.6973			1.2000			-204.0000			-99.0000			211.0000			
-30.3244			4.0004			27.5384			1.2000			-191.0000			-114.0000			218.0000			
-30.3244			1.1529			29.8113			0.6000			-175.0000			-130.0000			222.0000			
-27.5292			-3.9726			32.0843			0.5000			-160.0000			-146.0000			225.0000			
-24.1750			-4.5421			31.5160			2.8000			-141.0000			-163.0000			226.0000			
-23.6160			-6.8202			32.0843			1.6000			-123.0000			-177.0000			227.0000			
-20.8208			-9.0982			30.9478			1.0000			-103.0000			-193.0000			224.0000			
-16.9075			-7.9592			28.1066			3.2000			-84.0000			-205.0000			222.0000			
-14.6714			-10.8067			27.5384			2.0000			-63.0000			-217.0000			218.0000			
-11.3171			-13.0847			25.2655			0.8000			-41.0000			-228.0000			210.0000			
-11.3171			-13.6542			26.4020			1.4000			-19.0000			-238.0000			203.0000			
-14.1123			-15.9322			29.8113			-0.2000			-1.0000			-245.0000			194.0000			
-12.9942			-16.5017			31.5160			2.0000			18.0000			-252.0000			185.0000			
-11.8762			-17.6407			31.5160			2.0000			36.0000			-256.0000			176.0000			
-9.0810			-17.6407			30.3796			3.6000			53.0000			-259.0000			165.0000			
-1.8135			-22.7663			28.6749			4.0000			71.0000			-261.0000			154.0000			
3.7769			-25.6138			26.4020			4.5000			88.0000			-263.0000			140.0000			
7.6902			-27.8918			24.6973			4.5000			108.0000			-264.0000			125.0000			
9.9263			-26.7528			22.4243			5.6000			125.0000			-262.0000			110.0000			
9.9263			-26.7528			19.0149			2.1000			141.0000			-259.0000			92.0000			
9.3673			-25.0443			17.8785			2.1000			157.0000			-253.0000			74.0000			
12.7215			-22.1968			12.1962			2.7000			170.0000			-246.0000			56.0000			
13.8396			-23.9053			10.4915			0.4000			182.0000			-239.0000			38.0000			
16.0758			-21.6273			8.7868			3.2000			196.0000			-228.0000			16.0000			
19.9890			-26.7528			8.7868			2.0000			205.0000			-217.0000			-3.0000			
20.5481			-29.0308			10.4915			2.0000			212.0000			-207.0000			-19.0000			
21.6662			-31.3088			11.0597			1.4000			221.0000			-196.0000			-38.0000			
23.3433			-29.6003			8.7868			2.5000			226.0000			-182.0000			-54.0000			
25.0204			-27.3223			4.2409			1.9000			230.0000			-170.0000			-69.0000			
29.4927			-26.1833			-0.3049			3.0000			234.0000			-156.0000			-87.0000			
31.7289			-25.6138			-5.9872			0.1000			236.0000			-140.0000			-114.0000			
35.0831			-22.7663			-8.2601			4.0000			236.0000			-124.0000			-139.0000			
33.4060			-20.4882			-9.9648			2.9000			235.0000			-105.0000			-158.0000			
31.7289			-18.2102			-12.8060			0.7000			232.0000			-88.0000			-175.0000			
29.4927			-15.9322			-12.8060			0.7000			227.0000			-68.0000			-190.0000			
29.4927			-12.5152			-15.0789			1.8000			221.0000			-48.0000			-205.0000			
27.8156			-10.8067			-17.3518			-0.3000			213.0000			-28.0000			-214.0000			
29.4927			-9.0982			-18.4883			1.9000			202.0000			-6.0000			-225.0000			
33.4060			-10.2372			-20.7612			2.4000			194.0000			13.0000			-234.0000			
34.5240			-10.8067			-21.3295			2.3000			183.0000			31.0000			-242.0000			
34.5240			-10.8067			-23.0341			0.6000			172.0000			49.0000			-249.0000			
34.5240			-7.9592			-24.1706			2.3000			159.0000			63.0000			-255.0000			
32.8469			-4.5421			-27.0118			1.2000			148.0000			80.0000			-260.0000			
31.1698			0.0139			-30.4211			0.7000			132.0000			97.0000			-264.0000			
28.9337			3.4309			-32.6941			-0.3000			117.0000			114.0000			-267.0000			
27.2565			4.0004			-30.9894			0.2000			99.0000			130.0000			-269.0000			
25.0204			6.8479			-30.4211			1.4000			81.0000			148.0000			-268.0000			
22.2252			9.1260			-29.8529			1.4000			60.0000			162.0000			-266.0000			
18.8710			6.8479			-27.5800			-1.8000			42.0000			175.0000			-263.0000			
17.1938			9.1260			-27.0118			-0.6000			22.0000			187.0000			-258.0000			
13.8396			12.5430			-25.3071			1.0000			-1.0000			198.0000			-252.0000			
13.2806			14.2515			-26.4435			1.0000			-23.0000			208.0000			-243.0000			
15.5167			15.3905			-29.2847			1.6000			-42.0000			216.0000			-234.0000			
14.9577			15.3905			-31.5576			-1.2000			-59.0000			223.0000			-225.0000			
14.3987			17.0990			-30.9894			0.5000			-77.0000			228.0000			-216.0000			
11.6035			18.2380			-30.4211			-0.5000			-93.0000			231.0000			-204.0000			
3.7769			22.2245			-27.5800			-1.5000			-110.0000			233.0000			-193.0000			
-1.2544			25.0721			-25.3071			-1.4000			-129.0000			235.0000			-179.0000			
-4.0496			27.3501			-22.4659			0.8000			-147.0000			235.0000			-164.0000			
-6.2858			28.4891			-21.3295			0.8000			-164.0000			235.0000			-148.0000			
-7.9629			25.6416			-19.0565			-1.3000			-180.0000			232.0000			-130.0000			
-7.4039			22.7940			-16.7836			-1.3000			-194.0000			227.0000			-113.0000			
-10.7581			21.6550			-11.6695			-0.7000			-208.0000			220.0000			-93.0000			
-12.4352			23.3635			-9.9648			0.9000			-220.0000			213.0000			-74.0000			
-14.1123			20.5160			-7.6919			-1.2000			-231.0000			201.0000			-53.0000			
-18.5846			25.6416			-8.2601			-1.2000			-242.0000			191.0000			-34.0000			
-19.1437			29.0586			-9.3966			0.5000			-249.0000			182.0000			-16.0000			
-19.7027			30.7671			-9.3966			1.6000			-256.0000			170.0000			1.0000			
-20.8208			29.0586			-7.6919			0.5000			-262.0000			158.0000			18.0000			
-23.0569			27.3501			-3.7143			0.5000			-266.0000			145.0000			34.0000			
-27.5292			25.0721			2.5363			0.0000			-269.0000			132.0000			52.0000			
-30.3244			24.5026			6.5139			0.6000			-272.0000			117.0000			67.0000			
-30.8835			22.7940			8.2186			0.1000			-271.0000			100.0000			82.0000			
-30.8835			19.3770			11.6279			0.1000			-270.0000			81.0000			98.0000			
-30.3244			15.9600			13.9009			-0.4000			-267.0000			63.0000			115.0000			
-26.9702			15.3905			13.9009			2.3000			-262.0000			44.0000			130.0000			
-26.9702			11.9735			16.1738			1.1000			-255.0000			23.0000			144.0000			
-26.4112			9.1260			18.4467			1.1000			-247.0000			4.0000			168.0000			
-27.5292			9.1260			19.5832			1.1000			-237.0000			-17.0000			187.0000			
-30.8835			10.2650			21.2879			0.6000			-227.0000			-35.0000			200.0000			
-32.0016			11.4040			21.8561			1.2000			-215.0000			-53.0000			207.0000			
-32.5606			10.2650			23.5608			1.2000			-205.0000			-69.0000			216.0000			
-32.5606			7.9869			25.8337			1.2000			-193.0000			-86.0000			223.0000			
-31.4425			4.5699			27.5384			0.6000			-180.0000			-100.0000			228.0000			
-28.6473			0.5834			30.9478			2.8000			-165.0000			-116.0000			232.0000			
-26.9702			-4.5421			33.2207			1.7000			-147.0000			-133.0000			236.0000			
-25.8521			-5.1116			33.7890			2.8000			-130.0000			-148.0000			238.0000			
-24.1750			-6.8202			32.0843			1.0000			-111.0000			-164.0000			238.0000			
-20.8208			-10.2372			29.8113			-1.2000			-91.0000			-179.0000			237.0000			
-15.2304			-7.9592			28.1066			4.9000			-71.0000			-191.0000			233.0000			
-15.2304			-10.8067			28.1066			2.0000			-50.0000			-203.0000			228.0000			
-11.8762			-12.5152			26.4020			2.0000			-29.0000			-214.0000			221.0000			
-11.8762			-14.2237			27.5384			1.4000			-8.0000			-224.0000			214.0000			
-14.1123			-15.3627			29.8113			0.3000			13.0000			-231.0000			205.0000			
-12.9942			-16.5017			30.9478			1.4000			30.0000			-236.0000			194.0000			
-11.8762			-17.0712			31.5160			2.5000			48.0000			-241.0000			186.0000			
-9.6400			-18.7797			31.5160			3.1000			64.0000			-243.0000			175.0000			
-2.3725			-22.7663			28.6749			3.5000			81.0000			-246.0000			163.0000			
3.2179			-25.0443			25.8337			4.0000			101.0000			-248.0000			149.0000			
7.1312			-27.8918			23.5608			2.8000			119.0000			-248.0000			134.0000			
9.3673			-28.4613			20.7196			1.6000			136.0000			-246.0000			119.0000			
9.3673			-27.3223			19.5832			1.6000			153.0000			-243.0000			102.0000			
9.3673			-24.4748			17.3103			2.1000			167.0000			-238.0000			84.0000			
12.1625			-21.6273			12.1962			2.7000			182.0000			-230.0000			66.0000			
13.8396			-22.7663			10.4915			1.5000			195.0000			-223.0000			47.0000			
17.1938			-22.1968			8.2186			3.2000			207.0000			-211.0000			25.0000			
19.9890			-26.7528			9.9233			3.1000			217.0000			-201.0000			6.0000			
21.1071			-28.4613			10.4915			3.1000			225.0000			-191.0000			-11.0000			
22.2252			-29.6003			9.9233			2.5000			231.0000			-178.0000			-29.0000			
22.7842			-29.6003			8.2186			1.4000			237.0000			-167.0000			-44.0000			
25.0204			-28.4613			5.3774			1.9000			240.0000			-155.0000			-61.0000			
29.4927			-27.3223			-1.4414			0.7000			243.0000			-140.0000			-78.0000			
31.7289			-25.0443			-5.9872			0.6000			246.0000			-125.0000			-105.0000			
32.2879			-22.7663			-8.2601			1.2000			246.0000			-109.0000			-131.0000			
33.9650			-19.9187			-11.1013			2.9000			244.0000			-91.0000			-149.0000			
31.7289			-17.6407			-12.2378			1.8000			240.0000			-71.0000			-167.0000			
28.3746			-15.9322			-13.9424			-1.4000			237.0000			-52.0000			-181.0000			
28.3746			-12.5152			-15.6471			0.2000			230.0000			-32.0000			-197.0000			
27.2565			-9.6677			-17.9201			-0.3000			221.0000			-11.0000			-206.0000			
30.6108			-9.0982			-19.0565			2.4000			210.0000			10.0000			-215.0000			
33.4060			-11.3762			-20.7612			1.2000			202.0000			27.0000			-226.0000			
34.5240			-11.3762			-20.7612			2.3000			191.0000			47.0000			-233.0000			
33.9650			-10.8067			-23.0341			0.1000			180.0000			63.0000			-241.0000			
33.9650			-9.0982			-25.3071			-0.4000			169.0000			78.0000			-247.0000			
33.4060			-4.5421			-27.0118			1.8000			155.0000			94.0000			-252.0000			
31.1698			-1.1251			-29.2847			0.7000			140.0000			111.0000			-256.0000			
27.8156			4.0004			-31.5576			0.2000			123.0000			127.0000			-258.0000			
27.8156			5.1394			-32.6941			0.2000			105.0000			144.0000			-260.0000			
25.5794			5.7089			-31.5576			-0.2000			86.0000			160.0000			-259.0000			
22.7842			8.5564			-29.2847			2.0000			68.0000			175.0000			-258.0000			
17.7529			6.8479			-27.0118			-2.4000			47.0000			188.0000			-254.0000			
16.0758			9.1260			-27.0118			-1.8000			27.0000			200.0000			-250.0000			
12.1625			12.5430			-25.8753			-1.1000			6.0000			210.0000			-243.0000			
13.2806			14.2515			-27.5800			0.0000			-17.0000			221.0000			-234.0000			
15.5167			14.2515			-30.4211			-0.6000			-36.0000			228.0000			-225.0000			
14.3987			15.9600			-30.9894			-0.6000			-53.0000			234.0000			-216.0000			
13.2806			16.5295			-30.9894			-1.1000			-71.0000			238.0000			-207.0000			
9.9263			19.3770			-30.4211			-1.1000			-88.0000			241.0000			-196.0000			
3.2179			22.7940			-28.1482			-2.1000			-105.0000			244.0000			-185.0000			
-0.6954			25.0721			-25.3071			-0.9000			-123.0000			245.0000			-170.0000			
-5.1677			27.3501			-23.0341			-0.8000			-140.0000			246.0000			-155.0000			
-7.9629			27.9196			-20.1930			-0.2000			-158.0000			244.0000			-139.0000			
-7.9629			25.6416			-18.4883			-0.8000			-175.0000			240.0000			-122.0000			
-7.9629			23.9331			-16.7836			-0.8000			-190.0000			234.0000			-105.0000			
-10.1990			20.5160			-12.8060			-2.4000			-204.0000			226.0000			-87.0000			
-12.4352			22.2245			-9.3966			0.3000			-216.0000			219.0000			-67.0000			
-15.7894			22.7940			-7.1237			-0.1000			-228.0000			207.0000			-46.0000			
-19.1437			26.7806			-8.2601			-0.6000			-239.0000			195.0000			-27.0000			
-19.7027			28.4891			-9.9648			-1.1000			-248.0000			183.0000			-11.0000			
-20.8208			29.6281			-9.3966			-0.5000			-254.0000			171.0000			6.0000			
-21.9389			28.4891			-7.1237			-0.5000			-260.0000			158.0000			22.0000			
-24.1750			26.7806			-3.7143			-1.1000			-265.0000			144.0000			39.0000			
-28.6473			23.9331			1.9680			-2.7000			-272.0000			124.0000			55.0000			
-33.6787			4.5699			-9.3966			-38.4000			-306.0000			57.0000			39.0000			
-43.1823			1.1529			-8.2601			-50.2000			-305.0000			42.0000			52.0000			
-45.9775			2.8614			-0.3049			-43.4000			-300.0000			29.0000			72.0000			
-40.3871			5.7089			6.5139			-28.1000			-295.0000			12.0000			88.0000			
-34.7967			6.2784			11.0597			-17.4000			-288.0000			-2.0000			104.0000			
-32.5606			7.4174			14.4691			-10.6000			-279.0000			-19.0000			132.0000			
-29.2064			10.2650			17.3103			-1.6000			-269.0000			-39.0000			151.0000			
-28.0883			7.9869			19.5832			-0.5000			-258.0000			-59.0000			166.0000			
-32.5606			9.1260			20.7196			-2.7000			-248.0000			-73.0000			180.0000			
-34.7967			10.8345			20.7196			-3.2000			-237.0000			-91.0000			187.0000			
-33.6787			9.1260			23.5608			-0.9000			-226.0000			-108.0000			195.0000			
-33.6787			7.4174			25.8337			-0.4000			-213.0000			-121.0000			202.0000			
-31.4425			4.0004			27.5384			0.0000			-199.0000			-137.0000			207.0000			
-29.7654			0.0139			31.5160			1.7000			-183.0000			-153.0000			211.0000			
-26.4112			-5.1116			32.6525			1.1000			-167.0000			-169.0000			215.0000			
-26.4112			-5.6811			32.6525			0.5000			-151.0000			-187.0000			214.0000			
-26.9702			-5.6811			31.5160			-1.1000			-131.0000			-202.0000			213.0000			
-23.6160			-6.2507			29.2431			-0.6000			-111.0000			-215.0000			214.0000			
-18.5846			-6.8202			26.9702			1.5000			-91.0000			-227.0000			210.0000			
-15.2304			-9.6677			28.1066			3.2000			-71.0000			-239.0000			205.0000			
-11.8762			-13.0847			25.8337			0.8000			-49.0000			-248.0000			200.0000			
-12.4352			-14.7932			28.1066			0.8000			-27.0000			-257.0000			190.0000			
-14.6714			-15.3627			30.3796			0.3000			-6.0000			-264.0000			182.0000			
-13.5533			-16.5017			31.5160			1.4000			12.0000			-269.0000			175.0000			
-11.3171			-18.2102			31.5160			1.9000			30.0000			-272.0000			164.0000			
-7.9629			-20.4882			30.3796			1.9000			47.0000			-274.0000			154.0000			
-1.8135			-23.9053			27.5384			1.8000			64.0000			-276.0000			142.0000			
2.0998			-27.3223			26.4020			1.1000			83.0000			-277.0000			129.0000			
6.0131			-28.4613			23.5608			1.1000			102.0000			-277.0000			114.0000			
9.9263			-27.8918			21.2879			3.3000			118.0000			-273.0000			97.0000			
9.3673			-25.6138			18.4467			2.1000			136.0000			-270.0000			82.0000			
9.3673			-25.0443			15.6056			0.0000			151.0000			-264.0000			63.0000			
11.6035			-22.1968			13.3326			2.7000			164.0000			-257.0000			45.0000			
13.8396			-21.6273			11.0597			3.2000			177.0000			-248.0000			26.0000			
17.1938			-23.3358			7.6503			1.5000			189.0000			-237.0000			5.0000			
20.5481			-29.6003			9.9233			0.8000			199.0000			-227.0000			-14.0000			
20.5481			-29.6003			10.4915			1.4000			206.0000			-215.0000			-31.0000			
21.6662			-30.7393			9.9233			0.8000			214.0000			-204.0000			-48.0000			
22.2252			-29.6003			8.2186			0.8000			218.0000			-192.0000			-65.0000			
25.5794			-27.3223			3.1045			1.3000			222.0000			-179.0000			-81.0000			
29.4927			-25.6138			-2.0096			1.8000			226.0000			-164.0000			-99.0000			
31.1698			-24.4748			-6.5554			0.1000			227.0000			-148.0000			-130.0000			
30.6108			-22.7663			-8.8284			-0.9000			227.0000			-131.0000			-152.0000			
31.1698			-19.3492			-11.1013			0.7000			225.0000			-113.0000			-170.0000			
30.6108			-15.9322			-12.2378			2.4000			223.0000			-93.0000			-187.0000			
27.8156			-14.7932			-13.3742			-0.3000			217.0000			-73.0000			-202.0000			
29.4927			-13.6542			-15.0789			0.7000			211.0000			-54.0000			-213.0000			
26.6975			-9.0982			-17.3518			0.2000			202.0000			-33.0000			-223.0000			
30.0517			-9.0982			-20.7612			0.1000			191.0000			-11.0000			-235.0000			
33.4060			-12.5152			-20.7612			0.1000			183.0000			7.0000			-245.0000			
34.5240			-11.3762			-21.8977			1.2000			171.0000			23.0000			-253.0000			
34.5240			-10.8067			-22.4659			1.2000			159.0000			40.0000			-259.0000			
33.4060			-7.3897			-25.3071			0.7000			149.0000			56.0000			-266.0000			
32.2879			-3.9726			-27.0118			1.3000			136.0000			74.0000			-270.0000			
31.1698			0.0139			-30.4211			0.7000			120.0000			90.0000			-274.0000			
27.2565			4.0004			-32.1258			-0.8000			104.0000			107.0000			-278.0000			
26.1385			4.0004			-32.1258			-1.9000			85.0000			123.0000			-278.0000			
23.9023			5.1394			-29.8529			-0.8000			66.0000			139.0000			-277.0000			
22.2252			8.5564			-28.7165			2.0000			47.0000			153.0000			-276.0000			
17.1938			9.1260			-27.5800			-1.2000			28.0000			167.0000			-272.0000			
15.5167			9.1260			-27.0118			-2.3000			8.0000			178.0000			-266.0000			
12.7215			12.5430			-25.8753			-0.6000			-14.0000			190.0000			-259.0000			
13.8396			14.2515			-27.5800			0.5000			-36.0000			198.0000			-250.0000			
14.9577			15.3905			-29.8529			0.4000			-53.0000			206.0000			-242.0000			
14.3987			15.9600			-30.9894			-0.6000			-72.0000			212.0000			-233.0000			
12.7215			17.0990			-30.9894			-1.1000			-89.0000			217.0000			-223.0000			
9.9263			19.3770			-29.2847			0.0000			-105.0000			219.0000			-212.0000			
2.0998			22.7940			-27.5800			-2.6000			-124.0000			223.0000			-199.0000			
-1.8135			25.6416			-25.8753			-2.0000			-142.0000			222.0000			-187.0000			
-4.6087			27.3501			-24.1706			-1.4000			-160.0000			223.0000			-171.0000			
-7.9629			27.9196			-20.7612			-0.8000			-177.0000			221.0000			-154.0000			
-7.9629			23.9331			-16.7836			-0.8000			-192.0000			217.0000			-137.0000			
-9.0810			22.7940			-15.6471			-1.9000			-206.0000			212.0000			-119.0000			
-10.7581			20.5160			-12.8060			-3.0000			-220.0000			204.0000			-99.0000			
-12.4352			21.0855			-9.3966			-0.7000			-232.0000			196.0000			-81.0000			
-16.3485			22.7940			-8.2601			-1.8000			-244.0000			185.0000			-59.0000			
-19.7027			27.9196			-8.8284			-0.6000			-253.0000			175.0000			-40.0000			
-19.7027			27.9196			-9.3966			-1.1000			-261.0000			165.0000			-23.0000			
-21.3798			29.6281			-9.9648			-1.7000			-267.0000			153.0000			-5.0000			
-21.3798			28.4891			-7.1237			0.0000			-272.0000			141.0000			12.0000			
-24.7341			26.2111			-2.5778			-1.1000			-276.0000			130.0000			27.0000			
-28.0883			25.0721			2.5363			-0.4000			-279.0000			114.0000			45.0000			
-30.8835			23.3635			7.0821			-0.4000			-280.0000			99.0000			60.0000			
-30.8835			22.7940			9.3550			1.2000			-279.0000			83.0000			75.0000			
-31.4425			19.3770			11.6279			-0.4000			-278.0000			64.0000			92.0000			
-29.2064			14.2515			13.3326			-1.6000			-275.0000			45.0000			109.0000			
-27.5292			11.9735			14.4691			-1.0000			-269.0000			25.0000			124.0000			
-28.6473			13.1125			16.1738			0.6000			-263.0000			5.0000			147.0000			
-26.9702			8.5564			17.8785			-0.5000			-254.0000			-15.0000			167.0000			
-29.2064			7.9869			20.1514			-1.0000			-244.0000			-36.0000			182.0000			
-31.4425			10.2650			21.2879			0.1000			-234.0000			-54.0000			192.0000			
-33.1196			10.2650			21.8561			-0.9000			-223.0000			-72.0000			199.0000			
-34.2377			9.1260			24.6973			-0.4000			-214.0000			-88.0000			209.0000			
-32.0016			5.7089			26.4020			0.1000			-202.0000			-103.0000			213.0000			
-30.3244			2.2919			28.1066			0.0000			-188.0000			-119.0000			217.0000			
-29.7654			-1.1251			30.9478			0.0000			-173.0000			-136.0000			222.0000			
-27.5292			-5.6811			33.2207			0.0000			-156.0000			-154.0000			225.0000			
-25.8521			-5.6811			33.2207			1.6000			-138.0000			-169.0000			225.0000			
-23.0569			-6.2507			30.9478			1.6000			-120.0000			-185.0000			224.0000			
-20.8208			-9.0982			29.2431			-0.6000			-101.0000			-198.0000			223.0000			
-16.9075			-10.8067			28.1066			0.3000			-81.0000			-211.0000			220.0000			
-15.7894			-10.8067			27.5384			0.9000			-60.0000			-222.0000			215.0000			
-11.3171			-14.2237			25.8337			0.2000			-38.0000			-233.0000			207.0000			
-11.8762			-15.9322			28.6749			0.8000			-16.0000			-242.0000			199.0000			
-14.1123			-15.3627			30.3796			0.9000			3.0000			-249.0000			190.0000			
-13.5533			-17.0712			31.5160			0.8000			21.0000			-255.0000			181.0000			
-12.4352			-18.7797			32.0843			0.8000			38.0000			-259.0000			171.0000			
-8.5219			-20.4882			30.3796			1.3000			56.0000			-261.0000			160.0000			
-0.6954			-24.4748			25.8337			0.6000			73.0000			-263.0000			148.0000			
3.2179			-27.3223			24.6973			0.5000			90.0000			-265.0000			135.0000			
6.0131			-29.0308			24.1290			1.1000			110.0000			-264.0000			120.0000			
8.8083			-28.4613			20.7196			1.0000			127.0000			-263.0000			104.0000			
9.9263			-25.6138			17.3103			1.6000			144.0000			-258.0000			87.0000			
9.3673			-23.9053			15.0373			0.4000			157.0000			-252.0000			68.0000			
10.4854			-23.3358			12.1962			-0.6000			172.0000			-245.0000			50.0000			
13.8396			-22.7663			9.9233			1.0000			185.0000			-236.0000			29.0000			
16.6348			-24.4748			8.7868			0.9000			196.0000			-225.0000			9.0000			
19.9890			-29.6003			9.9233			0.3000			205.0000			-216.0000			-9.0000			
21.1071			-29.6003			11.0597			2.5000			214.0000			-205.0000			-27.0000			
22.2252			-30.1698			10.4915			2.5000			221.0000			-193.0000			-44.0000			
22.7842			-30.1698			8.7868			1.4000			224.0000			-181.0000			-60.0000			
25.5794			-27.3223			3.6727			1.9000			228.0000			-168.0000			-77.0000			
28.3746			-26.1833			-1.4414			0.7000			232.0000			-153.0000			-94.0000			
30.6108			-23.9053			-6.5554			0.1000			233.0000			-136.0000			-126.0000			
32.8469			-24.4748			-8.8284			-0.4000			234.0000			-121.0000			-148.0000			
31.1698			-20.4882			-11.1013			-0.4000			231.0000			-102.0000			-166.0000			
28.3746			-15.3627			-11.6695			1.3000			228.0000			-83.0000			-183.0000			
26.6975			-13.0847			-15.0789			-1.4000			223.0000			-63.0000			-197.0000			
30.0517			-13.6542			-15.0789			1.3000			217.0000			-43.0000			-207.0000			
28.3746			-10.2372			-16.7836			1.3000			209.0000			-21.0000			-218.0000			
31.7289			-10.8067			-19.6248			1.2000			198.0000			-1.0000			-230.0000			
33.4060			-12.5152			-20.7612			0.1000			189.0000			17.0000			-240.0000			
33.9650			-11.3762			-21.8977			0.6000			177.0000			35.0000			-247.0000			
33.9650			-10.8067			-23.6024			-0.4000			166.0000			52.0000			-254.0000			
33.4060			-7.9592			-24.7388			0.7000			154.0000			68.0000			-259.0000			
31.1698			-4.5421			-27.0118			-0.3000			142.0000			84.0000			-263.0000			
28.9337			0.5834			-29.8529			-0.3000			125.0000			101.0000			-268.0000			
27.2565			4.5699			-32.1258			-0.2000			109.0000			118.0000			-270.0000			
26.1385			5.1394			-32.1258			-0.8000			91.0000			134.0000			-271.0000			
23.9023			5.1394			-29.8529			-0.8000			72.0000			149.0000			-270.0000			
20.5481			8.5564			-28.1482			0.9000			54.0000			163.0000			-269.0000			
16.0758			9.1260			-26.4435			-1.2000			33.0000			176.0000			-265.0000			
14.9577			9.1260			-27.0118			-2.9000			13.0000			189.0000			-259.0000			
13.8396			11.4040			-26.4435			-1.1000			-9.0000			199.0000			-252.0000			
13.8396			14.2515			-28.1482			0.0000			-30.0000			210.0000			-244.0000			
14.3987			14.2515			-30.4211			-1.7000			-48.0000			215.0000			-234.0000			
13.8396			16.5295			-30.4211			0.0000			-67.0000			222.0000			-224.0000			
12.1625			17.0990			-30.9894			-1.7000			-84.0000			226.0000			-215.0000			
8.2492			19.3770			-30.4211			-2.7000			-100.0000			229.0000			-204.0000			
0.9817			22.7940			-26.4435			-2.6000			-117.0000			232.0000			-190.0000			
-2.9315			25.6416			-24.1706			-1.4000			-135.0000			233.0000			-177.0000			
-5.7267			26.7806			-23.0341			-1.9000			-154.0000			233.0000			-162.0000			
-6.2858			25.0721			-20.7612			-1.9000			-170.0000			231.0000			-146.0000			
-8.5219			24.5026			-17.3518			-1.3000			-186.0000			227.0000			-129.0000			
-3.4906			21.0855			-10.5331			7.0000			-202.0000			218.0000			-111.0000			
-10.1990			35.8926			0.8316			26.5000			-234.0000			182.0000			-106.0000			
-6.8448			35.8926			0.2633			29.3000			-258.0000			153.0000			-101.0000			
-11.8762			35.3231			0.2633			23.7000			-268.0000			143.0000			-80.0000			
-13.5533			39.3097			-3.1461			22.6000			-276.0000			135.0000			-61.0000			
-14.6714			38.1706			-3.7143			19.7000			-283.0000			129.0000			-44.0000			
-16.3485			33.0451			-4.2825			12.4000			-287.0000			121.0000			-22.0000			
-20.2617			27.3501			-5.9872			1.1000			-290.0000			110.0000			-6.0000			
-24.7341			24.5026			-3.1461			-3.3000			-292.0000			98.0000			12.0000			
-28.6473			24.5026			3.1045			-1.0000			-293.0000			84.0000			32.0000			
-31.4425			23.3635			7.0821			-1.0000			-295.0000			72.0000			47.0000			
-29.2064			21.0855			9.3550			1.2000			-294.0000			55.0000			61.0000			
-30.8835			19.3770			12.1962			0.6000			-291.0000			38.0000			80.0000			
-28.0883			15.3905			12.1962			-0.4000			-287.0000			21.0000			97.0000			
-26.4112			9.1260			15.0373			-2.2000			-280.0000			1.0000			111.0000			
-29.7654			13.1125			17.3103			0.6000			-274.0000			-17.0000			135.0000			
-29.7654			9.6955			18.4467			-1.6000			-262.0000			-37.0000			158.0000			
-32.0016			9.1260			20.1514			-2.7000			-253.0000			-57.0000			172.0000			
-31.4425			10.8345			21.2879			0.6000			-243.0000			-74.0000			183.0000			
-32.0016			9.1260			21.8561			-1.0000			-230.0000			-89.0000			191.0000			
-33.1196			8.5564			24.1290			-0.4000			-219.0000			-105.0000			199.0000			
-32.5606			5.1394			25.8337			-1.5000			-206.0000			-120.0000			206.0000			
-30.3244			2.8614			27.5384			0.0000			-193.0000			-135.0000			212.0000			
-28.0883			-1.6946			30.3796			0.5000			-177.0000			-151.0000			216.0000			
-25.8521			-5.1116			31.5160			0.5000			-159.0000			-168.0000			219.0000			
-25.8521			-6.2507			31.5160			-0.5000			-141.0000			-183.0000			220.0000			
-21.9389			-6.8202			29.2431			0.4000			-121.0000			-196.0000			220.0000			
-19.7027			-9.0982			28.1066			-0.6000			-102.0000			-210.0000			218.0000			
-15.2304			-11.3762			27.5384			0.9000			-81.0000			-223.0000			215.0000			
-15.7894			-11.9457			28.6749			0.9000			-61.0000			-233.0000			210.0000			
-13.5533			-14.2237			26.9702			-0.8000			-38.0000			-243.0000			201.0000			
-14.1123			-15.3627			29.8113			0.3000			-18.0000			-252.0000			195.0000			
-14.1123			-15.3627			30.3796			0.9000			1.0000			-258.0000			187.0000			
-13.5533			-17.0712			29.8113			-0.8000			20.0000			-265.0000			177.0000			
-11.3171			-18.2102			30.3796			0.8000			37.0000			-267.0000			167.0000			
-7.4039			-21.0578			30.3796			1.9000			55.0000			-270.0000			156.0000			
-1.2544			-23.9053			26.4020			1.2000			74.0000			-272.0000			144.0000			
3.2179			-25.6138			24.1290			1.7000			93.0000			-273.0000			130.0000			
5.4540			-28.4613			23.5608			0.5000			111.0000			-272.0000			116.0000			
7.6902			-27.3223			19.5832			0.0000			127.0000			-270.0000			100.0000			
9.3673			-23.9053			15.6056			1.0000			142.0000			-264.0000			82.0000			
9.9263			-22.7663			13.9009			1.0000			156.0000			-258.0000			63.0000			
11.6035			-22.7663			12.1962			1.0000			171.0000			-251.0000			45.0000			
14.9577			-22.7663			9.9233			2.1000			184.0000			-242.0000			26.0000			
17.7529			-26.7528			9.3550			0.3000			196.0000			-230.0000			5.0000			
18.8710			-29.6003			11.6279			0.9000			207.0000			-221.0000			-13.0000			
19.4300			-29.0308			10.4915			0.8000			213.0000			-210.0000			-30.0000			
21.1071			-28.4613			8.7868			1.4000			221.0000			-198.0000			-47.0000			
22.7842			-29.0308			6.5139			0.2000			225.0000			-185.0000			-63.0000			
26.1385			-27.3223			4.2409			3.0000			228.0000			-171.0000			-80.0000			
28.3746			-25.0443			-2.0096			1.3000			231.0000			-157.0000			-97.0000			
30.6108			-23.3358			-5.9872			1.2000			234.0000			-140.0000			-129.0000			
31.1698			-21.6273			-8.8284			0.7000			233.0000			-123.0000			-150.0000			
31.1698			-19.9187			-10.5331			0.7000			231.0000			-105.0000			-169.0000			
28.9337			-16.5017			-12.2378			0.1000			228.0000			-84.0000			-185.0000			
27.2565			-12.5152			-14.5107			0.2000			222.0000			-66.0000			-200.0000			
30.0517			-13.0847			-16.7836			0.1000			215.0000			-45.0000			-210.0000			
28.9337			-10.2372			-18.4883			0.2000			205.0000			-23.0000			-220.0000			
31.1698			-10.8067			-20.7612			-0.3000			196.0000			-4.0000			-232.0000			
32.2879			-12.5152			-20.1930			-0.4000			186.0000			13.0000			-242.0000			
31.1698			-10.8067			-21.8977			-1.5000			175.0000			31.0000			-249.0000			
32.2879			-9.0982			-23.0341			0.1000			165.0000			47.0000			-256.0000			
32.2879			-6.8202			-25.8753			-0.4000			153.0000			63.0000			-261.0000			
31.1698			-4.5421			-27.5800			-0.9000			139.0000			81.0000			-267.0000			
28.9337			0.0139			-29.2847			-0.3000			122.0000			98.0000			-270.0000			
26.1385			4.0004			-30.9894			-0.8000			107.0000			115.0000			-273.0000			
24.4613			5.1394			-30.4211			-0.8000			89.0000			130.0000			-274.0000			
22.2252			4.5699			-29.2847			-2.4000			70.0000			147.0000			-272.0000			
19.9890			6.8479			-28.7165			-1.8000			51.0000			161.0000			-270.0000			
16.6348			10.8345			-27.5800			-0.1000			30.0000			172.0000			-264.0000			
14.9577			10.8345			-26.4435			-0.6000			9.0000			185.0000			-261.0000			
12.7215			12.5430			-27.0118			-1.7000			-12.0000			196.0000			-252.0000			
14.3987			14.2515			-29.2847			-0.6000			-33.0000			205.0000			-244.0000			
14.3987			13.6820			-29.8529			-1.7000			-51.0000			211.0000			-236.0000			
12.1625			15.9600			-29.8529			-1.7000			-69.0000			218.0000			-226.0000			
11.0444			17.0990			-29.8529			-1.7000			-86.0000			222.0000			-215.0000			
8.2492			19.9465			-29.8529			-1.6000			-102.0000			224.0000			-205.0000			
2.6588			22.7940			-26.4435			-0.9000			-121.0000			227.0000			-191.0000			
-3.4906			25.0721			-24.1706			-2.5000			-138.0000			229.0000			-177.0000			
-5.1677			25.6416			-22.4659			-1.9000			-155.0000			229.0000			-162.0000			
-7.4039			25.6416			-18.4883			-0.2000			-171.0000			226.0000			-145.0000			
-9.0810			23.9331			-16.2154			-1.3000			-188.0000			223.0000			-128.0000			
-9.0810			21.6550			-13.9424			-1.3000			-201.0000			216.0000			-110.0000			
-10.7581			21.6550			-12.2378			-1.3000			-214.0000			208.0000			-90.0000			
-14.6714			21.0855			-8.8284			-2.4000			-228.0000			200.0000			-70.0000			
-16.9075			24.5026			-8.2601			-0.6000			-238.0000			190.0000			-49.0000			
-19.1437			29.0586			-9.9648			0.0000			-248.0000			181.0000			-29.0000			
-19.1437			27.3501			-9.3966			-1.1000			-255.0000			169.0000			-12.0000			
-20.8208			26.2111			-7.6919			-2.3000			-260.0000			158.0000			5.0000			
-21.9389			26.2111			-5.4190			-1.1000			-264.0000			147.0000			22.0000			
-24.7341			24.5026			-2.0096			-2.2000			-268.0000			133.0000			39.0000			
-28.0883			23.9331			3.1045			-1.0000			-271.0000			118.0000			57.0000			
-29.7654			20.5160			7.0821			-2.1000			-273.0000			103.0000			70.0000			
-30.3244			19.9465			8.7868			-1.5000			-272.0000			86.0000			86.0000			
-30.8835			18.2380			11.6279			-1.0000			-270.0000			67.0000			103.0000			
-28.6473			14.8210			12.1962			-1.6000			-265.0000			50.0000			120.0000			
-27.5292			11.4040			15.0373			-1.0000			-259.0000			32.0000			135.0000			
-26.4112			5.7089			13.3326			-7.3000			-259.0000			2.0000			157.0000			
-23.0569			10.8345			21.2879			9.0000			-262.0000			-39.0000			163.0000			
-25.8521			14.2515			25.2655			13.6000			-254.0000			-62.0000			174.0000			
-26.4112			12.5430			21.8561			7.9000			-242.0000			-79.0000			185.0000			
-28.0883			7.9869			22.4243			2.3000			-230.0000			-95.0000			193.0000			
-30.3244			5.1394			22.9926			-2.1000			-218.0000			-106.0000			202.0000			
-31.4425			3.4309			25.8337			-2.1000			-203.0000			-122.0000			208.0000			
-30.8835			1.7224			27.5384			-1.6000			-191.0000			-137.0000			214.0000			
-28.0883			-0.5556			30.3796			1.7000			-173.0000			-153.0000			217.0000			
-25.8521			-4.5421			31.5160			1.1000			-156.0000			-168.0000			222.0000			
-24.1750			-7.9592			30.9478			-1.1000			-138.0000			-184.0000			223.0000			
-21.3798			-6.8202			29.8113			1.6000			-117.0000			-198.0000			222.0000			
-19.1437			-7.9592			29.2431			2.1000			-97.0000			-210.0000			220.0000			
-16.9075			-11.9457			27.5384			-1.3000			-78.0000			-223.0000			216.0000			
-14.6714			-11.9457			28.1066			1.4000			-55.0000			-234.0000			210.0000			
-12.4352			-14.2237			27.5384			0.8000			-33.0000			-244.0000			205.0000			
-14.1123			-15.9322			29.2431			-0.7000			-13.0000			-252.0000			196.0000			
-14.6714			-14.7932			30.3796			0.9000			6.0000			-258.0000			188.0000			
-12.4352			-17.0712			30.3796			0.8000			24.0000			-262.0000			179.0000			
-10.7581			-18.2102			29.8113			0.8000			41.0000			-265.0000			169.0000			
-6.8448			-21.6273			29.8113			1.3000			59.0000			-269.0000			158.0000			
-1.8135			-24.4748			26.9702			0.6000			77.0000			-269.0000			146.0000			
3.2179			-27.3223			24.1290			0.0000			97.0000			-271.0000			132.0000			
5.4540			-27.3223			21.8561			0.0000			115.0000			-271.0000			117.0000			
7.6902			-27.3223			17.8785			-1.7000			132.0000			-266.0000			101.0000			
9.9263			-23.9053			15.0373			1.0000			147.0000			-262.0000			83.0000			
9.3673			-22.7663			14.4691			1.0000			162.0000			-254.0000			65.0000			
11.0444			-25.0443			12.1962			-1.8000			175.0000			-248.0000			46.0000			
14.9577			-23.3358			9.3550			0.9000			187.0000			-238.0000			25.0000			
17.1938			-27.3223			9.3550			-0.7000			199.0000			-227.0000			6.0000			
18.8710			-30.7393			11.0597			-0.8000			210.0000			-217.0000			-12.0000			
19.9890			-28.4613			10.4915			2.0000			216.0000			-206.0000			-29.0000			
21.6662			-29.6003			8.7868			0.8000			223.0000			-193.0000			-46.0000			
22.7842			-27.8918			5.9456			0.8000			228.0000			-182.0000			-62.0000			
25.5794			-26.1833			1.9680			1.3000			232.0000			-166.0000			-79.0000			
28.3746			-25.6138			-2.5778			0.1000			234.0000			-152.0000			-97.0000			
30.0517			-22.7663			-6.5554			0.7000			238.0000			-136.0000			-129.0000			
31.1698			-21.0578			-9.3966			0.7000			237.0000			-119.0000			-149.0000			
30.0517			-20.4882			-10.5331			-0.9000			235.0000			-100.0000			-166.0000			
28.9337			-16.5017			-12.2378			0.1000			230.0000			-80.0000			-182.0000			
27.8156			-13.0847			-15.0789			-0.3000			225.0000			-60.0000			-197.0000			
29.4927			-13.6542			-16.7836			-0.9000			218.0000			-39.0000			-208.0000			
28.3746			-9.6677			-19.0565			-0.3000			208.0000			-18.0000			-218.0000			
32.2879			-11.3762			-20.1930			0.7000			199.0000			2.0000			-229.0000			
32.2879			-12.5152			-20.1930			-0.4000			189.0000			20.0000			-239.0000			
31.7289			-10.2372			-20.7612			0.7000			178.0000			38.0000			-245.0000			
32.8469			-9.0982			-23.6024			0.1000			168.0000			54.0000			-253.0000			
31.7289			-6.8202			-25.8753			-0.9000			156.0000			71.0000			-258.0000			
30.6108			-2.8336			-28.1482			-0.3000			140.0000			88.0000			-263.0000			
28.3746			0.0139			-29.8529			-1.4000			126.0000			105.0000			-266.0000			
26.6975			3.4309			-29.8529			0.2000			109.0000			121.0000			-269.0000			
23.3433			5.7089			-29.8529			-0.7000			90.0000			137.0000			-269.0000			
21.1071			5.1394			-29.2847			-3.0000			72.0000			153.0000			-267.0000			
19.4300			6.8479			-28.1482			-1.8000			54.0000			166.0000			-265.0000			
18.3119			10.2650			-27.5800			0.9000			33.0000			180.0000			-261.0000			
14.9577			10.2650			-27.5800			-2.3000			12.0000			192.0000			-254.0000			
12.7215			13.1125			-27.0118			-1.1000			-10.0000			202.0000			-246.0000			
13.8396			14.8210			-29.8529			-1.1000			-30.0000			211.0000			-239.0000			
14.3987			14.2515			-29.8529			-1.2000			-48.0000			220.0000			-230.0000			
13.2806			15.3905			-29.8529			-1.1000			-65.0000			225.0000			-220.0000			
9.9263			17.0990			-29.2847			-2.2000			-81.0000			231.0000			-209.0000			
7.1312			20.5160			-28.7165			-1.0000			-97.0000			233.0000			-197.0000			
2.0998			22.7940			-26.4435			-1.5000			-115.0000			236.0000			-184.0000			
-3.4906			25.0721			-24.1706			-2.5000			-133.0000			237.0000			-169.0000			
-5.1677			25.0721			-21.8977			-1.9000			-149.0000			237.0000			-154.0000			
-6.8448			23.9331			-19.6248			-2.5000			-166.0000			236.0000			-137.0000			
-10.1990			23.9331			-15.0789			-1.3000			-182.0000			230.0000			-120.0000			
-9.0810			20.5160			-15.0789			-3.6000			-196.0000			223.0000			-102.0000			
-11.3171			22.7940			-12.8060			-1.3000			-209.0000			217.0000			-82.0000			
-14.6714			21.0855			-8.8284			-2.4000			-221.0000			208.0000			-62.0000			
-16.9075			24.5026			-8.8284			-1.2000			-233.0000			197.0000			-41.0000			
-19.7027			28.4891			-10.5331			-1.7000			-243.0000			189.0000			-23.0000			
-19.7027			27.3501			-9.9648			-2.3000			-249.0000			177.0000			-5.0000			
-21.3798			26.7806			-7.6919			-2.2000			-254.0000			165.0000			12.0000			
-22.4979			26.2111			-5.4190			-1.7000			-259.0000			153.0000			30.0000			
-25.8521			25.0721			-0.3049			-1.0000			-263.0000			140.0000			47.0000			
-28.6473			23.3635			3.1045			-2.1000			-266.0000			125.0000			64.0000			
-30.3244			21.0855			7.0821			-2.1000			-268.0000			109.0000			78.0000			
-32.0016			19.9465			9.9233			-2.1000			-266.0000			92.0000			94.0000			
-30.8835			17.6685			11.6279			-1.5000			-265.0000			74.0000			110.0000			
-28.6473			15.3905			12.1962			-1.0000			-259.0000			55.0000			126.0000			
-28.0883			11.4040			15.0373			-1.6000			-253.0000			35.0000			140.0000			
-29.7654			11.9735			17.3103			-0.4000			-246.0000			15.0000			163.0000			
-29.7654			9.1260			19.0149			-1.6000			-237.0000			-5.0000			185.0000			
-31.4425			9.1260			21.2879			-1.0000			-227.0000			-26.0000			199.0000			
-31.4425			10.2650			21.2879			0.1000			-217.0000			-43.0000			209.0000			
-32.5606			9.1260			21.8561			-1.5000			-206.0000			-59.0000			218.0000			
-32.5606			7.9869			23.5608			-1.0000			-195.0000			-75.0000			223.0000			
-30.3244			4.5699			25.8337			0.0000			-182.0000			-91.0000			231.0000			
-30.3244			1.1529			28.6749			-0.4000			-168.0000			-108.0000			236.0000			
-28.0883			-2.8336			29.8113			-1.1000			-152.0000			-124.0000			241.0000			
-26.4112			-4.5421			30.9478			0.0000			-133.0000			-139.0000			241.0000			
-23.0569			-7.9592			29.8113			-1.2000			-116.0000			-155.0000			242.0000			
-20.2617			-9.0982			28.1066			-1.2000			-97.0000			-169.0000			242.0000			
-19.1437			-7.3897			27.5384			1.0000			-77.0000			-182.0000			239.0000			
-17.4665			-11.9457			28.6749			-0.7000			-57.0000			-195.0000			235.0000			
-15.2304			-12.5152			27.5384			-0.2000			-36.0000			-207.0000			230.0000			
-12.9942			-14.2237			26.9702			-0.2000			-15.0000			-218.0000			222.0000			
-14.1123			-17.0712			30.3796			-0.8000			6.0000			-226.0000			213.0000			
-14.6714			-15.3627			30.3796			0.3000			24.0000			-233.0000			205.0000			
-12.9942			-16.5017			29.8113			0.3000			43.0000			-237.0000			196.0000			
-11.3171			-18.7797			29.8113			-0.2000			59.0000			-241.0000			185.0000			
-6.8448			-22.7663			29.2431			-0.3000			76.0000			-245.0000			174.0000			
-1.8135			-25.0443			25.8337			-1.0000			95.0000			-246.0000			160.0000			
3.7769			-27.3223			24.1290			0.5000			114.0000			-247.0000			147.0000			
4.8950			-26.7528			21.2879			-0.5000			132.0000			-246.0000			132.0000			
7.6902			-27.3223			18.4467			-1.1000			149.0000			-243.0000			114.0000			
9.9263			-24.4748			15.0373			0.4000			165.0000			-239.0000			96.0000			
9.9263			-22.1968			14.4691			2.1000			177.0000			-232.0000			78.0000			
11.6035			-25.0443			12.1962			-1.2000			191.0000			-225.0000			59.0000			
15.5167			-23.9053			9.3550			0.9000			204.0000			-215.0000			40.0000			
17.7529			-26.1833			9.3550			0.9000			215.0000			-204.0000			19.0000			
18.3119			-30.1698			11.0597			-0.7000			225.0000			-194.0000			-1.0000			
19.4300			-29.6003			10.4915			0.3000			232.0000			-184.0000			-15.0000			
21.1071			-29.0308			9.3550			1.4000			237.0000			-172.0000			-33.0000			
22.2252			-27.8918			5.9456			0.2000			242.0000			-161.0000			-50.0000			
25.5794			-26.1833			1.3998			0.8000			246.0000			-146.0000			-65.0000			
28.9337			-25.0443			-3.7143			0.1000			248.0000			-130.0000			-87.0000			
30.0517			-22.7663			-7.6919			-0.4000			251.0000			-114.0000			-118.0000			
32.8469			-21.6273			-11.1013			0.1000			249.0000			-97.0000			-137.0000			
30.0517			-19.3492			-12.2378			-1.5000			247.0000			-79.0000			-154.0000			
27.8156			-15.9322			-13.3742			-1.4000			243.0000			-60.0000			-170.0000			
28.3746			-12.5152			-14.5107			1.3000			237.0000			-40.0000			-186.0000			
29.4927			-13.6542			-16.2154			-0.3000			229.0000			-19.0000			-197.0000			
27.8156			-10.8067			-19.0565			-2.0000			219.0000			2.0000			-207.0000			
31.7289			-10.2372			-20.7612			0.7000			211.0000			21.0000			-218.0000			
31.1698			-12.5152			-20.7612			-2.1000			200.0000			38.0000			-227.0000			
31.7289			-10.8067			-21.8977			-0.9000			189.0000			56.0000			-235.0000			
32.2879			-9.6677			-23.0341			-0.4000			178.0000			73.0000			-243.0000			
30.6108			-7.3897			-25.8753			-2.6000			166.0000			89.0000			-247.0000			
28.9337			-2.8336			-27.5800			-1.4000			151.0000			103.0000			-251.0000			
28.9337			0.0139			-29.8529			-0.9000			135.0000			121.0000			-255.0000			
26.1385			3.4309			-30.9894			-1.4000			118.0000			138.0000			-257.0000			
22.7842			6.2784			-30.4211			-1.3000			99.0000			153.0000			-258.0000			
19.4300			6.2784			-29.2847			-3.5000			81.0000			167.0000			-257.0000			
18.8710			6.2784			-28.1482			-2.9000			60.0000			182.0000			-254.0000			
17.7529			10.2650			-27.5800			0.4000			41.0000			195.0000			-250.0000			
14.9577			10.8345			-27.5800			-1.7000			18.0000			206.0000			-245.0000			
13.2806			12.5430			-27.0118			-1.1000			-3.0000			217.0000			-237.0000			
13.8396			13.6820			-29.8529			-2.3000			-23.0000			225.0000			-229.0000			
14.3987			14.2515			-29.8529			-1.2000			-40.0000			230.0000			-220.0000			
12.7215			15.3905			-29.8529			-1.7000			-59.0000			236.0000			-210.0000			
9.9263			17.6685			-29.8529			-2.2000			-76.0000			240.0000			-200.0000			
6.0131			19.9465			-29.2847			-3.3000			-93.0000			242.0000			-190.0000			
1.5408			22.2245			-24.7388			-0.9000			-112.0000			244.0000			-177.0000			
-3.4906			25.6416			-24.1706			-2.0000			-130.0000			245.0000			-163.0000			
-5.7267			24.5026			-20.7612			-1.9000			-148.0000			242.0000			-148.0000			
-7.9629			23.9331			-18.4883			-2.5000			-165.0000			238.0000			-130.0000			
-10.7581			22.7940			-16.2154			-4.1000			-181.0000			233.0000			-114.0000			
-10.1990			21.6550			-14.5107			-3.0000			-194.0000			226.0000			-95.0000			
-11.8762			22.2245			-13.3742			-3.0000			-209.0000			217.0000			-78.0000			
-14.6714			21.0855			-9.9648			-3.5000			-221.0000			207.0000			-57.0000			
-18.5846			25.0721			-8.2601			-1.7000			-233.0000			195.0000			-37.0000			
6.5721			48.9912			9.9233			65.4000			-260.0000			162.0000			-31.0000			
-7.4039			45.0047			3.6727			41.2000			-285.0000			119.0000			-34.0000			
-15.7894			45.5742			8.2186			38.0000			-299.0000			95.0000			-26.0000			
-10.1990			45.5742			9.3550			44.7000			-303.0000			81.0000			-12.0000			
-13.5533			38.7401			10.4915			35.6000			-305.0000			69.0000			5.0000			
-21.3798			31.9061			9.9233			20.4000			-305.0000			60.0000			25.0000			
-26.4112			26.2111			10.4915			10.2000			-305.0000			44.0000			41.0000			
-31.4425			18.8075			11.0597			-1.5000			-302.0000			30.0000			57.0000			
-30.3244			17.0990			12.1962			-1.0000			-299.0000			13.0000			75.0000			
-29.2064			16.5295			13.9009			1.2000			-293.0000			-3.0000			92.0000			
-28.6473			11.9735			16.7420			0.0000			-287.0000			-25.0000			107.0000			
-28.0883			10.8345			17.8785			0.6000			-280.0000			-43.0000			130.0000			
-28.6473			9.1260			18.4467			-1.0000			-269.0000			-62.0000			152.0000			
-31.4425			9.1260			21.2879			-1.0000			-259.0000			-81.0000			166.0000			
-32.5606			10.2650			20.7196			-1.5000			-249.0000			-97.0000			175.0000			
-32.5606			8.5564			22.9926			-1.0000			-236.0000			-113.0000			185.0000			
-33.1196			7.9869			24.1290			-0.9000			-225.0000			-129.0000			191.0000			
-32.0016			4.5699			25.8337			-1.5000			-212.0000			-143.0000			198.0000			
-30.3244			0.0139			28.1066			-2.2000			-197.0000			-159.0000			203.0000			
-28.0883			-3.4031			30.3796			-1.1000			-181.0000			-174.0000			207.0000			
-25.8521			-5.6811			30.3796			-1.1000			-161.0000			-190.0000			211.0000			
-23.6160			-7.9592			30.3796			-1.1000			-144.0000			-205.0000			212.0000			
-19.7027			-8.5287			28.6749			0.4000			-122.0000			-218.0000			212.0000			
-19.1437			-7.9592			28.1066			1.0000			-104.0000			-232.0000			209.0000			
-18.0256			-11.3762			27.5384			-1.8000			-82.0000			-243.0000			206.0000			
-15.2304			-12.5152			26.9702			-0.7000			-61.0000			-253.0000			200.0000			
-13.5533			-14.2237			26.9702			-0.8000			-38.0000			-263.0000			191.0000			
-14.6714			-16.5017			29.8113			-1.3000			-19.0000			-270.0000			183.0000			
-14.1123			-16.5017			30.3796			-0.2000			-1.0000			-275.0000			177.0000			
-12.9942			-17.0712			30.3796			0.3000			19.0000			-280.0000			168.0000			
-11.3171			-18.7797			29.8113			-0.2000			35.0000			-283.0000			157.0000			
-6.2858			-22.1968			29.2431			0.7000			53.0000			-285.0000			145.0000			
-0.6954			-25.0443			25.8337			0.0000			72.0000			-286.0000			133.0000			
3.2179			-27.3223			24.1290			0.0000			91.0000			-287.0000			119.0000			
5.4540			-28.4613			20.7196			-2.2000			109.0000			-286.0000			106.0000			
7.6902			-26.1833			18.4467			0.0000			126.0000			-283.0000			88.0000			
8.8083			-23.9053			15.0373			0.0000			142.0000			-277.0000			70.0000			
9.9263			-22.7663			13.3326			0.4000			156.0000			-270.0000			53.0000			
12.7215			-25.0443			12.1962			-0.1000			169.0000			-261.0000			33.0000			
15.5167			-23.9053			9.3550			0.9000			182.0000			-252.0000			14.0000			
18.3119			-27.8918			9.3550			-0.2000			194.0000			-240.0000			-7.0000			
17.7529			-29.6003			11.6279			-0.2000			203.0000			-231.0000			-24.0000			
19.9890			-29.6003			9.9233			0.3000			210.0000			-219.0000			-41.0000			
21.1071			-29.0308			8.2186			0.2000			214.0000			-206.0000			-58.0000			
21.6662			-27.8918			5.9456			-0.2000			221.0000			-194.0000			-74.0000			
25.5794			-26.1833			0.8316			0.2000			225.0000			-179.0000			-91.0000			
28.3746			-25.6138			-3.1461			-0.3000			227.0000			-164.0000			-111.0000			
29.4927			-22.7663			-7.6919			-0.9000			228.0000			-146.0000			-143.0000			
32.2879			-20.4882			-12.8060			-1.0000			227.0000			-130.0000			-162.0000			
29.4927			-19.3492			-11.1013			-0.9000			225.0000			-112.0000			-178.0000			
28.3746			-16.5017			-12.8060			-0.9000			220.0000			-91.0000			-194.0000			
27.8156			-13.0847			-15.0789			-0.3000			215.0000			-73.0000			-209.0000			
27.8156			-13.6542			-16.7836			-2.6000			207.0000			-52.0000			-220.0000			
28.9337			-10.2372			-19.0565			-0.3000			197.0000			-30.0000			-230.0000			
31.1698			-11.3762			-21.3295			-1.5000			189.0000			-10.0000			-240.0000			
31.1698			-13.0847			-19.6248			-1.5000			180.0000			6.0000			-250.0000			
32.2879			-10.8067			-23.0341			-1.5000			166.0000			25.0000			-257.0000			
31.7289			-9.0982			-24.7388			-2.1000			156.0000			41.0000			-264.0000			
31.1698			-6.2507			-25.8753			-0.9000			143.0000			57.0000			-269.0000			
29.4927			-3.4031			-28.1482			-2.0000			129.0000			73.0000			-273.0000			
27.2565			0.5834			-29.2847			-1.4000			112.0000			91.0000			-279.0000			
26.1385			2.2919			-30.9894			-2.5000			96.0000			108.0000			-279.0000			
23.9023			5.1394			-30.4211			-1.3000			78.0000			124.0000			-280.0000			
19.4300			6.8479			-29.2847			-2.9000			58.0000			138.0000			-279.0000			
19.4300			6.2784			-27.5800			-1.8000			39.0000			153.0000			-274.0000			
17.1938			10.2650			-28.1482			-0.6000			19.0000			165.0000			-271.0000			
13.8396			11.4040			-27.0118			-1.7000			-1.0000			176.0000			-265.0000			
12.7215			12.5430			-27.5800			-2.3000			-25.0000			187.0000			-256.0000			
14.3987			13.6820			-30.4211			-2.3000			-44.0000			196.0000			-248.0000			
13.8396			14.2515			-30.4211			-2.3000			-61.0000			201.0000			-239.0000			
11.6035			15.3905			-30.9894			-3.9000			-79.0000			209.0000			-229.0000			
9.9263			17.6685			-29.8529			-2.2000			-97.0000			211.0000			-220.0000			
5.4540			20.5160			-28.7165			-2.7000			-113.0000			214.0000			-207.0000			
0.4227			22.7940			-25.8753			-2.6000			-130.0000			216.0000			-194.0000			
-4.6087			25.0721			-24.1706			-3.7000			-149.0000			218.0000			-179.0000			
-6.8448			26.2111			-21.8977			-2.5000			-165.0000			218.0000			-163.0000			
-7.9629			23.3635			-19.0565			-3.6000			-182.0000			215.0000			-146.0000			
-9.6400			21.6550			-15.0789			-3.0000			-196.0000			210.0000			-129.0000			
-10.1990			21.0855			-14.5107			-3.6000			-210.0000			204.0000			-110.0000			
-12.9942			22.7940			-12.8060			-3.0000			-224.0000			196.0000			-91.0000			
-15.7894			21.6550			-9.3966			-3.5000			-236.0000			187.0000			-70.0000			
-18.0256			25.0721			-8.8284			-1.7000			-247.0000			176.0000			-51.0000			
-19.7027			29.0586			-11.1013			-1.7000			-255.0000			166.0000			-33.0000			
-20.8208			27.3501			-9.3966			-2.8000			-262.0000			154.0000			-15.0000			
-21.9389			26.7806			-7.1237			-2.2000			-269.0000			143.0000			2.0000			
-23.6160			25.6416			-4.8508			-2.8000			-275.0000			129.0000			18.0000			
-26.9702			23.9331			-0.3049			-3.3000			-281.0000			111.0000			32.0000			
-28.6473			23.3635			4.2409			-1.0000			-283.0000			95.0000			49.0000			
-31.4425			19.9465			7.0821			-4.4000			-285.0000			77.0000			63.0000			
-33.1196			18.2380			11.6279			-3.2000			-284.0000			60.0000			77.0000			
-30.3244			15.9600			12.1962			-2.1000			-282.0000			41.0000			94.0000			
-28.6473			14.8210			12.1962			-1.6000			-277.0000			22.0000			111.0000			
-29.7654			11.4040			14.4691			-3.8000			-271.0000			2.0000			124.0000			
-29.7654			9.1260			17.3103			-3.3000			-263.0000			-17.0000			146.0000			
-29.7654			9.1260			19.0149			-1.6000			-252.0000			-39.0000			167.0000			
-33.1196			9.1260			20.7196			-3.2000			-244.0000			-57.0000			181.0000			
-33.1196			9.1260			20.1514			-3.8000			-234.0000			-74.0000			191.0000			
-33.1196			7.4174			21.2879			-4.4000			-222.0000			-90.0000			199.0000			
-33.1196			6.8479			24.1290			-2.1000			-211.0000			-106.0000			206.0000			
-30.3244			3.4309			25.8337			-1.0000			-199.0000			-122.0000			212.0000			
-30.8835			0.0139			28.6749			-2.1000			-184.0000			-138.0000			216.0000			
-28.6473			-3.9726			30.3796			-2.2000			-168.0000			-156.0000			221.0000			
-25.8521			-6.2507			29.8113			-2.2000			-150.0000			-171.0000			222.0000			
-23.0569			-7.9592			29.2431			-1.7000			-131.0000			-186.0000			223.0000			
-20.2617			-9.6677			29.2431			-0.6000			-113.0000			-201.0000			222.0000			
-20.2617			-7.9592			27.5384			-0.6000			-93.0000			-214.0000			218.0000			
-17.4665			-12.5152			28.1066			-1.8000			-72.0000			-227.0000			213.0000			
-15.2304			-13.6542			27.5384			-1.3000			-51.0000			-238.0000			209.0000			
-13.5533			-14.2237			26.9702			-0.8000			-29.0000			-248.0000			200.0000			
-15.2304			-16.5017			30.3796			-1.3000			-9.0000			-257.0000			191.0000			
-14.6714			-16.5017			30.9478			-0.2000			8.0000			-262.0000			182.0000			
-12.9942			-17.6407			30.3796			-0.2000			25.0000			-267.0000			174.0000			
-10.7581			-19.3492			29.8113			-0.2000			42.0000			-271.0000			164.0000			
-6.2858			-23.3358			27.5384			-2.0000			60.0000			-273.0000			152.0000			
-1.8135			-25.0443			25.2655			-1.5000			79.0000			-275.0000			137.0000			
3.2179			-27.3223			24.6973			0.5000			98.0000			-276.0000			123.0000			
6.0131			-26.1833			19.5832			-0.5000			115.0000			-275.0000			109.0000			
7.6902			-27.3223			17.8785			-1.7000			132.0000			-272.0000			91.0000			
7.6902			-24.4748			16.1738			-0.6000			147.0000			-266.0000			73.0000			
9.9263			-23.3358			12.1962			-1.2000			162.0000			-260.0000			56.0000			
12.7215			-25.6138			11.6279			-1.2000			175.0000			-252.0000			37.0000			
15.5167			-23.9053			8.7868			0.3000			187.0000			-243.0000			16.0000			
18.8710			-27.8918			8.7868			-0.2000			197.0000			-233.0000			-5.0000			
17.7529			-31.3088			11.6279			-1.9000			206.0000			-224.0000			-23.0000			
18.8710			-29.6003			9.3550			-1.3000			211.0000			-213.0000			-41.0000			
20.5481			-29.0308			7.6503			-0.8000			217.0000			-202.0000			-58.0000			
22.2252			-28.4613			4.8092			-1.4000			222.0000			-189.0000			-74.0000			
25.5794			-27.3223			0.2633			-1.4000			225.0000			-175.0000			-91.0000			
28.3746			-25.6138			-3.1461			-0.3000			226.0000			-160.0000			-115.0000			
30.0517			-22.7663			-7.1237			0.1000			228.0000			-144.0000			-144.0000			
30.6108			-20.4882			-10.5331			-0.4000			228.0000			-126.0000			-163.0000			
28.3746			-18.7797			-12.8060			-3.2000			224.0000			-107.0000			-180.0000			
27.8156			-16.5017			-12.8060			-1.4000			219.0000			-88.0000			-196.0000			
27.8156			-13.6542			-14.5107			-0.3000			213.0000			-69.0000			-211.0000			
27.8156			-13.0847			-16.7836			-2.0000			206.0000			-49.0000			-220.0000			
28.9337			-11.9457			-19.6248			-2.6000			195.0000			-26.0000			-231.0000			
32.2879			-11.3762			-20.7612			0.1000			187.0000			-9.0000			-243.0000			
31.1698			-11.9457			-20.7612			-1.5000			175.0000			9.0000			-251.0000			
31.7289			-11.3762			-22.4659			-2.1000			165.0000			25.0000			-258.0000			
31.7289			-9.0982			-24.1706			-1.5000			153.0000			42.0000			-265.0000			
30.0517			-6.2507			-25.8753			-2.0000			139.0000			58.0000			-270.0000			
29.4927			-2.8336			-28.1482			-1.4000			126.0000			74.0000			-275.0000			
27.2565			0.5834			-29.8529			-2.0000			109.0000			91.0000			-278.0000			
23.3433			2.8614			-28.7165			-2.5000			92.0000			108.0000			-281.0000			
21.6662			5.7089			-29.2847			-1.9000			73.0000			123.0000			-281.0000			
18.8710			6.8479			-29.2847			-3.5000			53.0000			138.0000			-279.0000			
18.8710			6.2784			-28.1482			-2.9000			33.0000			151.0000			-277.0000			
15.5167			9.1260			-28.1482			-3.5000			13.0000			164.0000			-271.0000			
13.8396			11.4040			-27.5800			-2.3000			-6.0000			174.0000			-266.0000			
13.2806			11.9735			-27.5800			-2.3000			-30.0000			186.0000			-258.0000			
13.8396			14.2515			-30.4211			-2.3000			-49.0000			195.0000			-249.0000			
13.2806			13.6820			-30.9894			-4.0000			-65.0000			199.0000			-241.0000			
11.6035			15.3905			-30.4211			-3.4000			-84.0000			205.0000			-231.0000			
9.3673			16.5295			-29.8529			-3.9000			-101.0000			208.0000			-221.0000			
4.3360			19.9465			-28.7165			-4.4000			-117.0000			212.0000			-209.0000			
-0.6954			22.7940			-25.8753			-3.7000			-137.0000			212.0000			-197.0000			
-4.6087			25.0721			-24.1706			-3.7000			-155.0000			214.0000			-181.0000			
-7.4039			23.3635			-20.7612			-4.8000			-171.0000			211.0000			-166.0000			
-9.6400			22.7940			-17.9201			-4.7000			-187.0000			208.0000			-149.0000			
-9.0810			22.7940			-15.6471			-1.9000			-203.0000			203.0000			-131.0000			
-11.3171			21.0855			-14.5107			-4.7000			-217.0000			197.0000			-113.0000			
-14.1123			22.7940			-12.8060			-4.1000			-231.0000			189.0000			-94.0000			
-16.9075			21.0855			-9.9648			-5.7000			-243.0000			178.0000			-75.0000			
-19.1437			23.9331			-9.3966			-4.6000			-255.0000			166.0000			-53.0000			
-19.7027			28.4891			-10.5331			-1.7000			-264.0000			155.0000			-37.0000			
-20.8208			27.3501			-9.9648			-3.4000			-270.0000			143.0000			-21.0000			
-22.4979			25.6416			-6.5554			-3.4000			-276.0000			132.0000			-3.0000			
-24.1750			25.0721			-4.2825			-3.3000			-281.0000			120.0000			13.0000			
-26.9702			23.9331			-0.3049			-3.3000			-283.0000			106.0000			31.0000			
-29.7654			22.7940			4.2409			-2.7000			-287.0000			89.0000			46.0000			
-32.0016			19.9465			7.6503			-4.4000			-289.0000			74.0000			63.0000			
-32.0016			17.0990			11.0597			-3.8000			-287.0000			57.0000			78.0000			
-29.2064			14.8210			12.1962			-2.1000			-285.0000			38.0000			94.0000			
-29.7654			14.8210			13.9009			-1.0000			-280.0000			18.0000			109.0000			
-29.7654			11.9735			14.4691			-3.3000			-272.0000			-2.0000			124.0000			
-30.3244			9.1260			17.3103			-3.8000			-265.0000			-21.0000			148.0000			
-30.3244			7.9869			19.5832			-2.7000			-255.0000			-42.0000			167.0000			
-33.1196			9.1260			20.7196			-3.2000			-247.0000			-61.0000			180.0000			
-32.5606			9.1260			20.7196			-2.7000			-236.0000			-78.0000			189.0000			
-33.6787			7.9869			22.9926			-2.6000			-225.0000			-94.0000			198.0000			
-32.5606			6.2784			24.1290			-2.1000			-213.0000			-111.0000			203.0000			
-30.8835			2.2919			26.4020			-2.1000			-199.0000			-126.0000			210.0000			
-30.3244			0.5834			28.1066			-1.6000			-185.0000			-141.0000			215.0000			
-28.0883			-3.4031			29.8113			-1.6000			-168.0000			-158.0000			218.0000			
-26.4112			-5.6811			30.3796			-1.7000			-151.0000			-175.0000			220.0000			
-23.0569			-7.9592			29.8113			-1.2000			-133.0000			-189.0000			221.0000			
-19.1437			-10.2372			29.2431			-0.1000			-113.0000			-205.0000			219.0000			
-20.2617			-7.9592			29.2431			1.0000			-93.0000			-218.0000			216.0000			
-18.0256			-12.5152			28.6749			-1.8000			-73.0000			-230.0000			212.0000			
-15.2304			-13.6542			27.5384			-1.3000			-52.0000			-241.0000			205.0000			
-13.5533			-14.7932			28.1066			-0.2000			-29.0000			-251.0000			197.0000			
-15.2304			-16.5017			29.8113			-1.9000			-10.0000			-258.0000			189.0000			
-14.6714			-17.6407			30.3796			-1.9000			7.0000			-265.0000			180.0000			
-12.9942			-16.5017			30.3796			0.8000			25.0000			-270.0000			169.0000			
-9.6400			-19.3492			28.6749			-0.3000			42.0000			-274.0000			160.0000			
-5.1677			-23.9053			27.5384			-1.5000			59.0000			-275.0000			148.0000			
-1.2544			-24.4748			25.2655			-0.4000			79.0000			-278.0000			135.0000			
3.2179			-27.3223			23.5608			-0.5000			96.0000			-278.0000			120.0000			
4.8950			-25.6138			19.5832			-1.1000			114.0000			-277.0000			103.0000			
7.1312			-26.1833			17.3103			-1.7000			131.0000			-274.0000			87.0000			
7.6902			-24.4748			15.6056			-1.1000			146.0000			-267.0000			69.0000			
9.9263			-23.3358			12.1962			-1.2000			159.0000			-262.0000			50.0000			
12.7215			-25.6138			11.6279			-1.2000			172.0000			-254.0000			31.0000			
14.9577			-25.0443			9.9233			-0.1000			185.0000			-244.0000			12.0000			
18.3119			-27.8918			9.9233			0.3000			196.0000			-233.0000			-8.0000			
18.8710			-30.7393			10.4915			-1.3000			204.0000			-225.0000			-25.0000			
19.4300			-30.1698			9.3550			-1.3000			211.0000			-213.0000			-44.0000			
19.9890			-29.0308			7.6503			-1.3000			217.0000			-200.0000			-60.0000			
22.7842			-27.8918			4.8092			-0.2000			222.0000			-188.0000			-76.0000			
25.5794			-26.1833			-0.8731			-1.4000			225.0000			-172.0000			-94.0000			
27.8156			-25.6138			-3.7143			-1.5000			226.0000			-158.0000			-118.0000			
29.4927			-23.9053			-5.9872			-0.3000			228.0000			-141.0000			-146.0000			
30.0517			-19.9187			-10.5331			-0.3000			225.0000			-124.0000			-165.0000			
27.8156			-17.6407			-13.3742			-3.1000			224.0000			-105.0000			-181.0000			
27.2565			-16.5017			-13.3742			-2.6000			219.0000			-86.0000			-197.0000			
28.3746			-14.2237			-15.0789			-0.9000			212.0000			-66.0000			-212.0000			
28.3746			-12.5152			-17.3518			-1.4000			204.0000			-46.0000			-222.0000			
28.9337			-11.3762			-19.0565			-1.4000			195.0000			-25.0000			-233.0000			
32.2879			-11.3762			-21.3295			-0.4000			185.0000			-5.0000			-243.0000			
32.2879			-11.9457			-20.7612			-0.4000			175.0000			11.0000			-252.0000			
31.1698			-11.3762			-21.8977			-2.0000			164.0000			28.0000			-260.0000			
31.1698			-9.0982			-24.1706			-2.0000			151.0000			44.0000			-266.0000			
29.4927			-5.1116			-26.4435			-2.0000			138.0000			61.0000			-271.0000			
28.9337			-2.2641			-28.7165			-2.0000			124.0000			78.0000			-275.0000			
26.6975			0.5834			-29.8529			-2.5000			107.0000			94.0000			-280.0000			
25.0204			2.8614			-30.9894			-3.1000			89.0000			110.0000			-281.0000			
21.6662			5.1394			-30.4211			-3.6000			70.0000			123.0000			-282.0000			
16.6348			8.5564			-28.1482			-2.9000			50.0000			137.0000			-281.0000			
18.3119			6.2784			-28.1482			-3.5000			32.0000			150.0000			-278.0000			
16.6348			7.9869			-27.5800			-2.9000			10.0000			163.0000			-274.0000			
13.2806			11.9735			-28.1482			-2.8000			-10.0000			174.0000			-268.0000			
12.1625			12.5430			-28.1482			-3.4000			-33.0000			184.0000			-259.0000			
13.2806			14.2515			-29.8529			-2.3000			-52.0000			192.0000			-251.0000			
12.7215			14.8210			-30.9894			-3.4000			-70.0000			199.0000			-242.0000			
11.6035			14.8210			-30.4211			-3.9000			-88.0000			204.0000			-232.0000			
8.2492			16.5295			-29.8529			-5.0000			-103.0000			206.0000			-222.0000			
3.2179			19.9465			-27.5800			-4.4000			-122.0000			210.0000			-210.0000			
-1.2544			21.6550			-25.8753			-5.4000			-139.0000			212.0000			-196.0000			
-5.1677			25.0721			-24.1706			-4.2000			-158.0000			212.0000			-181.0000			
-7.4039			23.3635			-21.3295			-5.3000			-175.0000			211.0000			-166.0000			
-8.5219			22.7940			-18.4883			-4.2000			-191.0000			208.0000			-149.0000			
-8.5219			22.2245			-15.6471			-1.9000			-205.0000			202.0000			-131.0000			
-12.4352			21.0855			-12.2378			-3.5000			-218.0000			195.0000			-112.0000			
-14.1123			23.9331			-12.2378			-2.4000			-232.0000			188.0000			-93.0000			
-16.9075			22.2245			-9.3966			-4.0000			-245.0000			177.0000			-72.0000			
-19.1437			25.6416			-9.9648			-3.4000			-255.0000			166.0000			-53.0000			
-20.2617			27.3501			-9.9648			-2.8000			-263.0000			156.0000			-36.0000			
-20.8208			27.3501			-9.3966			-2.8000			-270.0000			144.0000			-17.0000			
-21.9389			27.3501			-7.6919			-2.2000			-275.0000			135.0000			-1.0000			
-24.1750			25.0721			-4.2825			-3.3000			-279.0000			121.0000			16.0000			
-28.6473			23.3635			0.8316			-4.4000			-283.0000			108.0000			33.0000			
-30.3244			22.7940			4.2409			-3.2000			-286.0000			92.0000			50.0000			
-31.4425			21.6550			6.5139			-3.2000			-286.0000			75.0000			65.0000			
-32.5606			17.6685			9.9233			-4.9000			-286.0000			58.0000			81.0000			
-29.7654			13.1125			13.9009			-2.7000			-283.0000			40.0000			96.0000			
-28.0883			13.6820			12.1962			-2.2000			-277.0000			21.0000			112.0000			
-29.7654			11.4040			15.0373			-3.3000			-270.0000			1.0000			127.0000			
-30.3244			9.1260			16.7420			-4.4000			-262.0000			-19.0000			150.0000			
-30.3244			9.1260			19.0149			-2.1000			-252.0000			-40.0000			171.0000			
-33.1196			9.1260			20.7196			-3.2000			-243.0000			-57.0000			183.0000			
-33.6787			9.1260			21.2879			-3.2000			-233.0000			-74.0000			193.0000			
-34.2377			8.5564			22.9926			-2.6000			-221.0000			-92.0000			201.0000			
-32.5606			6.2784			24.6973			-1.5000			-209.0000			-108.0000			208.0000			
-31.4425			2.2919			25.8337			-3.3000			-197.0000			-123.0000			213.0000			
-30.8835			0.0139			28.6749			-2.1000			-181.0000			-139.0000			218.0000			
-27.5292			-5.1116			30.3796			-2.2000			-165.0000			-156.0000			220.0000			
-24.7341			-5.1116			28.1066			-1.7000			-148.0000			-172.0000			223.0000			
-24.1750			-7.3897			29.8113			-1.7000			-129.0000			-186.0000			222.0000			
-20.8208			-10.8067			29.2431			-2.3000			-109.0000			-201.0000			220.0000			
-19.1437			-9.6677			28.1066			-0.7000			-90.0000			-214.0000			218.0000			
-18.0256			-12.5152			29.2431			-1.2000			-69.0000			-227.0000			213.0000			
-15.2304			-13.6542			27.5384			-1.3000			-48.0000			-237.0000			207.0000			
-14.1123			-14.7932			27.5384			-1.3000			-27.0000			-247.0000			199.0000			
-15.2304			-16.5017			30.3796			-1.3000			-6.0000			-256.0000			190.0000			
-14.1123			-18.2102			30.3796			-1.9000			11.0000			-261.0000			183.0000			
-12.4352			-18.7797			30.3796			-0.8000			28.0000			-267.0000			171.0000			
-10.7581			-19.3492			29.2431			-0.8000			46.0000			-270.0000			160.0000			
-4.0496			-22.7663			27.5384			0.7000			63.0000			-272.0000			148.0000			
0.4227			-26.1833			25.2655			-0.4000			82.0000			-275.0000			135.0000			
4.8950			-27.8918			22.9926			0.0000			100.0000			-276.0000			120.0000			
5.4540			-25.6138			20.7196			0.5000			115.0000			-274.0000			105.0000			
7.6902			-25.6138			17.8785			0.0000			132.0000			-270.0000			87.0000			
7.1312			-25.0443			15.6056			-2.3000			148.0000			-265.0000			69.0000			
12.1625			-23.9053			11.6279			-0.1000			161.0000			-260.0000			49.0000			
14.3987			-25.6138			11.0597			-0.1000			175.0000			-251.0000			31.0000			
14.9577			-26.1833			10.4915			-0.7000			185.0000			-241.0000			10.0000			
18.3119			-30.1698			9.9233			-1.9000			197.0000			-232.0000			-10.0000			
18.3119			-29.6003			10.4915			-0.7000			205.0000			-222.0000			-27.0000			
19.9890			-29.6003			8.2186			-1.3000			211.0000			-210.0000			-44.0000			
19.9890			-30.1698			7.0821			-3.1000			217.0000			-199.0000			-62.0000			
21.6662			-29.6003			4.8092			-3.1000			221.0000			-185.0000			-78.0000			
26.6975			-26.1833			-0.3049			0.2000			223.0000			-172.0000			-97.0000			
28.9337			-25.0443			-4.8508			-0.9000			224.0000			-157.0000			-122.0000			
28.3746			-23.3358			-7.1237			-2.0000			226.0000			-141.0000			-149.0000			
28.9337			-21.0578			-9.3966			-1.5000			224.0000			-124.0000			-167.0000			
27.2565			-17.0712			-13.9424			-3.7000			221.0000			-105.0000			-185.0000			
27.2565			-15.9322			-13.3742			-2.0000			215.0000			-86.0000			-201.0000			
28.9337			-14.7932			-16.2154			-2.0000			209.0000			-65.0000			-215.0000			
27.8156			-12.5152			-17.9201			-2.6000			201.0000			-46.0000			-226.0000			
29.4927			-11.3762			-19.6248			-1.5000			190.0000			-25.0000			-236.0000			
31.7289			-12.5152			-21.3295			-2.1000			182.0000			-5.0000			-247.0000			
30.6108			-11.3762			-21.3295			-2.0000			172.0000			10.0000			-255.0000			
31.7289			-10.8067			-23.0341			-2.1000			160.0000			27.0000			-262.0000			
30.6108			-9.0982			-24.1706			-2.6000			148.0000			43.0000			-268.0000			
30.0517			-6.2507			-26.4435			-2.6000			135.0000			59.0000			-274.0000			
27.8156			-2.2641			-29.2847			-3.7000			120.0000			76.0000			-279.0000			
25.5794			2.2919			-30.4211			-2.5000			104.0000			93.0000			-281.0000			
22.7842			2.8614			-29.2847			-3.6000			86.0000			109.0000			-283.0000			
22.2252			5.1394			-29.2847			-1.9000			67.0000			124.0000			-283.0000			
18.8710			7.4174			-29.2847			-2.9000			47.0000			140.0000			-281.0000			
16.6348			7.4174			-27.5800			-3.5000			28.0000			150.0000			-278.0000			
16.0758			9.1260			-28.1482			-2.9000			8.0000			164.0000			-273.0000			
13.2806			11.4040			-27.5800			-2.8000			-15.0000			175.0000			-267.0000			
12.7215			12.5430			-28.7165			-3.4000			-37.0000			184.0000			-259.0000			
13.8396			14.2515			-29.8529			-1.7000			-55.0000			194.0000			-251.0000			
12.1625			14.8210			-30.4211			-3.4000			-72.0000			199.0000			-241.0000			
9.9263			16.5295			-30.4211			-3.9000			-91.0000			204.0000			-232.0000			
8.8083			17.6685			-30.4211			-3.9000			-108.0000			207.0000			-221.0000			
3.7769			20.5160			-28.1482			-3.8000			-125.0000			209.0000			-210.0000			
-2.3725			22.2245			-25.3071			-5.4000			-142.0000			210.0000			-196.0000			
-6.8448			25.6416			-21.8977			-3.0000			-162.0000			210.0000			-182.0000			
-9.0810			23.9331			-20.7612			-5.9000			-179.0000			208.0000			-167.0000			
-9.0810			22.7940			-18.4883			-4.7000			-195.0000			205.0000			-149.0000			
-8.5219			22.7940			-16.7836			-2.5000			-210.0000			199.0000			-131.0000			
-12.9942			20.5160			-11.6695			-4.1000			-223.0000			191.0000			-113.0000			
-15.2304			22.7940			-11.1013			-3.5000			-237.0000			185.0000			-93.0000			
-16.9075			22.7940			-10.5331			-4.6000			-248.0000			173.0000			-72.0000			
-19.1437			26.7806			-10.5331			-2.8000			-259.0000			162.0000			-52.0000			
