45.9422			-23.6070			-21.4400			0.8000			81.0000			200.0000			-161.0000			
44.8139			-19.6146			-25.3443			-0.1000			74.0000			214.0000			-160.0000			
43.6857			-16.1924			-28.1332			-0.6000			65.0000			226.0000			-165.0000			
41.9933			-12.7703			-29.8065			-0.5000			58.0000			236.0000			-168.0000			
41.4291			-9.3482			-32.0375			0.0000			49.0000			243.0000			-172.0000			
37.4802			-5.3557			-32.5953			-0.4000			40.0000			249.0000			-175.0000			
36.3520			-1.9336			-33.7108			0.7000			31.0000			254.0000			-174.0000			
35.7878			0.3478			-37.0574			-0.9000			20.0000			258.0000			-173.0000			
33.5313			6.6217			-39.8462			0.3000			8.0000			261.0000			-171.0000			
31.8389			8.9031			-40.4040			0.3000			-1.0000			262.0000			-171.0000			
30.1465			10.6141			-40.4040			0.3000			-11.0000			262.0000			-170.0000			
27.8900			16.3176			-44.3084			0.0000			-21.0000			260.0000			-165.0000			
26.1976			20.8805			-48.2127			-1.1000			-31.0000			256.0000			-161.0000			
24.5052			23.7322			-49.3283			-1.0000			-42.0000			251.0000			-155.0000			
23.3770			24.8729			-49.3283			-1.0000			-54.0000			243.0000			-146.0000			
19.4281			27.1543			-48.2127			-1.6000			-64.0000			235.0000			-138.0000			
15.4792			30.0061			-46.5394			-1.0000			-74.0000			225.0000			-129.0000			
11.5303			30.5764			-43.1928			-1.0000			-83.0000			215.0000			-122.0000			
8.7096			31.7172			-41.5195			-1.0000			-90.0000			201.0000			-113.0000			
5.3248			32.2875			-39.2885			-1.6000			-98.0000			187.0000			-101.0000			
1.3759			33.4282			-37.0574			-2.2000			-106.0000			172.0000			-90.0000			
-0.8806			36.2800			-35.9419			-0.5000			-116.0000			154.0000			-78.0000			
-5.9578			40.2724			-35.9419			-1.6000			-124.0000			136.0000			-65.0000			
-7.0860			39.7021			-34.2686			-1.6000			-132.0000			119.0000			-53.0000			
-11.5991			40.8428			-31.4798			-2.2000			-135.0000			102.0000			-42.0000			
-16.1121			45.4056			-30.3642			-1.0000			-141.0000			83.0000			-29.0000			
-18.3686			47.1167			-29.8065			-1.0000			-139.0000			63.0000			-15.0000			
-21.1893			47.1167			-27.5754			-1.6000			-134.0000			41.0000			-1.0000			
-23.4458			45.9760			-23.6710			-1.1000			-135.0000			19.0000			14.0000			
-25.1382			44.8353			-19.7667			0.0000			-136.0000			-3.0000			28.0000			
-26.8306			42.5538			-16.4201			-0.6000			-137.0000			-23.0000			42.0000			
-29.6512			41.9835			-12.5157			-0.1000			-137.0000			-44.0000			54.0000			
-30.7795			40.2724			-9.7269			-0.2000			-137.0000			-64.0000			67.0000			
-32.4719			39.1317			-6.9381			-0.2000			-134.0000			-84.0000			78.0000			
-35.2925			38.5614			-3.5915			-0.3000			-131.0000			-105.0000			91.0000			
-36.4208			35.1393			1.4284			0.1000			-128.0000			-124.0000			98.0000			
-36.9849			32.8579			4.7750			0.6000			-125.0000			-142.0000			98.0000			
-37.5490			30.5764			7.0061			0.0000			-121.0000			-158.0000			105.0000			
-40.3697			28.2950			12.0260			0.0000			-117.0000			-174.0000			114.0000			
-44.8827			26.5840			17.6036			-0.6000			-112.0000			-190.0000			122.0000			
-46.0110			26.5840			19.8347			0.4000			-105.0000			-205.0000			130.0000			
-46.5751			24.3026			22.0658			-0.2000			-97.0000			-220.0000			139.0000			
-44.3186			18.5991			24.8546			-0.8000			-87.0000			-233.0000			148.0000			
-43.1903			15.7473			28.2012			0.7000			-79.0000			-246.0000			155.0000			
-42.0621			13.4659			29.8745			1.2000			-71.0000			-256.0000			159.0000			
-40.9338			9.4734			32.6633			1.1000			-63.0000			-263.0000			164.0000			
-37.5490			5.4809			32.1055			0.0000			-54.0000			-269.0000			166.0000			
-37.5490			2.6292			35.4521			0.5000			-43.0000			-273.0000			166.0000			
-36.4208			-1.3633			37.1254			-0.6000			-33.0000			-277.0000			165.0000			
-33.0360			-6.4965			39.9143			0.3000			-23.0000			-279.0000			164.0000			
-31.9077			-7.6372			41.0298			1.4000			-12.0000			-281.0000			164.0000			
-29.6512			-11.6296			41.0298			-0.2000			-4.0000			-281.0000			160.0000			
-27.3947			-16.1924			43.8186			0.2000			6.0000			-279.0000			158.0000			
-26.8306			-20.1849			47.7230			0.7000			17.0000			-275.0000			152.0000			
-24.0099			-23.0367			49.3963			2.3000			27.0000			-268.0000			146.0000			
-23.4458			-24.7477			49.3963			1.2000			39.0000			-262.0000			137.0000			
-19.4969			-27.5995			47.1652			0.0000			50.0000			-252.0000			130.0000			
-15.5480			-29.3105			45.4919			0.6000			59.0000			-242.0000			121.0000			
-11.0349			-31.0216			43.2609			1.2000			67.0000			-232.0000			112.0000			
-8.7784			-31.5920			42.1453			1.7000			75.0000			-219.0000			103.0000			
-5.9578			-32.1623			39.3565			1.2000			85.0000			-205.0000			92.0000			
-1.4447			-33.8734			37.1254			1.8000			92.0000			-189.0000			80.0000			
0.8118			-36.1548			37.1254			1.7000			90.0000			-172.0000			67.0000			
6.4531			-40.7176			34.8944			0.6000			91.0000			-154.0000			55.0000			
7.5814			-39.5769			33.2211			1.2000			95.0000			-137.0000			43.0000			
10.9661			-41.8583			31.5478			0.6000			101.0000			-120.0000			32.0000			
16.0433			-45.2804			30.9900			1.7000			104.0000			-100.0000			20.0000			
18.2998			-46.4211			29.3167			1.2000			108.0000			-80.0000			6.0000			
21.1205			-48.1322			27.6434			0.6000			116.0000			-58.0000			-10.0000			
23.3770			-45.8508			23.7391			1.2000			119.0000			-37.0000			-25.0000			
25.6335			-44.7101			19.8347			0.7000			123.0000			-15.0000			-39.0000			
27.3259			-42.4286			16.4881			1.3000			122.0000			7.0000			-51.0000			
29.5824			-41.8583			12.5837			0.3000			123.0000			26.0000			-65.0000			
31.2748			-40.7176			9.7949			0.3000			122.0000			47.0000			-76.0000			
32.9672			-39.0065			6.4483			0.4000			120.0000			66.0000			-87.0000			
34.6596			-37.8658			3.1017			-0.1000			118.0000			87.0000			-99.0000			
36.9161			-35.0141			-1.9182			0.0000			114.0000			107.0000			-112.0000			
36.9161			-32.7327			-4.7070			-0.5000			111.0000			124.0000			-126.0000			
37.4802			-30.4512			-6.9381			0.0000			108.0000			142.0000			-137.0000			
39.7368			-28.7402			-11.9580			-0.9000			103.0000			157.0000			-147.0000			
44.8139			-27.5995			-17.5356			-0.3000			97.0000			172.0000			-154.0000			
45.3780			-26.4588			-19.7667			-0.8000			89.0000			189.0000			-162.0000			
45.9422			-23.6070			-21.4400			0.8000			82.0000			201.0000			-161.0000			
44.8139			-19.6146			-25.3443			-0.1000			73.0000			216.0000			-161.0000			
44.2498			-15.6221			-28.1332			0.5000			64.0000			227.0000			-165.0000			
41.9933			-12.2000			-30.3642			-0.5000			57.0000			238.0000			-168.0000			
41.4291			-8.7779			-32.5953			0.0000			49.0000			246.0000			-172.0000			
38.0444			-5.3557			-32.0375			0.6000			39.0000			251.0000			-173.0000			
36.3520			-2.5040			-34.2686			-0.4000			30.0000			257.0000			-174.0000			
36.3520			0.3478			-37.6152			-0.9000			19.0000			260.0000			-172.0000			
32.4031			7.1920			-40.4040			-0.8000			9.0000			262.0000			-172.0000			
31.2748			8.3327			-41.5195			-1.9000			-2.0000			264.0000			-171.0000			
30.1465			10.6141			-40.4040			0.3000			-10.0000			263.0000			-169.0000			
27.8900			16.3176			-45.4239			-1.2000			-21.0000			261.0000			-165.0000			
26.7618			20.8805			-48.2127			-0.5000			-33.0000			257.0000			-161.0000			
24.5052			23.7322			-48.7705			-0.5000			-44.0000			251.0000			-154.0000			
22.2487			25.4433			-49.3283			-1.6000			-55.0000			243.0000			-146.0000			
18.8639			27.1543			-47.0972			-1.0000			-65.0000			234.0000			-138.0000			
14.9150			30.0061			-45.9817			-1.0000			-75.0000			225.0000			-129.0000			
11.5303			31.1468			-42.6351			0.0000			-83.0000			214.0000			-120.0000			
8.1455			31.1468			-40.4040			-1.1000			-92.0000			200.0000			-112.0000			
5.3248			32.2875			-38.7307			-1.1000			-99.0000			185.0000			-101.0000			
0.8118			33.9986			-36.4997			-1.6000			-106.0000			168.0000			-89.0000			
-0.8806			36.2800			-35.9419			-0.5000			-117.0000			152.0000			-76.0000			
-5.9578			40.2724			-35.3841			-1.0000			-125.0000			135.0000			-65.0000			
-7.6502			40.2724			-33.7108			-1.0000			-131.0000			118.0000			-52.0000			
-11.5991			42.5538			-31.4798			-0.5000			-137.0000			100.0000			-41.0000			
-16.6762			45.9760			-29.8065			-0.5000			-142.0000			80.0000			-27.0000			
-18.3686			47.6870			-30.3642			-1.0000			-139.0000			59.0000			-13.0000			
-20.6251			47.1167			-27.0176			-0.5000			-134.0000			37.0000			2.0000			
-23.4458			45.9760			-23.6710			-1.1000			-134.0000			14.0000			16.0000			
-25.7023			44.8353			-20.3244			-1.1000			-136.0000			-8.0000			30.0000			
-26.8306			42.5538			-15.8623			-0.1000			-136.0000			-28.0000			43.0000			
-30.2153			41.4131			-11.4002			-0.2000			-137.0000			-48.0000			55.0000			
-30.7795			40.2724			-9.7269			-0.2000			-136.0000			-68.0000			68.0000			
-33.0360			38.5614			-6.3803			-0.8000			-134.0000			-88.0000			79.0000			
-35.8566			37.4207			-3.0337			-1.4000			-131.0000			-109.0000			91.0000			
-36.9849			34.5689			2.5440			0.1000			-128.0000			-128.0000			98.0000			
-37.5490			32.2875			4.7750			-0.4000			-125.0000			-147.0000			98.0000			
-37.5490			30.5764			7.0061			0.0000			-122.0000			-164.0000			105.0000			
-41.4979			28.2950			12.0260			-1.1000			-117.0000			-180.0000			115.0000			
-44.3186			26.5840			18.1614			0.4000			-110.0000			-195.0000			122.0000			
-46.0110			26.5840			20.9502			1.5000			-103.0000			-210.0000			130.0000			
-46.5751			23.7322			22.0658			-0.7000			-95.0000			-225.0000			141.0000			
-44.8827			18.5991			25.4124			-0.8000			-88.0000			-239.0000			150.0000			
-44.3186			15.7473			28.2012			-0.3000			-78.0000			-250.0000			155.0000			
-42.0621			12.3252			30.4322			0.6000			-71.0000			-260.0000			159.0000			
-40.3697			9.4734			32.1055			1.2000			-63.0000			-267.0000			164.0000			
-38.6773			4.9106			32.1055			-1.6000			-53.0000			-273.0000			166.0000			
-37.5490			2.0588			35.4521			0.0000			-43.0000			-278.0000			165.0000			
-35.8566			-0.2226			36.5677			0.4000			-33.0000			-281.0000			164.0000			
-33.0360			-6.4965			40.4720			0.9000			-21.0000			-283.0000			163.0000			
-31.9077			-8.7779			40.4720			-0.2000			-12.0000			-283.0000			164.0000			
-29.6512			-11.6296			41.0298			-0.2000			-3.0000			-284.0000			162.0000			
-27.9588			-16.1924			44.3764			0.2000			7.0000			-281.0000			158.0000			
-26.8306			-20.7553			48.2808			0.6000			18.0000			-277.0000			152.0000			
-24.5740			-24.1774			48.8385			0.0000			29.0000			-271.0000			144.0000			
-22.8817			-25.3181			48.8385			0.6000			40.0000			-264.0000			137.0000			
-18.9327			-27.5995			46.6075			0.0000			51.0000			-253.0000			128.0000			
-15.5480			-29.8809			45.4919			0.0000			59.0000			-245.0000			120.0000			
-11.0349			-29.8809			42.1453			1.2000			69.0000			-232.0000			112.0000			
-9.3425			-31.5920			41.0298			0.0000			78.0000			-220.0000			103.0000			
-4.8295			-32.7327			38.7987			1.2000			84.0000			-205.0000			92.0000			
-1.4447			-33.8734			36.0099			0.6000			92.0000			-188.0000			79.0000			
1.3759			-36.7251			36.0099			0.6000			91.0000			-171.0000			66.0000			
5.8890			-39.5769			34.8944			1.2000			91.0000			-153.0000			55.0000			
7.5814			-39.0065			33.2211			1.7000			95.0000			-135.0000			43.0000			
11.5303			-41.8583			30.9900			0.6000			101.0000			-117.0000			31.0000			
16.6074			-45.8508			30.4322			1.1000			105.0000			-98.0000			18.0000			
18.2998			-46.4211			28.7590			0.6000			110.0000			-77.0000			4.0000			
21.6846			-48.1322			27.0857			0.6000			117.0000			-55.0000			-11.0000			
23.3770			-46.4211			23.7391			0.6000			120.0000			-33.0000			-26.0000			
25.6335			-44.7101			19.8347			0.7000			122.0000			-9.0000			-41.0000			
27.3259			-42.4286			15.9303			0.8000			123.0000			10.0000			-52.0000			
30.1465			-41.8583			12.5837			0.8000			124.0000			29.0000			-66.0000			
31.2748			-40.1472			9.2371			0.3000			122.0000			50.0000			-77.0000			
33.5313			-38.4362			5.8906			0.9000			120.0000			71.0000			-90.0000			
35.7878			-37.8658			3.1017			1.0000			117.0000			92.0000			-101.0000			
37.4802			-34.4437			-1.9182			1.1000			115.0000			111.0000			-113.0000			
36.3520			-31.5920			-4.7070			0.0000			111.0000			130.0000			-127.0000			
38.0444			-30.4512			-7.4958			0.1000			107.0000			147.0000			-138.0000			
41.4291			-28.7402			-11.9580			0.7000			102.0000			162.0000			-147.0000			
44.8139			-27.0291			-17.5356			0.2000			95.0000			178.0000			-156.0000			
45.3780			-26.4588			-19.7667			-0.8000			88.0000			193.0000			-163.0000			
45.9422			-23.6070			-22.5555			-0.2000			81.0000			207.0000			-161.0000			
44.8139			-19.0442			-25.3443			0.4000			73.0000			221.0000			-161.0000			
43.6857			-15.0517			-28.6909			0.0000			64.0000			233.0000			-165.0000			
41.9933			-12.7703			-30.3642			-1.1000			57.0000			242.0000			-169.0000			
40.8650			-9.3482			-32.5953			-1.0000			48.0000			248.0000			-173.0000			
37.4802			-4.7854			-32.5953			0.1000			40.0000			255.0000			-173.0000			
36.9161			-1.9336			-34.8264			0.1000			29.0000			259.0000			-174.0000			
35.7878			0.9181			-37.6152			-0.9000			17.0000			262.0000			-173.0000			
32.4031			7.1920			-39.8462			-0.2000			8.0000			265.0000			-172.0000			
31.2748			7.7624			-40.4040			-1.3000			-2.0000			264.0000			-171.0000			
29.0183			12.3252			-40.4040			0.9000			-12.0000			264.0000			-170.0000			
27.3259			16.3176			-44.8661			-1.2000			-22.0000			261.0000			-166.0000			
26.1976			20.8805			-47.6550			-0.5000			-33.0000			258.0000			-160.0000			
25.0694			23.7322			-49.3283			-0.5000			-45.0000			252.0000			-152.0000			
22.2487			25.4433			-48.7705			-1.0000			-56.0000			245.0000			-145.0000			
18.8639			26.5840			-46.5394			-1.0000			-66.0000			235.0000			-137.0000			
14.9150			30.0061			-45.9817			-1.0000			-75.0000			224.0000			-128.0000			
10.9661			30.5764			-42.6351			-1.0000			-85.0000			213.0000			-119.0000			
8.1455			31.7172			-40.4040			-0.5000			-92.0000			200.0000			-110.0000			
4.1966			32.8579			-38.1729			-1.1000			-100.0000			185.0000			-99.0000			
0.8118			33.9986			-37.0574			-2.2000			-107.0000			169.0000			-87.0000			
-2.0089			36.8503			-35.9419			-1.0000			-117.0000			151.0000			-74.0000			
-5.9578			40.2724			-35.3841			-1.0000			-124.0000			135.0000			-63.0000			
-7.6502			39.7021			-33.1531			-1.0000			-132.0000			117.0000			-50.0000			
-11.5991			41.9835			-30.9220			-0.5000			-137.0000			98.0000			-38.0000			
-16.6762			45.4056			-30.3642			-1.6000			-142.0000			79.0000			-25.0000			
-19.4969			47.6870			-29.2487			-1.0000			-137.0000			59.0000			-11.0000			
-21.1893			47.1167			-27.5754			-1.6000			-132.0000			36.0000			4.0000			
-24.0099			45.9760			-23.6710			-1.7000			-133.0000			14.0000			18.0000			
-26.8306			44.8353			-18.6511			-0.6000			-135.0000			-7.0000			33.0000			
-27.9588			41.9835			-15.3046			-1.2000			-135.0000			-27.0000			47.0000			
-30.2153			41.4131			-12.5157			-1.3000			-135.0000			-46.0000			59.0000			
-31.9077			40.2724			-9.7269			-1.3000			-133.0000			-68.0000			72.0000			
-33.0360			37.9910			-6.3803			-1.4000			-132.0000			-88.0000			84.0000			
-35.2925			37.4207			-2.4759			-0.3000			-129.0000			-110.0000			95.0000			
-36.9849			33.9986			2.5440			-0.4000			-126.0000			-129.0000			102.0000			
-37.5490			32.2875			4.7750			-0.4000			-122.0000			-146.0000			103.0000			
-37.5490			30.0061			7.5638			0.0000			-119.0000			-162.0000			109.0000			
-41.4979			27.7247			13.1415			-0.6000			-113.0000			-177.0000			118.0000			
-45.4468			26.5840			17.6036			-1.2000			-107.0000			-192.0000			128.0000			
-46.0110			26.5840			19.8347			0.4000			-99.0000			-208.0000			136.0000			
-46.5751			23.7322			22.6235			-0.2000			-92.0000			-222.0000			144.0000			
-44.3186			18.0287			25.4124			-0.8000			-83.0000			-235.0000			155.0000			
-43.7545			14.6066			28.7590			-0.3000			-75.0000			-246.0000			161.0000			
-42.0621			12.3252			30.4322			0.6000			-66.0000			-255.0000			166.0000			
-40.9338			8.9031			32.1055			0.0000			-59.0000			-261.0000			170.0000			
-37.5490			3.7699			32.6633			-1.1000			-49.0000			-267.0000			172.0000			
-37.5490			1.4885			35.4521			-0.6000			-39.0000			-271.0000			173.0000			
-35.2925			-1.3633			37.1254			0.4000			-26.0000			-274.0000			172.0000			
-33.0360			-7.0668			40.4720			0.3000			-16.0000			-276.0000			171.0000			
-32.4719			-8.7779			41.0298			-0.2000			-6.0000			-276.0000			171.0000			
-29.6512			-11.6296			41.5876			0.3000			4.0000			-274.0000			169.0000			
-27.3947			-16.7628			44.3764			0.2000			15.0000			-270.0000			167.0000			
-26.2664			-20.1849			48.2808			1.8000			27.0000			-266.0000			160.0000			
-25.1382			-23.6070			48.8385			0.0000			36.0000			-259.0000			154.0000			
-22.8817			-25.3181			48.2808			0.0000			48.0000			-250.0000			147.0000			
-18.3686			-27.5995			47.1652			1.2000			59.0000			-240.0000			140.0000			
-14.4197			-29.3105			45.4919			1.7000			69.0000			-230.0000			132.0000			
-11.0349			-31.0216			42.7031			0.6000			75.0000			-221.0000			121.0000			
-8.2143			-31.0216			41.5876			2.3000			79.0000			-212.0000			107.0000			
70.1998			53.9609			153.1407			277.3000			-65.0000			-356.0000			-24.0000			
-43.7545			-73.2277			-4.7070			-121.6000			-73.0000			-422.0000			-99.0000			
-0.8806			-49.8432			33.7788			-16.9000			-65.0000			-425.0000			-146.0000			
11.5303			-39.0065			29.8745			2.4000			30.0000			-313.0000			-44.0000			
3.0683			-44.7101			30.9900			-10.6000			21.0000			-276.0000			-61.0000			
14.3509			-38.4362			33.7788			9.6000			30.0000			-241.0000			-81.0000			
16.6074			-45.2804			29.3167			0.6000			57.0000			-189.0000			-64.0000			
18.2998			-46.9915			29.3167			0.6000			49.0000			-168.0000			-91.0000			
21.1205			-46.4211			27.6434			2.3000			63.0000			-135.0000			-101.0000			
21.6846			-47.5618			20.9502			-4.9000			71.0000			-105.0000			-106.0000			
26.1976			-44.7101			18.1614			-0.3000			69.0000			-84.0000			-127.0000			
27.3259			-42.9990			14.2570			-1.4000			76.0000			-57.0000			-134.0000			
29.0183			-42.9990			10.3527			-3.6000			77.0000			-35.0000			-143.0000			
31.2748			-39.5769			8.6794			0.3000			73.0000			-14.0000			-159.0000			
31.8389			-39.0065			4.2173			-2.9000			76.0000			9.0000			-165.0000			
34.6596			-37.8658			1.4284			-1.7000			73.0000			31.0000			-176.0000			
35.7878			-33.3030			-3.0337			-0.5000			69.0000			51.0000			-189.0000			
36.3520			-31.5920			-5.8225			-1.0000			67.0000			71.0000			-201.0000			
36.3520			-31.0216			-8.0536			-2.7000			63.0000			88.0000			-209.0000			
40.8650			-28.7402			-13.0735			-0.9000			60.0000			104.0000			-218.0000			
44.2498			-27.0291			-18.6511			-1.4000			55.0000			122.0000			-225.0000			
45.3780			-26.4588			-19.7667			-0.8000			47.0000			137.0000			-232.0000			
44.8139			-23.6070			-22.5555			-1.3000			38.0000			154.0000			-230.0000			
43.6857			-19.6146			-27.0176			-2.9000			33.0000			168.0000			-228.0000			
43.1215			-16.1924			-29.2487			-2.3000			25.0000			181.0000			-231.0000			
41.4291			-12.7703			-31.4798			-2.8000			18.0000			191.0000			-234.0000			
39.1726			-8.7779			-33.7108			-3.3000			9.0000			200.0000			-236.0000			
36.3520			-4.7854			-33.7108			-2.1000			1.0000			207.0000			-236.0000			
35.7878			-1.9336			-35.9419			-2.0000			-9.0000			213.0000			-235.0000			
36.9161			0.3478			-38.7307			-1.4000			-20.0000			217.0000			-233.0000			
31.8389			7.1920			-41.5195			-2.4000			-29.0000			221.0000			-231.0000			
30.7107			8.3327			-41.5195			-2.4000			-38.0000			223.0000			-229.0000			
27.8900			11.7548			-42.0773			-2.4000			-48.0000			223.0000			-227.0000			
27.8900			16.8880			-46.5394			-1.7000			-57.0000			222.0000			-222.0000			
25.6335			21.4508			-48.7705			-1.6000			-67.0000			220.0000			-216.0000			
23.9411			23.7322			-49.3283			-1.6000			-77.0000			215.0000			-207.0000			
21.6846			25.4433			-48.7705			-1.6000			-87.0000			207.0000			-199.0000			
18.2998			27.1543			-47.6550			-2.1000			-97.0000			200.0000			-188.0000			
14.3509			30.0061			-46.5394			-2.1000			-106.0000			192.0000			-181.0000			
9.8379			30.5764			-43.7506			-3.3000			-113.0000			182.0000			-171.0000			
7.5814			31.7172			-42.0773			-2.7000			-122.0000			170.0000			-161.0000			
3.0683			32.2875			-39.2885			-3.9000			-129.0000			155.0000			-148.0000			
-0.3165			33.9986			-37.0574			-3.3000			-136.0000			141.0000			-135.0000			
-3.7012			37.4207			-35.9419			-2.2000			-145.0000			124.0000			-121.0000			
-5.9578			40.2724			-35.9419			-1.6000			-152.0000			108.0000			-108.0000			
-8.2143			39.7021			-33.7108			-2.2000			-158.0000			93.0000			-94.0000			
-13.8556			42.5538			-31.4798			-2.7000			-162.0000			75.0000			-82.0000			
-17.2404			46.5463			-31.4798			-2.1000			-167.0000			56.0000			-69.0000			
-18.9327			46.5463			-29.2487			-1.6000			-163.0000			36.0000			-53.0000			
-21.1893			47.1167			-28.6909			-2.7000			-158.0000			15.0000			-38.0000			
-24.5740			45.4056			-24.2288			-3.4000			-157.0000			-5.0000			-23.0000			
-26.8306			44.2649			-20.3244			-2.8000			-158.0000			-25.0000			-7.0000			
-28.5230			41.9835			-15.8623			-2.4000			-158.0000			-46.0000			7.0000			
-30.7795			41.9835			-12.5157			-1.3000			-157.0000			-64.0000			19.0000			
-31.9077			40.2724			-9.7269			-1.3000			-155.0000			-84.0000			32.0000			
-34.1643			38.5614			-7.4958			-3.0000			-152.0000			-104.0000			46.0000			
-36.4208			37.4207			-2.4759			-1.4000			-149.0000			-124.0000			59.0000			
-38.6773			34.5689			1.9862			-2.1000			-144.0000			-142.0000			63.0000			
-37.5490			32.2875			4.2173			-1.0000			-142.0000			-160.0000			67.0000			
-38.1132			30.0061			7.0061			-1.1000			-137.0000			-175.0000			75.0000			
-42.0621			27.7247			13.1415			-1.2000			-132.0000			-189.0000			85.0000			
-46.5751			26.5840			17.6036			-2.3000			-125.0000			-205.0000			93.0000			
-46.5751			25.4433			19.8347			-1.2000			-117.0000			-219.0000			102.0000			
-46.0110			23.1619			22.0658			-0.7000			-109.0000			-233.0000			113.0000			
-44.8827			18.0287			24.8546			-1.9000			-100.0000			-246.0000			123.0000			
-43.7545			15.1769			27.6434			-0.9000			-92.0000			-256.0000			130.0000			
-42.6262			11.7548			30.4322			-0.4000			-83.0000			-266.0000			135.0000			
-40.3697			8.3327			30.9900			-1.0000			-74.0000			-272.0000			138.0000			
-37.5490			4.3402			32.6633			-0.5000			-65.0000			-278.0000			140.0000			
-38.1132			2.0588			35.4521			-0.6000			-53.0000			-281.0000			141.0000			
-36.9849			-1.3633			36.5677			-1.7000			-42.0000			-285.0000			141.0000			
-33.0360			-7.6372			40.4720			-0.2000			-33.0000			-287.0000			141.0000			
-32.4719			-9.9186			41.0298			-1.3000			-22.0000			-287.0000			141.0000			
-30.2153			-12.7703			41.0298			-1.9000			-11.0000			-286.0000			139.0000			
-27.9588			-17.9035			45.4919			-0.3000			-1.0000			-283.0000			136.0000			
-26.8306			-21.3256			47.7230			-0.4000			10.0000			-278.0000			129.0000			
-25.1382			-23.6070			48.2808			-0.4000			22.0000			-272.0000			123.0000			
-22.3175			-25.8884			48.2808			0.0000			32.0000			-264.0000			115.0000			
-18.9327			-27.5995			46.0497			-0.4000			42.0000			-256.0000			107.0000			
-14.4197			-29.8809			44.3764			0.0000			52.0000			-244.0000			99.0000			
-11.0349			-31.0216			41.5876			-0.4000			61.0000			-233.0000			91.0000			
-8.2143			-31.5920			40.4720			0.6000			71.0000			-219.0000			82.0000			
-4.8295			-33.3030			38.2410			0.1000			77.0000			-206.0000			71.0000			
-0.8806			-33.8734			36.0099			1.2000			85.0000			-188.0000			60.0000			
2.5042			-37.8658			35.4521			0.0000			81.0000			-170.0000			47.0000			
5.3248			-40.1472			34.3366			-0.4000			83.0000			-153.0000			35.0000			
7.5814			-39.5769			32.6633			0.6000			88.0000			-137.0000			25.0000			
12.6585			-42.4286			30.9900			1.2000			93.0000			-118.0000			13.0000			
16.6074			-46.9915			28.7590			-1.6000			97.0000			-99.0000			-1.0000			
18.8639			-47.5618			28.2012			-0.4000			104.0000			-77.0000			-15.0000			
21.1205			-48.1322			26.5279			-0.4000			111.0000			-55.0000			-29.0000			
23.9411			-46.4211			22.0658			-0.4000			113.0000			-34.0000			-43.0000			
25.6335			-45.2804			18.7192			-0.9000			115.0000			-13.0000			-57.0000			
27.3259			-41.2879			14.8148			0.8000			117.0000			8.0000			-70.0000			
30.1465			-41.2879			10.9104			-0.2000			117.0000			28.0000			-83.0000			
31.2748			-39.5769			8.1216			-0.1000			116.0000			49.0000			-95.0000			
33.5313			-39.0065			4.2173			-1.2000			112.0000			69.0000			-106.0000			
35.2237			-36.7251			0.8707			-0.6000			110.0000			89.0000			-118.0000			
36.9161			-33.3030			-3.0337			0.5000			107.0000			109.0000			-131.0000			
36.9161			-32.1623			-6.3803			-1.6000			104.0000			127.0000			-142.0000			
37.4802			-29.8809			-8.0536			-0.4000			100.0000			143.0000			-153.0000			
41.4291			-28.1698			-13.6313			-0.3000			95.0000			158.0000			-161.0000			
44.8139			-26.4588			-18.6511			-0.2000			88.0000			174.0000			-170.0000			
45.9422			-25.3181			-21.4400			-0.8000			82.0000			190.0000			-178.0000			
45.3780			-22.4663			-23.1133			-0.2000			73.0000			204.0000			-177.0000			
43.6857			-18.4739			-27.0176			-1.8000			65.0000			217.0000			-175.0000			
43.1215			-14.4814			-29.2487			-0.6000			58.0000			229.0000			-178.0000			
41.4291			-11.6296			-30.9220			-1.1000			50.0000			237.0000			-182.0000			
39.1726			-8.2075			-32.5953			-1.6000			41.0000			245.0000			-185.0000			
35.7878			-4.2150			-33.7108			-2.1000			32.0000			251.0000			-186.0000			
37.4802			-2.5040			-35.9419			-0.9000			22.0000			255.0000			-186.0000			
35.2237			0.3478			-38.1729			-2.5000			11.0000			258.0000			-184.0000			
31.2748			8.3327			-41.5195			-1.9000			0.0000			261.0000			-183.0000			
30.7107			9.4734			-40.9618			-0.7000			-9.0000			262.0000			-182.0000			
27.8900			11.1845			-43.1928			-4.1000			-16.0000			264.0000			-179.0000			
28.4542			19.7398			-45.9817			2.2000			-29.0000			260.0000			-170.0000			
31.2748			27.7247			-46.5394			12.4000			-53.0000			238.0000			-181.0000			
30.7107			28.2950			-41.5195			17.4000			-71.0000			221.0000			-186.0000			
18.2998			21.4508			-52.1171			-12.3000			-68.0000			222.0000			-165.0000			
16.6074			26.5840			-48.2127			-5.0000			-76.0000			219.0000			-152.0000			
15.4792			32.2875			-44.8661			2.9000			-90.0000			207.0000			-148.0000			
8.7096			29.4357			-43.7506			-5.6000			-93.0000			201.0000			-136.0000			
7.5814			31.1468			-41.5195			-2.7000			-102.0000			189.0000			-126.0000			
3.6324			32.2875			-38.1729			-2.2000			-111.0000			174.0000			-116.0000			
0.2477			33.9986			-37.0574			-2.8000			-116.0000			159.0000			-101.0000			
-4.2654			37.9910			-36.4997			-2.7000			-126.0000			143.0000			-88.0000			
-5.9578			40.2724			-35.9419			-1.6000			-133.0000			126.0000			-76.0000			
-8.2143			39.1317			-33.1531			-2.2000			-139.0000			109.0000			-65.0000			
-13.8556			42.5538			-30.9220			-2.2000			-145.0000			92.0000			-52.0000			
-18.3686			46.5463			-31.4798			-3.3000			-149.0000			71.0000			-38.0000			
-20.6251			47.1167			-29.2487			-2.7000			-145.0000			51.0000			-23.0000			
-22.3175			47.6870			-27.5754			-2.1000			-140.0000			30.0000			-8.0000			
-25.1382			45.4056			-23.1133			-2.8000			-140.0000			8.0000			6.0000			
-26.8306			44.2649			-19.7667			-2.3000			-141.0000			-12.0000			20.0000			
-28.5230			41.4131			-14.7468			-1.8000			-142.0000			-33.0000			34.0000			
-31.3436			41.9835			-12.5157			-1.8000			-142.0000			-52.0000			46.0000			
-31.9077			39.7021			-9.7269			-1.9000			-140.0000			-73.0000			60.0000			
-33.0360			37.9910			-6.9381			-1.9000			-137.0000			-94.0000			71.0000			
-35.8566			36.2800			-1.9182			-1.4000			-134.0000			-113.0000			83.0000			
-37.5490			33.9986			2.5440			-0.9000			-131.0000			-132.0000			86.0000			
-37.5490			31.7172			4.2173			-1.6000			-128.0000			-150.0000			90.0000			
-38.6773			28.2950			8.1216			-2.2000			-124.0000			-165.0000			97.0000			
-42.6262			27.7247			13.6993			-1.2000			-119.0000			-180.0000			106.0000			
-46.5751			26.5840			17.6036			-2.3000			-111.0000			-196.0000			115.0000			
-46.5751			26.0136			20.3925			-0.1000			-104.0000			-212.0000			125.0000			
-47.1392			22.5915			22.0658			-2.4000			-95.0000			-226.0000			135.0000			
-45.4468			18.0287			25.9701			-1.4000			-88.0000			-238.0000			143.0000			
-43.7545			14.6066			28.2012			-0.9000			-79.0000			-248.0000			148.0000			
-42.0621			10.6141			30.4322			-1.0000			-71.0000			-258.0000			153.0000			
-40.9338			7.7624			31.5478			-1.6000			-62.0000			-265.0000			156.0000			
-37.5490			4.3402			32.6633			-0.5000			-52.0000			-270.0000			158.0000			
-37.5490			0.9181			35.4521			-1.1000			-43.0000			-274.0000			158.0000			
-35.8566			-1.3633			37.1254			0.0000			-32.0000			-278.0000			157.0000			
-33.0360			-8.2075			39.9143			-1.3000			-21.0000			-280.0000			157.0000			
-31.3436			-9.3482			40.4720			-0.2000			-11.0000			-280.0000			155.0000			
-29.6512			-13.9110			42.1453			-1.4000			-1.0000			-278.0000			154.0000			
-28.5230			-17.9035			45.4919			-0.9000			10.0000			-276.0000			149.0000			
-26.8306			-22.4663			47.7230			-1.5000			22.0000			-272.0000			144.0000			
-25.1382			-24.1774			48.8385			-0.4000			32.0000			-265.0000			137.0000			
-21.7534			-26.4588			47.1652			-1.0000			43.0000			-257.0000			128.0000			
-17.8045			-28.1698			46.0497			0.0000			54.0000			-248.0000			121.0000			
-13.2914			-30.4512			44.9342			1.1000			63.0000			-237.0000			111.0000			
-9.9067			-31.0216			41.5876			0.6000			71.0000			-225.0000			104.0000			
-8.2143			-32.1623			39.9143			-0.4000			79.0000			-213.0000			95.0000			
-4.2654			-33.3030			37.6832			0.1000			87.0000			-197.0000			82.0000			
-0.8806			-35.0141			35.4521			-0.4000			93.0000			-180.0000			70.0000			
1.9401			-39.0065			36.0099			-1.0000			90.0000			-163.0000			58.0000			
5.8890			-40.7176			34.3366			-0.4000			93.0000			-145.0000			47.0000			
7.5814			-39.5769			31.5478			-0.4000			97.0000			-129.0000			35.0000			
13.2227			-43.5694			29.8745			-0.4000			103.0000			-111.0000			22.0000			
17.1716			-46.9915			29.8745			0.0000			106.0000			-90.0000			9.0000			
18.8639			-47.5618			28.2012			-0.4000			113.0000			-70.0000			-5.0000			
21.6846			-48.1322			26.5279			0.0000			118.0000			-47.0000			-19.0000			
23.9411			-46.4211			21.5080			-0.9000			122.0000			-25.0000			-33.0000			
26.1976			-44.7101			18.1614			-0.3000			124.0000			-4.0000			-48.0000			
27.3259			-41.8583			13.1415			-1.3000			125.0000			16.0000			-61.0000			
30.1465			-41.8583			10.9104			-0.8000			124.0000			37.0000			-73.0000			
31.2748			-40.7176			8.6794			-0.7000			123.0000			56.0000			-84.0000			
32.9672			-39.0065			4.7750			-1.2000			121.0000			77.0000			-97.0000			
34.6596			-36.7251			0.3129			-1.7000			118.0000			97.0000			-108.0000			
37.4802			-33.8734			-4.1492			-0.5000			114.0000			117.0000			-122.0000			
36.9161			-32.1623			-6.3803			-1.6000			112.0000			134.0000			-133.0000			
37.4802			-29.8809			-9.1691			-1.5000			107.0000			151.0000			-143.0000			
41.9933			-28.7402			-15.3046			-2.0000			102.0000			165.0000			-153.0000			
45.3780			-27.0291			-18.6511			-0.3000			95.0000			182.0000			-161.0000			
45.9422			-25.8884			-20.8822			-0.8000			88.0000			196.0000			-161.0000			
44.8139			-21.3256			-24.2288			-0.7000			81.0000			211.0000			-159.0000			
43.1215			-17.9035			-27.0176			-1.8000			73.0000			223.0000			-163.0000			
42.5574			-15.0517			-29.2487			-1.7000			65.0000			235.0000			-168.0000			
40.8650			-11.6296			-30.9220			-1.6000			58.0000			244.0000			-171.0000			
39.1726			-8.2075			-33.1531			-2.1000			48.0000			251.0000			-174.0000			
35.7878			-4.2150			-33.7108			-2.1000			38.0000			258.0000			-176.0000			
37.4802			-1.3633			-36.4997			-0.3000			27.0000			260.0000			-175.0000			
35.7878			1.4885			-38.7307			-1.4000			18.0000			264.0000			-175.0000			
31.2748			8.3327			-42.0773			-2.4000			8.0000			267.0000			-172.0000			
30.7107			8.3327			-41.5195			-2.4000			-2.0000			268.0000			-172.0000			
28.4542			12.3252			-42.0773			-1.3000			-12.0000			267.0000			-170.0000			
27.3259			18.0287			-47.0972			-1.7000			-23.0000			264.0000			-165.0000			
25.6335			21.4508			-49.3283			-2.2000			-35.0000			259.0000			-160.0000			
24.5052			23.7322			-50.4438			-2.2000			-45.0000			252.0000			-151.0000			
21.1205			26.0136			-48.7705			-1.6000			-56.0000			244.0000			-144.0000			
16.6074			27.7247			-47.6550			-3.3000			-65.0000			235.0000			-134.0000			
13.2227			30.0061			-45.4239			-2.1000			-75.0000			226.0000			-126.0000			
9.8379			31.1468			-42.6351			-1.6000			-84.0000			215.0000			-117.0000			
7.0172			31.1468			-40.4040			-2.2000			-92.0000			199.0000			-107.0000			
3.0683			32.8579			-38.1729			-2.2000			-99.0000			184.0000			-97.0000			
-0.3165			34.5689			-37.0574			-2.8000			-108.0000			168.0000			-84.0000			
-4.8295			38.5614			-37.0574			-3.3000			-117.0000			151.0000			-71.0000			
-6.5219			39.7021			-35.3841			-2.2000			-123.0000			135.0000			-58.0000			
-8.7784			39.7021			-33.1531			-2.2000			-130.0000			117.0000			-46.0000			
-13.8556			43.6946			-31.4798			-1.6000			-135.0000			99.0000			-34.0000			
-18.3686			47.1167			-30.3642			-1.6000			-139.0000			79.0000			-20.0000			
-20.0610			47.6870			-29.8065			-2.1000			-136.0000			57.0000			-5.0000			
-22.8817			47.6870			-27.5754			-2.7000			-130.0000			36.0000			8.0000			
-24.5740			45.4056			-22.5555			-1.7000			-132.0000			15.0000			23.0000			
-26.8306			44.2649			-18.0934			-0.6000			-130.0000			-6.0000			37.0000			
-29.0871			41.9835			-14.7468			-1.8000			-132.0000			-26.0000			50.0000			
-31.3436			41.4131			-11.4002			-1.3000			-132.0000			-47.0000			63.0000			
-32.4719			40.2724			-9.1691			-1.3000			-130.0000			-68.0000			75.0000			
-34.7284			38.5614			-5.8225			-1.9000			-128.0000			-87.0000			87.0000			
-35.8566			36.8503			-1.3604			-0.3000			-125.0000			-109.0000			99.0000			
-37.5490			33.9986			3.1017			-0.4000			-122.0000			-127.0000			102.0000			
-37.5490			31.7172			4.2173			-1.6000			-119.0000			-144.0000			105.0000			
-37.5490			29.4357			8.6794			0.5000			-115.0000			-161.0000			112.0000			
-43.1903			27.7247			14.2570			-1.2000			-109.0000			-176.0000			120.0000			
-46.5751			26.5840			18.1614			-1.8000			-102.0000			-192.0000			130.0000			
-46.5751			25.4433			20.3925			-0.7000			-94.0000			-207.0000			139.0000			
-46.0110			21.4508			23.7391			-0.8000			-86.0000			-221.0000			150.0000			
-44.3186			17.4583			26.5279			-0.3000			-78.0000			-233.0000			156.0000			
-43.7545			14.6066			28.7590			-0.3000			-69.0000			-244.0000			161.0000			
-42.6262			10.6141			30.9900			-1.0000			-61.0000			-253.0000			166.0000			
-39.8055			7.1920			31.5478			-1.0000			-53.0000			-260.0000			169.0000			
-38.1132			3.7699			32.6633			-1.6000			-43.0000			-265.0000			171.0000			
-36.9849			1.4885			36.0099			0.5000			-33.0000			-268.0000			170.0000			
-35.2925			-1.9336			36.5677			-0.6000			-22.0000			-271.0000			169.0000			
-32.4719			-8.2075			40.4720			-0.2000			-12.0000			-273.0000			169.0000			
-31.9077			-9.3482			39.9143			-1.3000			-1.0000			-274.0000			169.0000			
-29.0871			-13.3407			42.7031			0.2000			8.0000			-272.0000			166.0000			
-28.5230			-19.0442			46.6075			-0.9000			19.0000			-269.0000			164.0000			
-26.2664			-21.8960			48.2808			0.1000			30.0000			-264.0000			155.0000			
-25.1382			-24.7477			48.8385			-1.0000			41.0000			-257.0000			149.0000			
-21.1893			-25.8884			47.7230			0.6000			53.0000			-249.0000			142.0000			
-17.8045			-28.1698			46.0497			0.0000			63.0000			-239.0000			133.0000			
-13.8556			-31.0216			44.3764			-0.4000			72.0000			-229.0000			124.0000			
-10.4708			-31.0216			42.1453			0.6000			82.0000			-216.0000			115.0000			
-7.6502			-31.5920			40.4720			1.2000			88.0000			-201.0000			107.0000			
-3.7012			-33.3030			37.1254			0.1000			95.0000			-186.0000			95.0000			
-0.8806			-35.0141			35.4521			-0.4000			101.0000			-169.0000			83.0000			
3.0683			-39.0065			36.0099			0.0000			98.0000			-152.0000			70.0000			
5.8890			-40.1472			34.3366			0.0000			102.0000			-135.0000			59.0000			
8.1455			-40.1472			31.5478			-0.4000			107.0000			-118.0000			49.0000			
13.2227			-42.9990			29.8745			0.1000			113.0000			-98.0000			36.0000			
16.6074			-47.5618			29.8745			-1.0000			117.0000			-79.0000			24.0000			
19.4281			-47.5618			28.2012			0.0000			121.0000			-57.0000			8.0000			
21.6846			-46.9915			25.4124			0.1000			127.0000			-36.0000			-7.0000			
23.9411			-45.2804			20.9502			-0.3000			130.0000			-13.0000			-21.0000			
26.1976			-44.1397			17.6036			-0.3000			133.0000			7.0000			-35.0000			
27.8900			-40.7176			13.1415			0.3000			134.0000			27.0000			-47.0000			
30.7107			-41.2879			10.3527			-0.2000			132.0000			49.0000			-60.0000			
31.2748			-40.1472			7.0061			-1.8000			133.0000			69.0000			-72.0000			
34.0955			-38.4362			4.7750			0.4000			130.0000			88.0000			-83.0000			
35.2237			-36.1548			0.3129			-0.6000			126.0000			110.0000			-95.0000			
37.4802			-33.8734			-4.1492			-0.5000			123.0000			127.0000			-109.0000			
36.3520			-31.0216			-4.7070			0.6000			119.0000			145.0000			-120.0000			
38.0444			-28.7402			-9.7269			-0.4000			116.0000			161.0000			-130.0000			
42.5574			-28.1698			-15.3046			-0.9000			111.0000			176.0000			-138.0000			
44.8139			-27.5995			-19.2089			-1.9000			104.0000			191.0000			-147.0000			
45.9422			-25.8884			-21.9977			-1.9000			97.0000			207.0000			-145.0000			
44.8139			-21.8960			-24.2288			-1.3000			89.0000			224.0000			-145.0000			
44.2498			-17.9035			-27.5754			-1.2000			81.0000			236.0000			-149.0000			
43.1215			-14.4814			-29.8065			-1.1000			74.0000			247.0000			-154.0000			
41.4291			-11.0593			-30.9220			-0.5000			65.0000			255.0000			-157.0000			
39.1726			-6.4965			-32.5953			0.0000			56.0000			264.0000			-159.0000			
35.7878			-3.6447			-33.1531			-1.0000			47.0000			269.0000			-161.0000			
36.9161			-1.9336			-35.9419			-0.9000			36.0000			273.0000			-158.0000			
34.6596			2.0588			-38.1729			-1.4000			26.0000			276.0000			-158.0000			
32.4031			8.3327			-41.5195			-0.7000			16.0000			278.0000			-157.0000			
30.1465			9.4734			-40.4040			-0.7000			6.0000			278.0000			-155.0000			
27.8900			12.8955			-43.1928			-2.4000			-4.0000			278.0000			-154.0000			
27.3259			18.5991			-46.5394			-0.6000			-14.0000			275.0000			-148.0000			
25.6335			21.4508			-48.7705			-1.6000			-25.0000			269.0000			-142.0000			
23.3770			24.3026			-50.4438			-2.7000			-35.0000			264.0000			-134.0000			
19.9922			25.4433			-48.2127			-2.7000			-46.0000			257.0000			-126.0000			
16.6074			27.7247			-47.0972			-2.7000			-56.0000			248.0000			-117.0000			
12.6585			30.5764			-45.4239			-2.1000			-65.0000			239.0000			-107.0000			
9.8379			31.1468			-41.5195			-0.5000			-72.0000			227.0000			-98.0000			
7.0172			31.7172			-40.4040			-1.6000			-79.0000			213.0000			-87.0000			
3.6324			32.8579			-38.7307			-2.2000			-87.0000			199.0000			-76.0000			
-0.8806			34.5689			-36.4997			-2.8000			-96.0000			183.0000			-62.0000			
-4.8295			38.5614			-36.4997			-2.7000			-105.0000			165.0000			-49.0000			
-7.0860			39.7021			-34.8264			-2.2000			-113.0000			147.0000			-38.0000			
-9.3425			39.7021			-32.5953			-2.2000			-119.0000			131.0000			-27.0000			
-14.9838			43.6946			-31.4798			-2.7000			-124.0000			112.0000			-14.0000			
-17.8045			48.2574			-31.4798			-1.0000			-128.0000			92.0000			-1.0000			
-20.6251			47.6870			-29.2487			-2.1000			-125.0000			70.0000			14.0000			
-22.3175			47.6870			-26.4599			-1.0000			-120.0000			48.0000			29.0000			
-24.5740			45.4056			-21.9977			-1.1000			-121.0000			25.0000			43.0000			
-26.8306			44.2649			-19.7667			-2.3000			-122.0000			3.0000			55.0000			
-29.0871			41.9835			-14.1890			-1.2000			-124.0000			-18.0000			68.0000			
-31.9077			41.4131			-11.4002			-1.8000			-124.0000			-39.0000			79.0000			
-32.4719			39.7021			-9.1691			-1.9000			-122.0000			-60.0000			91.0000			
-34.7284			39.1317			-4.7070			-0.3000			-121.0000			-82.0000			102.0000			
-36.4208			36.8503			-1.3604			-0.9000			-120.0000			-105.0000			111.0000			
-45.4468			-14.4814			-80.0054			-139.9000			-177.0000			-205.0000			50.0000			
-53.9088			16.3176			-3.0337			-40.6000			-197.0000			-257.0000			26.0000			
-36.9849			32.2875			13.1415			8.4000			-163.0000			-259.0000			47.0000			
-43.7545			27.7247			13.1415			-2.8000			-130.0000			-242.0000			88.0000			
-43.7545			30.0061			22.0658			8.3000			-134.0000			-255.0000			87.0000			
-48.8316			24.8729			19.2769			-4.6000			-118.0000			-257.0000			100.0000			
-46.5751			21.4508			22.6235			-2.5000			-103.0000			-261.0000			117.0000			
-44.3186			18.0287			26.5279			0.2000			-101.0000			-274.0000			122.0000			
-44.8827			14.0362			28.2012			-2.6000			-88.0000			-279.0000			132.0000			
-42.6262			10.0438			30.4322			-2.1000			-79.0000			-284.0000			139.0000			
-39.2414			7.1920			31.5478			-0.5000			-72.0000			-292.0000			139.0000			
-37.5490			3.1995			33.2211			-1.1000			-59.0000			-292.0000			144.0000			
-36.9849			0.3478			36.0099			-0.6000			-49.0000			-297.0000			144.0000			
-35.2925			-3.6447			37.6832			-1.2000			-39.0000			-301.0000			143.0000			
-33.0360			-8.7779			40.4720			-1.3000			-29.0000			-301.0000			143.0000			
-32.4719			-10.4889			40.4720			-2.4000			-18.0000			-302.0000			141.0000			
-28.5230			-14.4814			40.4720			-2.5000			-7.0000			-298.0000			140.0000			
-27.9588			-19.0442			46.6075			-0.3000			4.0000			-295.0000			136.0000			
-25.7023			-23.0367			48.8385			0.0000			16.0000			-290.0000			130.0000			
-24.5740			-24.7477			49.3963			0.0000			26.0000			-283.0000			123.0000			
-21.1893			-25.8884			47.1652			0.0000			36.0000			-276.0000			115.0000			
-17.2404			-28.7402			46.0497			0.0000			47.0000			-265.0000			107.0000			
-13.8556			-31.0216			44.9342			0.0000			57.0000			-254.0000			99.0000			
-10.4708			-31.5920			41.5876			-0.4000			66.0000			-243.0000			89.0000			
-7.0860			-32.1623			39.9143			0.6000			73.0000			-230.0000			79.0000			
-2.5730			-33.8734			37.6832			1.2000			81.0000			-213.0000			67.0000			
-1.4447			-36.1548			36.5677			-1.0000			85.0000			-196.0000			55.0000			
4.1966			-40.1472			35.4521			-0.5000			81.0000			-177.0000			43.0000			
5.8890			-40.1472			34.8944			0.6000			85.0000			-161.0000			31.0000			
8.7096			-39.5769			31.5478			0.6000			90.0000			-143.0000			20.0000			
13.7868			-44.1397			30.9900			0.6000			95.0000			-124.0000			7.0000			
16.6074			-47.5618			30.9900			0.0000			101.0000			-103.0000			-6.0000			
19.9922			-47.5618			27.6434			0.0000			108.0000			-81.0000			-20.0000			
21.6846			-47.5618			25.9701			0.0000			111.0000			-60.0000			-33.0000			
24.5052			-45.2804			21.5080			0.7000			113.0000			-37.0000			-49.0000			
26.1976			-44.1397			18.1614			0.2000			116.0000			-15.0000			-61.0000			
27.8900			-41.2879			13.1415			-0.2000			117.0000			5.0000			-73.0000			
31.2748			-40.7176			10.9104			1.4000			117.0000			27.0000			-86.0000			
31.8389			-40.1472			6.4483			-1.8000			115.0000			47.0000			-97.0000			
34.6596			-39.0065			4.2173			-0.1000			113.0000			69.0000			-109.0000			
35.2237			-36.1548			-0.2449			-1.1000			111.0000			90.0000			-122.0000			
37.4802			-33.3030			-4.1492			0.0000			108.0000			108.0000			-134.0000			
36.9161			-31.5920			-5.2648			0.0000			104.0000			127.0000			-147.0000			
38.6085			-28.7402			-10.2847			-0.4000			100.0000			144.0000			-156.0000			
43.1215			-27.0291			-15.8623			0.2000			95.0000			159.0000			-165.0000			
45.9422			-27.0291			-19.2089			-0.2000			88.0000			175.0000			-171.0000			
45.9422			-25.3181			-20.8822			-0.2000			81.0000			192.0000			-171.0000			
44.8139			-20.7553			-23.6710			0.3000			73.0000			206.0000			-170.0000			
43.6857			-16.7628			-28.1332			-1.2000			65.0000			219.0000			-174.0000			
43.1215			-14.4814			-30.3642			-1.7000			56.0000			231.0000			-178.0000			
40.8650			-11.0593			-32.0375			-2.2000			50.0000			240.0000			-181.0000			
39.1726			-6.4965			-33.1531			-0.4000			41.0000			246.0000			-183.0000			
35.7878			-3.0743			-33.7108			-1.0000			31.0000			252.0000			-184.0000			
37.4802			-1.9336			-37.0574			-1.5000			20.0000			257.0000			-184.0000			
34.6596			3.1995			-38.1729			-0.3000			10.0000			259.0000			-183.0000			
31.8389			8.3327			-41.5195			-1.3000			-1.0000			262.0000			-182.0000			
30.1465			8.9031			-41.5195			-2.4000			-9.0000			262.0000			-180.0000			
28.4542			14.0362			-42.6351			-0.1000			-19.0000			261.0000			-178.0000			
27.3259			19.1694			-47.0972			-0.6000			-29.0000			258.0000			-172.0000			
24.5052			22.0212			-49.3283			-2.8000			-41.0000			253.0000			-166.0000			
23.3770			24.3026			-50.4438			-2.7000			-51.0000			247.0000			-158.0000			
21.1205			25.4433			-48.2127			-1.6000			-63.0000			239.0000			-149.0000			
17.1716			28.8654			-47.0972			-1.0000			-72.0000			228.0000			-141.0000			
12.0944			30.0061			-44.8661			-2.7000			-81.0000			220.0000			-132.0000			
9.8379			31.1468			-42.0773			-1.1000			-90.0000			208.0000			-123.0000			
6.4531			31.1468			-40.4040			-2.8000			-97.0000			193.0000			-112.0000			
2.5042			32.8579			-37.0574			-1.6000			-105.0000			178.0000			-100.0000			
-0.8806			34.5689			-37.0574			-3.3000			-114.0000			161.0000			-88.0000			
-5.9578			39.7021			-37.0574			-3.3000			-122.0000			144.0000			-75.0000			
-6.5219			39.7021			-34.8264			-1.6000			-129.0000			127.0000			-63.0000			
-9.9067			40.2724			-32.5953			-2.2000			-135.0000			109.0000			-51.0000			
-14.9838			44.2649			-30.9220			-1.6000			-139.0000			91.0000			-39.0000			
-18.9327			47.1167			-30.9220			-2.7000			-145.0000			70.0000			-25.0000			
-20.6251			47.6870			-28.6909			-1.6000			-141.0000			50.0000			-10.0000			
-22.8817			47.6870			-26.4599			-1.6000			-135.0000			27.0000			4.0000			
-24.5740			45.4056			-21.4400			-0.6000			-137.0000			7.0000			18.0000			
-26.8306			43.6946			-18.6511			-1.7000			-135.0000			-16.0000			32.0000			
-29.6512			41.9835			-13.6313			-1.3000			-137.0000			-36.0000			45.0000			
-31.9077			40.8428			-10.8424			-1.9000			-136.0000			-56.0000			57.0000			
-32.4719			40.2724			-8.6114			-0.8000			-135.0000			-76.0000			70.0000			
-34.7284			39.1317			-4.7070			-0.3000			-132.0000			-97.0000			82.0000			
-36.4208			36.2800			-0.8026			-0.9000			-129.0000			-118.0000			95.0000			
-38.1132			33.4282			3.6595			-1.0000			-125.0000			-136.0000			92.0000			
-37.5490			31.7172			4.2173			-1.6000			-123.0000			-153.0000			99.0000			
-39.2414			28.2950			10.3527			-0.6000			-118.0000			-168.0000			107.0000			
-43.7545			27.7247			15.9303			-0.1000			-113.0000			-185.0000			115.0000			
-46.5751			27.1543			18.1614			-1.2000			-106.0000			-200.0000			124.0000			
-46.5751			25.4433			20.9502			-0.1000			-99.0000			-216.0000			135.0000			
-45.4468			20.8805			23.7391			-0.8000			-90.0000			-229.0000			144.0000			
-44.3186			17.4583			26.5279			-0.3000			-82.0000			-241.0000			150.0000			
-43.1903			14.0362			28.2012			-0.9000			-74.0000			-252.0000			156.0000			
-42.0621			10.6141			30.9900			-0.4000			-66.0000			-260.0000			159.0000			
-38.6773			6.6217			31.5478			-0.5000			-57.0000			-267.0000			163.0000			
-37.5490			3.1995			33.2211			-1.1000			-46.0000			-272.0000			163.0000			
-36.4208			-0.2226			35.4521			-1.1000			-36.0000			-276.0000			163.0000			
-34.1643			-3.6447			38.2410			0.4000			-25.0000			-279.0000			162.0000			
-33.0360			-7.6372			40.4720			-0.2000			-15.0000			-281.0000			161.0000			
-31.9077			-10.4889			40.4720			-1.9000			-6.0000			-281.0000			158.0000			
-29.0871			-14.4814			42.1453			-1.4000			3.0000			-279.0000			156.0000			
-27.9588			-19.6146			46.6075			-0.9000			13.0000			-276.0000			151.0000			
-25.7023			-23.6070			48.2808			-1.0000			26.0000			-272.0000			145.0000			
-24.0099			-24.1774			48.8385			0.6000			36.0000			-264.0000			139.0000			
-21.1893			-26.4588			47.1652			-0.4000			47.0000			-257.0000			130.0000			
-17.8045			-29.3105			46.0497			-1.0000			57.0000			-246.0000			122.0000			
-12.7273			-30.4512			44.3764			1.2000			67.0000			-237.0000			113.0000			
-9.9067			-31.0216			41.5876			0.6000			74.0000			-224.0000			104.0000			
-7.0860			-32.1623			39.9143			0.6000			84.0000			-210.0000			94.0000			
-3.1371			-33.8734			37.1254			0.1000			91.0000			-194.0000			81.0000			
-0.8806			-35.0141			35.4521			-0.4000			95.0000			-178.0000			68.0000			
4.1966			-40.1472			36.0099			0.0000			91.0000			-161.0000			56.0000			
5.8890			-39.5769			33.7788			0.0000			95.0000			-142.0000			44.0000			
8.7096			-40.1472			30.9900			-0.4000			99.0000			-126.0000			33.0000			
14.9150			-44.7101			30.9900			1.1000			104.0000			-107.0000			21.0000			
17.7357			-47.5618			29.8745			0.0000			110.0000			-87.0000			7.0000			
20.5563			-46.9915			27.0857			0.6000			118.0000			-65.0000			-8.0000			
21.6846			-46.9915			25.4124			0.1000			121.0000			-44.0000			-22.0000			
25.6335			-45.2804			20.3925			0.7000			124.0000			-22.0000			-36.0000			
26.1976			-42.9990			17.6036			0.8000			125.0000			-1.0000			-50.0000			
29.0183			-41.8583			13.1415			0.2000			125.0000			20.0000			-62.0000			
30.7107			-41.2879			10.3527			-0.2000			124.0000			40.0000			-75.0000			
31.8389			-40.1472			7.0061			-1.3000			122.0000			59.0000			-86.0000			
34.6596			-38.4362			4.2173			0.4000			120.0000			81.0000			-99.0000			
35.7878			-35.0141			-0.2449			0.5000			116.0000			100.0000			-111.0000			
37.4802			-33.3030			-4.7070			-0.5000			114.0000			120.0000			-124.0000			
36.9161			-31.5920			-6.3803			-1.0000			112.0000			136.0000			-135.0000			
39.1726			-28.1698			-10.8424			0.1000			106.0000			151.0000			-145.0000			
43.6857			-27.5995			-16.4201			-0.3000			101.0000			168.0000			-155.0000			
45.3780			-25.8884			-19.2089			0.2000			94.0000			182.0000			-163.0000			
45.9422			-24.7477			-21.9977			-0.8000			87.0000			199.0000			-161.0000			
44.2498			-21.8960			-25.3443			-2.9000			79.0000			213.0000			-159.0000			
43.1215			-17.9035			-27.5754			-2.3000			71.0000			226.0000			-163.0000			
43.1215			-15.0517			-30.3642			-2.2000			63.0000			234.0000			-169.0000			
41.4291			-10.4889			-32.0375			-1.1000			55.0000			244.0000			-172.0000			
39.1726			-6.4965			-33.1531			-0.4000			46.0000			251.0000			-174.0000			
35.7878			-2.5040			-33.7108			-0.4000			36.0000			256.0000			-175.0000			
36.9161			-1.3633			-37.6152			-2.0000			24.0000			260.0000			-174.0000			
34.6596			2.6292			-39.8462			-2.5000			15.0000			264.0000			-173.0000			
31.8389			8.3327			-42.0773			-1.9000			5.0000			265.0000			-172.0000			
30.1465			8.9031			-40.4040			-1.3000			-4.0000			264.0000			-171.0000			
27.8900			13.4659			-43.7506			-2.3000			-15.0000			264.0000			-168.0000			
27.3259			19.1694			-47.6550			-1.1000			-25.0000			261.0000			-162.0000			
25.0694			21.4508			-49.3283			-2.8000			-36.0000			257.0000			-157.0000			
23.3770			24.3026			-49.3283			-1.6000			-49.0000			250.0000			-148.0000			
19.9922			25.4433			-48.2127			-2.7000			-59.0000			242.0000			-140.0000			
15.4792			28.2950			-45.9817			-2.2000			-69.0000			232.0000			-132.0000			
12.0944			30.0061			-44.3084			-2.2000			-77.0000			223.0000			-123.0000			
9.8379			31.1468			-43.1928			-2.2000			-85.0000			210.0000			-114.0000			
5.8890			31.1468			-39.8462			-2.8000			-94.0000			196.0000			-104.0000			
1.9401			33.4282			-38.1729			-2.7000			-101.0000			181.0000			-92.0000			
-0.3165			35.1393			-37.0574			-2.2000			-111.0000			165.0000			-79.0000			
-5.3936			40.2724			-35.9419			-1.0000			-119.0000			147.0000			-67.0000			
-7.6502			40.2724			-35.3841			-2.7000			-127.0000			131.0000			-55.0000			
-10.4708			40.2724			-31.4798			-1.6000			-132.0000			113.0000			-44.0000			
-15.5480			44.8353			-30.9220			-1.6000			-137.0000			94.0000			-30.0000			
-20.0610			45.4056			-32.0375			-6.7000			-128.0000			79.0000			-12.0000			
-13.2914			63.6569			-18.0934			32.2000			-148.0000			45.0000			-14.0000			
-21.1893			18.5991			-51.5593			-54.1000			-167.0000			-12.0000			-25.0000			
-23.4458			52.8202			-19.2089			10.1000			-183.0000			-62.0000			-34.0000			
-28.5230			41.4131			-20.8822			-7.9000			-158.0000			-67.0000			3.0000			
-32.4719			37.9910			-17.5356			-12.0000			-154.0000			-73.0000			23.0000			
-28.5230			44.2649			-8.0536			7.6000			-158.0000			-94.0000			29.0000			
-33.0360			38.5614			-9.1691			-3.6000			-145.0000			-103.0000			52.0000			
-35.2925			39.1317			-4.7070			-0.8000			-145.0000			-121.0000			63.0000			
-35.2925			36.8503			-0.2449			1.3000			-143.0000			-139.0000			73.0000			
-37.5490			32.2875			3.1017			-2.1000			-135.0000			-153.0000			76.0000			
-37.5490			31.7172			5.3328			-0.4000			-133.0000			-169.0000			82.0000			
-39.2414			28.2950			10.3527			-0.6000			-129.0000			-184.0000			90.0000			
-44.3186			27.7247			15.9303			-0.6000			-121.0000			-198.0000			101.0000			
-46.0110			26.5840			18.7192			-0.7000			-115.0000			-212.0000			108.0000			
-46.0110			25.4433			20.9502			0.3000			-107.0000			-226.0000			119.0000			
-44.8827			20.3101			23.7391			-0.8000			-97.0000			-240.0000			130.0000			
-44.3186			16.8880			26.5279			-0.8000			-90.0000			-252.0000			137.0000			
-43.1903			14.6066			28.2012			-0.3000			-81.0000			-263.0000			141.0000			
-41.4979			10.6141			30.9900			0.1000			-74.0000			-270.0000			147.0000			
-38.6773			6.6217			31.5478			-0.5000			-65.0000			-277.0000			149.0000			
-37.5490			3.7699			33.7788			0.0000			-55.0000			-281.0000			151.0000			
-36.9849			0.3478			37.1254			0.4000			-42.0000			-286.0000			150.0000			
-34.7284			-3.6447			38.7987			0.4000			-33.0000			-288.0000			150.0000			
-32.4719			-7.6372			40.4720			0.3000			-21.0000			-290.0000			149.0000			
-30.7795			-9.9186			40.4720			-0.2000			-13.0000			-289.0000			148.0000			
-28.5230			-13.9110			42.1453			-0.2000			-2.0000			-288.0000			144.0000			
-27.3947			-18.4739			46.6075			0.7000			9.0000			-285.0000			140.0000			
-25.7023			-22.4663			48.8385			0.6000			20.0000			-278.0000			134.0000			
-23.4458			-24.1774			48.8385			1.2000			31.0000			-271.0000			126.0000			
-20.0610			-26.4588			47.1652			0.6000			43.0000			-263.0000			119.0000			
-16.1121			-28.7402			46.0497			1.1000			52.0000			-253.0000			109.0000			
-12.7273			-30.4512			43.2609			0.0000			60.0000			-242.0000			101.0000			
-10.4708			-31.0216			41.5876			0.0000			70.0000			-230.0000			93.0000			
-5.9578			-32.1623			39.9143			1.8000			78.0000			-217.0000			82.0000			
-2.0089			-33.3030			36.5677			1.2000			87.0000			-201.0000			71.0000			
-0.3165			-35.0141			35.4521			0.1000			87.0000			-184.0000			58.0000			
6.4531			-40.1472			36.0099			2.3000			87.0000			-166.0000			47.0000			
5.8890			-40.1472			33.2211			-1.0000			91.0000			-149.0000			35.0000			
10.4020			-39.5769			30.9900			1.8000			95.0000			-131.0000			23.0000			
14.9150			-44.7101			29.3167			-0.4000			100.0000			-113.0000			11.0000			
18.2998			-47.5618			29.8745			0.6000			107.0000			-92.0000			-1.0000			
20.5563			-48.1322			27.6434			0.0000			113.0000			-70.0000			-17.0000			
22.2487			-46.4211			24.2968			0.1000			115.0000			-48.0000			-31.0000			
25.0694			-44.7101			20.3925			0.7000			119.0000			-26.0000			-46.0000			
26.1976			-43.5694			18.1614			0.7000			120.0000			-6.0000			-58.0000			
29.0183			-41.2879			13.1415			0.8000			123.0000			15.0000			-70.0000			
30.1465			-41.2879			10.3527			-0.7000			121.0000			35.0000			-82.0000			
32.4031			-39.0065			6.4483			-0.1000			119.0000			55.0000			-96.0000			
35.2237			-38.4362			4.2173			1.0000			117.0000			76.0000			-106.0000			
36.3520			-36.1548			-0.2449			0.0000			114.0000			97.0000			-117.0000			
37.4802			-33.3030			-4.7070			-0.5000			110.0000			115.0000			-132.0000			
36.9161			-31.0216			-6.3803			-0.4000			107.0000			133.0000			-143.0000			
40.3009			-28.1698			-11.4002			0.7000			104.0000			148.0000			-152.0000			
44.2498			-28.7402			-16.4201			-0.9000			98.0000			162.0000			-161.0000			
45.9422			-25.8884			-19.2089			0.8000			90.0000			180.0000			-169.0000			
46.5063			-24.7477			-21.9977			-0.2000			82.0000			194.0000			-168.0000			
43.6857			-20.1849			-25.3443			-1.8000			75.0000			209.0000			-167.0000			
44.2498			-16.7628			-27.5754			0.0000			65.0000			221.0000			-170.0000			
43.1215			-13.9110			-30.3642			-1.1000			59.0000			231.0000			-175.0000			
41.4291			-9.9186			-32.5953			-1.0000			50.0000			240.0000			-178.0000			
39.1726			-6.4965			-33.1531			-0.4000			42.0000			246.0000			-179.0000			
36.3520			-3.0743			-33.7108			-0.4000			31.0000			252.0000			-181.0000			
36.3520			-1.3633			-37.6152			-2.6000			20.0000			256.0000			-179.0000			
34.0955			3.7699			-39.2885			-1.4000			9.0000			259.0000			-178.0000			
31.2748			8.3327			-41.5195			-1.9000			-1.0000			261.0000			-178.0000			
30.7107			9.4734			-40.4040			-0.2000			-9.0000			262.0000			-177.0000			
27.8900			14.0362			-43.7506			-1.8000			-19.0000			259.0000			-173.0000			
26.7618			19.1694			-47.6550			-1.7000			-30.0000			257.0000			-168.0000			
25.0694			23.1619			-48.7705			-0.5000			-41.0000			252.0000			-161.0000			
23.3770			23.7322			-49.3283			-2.2000			-52.0000			244.0000			-154.0000			
19.4281			26.0136			-48.2127			-2.7000			-62.0000			237.0000			-145.0000			
16.0433			28.8654			-46.5394			-1.6000			-72.0000			228.0000			-136.0000			
12.0944			30.5764			-44.3084			-1.6000			-81.0000			217.0000			-128.0000			
8.7096			31.1468			-42.6351			-2.7000			-89.0000			205.0000			-126.0000			
5.3248			32.2875			-39.8462			-2.2000			-98.0000			191.0000			-124.0000			
1.9401			32.8579			-37.6152			-2.8000			-105.0000			175.0000			-113.0000			
-0.3165			35.7096			-37.0574			-1.6000			-114.0000			159.0000			-101.0000			
-5.9578			40.2724			-36.4997			-2.1000			-122.0000			142.0000			-89.0000			
-7.0860			40.2724			-34.8264			-1.6000			-129.0000			124.0000			-77.0000			
-10.4708			40.8428			-31.4798			-1.1000			-135.0000			108.0000			-65.0000			
-15.5480			44.8353			-30.9220			-1.6000			-141.0000			89.0000			-52.0000			
-18.3686			47.1167			-30.3642			-1.6000			-137.0000			70.0000			-38.0000			
-21.1893			47.6870			-28.6909			-2.1000			-133.0000			48.0000			-24.0000			
-23.4458			48.2574			-25.3443			-0.5000			-132.0000			25.0000			-8.0000			
-25.7023			44.8353			-21.4400			-2.3000			-134.0000			6.0000			8.0000			
-26.8306			43.6946			-18.0934			-1.2000			-135.0000			-14.0000			22.0000			
-29.6512			41.9835			-14.1890			-1.8000			-134.0000			-34.0000			35.0000			
-31.3436			41.4131			-10.8424			-0.7000			-135.0000			-53.0000			47.0000			
-31.9077			39.7021			-8.6114			-0.8000			-131.0000			-74.0000			59.0000			
-35.2925			39.1317			-4.7070			-0.8000			-130.0000			-93.0000			73.0000			
-36.4208			35.7096			-0.2449			-0.9000			-126.0000			-114.0000			84.0000			
-38.1132			33.4282			3.1017			-1.5000			-124.0000			-132.0000			95.0000			
-37.5490			31.7172			4.2173			-1.6000			-119.0000			-148.0000			106.0000			
-39.8055			28.2950			10.9104			-0.6000			-116.0000			-164.0000			116.0000			
-44.3186			28.2950			15.3726			-0.6000			-109.0000			-180.0000			125.0000			
-46.5751			26.0136			18.1614			-2.4000			-100.0000			-194.0000			134.0000			
-43.7545			24.3026			22.0658			2.6000			-96.0000			-206.0000			144.0000			
-74.2175			50.5388			38.2410			14.5000			-98.0000			-242.0000			133.0000			
-33.0360			26.5840			36.5677			30.1000			-109.0000			-275.0000			120.0000			
-43.7545			15.7473			29.3167			1.3000			-90.0000			-283.0000			131.0000			
-43.1903			10.6141			30.9900			-1.5000			-72.0000			-281.0000			147.0000			
-35.8566			8.3327			33.2211			5.6000			-69.0000			-288.0000			144.0000			
-38.6773			2.6292			32.6633			-3.3000			-53.0000			-288.0000			148.0000			
-36.9849			-0.2226			35.4521			-1.7000			-41.0000			-287.0000			150.0000			
-34.1643			-3.6447			39.9143			2.1000			-32.0000			-290.0000			146.0000			
-32.4719			-8.7779			40.4720			-0.7000			-20.0000			-291.0000			148.0000			
-30.7795			-9.9186			41.0298			0.3000			-10.0000			-288.0000			147.0000			
-27.3947			-14.4814			43.2609			1.3000			-1.0000			-287.0000			143.0000			
-27.3947			-19.6146			46.6075			-0.4000			11.0000			-282.0000			140.0000			
-25.1382			-22.4663			48.8385			1.2000			23.0000			-275.0000			134.0000			
-23.4458			-24.1774			49.3963			1.7000			35.0000			-269.0000			126.0000			
-19.4969			-26.4588			47.7230			1.7000			45.0000			-261.0000			119.0000			
-15.5480			-28.7402			45.4919			1.2000			54.0000			-250.0000			110.0000			
-11.5991			-30.4512			42.7031			0.6000			62.0000			-240.0000			101.0000			
-9.3425			-31.5920			41.5876			0.6000			71.0000			-227.0000			92.0000			
-5.9578			-32.1623			39.9143			1.8000			79.0000			-214.0000			81.0000			
-2.0089			-33.3030			36.5677			1.2000			88.0000			-197.0000			70.0000			
0.2477			-36.7251			36.0099			-0.4000			88.0000			-180.0000			58.0000			
5.8890			-40.1472			35.4521			1.1000			88.0000			-163.0000			47.0000			
5.8890			-40.1472			33.7788			-0.4000			92.0000			-147.0000			35.0000			
10.4020			-40.7176			31.5478			1.2000			97.0000			-129.0000			23.0000			
15.4792			-44.1397			29.8745			1.2000			103.0000			-109.0000			10.0000			
18.2998			-46.9915			29.8745			1.1000			108.0000			-91.0000			-4.0000			
19.9922			-47.5618			28.2012			0.6000			113.0000			-67.0000			-18.0000			
22.2487			-46.4211			24.8546			0.6000			117.0000			-45.0000			-33.0000			
25.0694			-44.1397			20.9502			1.8000			120.0000			-25.0000			-46.0000			
27.3259			-42.9990			17.6036			1.9000			122.0000			-3.0000			-60.0000			
29.5824			-41.8583			13.1415			0.8000			123.0000			18.0000			-73.0000			
30.1465			-39.5769			10.9104			1.4000			122.0000			37.0000			-83.0000			
31.8389			-39.0065			7.0061			-0.1000			120.0000			57.0000			-97.0000			
35.2237			-38.4362			4.2173			1.0000			118.0000			78.0000			-107.0000			
35.7878			-35.5844			-1.3604			-1.1000			113.0000			99.0000			-119.0000			
37.4802			-32.7327			-4.7070			0.0000			110.0000			117.0000			-129.0000			
38.0444			-31.0216			-6.9381			0.0000			108.0000			134.0000			-138.0000			
39.7368			-28.7402			-11.4002			-0.4000			105.0000			149.0000			-148.0000			
43.6857			-26.4588			-16.4201			0.8000			98.0000			165.0000			-156.0000			
45.9422			-26.4588			-19.7667			-0.2000			91.0000			181.0000			-164.0000			
45.9422			-24.1774			-21.9977			-0.2000			84.0000			198.0000			-171.0000			
44.2498			-20.1849			-24.7866			-0.7000			75.0000			211.0000			-176.0000			
44.2498			-16.1924			-28.6909			-0.6000			67.0000			223.0000			-182.0000			
43.1215			-13.3407			-29.2487			0.5000			59.0000			235.0000			-187.0000			
41.4291			-9.9186			-32.0375			-0.5000			52.0000			242.0000			-191.0000			
36.9161			-6.4965			-33.1531			-2.7000			43.0000			250.0000			-193.0000			
36.3520			-1.9336			-33.7108			0.7000			33.0000			255.0000			-191.0000			
36.9161			-0.7929			-37.6152			-1.4000			22.0000			259.0000			-191.0000			
33.5313			4.3402			-39.8462			-1.9000			13.0000			262.0000			-190.0000			
32.4031			8.9031			-41.5195			-0.2000			1.0000			265.0000			-189.0000			
30.1465			9.4734			-40.4040			-0.7000			-8.0000			263.0000			-187.0000			
27.3259			14.6066			-43.7506			-1.8000			-17.0000			261.0000			-183.0000			
26.7618			20.8805			-47.6550			0.0000			-28.0000			259.0000			-178.0000			
25.0694			23.1619			-48.7705			-0.5000			-40.0000			253.0000			-171.0000			
23.3770			24.3026			-49.3283			-1.6000			-50.0000			247.0000			-162.0000			
18.8639			27.1543			-47.0972			-1.0000			-61.0000			239.0000			-154.0000			
16.6074			28.8654			-46.5394			-1.0000			-70.0000			230.0000			-146.0000			
12.0944			30.5764			-44.8661			-2.1000			-79.0000			220.0000			-136.0000			
8.7096			30.5764			-41.5195			-2.2000			-86.0000			207.0000			-127.0000			
5.3248			32.8579			-39.8462			-1.6000			-93.0000			195.0000			-114.0000			
1.3759			33.4282			-37.6152			-2.8000			-101.0000			182.0000			-101.0000			
-0.8806			35.7096			-36.4997			-1.6000			-111.0000			163.0000			-89.0000			
-5.3936			40.8428			-36.4997			-1.0000			-119.0000			147.0000			-75.0000			
-7.6502			40.2724			-34.2686			-1.6000			-125.0000			130.0000			-65.0000			
-10.4708			40.8428			-31.4798			-1.1000			-130.0000			112.0000			-52.0000			
-15.5480			44.2649			-31.4798			-2.7000			-136.0000			93.0000			-40.0000			
-18.3686			47.1167			-30.3642			-1.6000			-133.0000			73.0000			-25.0000			
-21.1893			47.6870			-28.1332			-1.6000			-129.0000			51.0000			-9.0000			
-22.8817			46.5463			-25.3443			-1.6000			-129.0000			30.0000			3.0000			
-25.7023			44.8353			-20.3244			-1.1000			-129.0000			9.0000			19.0000			
-26.8306			43.1242			-16.9778			-0.6000			-131.0000			-11.0000			33.0000			
-30.2153			41.9835			-14.1890			-2.4000			-132.0000			-31.0000			45.0000			
-31.3436			41.4131			-10.8424			-0.7000			-131.0000			-52.0000			59.0000			
-32.4719			39.1317			-6.9381			-0.2000			-129.0000			-72.0000			71.0000			
-35.2925			39.1317			-4.7070			-0.8000			-126.0000			-92.0000			83.0000			
-36.4208			36.8503			-0.2449			0.1000			-122.0000			-112.0000			95.0000			
-36.9849			33.4282			4.2173			0.6000			-118.0000			-131.0000			107.0000			
-37.5490			31.1468			5.3328			-1.0000			-115.0000			-147.0000			115.0000			
-40.9338			28.2950			10.3527			-2.2000			-112.0000			-163.0000			126.0000			
-44.8827			27.1543			15.9303			-1.8000			-105.0000			-178.0000			135.0000			
-46.0110			26.5840			19.2769			-0.1000			-97.0000			-193.0000			144.0000			
-46.0110			24.3026			20.9502			-0.7000			-90.0000			-209.0000			151.0000			
-44.3186			20.8805			24.2968			0.8000			-82.0000			-222.0000			157.0000			
-44.3186			16.8880			27.0857			-0.3000			-74.0000			-234.0000			164.0000			
-42.0621			14.0362			29.8745			1.8000			-65.0000			-245.0000			168.0000			
-41.4979			10.0438			31.5478			0.0000			-58.0000			-254.0000			172.0000			
-38.1132			6.6217			31.5478			0.0000			-48.0000			-258.0000			174.0000			
-36.9849			2.6292			34.8944			0.5000			-37.0000			-264.0000			174.0000			
-36.4208			-0.2226			36.5677			0.0000			-28.0000			-267.0000			174.0000			
-33.6001			-4.2150			38.7987			0.9000			-16.0000			-271.0000			173.0000			
-31.9077			-8.2075			40.4720			0.3000			-7.0000			-271.0000			172.0000			
-30.2153			-9.9186			40.4720			0.3000			4.0000			-272.0000			171.0000			
-28.5230			-15.0517			44.3764			0.8000			13.0000			-269.0000			167.0000			
-27.3947			-20.1849			47.7230			0.1000			24.0000			-265.0000			162.0000			
-25.1382			-23.0367			48.8385			0.6000			36.0000			-260.0000			156.0000			
-23.4458			-24.7477			48.8385			0.6000			47.0000			-254.0000			148.0000			
-20.0610			-26.4588			47.1652			0.6000			57.0000			-246.0000			140.0000			
-15.5480			-29.3105			45.4919			0.6000			67.0000			-235.0000			131.0000			
-11.0349			-31.0216			43.2609			1.2000			77.0000			-224.0000			123.0000			
-9.3425			-31.0216			41.5876			1.2000			84.0000			-211.0000			114.0000			
-5.3936			-32.7327			39.9143			1.7000			92.0000			-198.0000			103.0000			
-2.0089			-33.8734			36.5677			0.6000			99.0000			-183.0000			91.0000			
0.8118			-35.5844			36.0099			1.2000			99.0000			-166.0000			78.0000			
5.3248			-39.5769			35.4521			1.1000			99.0000			-148.0000			67.0000			
7.0172			-39.5769			33.7788			1.2000			104.0000			-130.0000			55.0000			
10.9661			-40.7176			30.9900			1.2000			108.0000			-113.0000			42.0000			
16.0433			-44.7101			29.8745			1.2000			113.0000			-95.0000			30.0000			
17.7357			-47.5618			29.8745			0.0000			119.0000			-74.0000			16.0000			
21.1205			-47.5618			27.6434			1.2000			124.0000			-53.0000			2.0000			
22.8129			-45.8508			25.4124			2.3000			128.0000			-30.0000			-12.0000			
25.0694			-45.2804			20.3925			0.1000			131.0000			-8.0000			-27.0000			
27.3259			-43.5694			16.4881			0.2000			133.0000			13.0000			-41.0000			
29.0183			-41.2879			13.1415			0.8000			133.0000			33.0000			-53.0000			
30.7107			-40.1472			9.7949			0.3000			132.0000			51.0000			-65.0000			
32.4031			-38.4362			7.0061			0.9000			130.0000			72.0000			-76.0000			
35.7878			-39.0065			3.6595			0.4000			127.0000			92.0000			-89.0000			
36.9161			-34.4437			-0.8026			1.6000			124.0000			113.0000			-101.0000			
35.7878			-32.1623			-4.7070			-1.0000			121.0000			130.0000			-110.0000			
37.4802			-31.0216			-5.8225			0.6000			117.0000			147.0000			-121.0000			
40.8650			-28.1698			-11.9580			0.7000			113.0000			162.0000			-130.0000			
44.8139			-27.0291			-16.9778			0.8000			107.0000			179.0000			-139.0000			
45.9422			-26.4588			-20.3244			-0.8000			101.0000			195.0000			-146.0000			
45.9422			-24.7477			-21.9977			-0.8000			92.0000			209.0000			-154.0000			
44.2498			-20.1849			-25.9021			-1.8000			83.0000			222.0000			-161.0000			
44.2498			-16.1924			-28.1332			0.0000			75.0000			235.0000			-166.0000			
41.9933			-13.3407			-30.3642			-1.7000			67.0000			244.0000			-170.0000			
41.4291			-9.3482			-32.5953			-0.5000			59.0000			253.0000			-174.0000			
37.4802			-6.4965			-32.5953			-1.6000			50.0000			259.0000			-175.0000			
36.9161			-1.9336			-35.9419			-0.9000			40.0000			264.0000			-175.0000			
36.9161			-0.2226			-38.1729			-1.4000			28.0000			269.0000			-174.0000			
33.5313			4.9106			-39.8462			-1.3000			18.0000			271.0000			-174.0000			
31.8389			8.3327			-41.5195			-1.3000			10.0000			273.0000			-172.0000			
30.1465			9.4734			-40.9618			-1.3000			-1.0000			272.0000			-171.0000			
27.3259			15.1769			-44.3084			-1.8000			-11.0000			271.0000			-167.0000			
26.7618			19.7398			-48.2127			-1.7000			-22.0000			268.0000			-161.0000			
24.5052			23.7322			-49.3283			-1.0000			-34.0000			261.0000			-154.0000			
23.3770			25.4433			-48.7705			0.0000			-43.0000			254.0000			-147.0000			
19.4281			26.0136			-48.2127			-2.7000			-55.0000			247.0000			-138.0000			
14.9150			28.8654			-47.0972			-3.3000			-65.0000			236.0000			-129.0000			
10.4020			30.5764			-42.6351			-1.6000			-73.0000			225.0000			-121.0000			
9.2737			31.1468			-42.0773			-1.6000			-81.0000			213.0000			-112.0000			
5.3248			31.7172			-39.8462			-2.7000			-89.0000			199.0000			-100.0000			
1.3759			33.4282			-37.0574			-2.2000			-96.0000			183.0000			-87.0000			
-0.8806			35.7096			-36.4997			-1.6000			-107.0000			166.0000			-75.0000			
-5.9578			39.7021			-36.4997			-2.7000			-116.0000			148.0000			-64.0000			
-8.2143			40.2724			-34.2686			-2.2000			-123.0000			131.0000			-53.0000			
-11.5991			40.8428			-31.4798			-2.2000			-129.0000			113.0000			-41.0000			
-16.1121			44.8353			-30.3642			-1.6000			-133.0000			93.0000			-28.0000			
-18.9327			47.1167			-29.8065			-1.6000			-131.0000			72.0000			-16.0000			
-21.1893			47.6870			-28.1332			-1.6000			-128.0000			49.0000			-1.0000			
-23.4458			46.5463			-23.6710			-0.5000			-129.0000			26.0000			13.0000			
-25.7023			44.8353			-20.3244			-1.1000			-132.0000			2.0000			25.0000			
-24.0099			46.5463			-9.1691			13.3000			-161.0000			-35.0000			18.0000			
-64.6273			8.9031			-41.5195			-97.2000			-168.0000			-91.0000			12.0000			
-55.0371			-1.3633			-40.4040			-96.8000			-189.0000			-146.0000			-9.0000			
-30.7795			22.0212			-15.3046			-24.0000			-175.0000			-160.0000			13.0000			
-47.7034			16.8880			-21.4400			-52.2000			-158.0000			-165.0000			40.0000			
-40.9338			16.8880			-11.9580			-36.0000			-156.0000			-181.0000			49.0000			
-44.3186			10.0438			-10.8424			-45.1000			-147.0000			-188.0000			66.0000			
-45.4468			9.4734			-9.7269			-45.7000			-141.0000			-198.0000			79.0000			
-47.1392			7.7624			-3.0337			-42.4000			-136.0000			-209.0000			88.0000			
-52.2164			6.0513			0.3129			-45.8000			-127.0000			-220.0000			100.0000			
-53.3447			6.0513			3.6595			-43.6000			-120.0000			-235.0000			107.0000			
-52.2164			3.1995			6.4483			-42.5000			-113.0000			-249.0000			115.0000			
-51.0881			-1.9336			8.6794			-44.3000			-103.0000			-262.0000			123.0000			
-50.5240			-4.7854			12.0260			-43.2000			-96.0000			-274.0000			128.0000			
-49.3958			-6.4965			14.2570			-41.6000			-88.0000			-284.0000			132.0000			
-47.7034			-11.6296			16.4881			-42.8000			-78.0000			-290.0000			138.0000			
-44.8827			-14.4814			16.4881			-42.8000			-69.0000			-296.0000			139.0000			
-44.8827			-17.3331			20.3925			-41.8000			-59.0000			-300.0000			140.0000			
-43.1903			-20.7553			22.0658			-41.8000			-49.0000			-303.0000			139.0000			
-40.3697			-25.8884			24.2968			-41.9000			-39.0000			-304.0000			139.0000			
-39.8055			-28.1698			25.9701			-42.0000			-28.0000			-305.0000			137.0000			
-38.1132			-30.4512			27.0857			-41.4000			-19.0000			-304.0000			137.0000			
-35.2925			-35.0141			29.8745			-40.4000			-8.0000			-301.0000			134.0000			
-34.1643			-40.7176			33.2211			-41.6000			3.0000			-296.0000			129.0000			
-33.0360			-42.9990			34.3366			-41.6000			14.0000			-290.0000			123.0000			
-30.7795			-44.7101			33.7788			-41.7000			25.0000			-283.0000			115.0000			
-26.2664			-46.4211			32.6633			-40.0000			36.0000			-274.0000			106.0000			
-22.3175			-48.7025			31.5478			-39.4000			47.0000			-264.0000			98.0000			
-18.9327			-50.4136			28.7590			-40.5000			56.0000			-252.0000			91.0000			
-16.1121			-50.9839			27.0857			-40.0000			63.0000			-241.0000			82.0000			
-12.7273			-51.5543			25.4124			-38.8000			72.0000			-225.0000			71.0000			
-8.2143			-53.2653			22.6235			-38.8000			79.0000			-211.0000			60.0000			
-5.9578			-55.5468			22.6235			-38.8000			78.0000			-193.0000			47.0000			
-1.4447			-60.1096			21.5080			-40.0000			79.0000			-173.0000			35.0000			
-0.3165			-58.3985			19.8347			-38.8000			83.0000			-156.0000			23.0000			
3.6324			-60.6799			17.6036			-39.4000			89.0000			-139.0000			11.0000			
8.1455			-64.1020			16.4881			-39.4000			93.0000			-119.0000			-1.0000			
10.4020			-66.3834			15.9303			-40.0000			99.0000			-97.0000			-14.0000			
13.7868			-66.3834			13.6993			-38.9000			107.0000			-76.0000			-29.0000			
15.4792			-65.2427			10.3527			-39.4000			109.0000			-53.0000			-43.0000			
18.2998			-63.5317			6.4483			-38.7000			112.0000			-31.0000			-57.0000			
19.4281			-61.2503			3.1017			-38.7000			112.0000			-8.0000			-70.0000			
21.6846			-60.6799			-0.2449			-39.2000			115.0000			11.0000			-81.0000			
23.9411			-59.5392			-3.0337			-38.6000			113.0000			33.0000			-94.0000			
25.0694			-57.8282			-6.3803			-39.1000			111.0000			53.0000			-105.0000			
27.8900			-56.6875			-10.2847			-39.0000			109.0000			73.0000			-118.0000			
30.1465			-53.2653			-14.7468			-37.8000			107.0000			94.0000			-129.0000			
29.5824			-51.5543			-17.5356			-39.5000			103.0000			113.0000			-139.0000			
30.1465			-49.2729			-20.3244			-39.4000			99.0000			130.0000			-149.0000			
33.5313			-46.4211			-25.3443			-38.2000			95.0000			146.0000			-159.0000			
38.0444			-45.2804			-29.8065			-37.0000			89.0000			162.0000			-167.0000			
38.6085			-44.7101			-32.5953			-38.6000			81.0000			177.0000			-173.0000			
38.6085			-42.4286			-35.3841			-39.2000			75.0000			193.0000			-180.0000			
37.4802			-37.2955			-38.1729			-37.9000			66.0000			207.0000			-186.0000			
36.9161			-34.4437			-41.5195			-39.0000			59.0000			220.0000			-193.0000			
35.7878			-31.0216			-43.7506			-38.9000			51.0000			230.0000			-196.0000			
34.6596			-27.5995			-44.8661			-37.7000			43.0000			239.0000			-199.0000			
30.1465			-23.6070			-45.4239			-38.8000			33.0000			244.0000			-201.0000			
30.1465			-20.1849			-48.2127			-38.2000			23.0000			249.0000			-201.0000			
29.5824			-18.4739			-51.0016			-39.8000			12.0000			253.0000			-200.0000			
26.1976			-12.2000			-54.9059			-40.9000			3.0000			255.0000			-199.0000			
24.5052			-9.3482			-55.4637			-40.3000			-6.0000			256.0000			-197.0000			
22.8129			-8.2075			-53.7904			-39.1000			-16.0000			256.0000			-195.0000			
21.1205			-1.9336			-57.1370			-37.9000			-27.0000			255.0000			-191.0000			
18.8639			3.1995			-61.5991			-39.5000			-37.0000			252.0000			-185.0000			
18.2998			5.4809			-62.1569			-38.3000			-49.0000			246.0000			-179.0000			
16.0433			7.7624			-62.7146			-38.9000			-58.0000			239.0000			-170.0000			
12.6585			8.9031			-61.0413			-39.4000			-68.0000			231.0000			-161.0000			
8.7096			11.7548			-58.8103			-38.3000			-78.0000			221.0000			-153.0000			
4.1966			12.8955			-55.4637			-38.3000			-87.0000			211.0000			-143.0000			
1.9401			13.4659			-53.7904			-38.3000			-96.0000			199.0000			-134.0000			
-1.4447			15.1769			-51.5593			-37.8000			-104.0000			186.0000			-123.0000			
-5.9578			16.3176			-49.3283			-38.9000			-111.0000			170.0000			-110.0000			
-7.6502			18.5991			-49.3283			-38.3000			-120.0000			152.0000			-97.0000			
-12.7273			23.1619			-48.7705			-38.3000			-129.0000			136.0000			-83.0000			
-13.8556			22.5915			-47.0972			-38.3000			-135.0000			119.0000			-72.0000			
-18.3686			24.3026			-43.7506			-37.8000			-140.0000			102.0000			-59.0000			
-22.8817			27.7247			-42.6351			-37.7000			-145.0000			83.0000			-47.0000			
-26.2664			30.0061			-42.6351			-38.8000			-143.0000			62.0000			-33.0000			
-27.3947			30.0061			-39.8462			-37.2000			-138.0000			39.0000			-18.0000			
-30.2153			30.0061			-36.4997			-36.7000			-137.0000			18.0000			-3.0000			
-32.4719			27.1543			-32.5953			-37.9000			-137.0000			-5.0000			11.0000			
-33.6001			26.0136			-29.2487			-36.8000			-140.0000			-25.0000			25.0000			
-36.9849			25.4433			-25.3443			-36.8000			-139.0000			-44.0000			38.0000			
-38.1132			23.1619			-22.5555			-37.5000			-138.0000			-65.0000			49.0000			
-38.6773			22.0212			-19.2089			-35.8000			-136.0000			-84.0000			62.0000			
-42.0621			21.4508			-15.3046			-35.9000			-135.0000			-107.0000			72.0000			
-43.1903			18.5991			-10.8424			-35.4000			-132.0000			-130.0000			82.0000			
-43.7545			16.3176			-8.0536			-35.4000			-130.0000			-149.0000			92.0000			
-44.8827			14.0362			-5.2648			-36.1000			-125.0000			-164.0000			103.0000			
-46.5751			11.7548			-0.8026			-35.6000			-121.0000			-180.0000			112.0000			
-51.0881			11.1845			4.2173			-35.6000			-115.0000			-196.0000			121.0000			
-52.7805			9.4734			7.5638			-35.7000			-108.0000			-211.0000			128.0000			
-52.2164			7.7624			9.7949			-34.6000			-100.0000			-226.0000			135.0000			
-51.0881			2.6292			12.0260			-36.4000			-90.0000			-239.0000			143.0000			
-50.5240			-0.2226			15.3726			-35.3000			-82.0000			-249.0000			149.0000			
-49.3958			-3.0743			17.6036			-34.8000			-75.0000			-259.0000			153.0000			
-46.5751			-6.4965			19.2769			-33.7000			-67.0000			-266.0000			157.0000			
-43.1903			-11.0593			20.3925			-33.8000			-57.0000			-273.0000			159.0000			
-43.7545			-15.0517			22.6235			-36.1000			-47.0000			-278.0000			158.0000			
-42.0621			-16.7628			24.2968			-34.5000			-35.0000			-282.0000			159.0000			
-39.2414			-23.0367			28.2012			-34.0000			-26.0000			-285.0000			157.0000			
-36.9849			-25.3181			28.7590			-33.5000			-16.0000			-285.0000			155.0000			
-35.8566			-27.0291			29.8745			-33.0000			-7.0000			-285.0000			155.0000			
-34.1643			-32.1623			32.6633			-33.6000			5.0000			-282.0000			151.0000			
-32.4719			-36.7251			36.0099			-33.1000			14.0000			-277.0000			146.0000			
-31.3436			-40.1472			37.1254			-34.3000			26.0000			-272.0000			138.0000			
-28.5230			-40.7176			36.5677			-32.6000			37.0000			-265.0000			130.0000			
-25.1382			-42.9990			35.4521			-32.6000			48.0000			-256.0000			121.0000			
-20.6251			-45.2804			34.3366			-31.5000			56.0000			-247.0000			114.0000			
-17.2404			-47.5618			32.1055			-32.6000			66.0000			-235.0000			104.0000			
-14.4197			-46.9915			30.9900			-30.4000			73.0000			-224.0000			96.0000			
-11.5991			-48.7025			28.2012			-32.0000			81.0000			-209.0000			85.0000			
-7.0860			-50.4136			25.4124			-32.0000			88.0000			-193.0000			72.0000			
-4.2654			-52.1246			24.8546			-31.5000			86.0000			-176.0000			58.0000			
-0.3165			-56.6875			24.8546			-32.1000			87.0000			-159.0000			47.0000			
1.3759			-55.5468			22.6235			-31.5000			91.0000			-142.0000			35.0000			
6.4531			-57.8282			19.2769			-32.0000			96.0000			-125.0000			24.0000			
9.8379			-61.2503			19.8347			-31.5000			101.0000			-105.0000			11.0000			
13.2227			-62.3910			18.1614			-31.0000			107.0000			-84.0000			-3.0000			
15.4792			-62.9613			15.3726			-32.1000			113.0000			-62.0000			-18.0000			
17.1716			-61.8206			12.5837			-32.0000			117.0000			-41.0000			-33.0000			
20.5563			-61.2503			8.6794			-32.0000			119.0000			-19.0000			-47.0000			
21.6846			-57.8282			4.7750			-31.3000			120.0000			3.0000			-61.0000			
24.5052			-56.6875			1.4284			-30.7000			119.0000			22.0000			-73.0000			
25.6335			-54.9764			-1.9182			-31.2000			119.0000			41.0000			-85.0000			
27.3259			-53.8357			-4.7070			-31.2000			116.0000			62.0000			-97.0000			
30.1465			-53.2653			-8.0536			-31.1000			112.0000			83.0000			-110.0000			
31.2748			-49.8432			-13.0735			-31.6000			110.0000			102.0000			-122.0000			
31.8389			-47.5618			-15.3046			-31.0000			108.0000			120.0000			-131.0000			
31.8389			-45.2804			-18.0934			-31.5000			104.0000			137.0000			-141.0000			
35.7878			-42.9990			-23.6710			-30.8000			99.0000			152.0000			-151.0000			
40.3009			-42.4286			-28.1332			-30.2000			94.0000			168.0000			-159.0000			
40.3009			-41.2879			-30.9220			-31.9000			86.0000			185.0000			-166.0000			
40.3009			-38.4362			-33.1531			-31.2000			77.0000			199.0000			-174.0000			
39.1726			-33.8734			-36.4997			-31.2000			69.0000			214.0000			-180.0000			
38.6085			-30.4512			-39.8462			-31.6000			60.0000			223.0000			-186.0000			
37.4802			-27.5995			-41.5195			-31.6000			52.0000			233.0000			-189.0000			
35.2237			-24.1774			-43.1928			-32.1000			43.0000			242.0000			-194.0000			
32.4031			-20.1849			-43.7506			-31.5000			36.0000			246.0000			-195.0000			
31.2748			-16.7628			-45.9817			-31.4000			26.0000			252.0000			-194.0000			
31.2748			-14.4814			-48.7705			-31.9000			14.0000			256.0000			-194.0000			
27.8900			-8.2075			-51.5593			-31.8000			4.0000			257.0000			-193.0000			
26.1976			-6.4965			-52.1171			-32.4000			-7.0000			258.0000			-193.0000			
23.3770			-4.2150			-51.5593			-32.4000			-15.0000			259.0000			-191.0000			
22.8129			1.4885			-54.9059			-30.5000			-27.0000			256.0000			-187.0000			
21.1205			6.0513			-58.2525			-31.0000			-37.0000			251.0000			-181.0000			
19.4281			8.3327			-59.9258			-32.1000			-49.0000			247.0000			-173.0000			
17.1716			10.0438			-59.3681			-32.1000			-59.0000			240.0000			-166.0000			
13.7868			12.3252			-57.6948			-31.5000			-69.0000			232.0000			-157.0000			
9.8379			15.7473			-56.0215			-30.4000			-79.0000			221.0000			-148.0000			
5.3248			16.3176			-52.6749			-31.0000			-87.0000			211.0000			-139.0000			
3.0683			16.8880			-51.5593			-31.6000			-94.0000			198.0000			-130.0000			
-0.8806			18.0287			-48.7705			-31.6000			-102.0000			183.0000			-119.0000			
-4.8295			19.7398			-47.6550			-32.7000			-111.0000			167.0000			-107.0000			
-7.0860			22.5915			-46.5394			-31.0000			-121.0000			150.0000			-94.0000			
-11.5991			26.0136			-45.9817			-31.5000			-129.0000			134.0000			-82.0000			
-12.7273			25.4433			-43.7506			-31.0000			-135.0000			115.0000			-71.0000			
-17.2404			27.1543			-41.5195			-31.6000			-141.0000			97.0000			-59.0000			
-21.7534			31.7172			-39.8462			-29.8000			-147.0000			79.0000			-45.0000			
-24.5740			32.8579			-39.8462			-31.5000			-143.0000			57.0000			-32.0000			
-26.8306			33.4282			-37.6152			-31.0000			-138.0000			35.0000			-17.0000			
-28.5230			31.7172			-33.1531			-29.9000			-138.0000			14.0000			-3.0000			
-31.9077			30.5764			-29.8065			-31.1000			-140.0000			-7.0000			12.0000			
-33.0360			28.8654			-25.9021			-30.0000			-142.0000			-29.0000			23.0000			
-35.2925			28.2950			-22.5555			-29.5000			-141.0000			-51.0000			36.0000			
-36.4208			26.5840			-19.7667			-29.6000			-139.0000			-70.0000			49.0000			
-37.5490			25.4433			-15.8623			-27.9000			-138.0000			-90.0000			61.0000			
-41.4979			24.8729			-12.5157			-29.1000			-135.0000			-110.0000			74.0000			
-42.0621			20.8805			-8.6114			-29.7000			-131.0000			-130.0000			84.0000			
-42.0621			18.5991			-5.8225			-29.2000			-128.0000			-148.0000			95.0000			
-43.7545			17.4583			-2.4759			-28.7000			-125.0000			-164.0000			106.0000			
-46.5751			15.1769			2.5440			-28.8000			-119.0000			-179.0000			114.0000			
-49.9599			14.0362			7.5638			-28.3000			-113.0000			-194.0000			123.0000			
-51.0881			12.8955			9.2371			-28.9000			-105.0000			-210.0000			131.0000			
-51.0881			10.0438			12.5837			-28.4000			-97.0000			-224.0000			138.0000			
-49.9599			6.0513			15.9303			-27.9000			-90.0000			-238.0000			145.0000			
-48.8316			2.6292			17.6036			-28.5000			-82.0000			-250.0000			150.0000			
-47.7034			-0.2226			19.8347			-28.0000			-73.0000			-260.0000			155.0000			
-46.0110			-3.6447			22.0658			-27.5000			-66.0000			-267.0000			158.0000			
-43.1903			-8.2075			22.6235			-28.7000			-55.0000			-273.0000			159.0000			
-42.0621			-10.4889			25.4124			-27.1000			-45.0000			-277.0000			159.0000			
-40.9338			-13.3407			27.6434			-26.6000			-35.0000			-281.0000			159.0000			
-38.1132			-20.1849			30.9900			-27.3000			-23.0000			-284.0000			158.0000			
-36.9849			-21.8960			30.9900			-27.8000			-15.0000			-283.0000			158.0000			
-34.1643			-24.1774			32.1055			-26.2000			-4.0000			-283.0000			155.0000			
-33.0360			-29.3105			35.4521			-26.8000			6.0000			-281.0000			151.0000			
-31.3436			-34.4437			38.7987			-26.9000			16.0000			-277.0000			146.0000			
-30.2153			-36.1548			39.3565			-27.0000			29.0000			-271.0000			138.0000			
-27.3947			-37.8658			39.3565			-25.9000			39.0000			-264.0000			131.0000			
-24.0099			-40.1472			37.1254			-27.0000			48.0000			-255.0000			122.0000			
-19.4969			-42.9990			36.0099			-26.4000			59.0000			-243.0000			114.0000			
-15.5480			-42.9990			33.2211			-25.3000			67.0000			-233.0000			105.0000			
-13.2914			-44.1397			32.1055			-25.3000			75.0000			-221.0000			95.0000			
-9.3425			-45.2804			29.8745			-24.7000			83.0000			-206.0000			84.0000			
-5.9578			-46.9915			26.5279			-26.4000			91.0000			-190.0000			71.0000			
-2.5730			-48.7025			27.0857			-24.1000			87.0000			-173.0000			58.0000			
0.8118			-53.2653			26.5279			-25.9000			90.0000			-155.0000			47.0000			
3.0683			-52.1246			24.2968			-24.7000			94.0000			-139.0000			35.0000			
7.5814			-54.4060			22.0658			-24.7000			98.0000			-119.0000			24.0000			
12.0944			-58.3985			20.9502			-25.3000			103.0000			-101.0000			11.0000			
13.7868			-59.5392			20.3925			-25.3000			110.0000			-80.0000			-2.0000			
16.6074			-58.9689			18.7192			-23.6000			115.0000			-58.0000			-19.0000			
19.4281			-58.3985			13.6993			-25.2000			118.0000			-37.0000			-33.0000			
21.1205			-57.2578			10.9104			-25.2000			120.0000			-14.0000			-47.0000			
23.3770			-54.4060			6.4483			-24.5000			121.0000			6.0000			-60.0000			
25.6335			-54.4060			3.1017			-25.6000			122.0000			27.0000			-71.0000			
26.7618			-52.1246			1.4284			-23.9000			121.0000			45.0000			-85.0000			
28.4542			-50.4136			-3.0337			-24.9000			117.0000			67.0000			-96.0000			
30.7107			-49.8432			-6.9381			-26.0000			116.0000			87.0000			-108.0000			
32.4031			-46.9915			-11.4002			-25.9000			112.0000			108.0000			-120.0000			
31.8389			-44.1397			-13.6313			-25.9000			109.0000			125.0000			-130.0000			
33.5313			-42.4286			-15.8623			-24.7000			105.0000			140.0000			-140.0000			
36.9161			-40.1472			-21.9977			-25.2000			101.0000			157.0000			-149.0000			
40.3009			-38.4362			-27.0176			-25.1000			94.0000			172.0000			-156.0000			
41.9933			-37.2955			-28.6909			-23.9000			86.0000			188.0000			-166.0000			
40.8650			-35.5844			-31.4798			-26.2000			79.0000			202.0000			-173.0000			
39.7368			-30.4512			-35.3841			-26.0000			70.0000			215.0000			-179.0000			
39.1726			-27.0291			-37.0574			-24.9000			62.0000			227.0000			-183.0000			
37.4802			-24.1774			-39.2885			-25.9000			54.0000			237.0000			-188.0000			
35.7878			-20.7553			-41.5195			-26.4000			45.0000			245.0000			-193.0000			
32.4031			-17.3331			-41.5195			-26.4000			37.0000			251.0000			-193.0000			
32.9672			-13.9110			-44.8661			-25.8000			26.0000			253.0000			-193.0000			
31.8389			-11.0593			-46.5394			-25.7000			15.0000			258.0000			-193.0000			
27.8900			-4.2150			-49.3283			-25.6000			4.0000			260.0000			-191.0000			
26.7618			-3.0743			-49.8860			-26.1000			-5.0000			260.0000			-190.0000			
25.0694			-0.2226			-49.3283			-24.4000			-16.0000			259.0000			-189.0000			
23.3770			5.4809			-53.7904			-24.9000			-26.0000			256.0000			-185.0000			
22.2487			9.4734			-56.5792			-24.8000			-38.0000			251.0000			-179.0000			
19.9922			11.7548			-58.2525			-26.5000			-50.0000			245.0000			-172.0000			
17.7357			14.0362			-57.6948			-25.9000			-60.0000			238.0000			-164.0000			
14.3509			15.7473			-55.4637			-25.3000			-69.0000			229.0000			-155.0000			
10.4020			18.5991			-54.3482			-25.3000			-79.0000			220.0000			-146.0000			
5.8890			18.5991			-51.0016			-26.5000			-88.0000			209.0000			-139.0000			
3.6324			19.7398			-49.3283			-25.9000			-96.0000			197.0000			-129.0000			
-0.3165			20.8805			-47.6550			-27.0000			-103.0000			183.0000			-118.0000			
-3.7012			22.5915			-44.8661			-25.9000			-110.0000			165.0000			-105.0000			
-7.0860			25.4433			-45.4239			-27.0000			-121.0000			150.0000			-92.0000			
-11.0349			30.0061			-44.3084			-25.3000			-128.0000			130.0000			-80.0000			
-12.1632			28.2950			-40.4040			-24.2000			-135.0000			114.0000			-69.0000			
-16.6762			30.5764			-39.2885			-25.3000			-141.0000			96.0000			-57.0000			
-21.7534			34.5689			-38.7307			-25.9000			-145.0000			77.0000			-43.0000			
-24.0099			35.7096			-38.1729			-26.4000			-142.0000			56.0000			-29.0000			
-26.2664			35.7096			-35.9419			-26.4000			-137.0000			34.0000			-14.0000			
-28.5230			35.1393			-30.9220			-24.3000			-137.0000			12.0000			-1.0000			
-30.2153			34.5689			-27.5754			-23.2000			-138.0000			-9.0000			15.0000			
-31.9077			31.1468			-22.5555			-23.3000			-139.0000			-30.0000			28.0000			
-34.7284			30.5764			-20.3244			-24.4000			-138.0000			-49.0000			39.0000			
-35.8566			30.0061			-17.5356			-23.3000			-138.0000			-70.0000			52.0000			
-37.5490			27.7247			-13.6313			-23.4000			-135.0000			-89.0000			66.0000			
-40.3697			27.1543			-10.8424			-24.0000			-132.0000			-110.0000			76.0000			
-41.4979			23.7322			-4.7070			-22.4000			-130.0000			-130.0000			89.0000			
-40.9338			20.8805			-3.0337			-23.0000			-126.0000			-147.0000			99.0000			
-42.0621			19.7398			-0.8026			-23.1000			-122.0000			-163.0000			108.0000			
-45.4468			18.5991			4.7750			-22.0000			-118.0000			-178.0000			117.0000			
-49.9599			16.8880			9.7949			-23.2000			-111.0000			-194.0000			127.0000			
-51.0881			15.1769			12.0260			-23.8000			-103.0000			-209.0000			134.0000			
-49.9599			13.4659			14.2570			-22.2000			-94.0000			-225.0000			142.0000			
-48.8316			8.3327			17.0459			-23.4000			-86.0000			-237.0000			149.0000			
-47.7034			4.9106			20.3925			-22.4000			-78.0000			-249.0000			153.0000			
-46.0110			2.0588			21.5080			-22.4000			-70.0000			-257.0000			158.0000			
-44.8827			-1.9336			23.7391			-23.0000			-62.0000			-265.0000			161.0000			
-40.9338			-5.3557			24.8546			-21.4000			-52.0000			-269.0000			163.0000			
-40.9338			-9.3482			28.2012			-22.0000			-41.0000			-275.0000			163.0000			
-39.8055			-11.0593			28.7590			-22.1000			-32.0000			-278.0000			163.0000			
-36.4208			-17.3331			32.6633			-21.1000			-21.0000			-281.0000			162.0000			
-35.8566			-19.6146			32.6633			-22.8000			-11.0000			-281.0000			161.0000			
-33.0360			-21.8960			33.7788			-21.1000			-2.0000			-281.0000			158.0000			
-32.4719			-27.0291			37.1254			-22.3000			9.0000			-277.0000			154.0000			
-29.6512			-31.0216			39.3565			-21.3000			21.0000			-274.0000			149.0000			
-28.5230			-33.8734			41.0298			-21.3000			31.0000			-268.0000			140.0000			
-25.7023			-35.5844			41.0298			-20.2000			43.0000			-261.0000			132.0000			
-22.3175			-37.8658			39.3565			-20.8000			52.0000			-252.0000			124.0000			
-18.3686			-39.5769			37.6832			-20.2000			61.0000			-241.0000			116.0000			
-14.4197			-41.2879			34.8944			-20.8000			69.0000			-230.0000			107.0000			
-11.5991			-41.2879			33.2211			-19.6000			78.0000			-217.0000			98.0000			
-8.7784			-42.9990			30.9900			-20.7000			86.0000			-203.0000			86.0000			
-4.8295			-44.7101			28.2012			-21.3000			92.0000			-187.0000			73.0000			
-0.8806			-47.5618			28.7590			-19.6000			88.0000			-170.0000			61.0000			
1.9401			-50.9839			27.6434			-21.4000			91.0000			-153.0000			48.0000			
4.7607			-49.2729			25.4124			-19.0000			95.0000			-136.0000			38.0000			
8.7096			-52.1246			23.7391			-19.6000			101.0000			-116.0000			25.0000			
12.6585			-56.1171			24.2968			-19.1000			106.0000			-99.0000			12.0000			
15.4792			-57.2578			21.5080			-20.2000			110.0000			-78.0000			-3.0000			
17.1716			-57.2578			19.8347			-20.2000			117.0000			-55.0000			-18.0000			
19.9922			-56.1171			15.3726			-20.7000			119.0000			-34.0000			-31.0000			
22.8129			-54.9764			12.0260			-20.1000			121.0000			-13.0000			-47.0000			
23.3770			-51.5543			8.1216			-20.0000			122.0000			8.0000			-60.0000			
27.3259			-51.5543			4.7750			-19.4000			122.0000			29.0000			-72.0000			
27.8900			-49.8432			1.9862			-19.9000			121.0000			47.0000			-84.0000			
30.1465			-47.5618			-1.9182			-19.3000			118.0000			68.0000			-96.0000			
31.8389			-47.5618			-4.7070			-20.4000			115.0000			89.0000			-109.0000			
33.5313			-44.7101			-9.7269			-20.9000			113.0000			109.0000			-120.0000			
32.4031			-41.2879			-11.4002			-20.2000			108.0000			125.0000			-130.0000			
33.5313			-39.5769			-15.3046			-21.3000			105.0000			142.0000			-141.0000			
37.4802			-37.2955			-20.3244			-20.1000			100.0000			157.0000			-150.0000			
41.9933			-36.1548			-24.7866			-18.9000			93.0000			173.0000			-157.0000			
41.9933			-34.4437			-27.5754			-20.0000			85.0000			189.0000			-166.0000			
41.4291			-32.1623			-30.3642			-21.0000			78.0000			203.0000			-172.0000			
40.3009			-27.5995			-32.0375			-19.3000			69.0000			216.0000			-180.0000			
40.3009			-24.1774			-35.9419			-19.8000			61.0000			227.0000			-185.0000			
38.6085			-21.3256			-38.1729			-20.8000			53.0000			237.0000			-188.0000			
36.3520			-17.9035			-38.7307			-20.2000			44.0000			243.0000			-192.0000			
32.4031			-13.9110			-40.4040			-21.9000			35.0000			248.0000			-193.0000			
33.5313			-11.6296			-43.1928			-21.2000			24.0000			253.0000			-193.0000			
32.4031			-8.2075			-44.8661			-20.6000			13.0000			256.0000			-193.0000			
29.0183			-1.3633			-48.2127			-20.5000			3.0000			258.0000			-191.0000			
27.8900			-0.2226			-48.7705			-21.0000			-6.0000			260.0000			-190.0000			
25.0694			2.6292			-48.2127			-20.5000			-17.0000			259.0000			-188.0000			
24.5052			8.3327			-52.6749			-19.8000			-27.0000			256.0000			-185.0000			
22.8129			11.7548			-56.0215			-21.4000			-38.0000			252.0000			-177.0000			
20.5563			14.6066			-56.0215			-20.8000			-49.0000			246.0000			-171.0000			
18.2998			16.3176			-55.4637			-20.8000			-60.0000			239.0000			-162.0000			
14.3509			18.5991			-53.7904			-20.8000			-71.0000			229.0000			-154.0000			
10.9661			20.8805			-52.6749			-20.8000			-79.0000			219.0000			-146.0000			
6.4531			20.8805			-49.3283			-21.9000			-87.0000			208.0000			-137.0000			
3.6324			22.5915			-47.6550			-21.4000			-97.0000			194.0000			-127.0000			
0.2477			23.7322			-44.8661			-20.8000			-105.0000			180.0000			-117.0000			
-3.7012			25.4433			-43.1928			-21.4000			-112.0000			163.0000			-104.0000			
-5.9578			28.2950			-43.1928			-20.8000			-122.0000			147.0000			-91.0000			
-9.3425			31.1468			-42.6351			-20.8000			-129.0000			129.0000			-79.0000			
-12.7273			30.5764			-39.8462			-21.9000			-135.0000			111.0000			-68.0000			
-17.2404			33.9986			-37.6152			-20.8000			-141.0000			93.0000			-56.0000			
-21.1893			37.4207			-37.6152			-21.3000			-146.0000			74.0000			-42.0000			
-23.4458			38.5614			-35.9419			-20.8000			-143.0000			53.0000			-29.0000			
-25.7023			38.5614			-33.7108			-20.8000			-138.0000			31.0000			-13.0000			
-27.3947			36.8503			-29.2487			-19.7000			-137.0000			9.0000			1.0000			
-29.6512			36.2800			-26.4599			-19.8000			-139.0000			-12.0000			15.0000			
-31.9077			32.8579			-21.4400			-20.4000			-139.0000			-32.0000			28.0000			
-34.7284			33.4282			-18.0934			-19.3000			-139.0000			-53.0000			40.0000			
-35.8566			31.1468			-15.8623			-20.5000			-137.0000			-72.0000			52.0000			
-37.5490			30.5764			-11.9580			-18.9000			-135.0000			-91.0000			65.0000			
-39.8055			30.0061			-8.6114			-18.4000			-133.0000			-114.0000			75.0000			
-41.4979			26.5840			-4.1492			-19.0000			-133.0000			-137.0000			84.0000			
-40.3697			23.1619			-1.3604			-18.5000			-131.0000			-157.0000			92.0000			
-40.9338			21.4508			1.9862			-17.4000			-129.0000			-177.0000			100.0000			
-46.0110			19.7398			7.0061			-19.2000			-127.0000			-196.0000			106.0000			
-47.7034			20.8805			12.5837			-14.2000			-127.0000			-221.0000			107.0000			
-49.3958			18.0287			13.6993			-17.6000			-123.0000			-242.0000			110.0000			
-48.8316			15.7473			17.0459			-16.0000			-116.0000			-263.0000			113.0000			
-47.7034			10.0438			19.8347			-17.8000			-106.0000			-274.0000			120.0000			
-46.5751			7.7624			22.0658			-16.7000			-98.0000			-284.0000			127.0000			
-46.0110			3.7699			23.1813			-19.0000			-89.0000			-290.0000			132.0000			
-43.1903			0.3478			25.4124			-17.4000			-78.0000			-294.0000			136.0000			
-39.8055			-4.2150			26.5279			-17.4000			-68.0000			-298.0000			138.0000			
-40.3697			-6.4965			29.8745			-16.9000			-57.0000			-300.0000			138.0000			
-38.1132			-9.3482			30.9900			-16.4000			-45.0000			-302.0000			138.0000			
-36.4208			-15.6221			34.3366			-17.7000			-35.0000			-303.0000			136.0000			
-35.2925			-17.3331			34.3366			-18.2000			-25.0000			-303.0000			137.0000			
-32.4719			-21.3256			36.0099			-17.7000			-14.0000			-301.0000			137.0000			
-31.3436			-25.8884			39.9143			-17.3000			-3.0000			-297.0000			133.0000			
-29.6512			-29.8809			42.1453			-17.3000			9.0000			-290.0000			127.0000			
-27.9588			-32.1623			43.2609			-16.8000			21.0000			-284.0000			120.0000			
-24.5740			-32.7327			43.2609			-14.0000			31.0000			-275.0000			112.0000			
-21.7534			-35.5844			41.0298			-16.3000			41.0000			-266.0000			104.0000			
-17.2404			-38.4362			39.3565			-16.3000			51.0000			-255.0000			96.0000			
-13.8556			-39.0065			36.0099			-16.8000			60.0000			-243.0000			88.0000			
-11.0349			-39.0065			35.4521			-14.5000			66.0000			-232.0000			76.0000			
-7.6502			-41.2879			32.1055			-16.8000			75.0000			-218.0000			65.0000			
-4.2654			-41.8583			30.9900			-15.1000			79.0000			-203.0000			51.0000			
0.2477			-45.2804			30.9900			-14.0000			78.0000			-185.0000			40.0000			
3.0683			-48.1322			29.3167			-15.7000			81.0000			-166.0000			28.0000			
5.8890			-46.9915			27.6434			-13.4000			85.0000			-149.0000			18.0000			
10.4020			-50.9839			24.8546			-15.7000			91.0000			-128.0000			6.0000			
13.7868			-53.8357			24.2968			-15.7000			95.0000			-108.0000			-7.0000			
16.0433			-55.5468			23.1813			-16.3000			102.0000			-87.0000			-21.0000			
18.2998			-55.5468			22.0658			-15.1000			107.0000			-65.0000			-35.0000			
20.5563			-53.2653			16.4881			-16.2000			110.0000			-41.0000			-49.0000			
23.3770			-52.1246			14.2570			-14.4000			110.0000			-23.0000			-65.0000			
23.9411			-49.2729			8.6794			-16.6000			111.0000			-4.0000			-79.0000			
28.4542			-49.2729			6.4483			-14.3000			111.0000			15.0000			-90.0000			
28.4542			-48.1322			4.2173			-15.4000			111.0000			38.0000			-102.0000			
30.1465			-46.4211			-0.8026			-17.0000			111.0000			61.0000			-110.0000			
31.8389			-44.7101			-4.7070			-17.5000			109.0000			83.0000			-121.0000			
33.5313			-41.2879			-8.6114			-16.3000			107.0000			104.0000			-131.0000			
32.9672			-39.5769			-10.8424			-17.4000			105.0000			124.0000			-141.0000			
34.6596			-37.2955			-13.6313			-16.2000			98.0000			139.0000			-151.0000			
39.1726			-35.5844			-19.7667			-16.1000			92.0000			151.0000			-163.0000			
42.5574			-34.4437			-24.2288			-16.1000			85.0000			166.0000			-171.0000			
43.1215			-33.8734			-26.4599			-17.2000			79.0000			183.0000			-177.0000			
41.9933			-29.8809			-29.2487			-17.1000			73.0000			201.0000			-182.0000			
