-67.5117			105.2726			-37.4719			0.2000			-108.0000			93.0000			-6.0000			
-72.5010			99.8533			-27.4066			0.0000			-109.0000			87.0000			3.0000			
-77.4903			97.6856			-21.2557			-1.0000			-112.0000			81.0000			13.0000			
-80.2622			97.6856			-17.3414			0.0000			-114.0000			73.0000			20.0000			
-83.0341			90.0986			-7.2762			-0.1000			-115.0000			66.0000			29.0000			
-85.8059			86.8470			-1.1252			0.0000			-115.0000			58.0000			37.0000			
-91.9040			81.9697			10.0584			0.1000			-114.0000			49.0000			46.0000			
-97.4477			79.2601			18.4461			0.2000			-112.0000			39.0000			54.0000			
-104.6546			77.6343			27.3930			0.3000			-110.0000			30.0000			63.0000			
-111.3070			75.4666			35.7807			0.0000			-108.0000			19.0000			69.0000			
-114.0789			71.6731			42.4909			0.0000			-104.0000			9.0000			77.0000			
-114.0789			64.0861			49.7602			-0.2000			-101.0000			-1.0000			85.0000			
-110.1983			54.3314			54.7928			-1.0000			-97.0000			-11.0000			91.0000			
-106.3177			43.4929			62.6213			-0.2000			-91.0000			-22.0000			95.0000			
-102.4371			34.2802			68.7723			0.6000			-86.0000			-33.0000			101.0000			
-98.5565			24.5255			72.6866			-1.3000			-80.0000			-43.0000			107.0000			
-96.3390			19.6481			76.6008			0.0000			-74.0000			-52.0000			110.0000			
-97.4477			16.9385			79.3967			-1.1000			-67.0000			-62.0000			113.0000			
-91.9040			6.6419			84.4294			-0.8000			-60.0000			-70.0000			114.0000			
-82.4797			-5.8224			87.2253			-1.0000			-52.0000			-80.0000			117.0000			
-80.2622			-13.9513			94.4946			0.2000			-44.0000			-89.0000			118.0000			
-80.2622			-20.4544			100.0864			-0.6000			-35.0000			-98.0000			117.0000			
-77.4903			-30.7510			107.9149			-0.3000			-25.0000			-105.0000			117.0000			
-74.1641			-37.2542			111.8292			0.4000			-17.0000			-114.0000			117.0000			
-71.9466			-43.7573			113.5067			-2.1000			-9.0000			-120.0000			115.0000			
-63.6311			-50.2604			112.3884			-1.4000			0.0000			-128.0000			113.0000			
-50.3261			-59.4731			108.4741			-1.3000			10.0000			-132.0000			108.0000			
-38.1300			-67.6020			105.6782			0.0000			19.0000			-136.0000			104.0000			
-28.1513			-74.6471			101.2048			-1.5000			26.0000			-141.0000			101.0000			
-19.2813			-77.8986			96.1721			-1.0000			36.0000			-145.0000			96.0000			
-17.6182			-81.6921			97.8497			-1.4000			43.0000			-147.0000			90.0000			
-12.6289			-82.2341			94.4946			-0.3000			51.0000			-149.0000			84.0000			
-2.6502			-85.4856			87.7844			-0.3000			58.0000			-150.0000			78.0000			
8.9916			-91.9887			81.6335			-1.3000			65.0000			-149.0000			71.0000			
17.3072			-97.4080			79.9559			-0.1000			73.0000			-150.0000			63.0000			
26.1772			-105.5369			77.1600			-2.1000			79.0000			-149.0000			54.0000			
36.1559			-113.1239			75.4825			-1.4000			85.0000			-146.0000			46.0000			
42.8083			-116.3754			73.2458			-0.3000			92.0000			-143.0000			39.0000			
47.2433			-116.3754			68.2131			-0.9000			98.0000			-140.0000			29.0000			
52.2326			-112.0400			58.1479			-1.6000			101.0000			-135.0000			18.0000			
60.5482			-108.7885			46.9643			-1.2000			106.0000			-130.0000			10.0000			
67.7550			-105.5369			37.4582			-0.3000			109.0000			-125.0000			2.0000			
72.7444			-100.6596			26.8338			-1.0000			110.0000			-118.0000			-9.0000			
77.7337			-100.1176			21.2420			-1.1000			113.0000			-110.0000			-17.0000			
80.5056			-98.4919			17.3278			-0.6000			114.0000			-104.0000			-26.0000			
83.2774			-90.9049			6.1442			-1.4000			116.0000			-97.0000			-34.0000			
86.6037			-86.5695			0.5524			0.5000			116.0000			-89.0000			-42.0000			
91.5930			-81.6921			-10.0721			-0.1000			115.0000			-80.0000			-51.0000			
97.6911			-80.6083			-19.0189			-1.9000			113.0000			-70.0000			-59.0000			
106.0067			-78.9825			-27.4066			-0.3000			110.0000			-61.0000			-68.0000			
112.6591			-76.2729			-36.3535			0.0000			107.0000			-50.0000			-76.0000			
114.3223			-71.9375			-42.5045			-0.1000			105.0000			-40.0000			-84.0000			
113.7679			-63.2666			-49.2147			1.2000			102.0000			-29.0000			-90.0000			
109.8873			-53.5120			-55.9248			0.4000			96.0000			-18.0000			-96.0000			
106.0067			-42.6734			-62.6350			0.7000			92.0000			-8.0000			-101.0000			
103.2348			-32.9187			-68.7860			1.5000			86.0000			2.0000			-106.0000			
97.6911			-24.7898			-72.7002			0.2000			79.0000			12.0000			-111.0000			
96.0280			-19.9125			-76.0553			0.0000			72.0000			22.0000			-114.0000			
97.1367			-16.6609			-79.4104			1.0000			64.0000			31.0000			-118.0000			
91.0387			-5.8224			-84.4430			0.7000			58.0000			40.0000			-121.0000			
82.7231			6.1000			-87.2389			1.5000			51.0000			48.0000			-122.0000			
80.5056			15.3127			-93.9491			1.8000			43.0000			58.0000			-122.0000			
79.9512			21.2739			-100.1000			1.1000			34.0000			66.0000			-123.0000			
76.6250			31.5705			-107.9286			0.2000			26.0000			74.0000			-122.0000			
73.2988			38.6156			-111.2836			0.6000			16.0000			82.0000			-121.0000			
71.0813			43.4929			-113.5204			1.0000			8.0000			89.0000			-119.0000			
62.7657			50.5380			-111.8428			1.4000			-2.0000			95.0000			-117.0000			
51.1239			59.7507			-109.0469			1.8000			-11.0000			102.0000			-113.0000			
38.3733			68.9635			-106.2510			1.0000			-18.0000			106.0000			-110.0000			
28.9490			73.2989			-101.2184			1.0000			-28.0000			110.0000			-105.0000			
18.9703			78.1762			-96.1858			0.9000			-36.0000			114.0000			-100.0000			
16.7528			81.4278			-98.4225			-0.2000			-45.0000			116.0000			-96.0000			
11.7635			82.5116			-93.9491			0.3000			-52.0000			118.0000			-90.0000			
2.3392			85.7632			-86.6797			1.4000			-60.0000			119.0000			-83.0000			
-9.3026			92.2663			-81.0879			1.8000			-66.0000			118.0000			-76.0000			
-17.6182			97.1437			-79.4104			0.1000			-74.0000			118.0000			-68.0000			
-25.9338			105.2726			-77.7328			1.6000			-81.0000			116.0000			-59.0000			
-35.9125			112.8595			-76.0553			0.9000			-86.0000			115.0000			-51.0000			
-42.0106			116.6530			-73.2594			1.3000			-93.0000			111.0000			-43.0000			
-46.9999			115.5692			-66.5492			2.0000			-98.0000			107.0000			-33.0000			
-51.4349			112.3176			-58.7207			2.1000			-102.0000			103.0000			-24.0000			
-60.8592			107.9822			-45.8596			1.2000			-106.0000			98.0000			-15.0000			
-69.1748			104.7306			-35.7943			-0.2000			-108.0000			92.0000			-6.0000			
-73.0554			99.3114			-25.7291			0.5000			-110.0000			86.0000			3.0000			
-78.0447			98.7694			-21.2557			-0.5000			-114.0000			79.0000			12.0000			
-81.3710			97.6856			-16.2230			0.0000			-115.0000			72.0000			21.0000			
-83.0341			89.5567			-6.1578			0.3000			-115.0000			64.0000			30.0000			
-85.8059			85.7632			-0.0068			0.0000			-115.0000			55.0000			38.0000			
-93.0128			81.4278			11.7360			0.1000			-114.0000			47.0000			48.0000			
-98.0021			78.1762			20.1237			0.3000			-113.0000			37.0000			55.0000			
-106.8720			77.6343			28.5114			-0.7000			-111.0000			28.0000			63.0000			
-112.4158			76.0085			36.3399			0.0000			-108.0000			18.0000			73.0000			
-114.0789			70.5892			43.0500			-0.4000			-105.0000			8.0000			79.0000			
-112.9701			61.9184			49.7602			-1.2000			-101.0000			-3.0000			85.0000			
-110.1983			52.7057			56.4704			-1.0000			-96.0000			-14.0000			92.0000			
-105.7633			41.3252			64.2989			-0.1000			-90.0000			-23.0000			96.0000			
-103.5458			33.1963			68.7723			-1.5000			-85.0000			-33.0000			101.0000			
-98.0021			23.4416			73.8049			-0.7000			-78.0000			-44.0000			107.0000			
-95.7846			19.1062			76.6008			0.0000			-72.0000			-54.0000			109.0000			
-97.4477			15.3127			79.9559			-2.1000			-65.0000			-63.0000			114.0000			
-90.7953			4.4742			84.4294			-1.8000			-59.0000			-72.0000			115.0000			
-81.3710			-6.9063			87.7844			-0.4000			-51.0000			-81.0000			118.0000			
-79.7078			-15.5771			94.4946			-0.7000			-43.0000			-89.0000			118.0000			
-80.8166			-22.0802			101.2048			-1.6000			-34.0000			-98.0000			118.0000			
-76.9360			-32.3768			108.4741			-0.8000			-25.0000			-106.0000			117.0000			
-73.6097			-38.3380			111.2700			-0.6000			-16.0000			-113.0000			116.0000			
-70.8379			-43.7573			112.9475			-1.6000			-6.0000			-121.0000			114.0000			
-60.8592			-51.3442			111.8292			-0.3000			2.0000			-128.0000			112.0000			
-48.6630			-61.0989			108.4741			-1.2000			12.0000			-133.0000			109.0000			
-37.5756			-68.1440			105.6782			0.0000			20.0000			-136.0000			104.0000			
-26.4882			-74.6471			100.0864			-1.0000			29.0000			-141.0000			99.0000			
-19.2813			-78.9825			95.6130			-2.6000			37.0000			-144.0000			95.0000			
-15.9551			-82.2341			97.2905			-0.9000			45.0000			-146.0000			90.0000			
-11.5201			-82.2341			92.2579			-1.4000			54.0000			-148.0000			84.0000			
-2.0958			-86.5695			86.6661			-1.9000			61.0000			-151.0000			78.0000			
11.2091			-92.5307			80.5151			-0.7000			68.0000			-151.0000			70.0000			
18.4160			-97.9499			79.3967			-0.1000			75.0000			-149.0000			62.0000			
27.8403			-106.6208			77.1600			-1.6000			81.0000			-146.0000			56.0000			
37.2646			-113.1239			74.9233			-0.9000			87.0000			-145.0000			46.0000			
43.9171			-116.3754			72.6866			0.2000			94.0000			-143.0000			37.0000			
48.3520			-115.2916			67.6540			0.7000			98.0000			-139.0000			28.0000			
53.3414			-112.0400			58.1479			-0.5000			103.0000			-134.0000			18.0000			
61.6570			-107.7046			45.2868			-0.7000			106.0000			-129.0000			10.0000			
68.3094			-104.9950			36.3399			-0.3000			109.0000			-122.0000			-1.0000			
73.8531			-100.1176			25.7155			-0.5000			112.0000			-117.0000			-9.0000			
78.2881			-100.1176			21.8012			0.0000			113.0000			-110.0000			-18.0000			
80.5056			-96.8661			16.7686			0.4000			115.0000			-103.0000			-26.0000			
83.8318			-89.8210			5.5850			-0.3000			117.0000			-97.0000			-35.0000			
86.0493			-86.0275			-0.0068			0.0000			117.0000			-87.0000			-44.0000			
93.2561			-81.6921			-11.7496			-0.1000			115.0000			-78.0000			-52.0000			
98.7999			-80.0664			-19.5781			-0.8000			114.0000			-69.0000			-61.0000			
107.1154			-78.9825			-27.4066			0.7000			110.0000			-58.0000			-69.0000			
113.2135			-75.7309			-36.9127			0.5000			107.0000			-48.0000			-76.0000			
114.3223			-71.3955			-43.0637			-0.1000			104.0000			-38.0000			-84.0000			
113.2135			-61.6409			-49.7738			1.8000			99.0000			-27.0000			-90.0000			
109.3329			-51.8862			-55.9248			1.5000			95.0000			-16.0000			-97.0000			
105.4523			-41.5896			-63.7533			0.1000			90.0000			-7.0000			-102.0000			
102.1261			-32.9187			-68.7860			0.4000			85.0000			3.0000			-107.0000			
97.6911			-24.2479			-73.2594			0.1000			79.0000			13.0000			-111.0000			
96.0280			-19.9125			-76.6145			-0.4000			72.0000			22.0000			-115.0000			
96.5824			-15.5771			-80.5287			0.4000			65.0000			33.0000			-118.0000			
91.0387			-4.7386			-84.4430			1.8000			59.0000			41.0000			-121.0000			
81.0600			7.1838			-87.7981			0.4000			51.0000			50.0000			-121.0000			
79.9512			15.3127			-93.3899			1.8000			42.0000			59.0000			-123.0000			
79.9512			22.3578			-100.1000			2.2000			33.0000			68.0000			-124.0000			
76.6250			32.1125			-107.9286			0.8000			25.0000			76.0000			-122.0000			
73.2988			38.0737			-112.4020			-1.0000			15.0000			84.0000			-121.0000			
70.5269			44.0348			-112.9612			1.6000			7.0000			90.0000			-119.0000			
61.6570			51.0799			-110.7245			2.0000			-2.0000			96.0000			-117.0000			
48.3520			61.3765			-107.9286			1.7000			-12.0000			100.0000			-113.0000			
37.8190			68.4215			-104.5735			1.6000			-21.0000			106.0000			-109.0000			
27.2859			73.2989			-99.5409			1.0000			-30.0000			110.0000			-105.0000			
18.9703			77.6343			-95.6266			0.9000			-38.0000			113.0000			-100.0000			
16.7528			80.8859			-97.3041			0.3000			-45.0000			117.0000			-94.0000			
11.7635			81.4278			-91.7123			1.4000			-54.0000			118.0000			-89.0000			
1.7848			86.3051			-85.5614			2.5000			-61.0000			119.0000			-82.0000			
-10.9657			92.2663			-79.4104			1.8000			-67.0000			119.0000			-76.0000			
-18.1726			97.6856			-78.8512			0.6000			-74.0000			118.0000			-68.0000			
-27.0425			106.3564			-77.1737			2.1000			-82.0000			116.0000			-59.0000			
-37.0212			113.4015			-75.4961			0.8000			-87.0000			113.0000			-50.0000			
-43.1193			116.1111			-72.1410			0.8000			-94.0000			109.0000			-42.0000			
-47.5543			114.4853			-65.9901			0.9000			-100.0000			106.0000			-33.0000			
-52.5436			110.1499			-55.3656			2.2000			-104.0000			102.0000			-23.0000			
-61.4136			106.3564			-43.6229			1.3000			-106.0000			96.0000			-14.0000			
-68.6204			104.1887			-34.6760			0.9000			-109.0000			90.0000			-4.0000			
-74.7185			98.7694			-24.0516			0.0000			-113.0000			83.0000			4.0000			
-77.4903			98.7694			-21.2557			0.0000			-115.0000			77.0000			12.0000			
-80.2622			96.0598			-15.6639			0.1000			-117.0000			69.0000			22.0000			
-83.5884			88.4728			-5.0394			-0.1000			-117.0000			63.0000			30.0000			
-86.3603			85.7632			1.1115			0.5000			-117.0000			54.0000			39.0000			
-94.1215			80.3439			12.8543			-0.9000			-116.0000			46.0000			46.0000			
-99.6652			78.7181			20.6828			-0.2000			-114.0000			35.0000			55.0000			
-108.5352			78.1762			30.1889			-0.1000			-111.0000			25.0000			64.0000			
-112.4158			75.4666			37.4582			0.5000			-108.0000			16.0000			70.0000			
-113.5245			69.5054			44.1684			0.1000			-104.0000			6.0000			80.0000			
-112.9701			60.8346			50.3194			-1.8000			-101.0000			-5.0000			86.0000			
-109.0895			51.0799			56.4704			-1.5000			-96.0000			-15.0000			92.0000			
-105.7633			40.7833			64.8581			-0.1000			-91.0000			-25.0000			97.0000			
-101.8827			32.1125			69.8907			0.1000			-85.0000			-35.0000			102.0000			
-96.8934			22.8997			74.3641			0.3000			-79.0000			-45.0000			105.0000			
-96.3390			19.6481			76.6008			0.0000			-72.0000			-54.0000			112.0000			
-96.8934			14.2289			81.0743			-1.5000			-65.0000			-64.0000			113.0000			
-89.6865			3.3903			84.9885			-1.3000			-57.0000			-73.0000			116.0000			
-81.3710			-8.5320			88.9028			-0.9000			-49.0000			-81.0000			118.0000			
-80.2622			-15.0352			95.0538			-0.2000			-41.0000			-91.0000			118.0000			
-80.2622			-23.7060			101.7639			-2.1000			-33.0000			-99.0000			119.0000			
-76.9360			-33.4607			109.0333			-1.3000			-24.0000			-107.0000			119.0000			
-74.1641			-38.8799			111.8292			-1.2000			-15.0000			-115.0000			117.0000			
-70.8379			-44.2992			114.0659			-1.0000			-5.0000			-122.0000			115.0000			
-60.3048			-52.4281			111.2700			-1.4000			4.0000			-128.0000			112.0000			
-45.8912			-62.1828			107.9149			-0.1000			14.0000			-133.0000			108.0000			
-37.0212			-69.7698			104.5598			-2.2000			23.0000			-137.0000			104.0000			
-25.9338			-75.1890			98.9680			-2.1000			31.0000			-141.0000			99.0000			
-18.1726			-79.5244			96.1721			-1.5000			38.0000			-144.0000			95.0000			
-15.9551			-82.2341			97.2905			-0.9000			47.0000			-147.0000			90.0000			
-10.9657			-82.7760			92.2579			-1.4000			54.0000			-148.0000			84.0000			
0.1217			-86.5695			86.1069			-0.3000			62.0000			-150.0000			77.0000			
12.3179			-93.0726			79.9559			-0.7000			70.0000			-148.0000			70.0000			
19.5247			-99.0338			79.3967			-0.1000			77.0000			-148.0000			65.0000			
29.5034			-108.2465			77.1600			-1.5000			84.0000			-145.0000			54.0000			
38.3733			-115.2916			75.4825			-1.4000			89.0000			-143.0000			46.0000			
44.4714			-117.4593			72.1274			-0.8000			95.0000			-139.0000			38.0000			
48.9064			-115.2916			65.9764			-0.3000			101.0000			-136.0000			29.0000			
53.8957			-110.9562			56.4704			-0.5000			105.0000			-129.0000			20.0000			
63.3201			-107.7046			43.6092			-0.7000			110.0000			-125.0000			11.0000			
68.8638			-104.9950			34.6623			-1.4000			112.0000			-120.0000			2.0000			
73.8531			-100.1176			24.0379			-2.2000			115.0000			-113.0000			-7.0000			
78.2881			-100.1176			21.8012			0.0000			117.0000			-105.0000			-16.0000			
80.5056			-96.3242			15.0910			-0.7000			118.0000			-99.0000			-24.0000			
84.9406			-89.2791			5.0258			0.6000			118.0000			-91.0000			-33.0000			
87.1581			-86.0275			-1.6844			-0.5000			119.0000			-83.0000			-41.0000			
94.3649			-80.6083			-13.4271			0.3000			118.0000			-74.0000			-50.0000			
101.0173			-80.0664			-21.2557			-0.2000			115.0000			-63.0000			-58.0000			
108.7785			-78.4406			-30.2025			0.1000			112.0000			-54.0000			-68.0000			
114.8766			-76.2729			-37.4719			1.1000			110.0000			-43.0000			-74.0000			
114.8766			-70.3117			-43.6229			0.9000			105.0000			-34.0000			-82.0000			
113.2135			-61.0989			-50.8922			1.2000			102.0000			-24.0000			-89.0000			
108.7785			-50.2604			-57.0432			1.4000			97.0000			-13.0000			-95.0000			
104.8979			-40.5057			-64.8717			-0.4000			92.0000			-4.0000			-102.0000			
101.5717			-31.2930			-69.9043			0.3000			85.0000			6.0000			-107.0000			
97.1367			-22.6221			-73.2594			1.2000			79.0000			15.0000			-110.0000			
96.0280			-19.3706			-76.0553			0.6000			73.0000			26.0000			-115.0000			
96.5824			-13.9513			-81.0879			1.5000			65.0000			34.0000			-118.0000			
89.3755			-3.1128			-85.0022			1.2000			58.0000			44.0000			-120.0000			
81.0600			9.3515			-88.9164			1.5000			50.0000			52.0000			-122.0000			
79.9512			15.8547			-95.0674			0.7000			41.0000			60.0000			-123.0000			
79.9512			23.9836			-102.3368			1.6000			32.0000			69.0000			-123.0000			
76.0706			34.2802			-109.0469			1.3000			23.0000			76.0000			-122.0000			
73.2988			39.6994			-112.4020			0.6000			13.0000			84.0000			-122.0000			
69.9725			45.6606			-114.0795			1.5000			5.0000			90.0000			-120.0000			
59.4395			52.7057			-111.2836			0.8000			-5.0000			97.0000			-117.0000			
46.6889			62.4603			-107.3694			1.7000			-14.0000			101.0000			-115.0000			
36.1559			68.9635			-105.1327			0.0000			-21.0000			105.0000			-110.0000			
26.1772			74.3827			-99.5409			1.0000			-32.0000			109.0000			-106.0000			
18.9703			79.2601			-96.1858			2.0000			-40.0000			111.0000			-102.0000			
16.1985			80.8859			-96.7450			0.3000			-48.0000			115.0000			-96.0000			
10.1004			81.9697			-91.1532			0.9000			-56.0000			117.0000			-91.0000			
-0.4327			86.3051			-85.5614			0.3000			-63.0000			118.0000			-84.0000			
-12.0745			93.3502			-80.5287			0.7000			-71.0000			118.0000			-76.0000			
-19.2813			99.3114			-79.9696			0.0000			-78.0000			116.0000			-68.0000			
-29.2600			107.9822			-77.1737			1.5000			-84.0000			113.0000			-61.0000			
-39.2387			114.4853			-75.4961			-0.2000			-90.0000			113.0000			-51.0000			
-43.1193			116.6530			-73.2594			0.2000			-96.0000			108.0000			-43.0000			
-48.6630			113.9434			-65.4309			-0.1000			-101.0000			104.0000			-33.0000			
-54.2067			109.6080			-54.8065			0.6000			-105.0000			100.0000			-24.0000			
-63.6311			106.8983			-41.9453			1.3000			-108.0000			95.0000			-15.0000			
-69.7291			103.1048			-32.4393			0.9000			-111.0000			88.0000			-4.0000			
-74.7185			98.2275			-22.9332			0.5000			-114.0000			82.0000			3.0000			
-79.1535			99.8533			-21.8148			-1.1000			-115.0000			75.0000			13.0000			
-80.8166			94.9759			-13.4271			0.7000			-116.0000			69.0000			21.0000			
-84.6972			88.4728			-3.9211			-0.1000			-117.0000			60.0000			29.0000			
-86.9147			85.2213			2.7891			1.0000			-117.0000			52.0000			39.0000			
-94.1215			79.8020			14.5319			0.2000			-116.0000			43.0000			47.0000			
-100.7740			78.7181			21.8012			-0.2000			-113.0000			34.0000			56.0000			
-108.5352			77.6343			31.3073			0.4000			-111.0000			23.0000			64.0000			
-114.0789			74.3827			38.5766			-1.1000			-108.0000			14.0000			71.0000			
-114.6333			68.9635			44.7276			-0.9000			-105.0000			3.0000			79.0000			
-112.9701			59.7507			50.8786			-2.3000			-100.0000			-7.0000			85.0000			
-108.5352			49.4541			57.5887			-1.4000			-95.0000			-16.0000			93.0000			
-105.2089			39.1575			65.9764			0.0000			-90.0000			-27.0000			97.0000			
-102.4371			31.0286			70.4499			-0.9000			-84.0000			-37.0000			103.0000			
-97.4477			20.7320			75.4825			-1.2000			-77.0000			-46.0000			107.0000			
-96.8934			19.1062			76.6008			-1.1000			-71.0000			-57.0000			110.0000			
-95.7846			12.6031			82.7518			-0.4000			-65.0000			-65.0000			113.0000			
-88.0234			1.7646			85.5477			-0.7000			-56.0000			-74.0000			115.0000			
-80.2622			-10.1578			89.4620			-0.9000			-48.0000			-83.0000			117.0000			
-80.2622			-15.5771			95.6130			-0.2000			-40.0000			-91.0000			118.0000			
-79.7078			-25.3318			102.3231			-2.7000			-31.0000			-101.0000			117.0000			
-75.8272			-34.5445			110.1516			-0.2000			-23.0000			-108.0000			118.0000			
-73.6097			-39.4219			112.3884			-0.6000			-13.0000			-116.0000			117.0000			
-69.1748			-45.3831			113.5067			-1.0000			-4.0000			-122.0000			114.0000			
-57.5330			-53.5120			109.5925			-1.4000			4.0000			-128.0000			111.0000			
-45.3368			-63.2666			106.7966			-1.8000			14.0000			-133.0000			109.0000			
-35.3581			-69.7698			104.0007			-1.1000			23.0000			-137.0000			103.0000			
-24.2707			-74.6471			98.9680			0.0000			32.0000			-141.0000			99.0000			
-18.1726			-79.5244			96.7313			-0.9000			40.0000			-145.0000			95.0000			
-16.5095			-82.2341			96.7313			-2.0000			49.0000			-146.0000			89.0000			
-8.7483			-82.7760			91.1395			-0.3000			57.0000			-148.0000			84.0000			
1.2304			-87.6533			84.9885			-1.4000			63.0000			-149.0000			77.0000			
13.4266			-94.6984			79.3967			-1.8000			70.0000			-148.0000			70.0000			
19.5247			-100.1176			79.3967			-1.1000			79.0000			-146.0000			62.0000			
31.1665			-108.7885			76.6008			-1.0000			86.0000			-145.0000			56.0000			
38.3733			-114.7497			74.9233			-1.4000			91.0000			-142.0000			47.0000			
43.9171			-116.9174			71.5682			-1.4000			98.0000			-137.0000			39.0000			
48.9064			-64.8924			68.2131			52.2000			106.0000			-124.0000			33.0000			
52.2326			-120.7109			48.0827			-20.3000			134.0000			-96.0000			49.0000			
46.6889			-97.4080			29.6297			-21.0000			140.0000			-91.0000			44.0000			
75.5162			-101.7434			40.8133			14.5000			153.0000			-79.0000			43.0000			
77.7337			-115.2916			29.0705			-8.4000			158.0000			-71.0000			38.0000			
76.0706			-110.9562			23.4787			-11.4000			167.0000			-57.0000			38.0000			
85.4949			-96.3242			16.7686			5.9000			166.0000			-53.0000			26.0000			
86.6037			-91.9887			2.7891			-2.5000			165.0000			-47.0000			16.0000			
92.1474			-83.3179			-6.1578			2.6000			163.0000			-40.0000			6.0000			
97.1367			-77.8986			-18.4598			0.7000			158.0000			-33.0000			-7.0000			
101.5717			-76.2729			-23.4924			1.8000			155.0000			-24.0000			-19.0000			
109.8873			-76.8148			-30.2025			2.8000			149.0000			-17.0000			-31.0000			
115.9854			-77.8986			-36.9127			1.1000			143.0000			-9.0000			-42.0000			
117.0941			-72.4794			-41.9453			2.6000			136.0000			-2.0000			-55.0000			
114.3223			-63.2666			-49.2147			1.8000			129.0000			3.0000			-64.0000			
109.8873			-50.2604			-56.4840			3.1000			120.0000			9.0000			-74.0000			
105.4523			-38.3380			-65.4309			1.6000			110.0000			15.0000			-83.0000			
101.5717			-26.9575			-71.0227			3.5000			100.0000			20.0000			-92.0000			
96.0280			-19.3706			-74.3778			2.2000			91.0000			27.0000			-100.0000			
96.5824			-18.2867			-76.0553			2.2000			79.0000			31.0000			-109.0000			
97.6911			-13.9513			-79.9696			3.7000			68.0000			38.0000			-116.0000			
89.9299			-3.1128			-82.7655			4.0000			57.0000			41.0000			-124.0000			
82.7231			9.3515			-88.3573			3.7000			45.0000			47.0000			-129.0000			
80.5056			15.8547			-95.0674			1.2000			31.0000			51.0000			-134.0000			
79.3968			25.6093			-102.3368			2.6000			18.0000			55.0000			-138.0000			
75.5162			36.4479			-109.0469			2.9000			7.0000			60.0000			-142.0000			
73.2988			41.3252			-111.2836			3.3000			-8.0000			63.0000			-146.0000			
69.4182			46.2026			-111.8428			3.7000			-21.0000			66.0000			-148.0000			
58.8851			53.2476			-110.1653			1.9000			-33.0000			67.0000			-149.0000			
46.1345			64.0861			-106.8102			3.4000			-45.0000			69.0000			-148.0000			
35.6015			71.1312			-103.4551			3.2000			-58.0000			71.0000			-149.0000			
26.1772			75.4666			-98.4225			3.2000			-68.0000			72.0000			-147.0000			
18.4160			80.3439			-96.1858			2.5000			-78.0000			72.0000			-145.0000			
16.1985			81.4278			-95.6266			2.0000			-90.0000			73.0000			-142.0000			
7.8829			83.0536			-90.0348			0.9000			-100.0000			72.0000			-139.0000			
-1.5414			88.4728			-83.8838			3.0000			-109.0000			71.0000			-134.0000			
-14.8463			94.9759			-79.9696			0.1000			-118.0000			69.0000			-129.0000			
-19.2813			100.3952			-78.8512			2.2000			-126.0000			65.0000			-121.0000			
-30.3688			109.6080			-77.1737			2.0000			-133.0000			63.0000			-114.0000			
-39.7931			115.0272			-75.4961			-0.2000			-140.0000			60.0000			-107.0000			
-44.2280			116.1111			-71.5819			0.3000			-147.0000			56.0000			-97.0000			
-49.7718			114.4853			-63.7533			0.9000			-153.0000			51.0000			-88.0000			
-55.3155			110.1499			-54.2473			0.5000			-156.0000			47.0000			-78.0000			
-64.7398			105.8145			-40.8270			0.2000			-159.0000			42.0000			-68.0000			
-70.8379			103.1048			-31.3209			0.9000			-161.0000			36.0000			-58.0000			
-76.3816			97.6856			-22.3740			-1.0000			-163.0000			32.0000			-48.0000			
-80.2622			99.3114			-20.6965			-1.6000			-163.0000			27.0000			-38.0000			
-81.9253			93.3502			-12.8680			-1.4000			-164.0000			21.0000			-27.0000			
-85.2516			87.3890			-3.9211			-1.7000			-162.0000			15.0000			-15.0000			
-89.1322			84.1374			3.3483			-1.6000			-159.0000			10.0000			-4.0000			
-95.7846			78.7181			15.0910			-1.9000			-155.0000			4.0000			7.0000			
-102.9914			78.1762			22.9196			-1.8000			-150.0000			-4.0000			19.0000			
-110.7527			76.5504			31.8664			-2.3000			-145.0000			-11.0000			29.0000			
-115.1876			73.8408			39.1358			-2.2000			-138.0000			-17.0000			41.0000			
-115.7420			67.3377			45.8459			-2.5000			-130.0000			-24.0000			53.0000			
-112.9701			58.1249			51.9969			-2.8000			-124.0000			-31.0000			62.0000			
-108.5352			48.3703			58.1479			-2.0000			-114.0000			-37.0000			73.0000			
-106.3177			37.5317			65.4172			-3.3000			-106.0000			-43.0000			82.0000			
-102.4371			28.3190			70.4499			-3.6000			-96.0000			-49.0000			91.0000			
-97.4477			19.1062			74.3641			-3.9000			-85.0000			-54.0000			100.0000			
-99.1108			19.1062			76.6008			-3.4000			-73.0000			-60.0000			108.0000			
-96.3390			10.4354			82.7518			-3.1000			-63.0000			-66.0000			116.0000			
-87.4690			-0.9451			84.4294			-3.9000			-52.0000			-70.0000			123.0000			
-81.9253			-12.3255			91.1395			-3.1000			-39.0000			-75.0000			127.0000			
-81.9253			-17.7448			96.7313			-2.9000			-26.0000			-81.0000			133.0000			
-80.2622			-26.4156			104.0007			-2.6000			-14.0000			-85.0000			138.0000			
-76.3816			-35.6284			110.1516			-1.8000			-2.0000			-89.0000			142.0000			
-74.1641			-41.0476			112.3884			-2.8000			11.0000			-93.0000			143.0000			
-69.7291			-48.0927			113.5067			-4.3000			23.0000			-96.0000			146.0000			
-58.0873			-55.1377			110.1516			-3.0000			36.0000			-97.0000			146.0000			
-44.7824			-65.4343			106.7966			-3.4000			48.0000			-100.0000			147.0000			
-34.2494			-72.4794			103.4415			-3.2000			60.0000			-101.0000			145.0000			
-23.7163			-76.2729			97.8497			-2.1000			71.0000			-102.0000			144.0000			
-18.1726			-81.1502			95.6130			-3.7000			81.0000			-102.0000			140.0000			
-15.9551			-82.7760			96.7313			-2.0000			92.0000			-103.0000			139.0000			
-8.1939			-83.8598			91.1395			-0.9000			102.0000			-102.0000			133.0000			
2.8935			-89.2791			84.9885			-1.3000			110.0000			-100.0000			128.0000			
15.6441			-96.3242			79.3967			-1.2000			119.0000			-100.0000			122.0000			
20.6334			-102.2853			79.9559			-1.6000			127.0000			-97.0000			116.0000			
31.7209			-110.4142			76.6008			-2.0000			135.0000			-94.0000			109.0000			
41.1452			-116.9174			74.3641			-1.4000			141.0000			-92.0000			101.0000			
45.0258			-116.9174			71.5682			-0.3000			147.0000			-88.0000			92.0000			
50.5695			-114.7497			64.2989			0.1000			152.0000			-84.0000			82.0000			
56.1132			-110.4142			53.6745			-0.6000			155.0000			-80.0000			71.0000			
65.5376			-107.1627			40.8133			-0.8000			158.0000			-76.0000			62.0000			
70.5269			-102.8273			31.8664			-0.4000			160.0000			-71.0000			50.0000			
76.0706			-98.4919			22.3604			0.0000			161.0000			-66.0000			41.0000			
79.9512			-100.6596			21.8012			1.0000			161.0000			-60.0000			29.0000			
82.1687			-93.6145			12.2951			0.8000			160.0000			-55.0000			19.0000			
86.0493			-88.1953			3.3483			1.2000			158.0000			-49.0000			8.0000			
89.3755			-84.4018			-3.9211			1.0000			156.0000			-43.0000			-3.0000			
97.1367			-80.6083			-15.1047			1.4000			153.0000			-36.0000			-14.0000			
104.3436			-80.6083			-22.3740			1.3000			147.0000			-30.0000			-27.0000			
111.5504			-77.8986			-30.7617			2.8000			143.0000			-23.0000			-39.0000			
115.9854			-74.1052			-39.1494			2.7000			136.0000			-16.0000			-50.0000			
115.4310			-67.6020			-45.8596			1.9000			128.0000			-10.0000			-61.0000			
112.1048			-57.8474			-51.4514			2.8000			121.0000			-1.0000			-72.0000			
108.7785			-47.0088			-58.1615			3.6000			111.0000			4.0000			-81.0000			
105.4523			-37.2542			-64.8717			3.3000			102.0000			9.0000			-90.0000			
101.5717			-28.0414			-70.4635			3.0000			92.0000			17.0000			-100.0000			
97.6911			-19.3706			-73.8186			4.5000			82.0000			22.0000			-108.0000			
97.6911			-18.8286			-76.0553			2.8000			71.0000			28.0000			-117.0000			
96.0280			-10.1578			-81.0879			4.7000			59.0000			32.0000			-123.0000			
87.7124			0.1388			-83.8838			3.9000			50.0000			38.0000			-129.0000			
81.6143			11.5192			-90.5940			2.5000			37.0000			43.0000			-135.0000			
80.5056			17.4804			-95.6266			2.3000			24.0000			47.0000			-140.0000			
79.9512			27.2351			-103.4551			3.7000			13.0000			52.0000			-144.0000			
76.0706			35.3640			-108.4877			2.9000			-1.0000			55.0000			-147.0000			
73.2988			40.7833			-111.8428			2.2000			-13.0000			59.0000			-150.0000			
67.7550			47.8283			-112.9612			2.6000			-26.0000			63.0000			-152.0000			
56.6676			55.4153			-109.6061			2.4000			-37.0000			65.0000			-151.0000			
44.4714			64.6281			-105.6918			3.4000			-50.0000			67.0000			-151.0000			
33.9384			70.5892			-102.3368			2.2000			-61.0000			69.0000			-149.0000			
23.9597			75.4666			-97.3041			2.1000			-72.0000			71.0000			-149.0000			
17.8616			80.3439			-96.1858			2.0000			-82.0000			71.0000			-145.0000			
16.1985			81.4278			-95.6266			2.0000			-93.0000			71.0000			-141.0000			
7.8829			82.5116			-90.0348			0.3000			-102.0000			71.0000			-136.0000			
-3.7589			89.0148			-83.3246			1.9000			-110.0000			70.0000			-131.0000			
-14.8463			95.5179			-78.2920			2.3000			-119.0000			69.0000			-126.0000			
-21.4988			102.0210			-79.4104			1.1000			-127.0000			68.0000			-119.0000			
-32.0319			110.6918			-76.6145			2.0000			-133.0000			63.0000			-111.0000			
-40.3474			115.5692			-74.3778			0.8000			-139.0000			63.0000			-103.0000			
-44.7824			116.1111			-70.4635			0.8000			-145.0000			58.0000			-93.0000			
-50.3261			113.4015			-62.0758			1.0000			-150.0000			54.0000			-83.0000			
-56.9786			108.5241			-52.0106			-0.4000			-153.0000			50.0000			-73.0000			
-65.8485			105.8145			-39.7086			0.2000			-156.0000			45.0000			-62.0000			
-70.8379			101.4791			-30.7617			-0.1000			-158.0000			40.0000			-52.0000			
-75.8272			97.1437			-21.8148			-0.4000			-158.0000			36.0000			-41.0000			
-80.2622			99.8533			-20.1373			-0.5000			-159.0000			30.0000			-30.0000			
-81.9253			92.8082			-10.6312			0.2000			-158.0000			26.0000			-19.0000			
-85.8059			86.3051			-3.9211			-3.4000			-156.0000			21.0000			-7.0000			
-89.6865			83.0536			5.5850			-1.0000			-153.0000			14.0000			4.0000			
-96.8934			79.2601			16.7686			-0.8000			-149.0000			8.0000			15.0000			
-102.9914			78.7181			24.0379			-0.2000			-144.0000			2.0000			27.0000			
-111.3070			76.5504			31.8664			-2.8000			-138.0000			-5.0000			39.0000			
-115.1876			72.7570			39.6950			-2.7000			-131.0000			-13.0000			50.0000			
-114.6333			65.7119			45.8459			-3.0000			-125.0000			-19.0000			61.0000			
-111.3070			56.4992			51.9969			-2.8000			-116.0000			-25.0000			71.0000			
-107.9808			45.6606			59.2663			-3.0000			-107.0000			-33.0000			81.0000			
-105.7633			36.4479			65.9764			-3.3000			-98.0000			-39.0000			90.0000			
-101.3283			27.7770			69.8907			-3.6000			-89.0000			-45.0000			99.0000			
-96.8934			19.6481			73.8049			-3.4000			-78.0000			-49.0000			107.0000			
-98.5565			18.0224			77.7192			-2.8000			-69.0000			-57.0000			116.0000			
-95.2302			9.8935			82.1926			-3.1000			-57.0000			-62.0000			122.0000			
-85.8059			-1.4870			84.9885			-2.3000			-46.0000			-67.0000			128.0000			
-81.9253			-12.8675			91.6987			-3.0000			-34.0000			-72.0000			134.0000			
-80.8166			-17.2029			96.7313			-1.2000			-22.0000			-77.0000			138.0000			
-80.2622			-26.9575			104.0007			-3.2000			-8.0000			-82.0000			141.0000			
-76.3816			-35.6284			109.5925			-2.4000			2.0000			-86.0000			146.0000			
-74.1641			-41.5896			112.9475			-2.8000			15.0000			-90.0000			146.0000			
-67.5117			-48.0927			112.9475			-2.6000			28.0000			-94.0000			146.0000			
-55.3155			-56.2216			109.0333			-2.4000			39.0000			-96.0000			148.0000			
-42.5649			-65.4343			106.7966			-1.2000			50.0000			-98.0000			148.0000			
-33.1406			-71.3955			102.3231			-2.2000			63.0000			-100.0000			146.0000			
-23.1619			-76.2729			97.2905			-2.1000			73.0000			-102.0000			143.0000			
-17.0638			-81.1502			97.2905			-0.9000			83.0000			-102.0000			140.0000			
-15.4007			-81.6921			95.6130			-1.4000			93.0000			-103.0000			135.0000			
-7.6395			-83.3179			90.0212			-0.9000			102.0000			-104.0000			132.0000			
5.1110			-90.3630			82.7518			-2.5000			112.0000			-103.0000			127.0000			
15.6441			-95.7822			80.5151			0.3000			119.0000			-100.0000			121.0000			
22.2966			-102.2853			78.8376			-1.1000			126.0000			-99.0000			112.0000			
33.3840			-110.4142			76.6008			-0.4000			132.0000			-97.0000			104.0000			
40.5908			-115.8335			74.9233			-0.3000			140.0000			-94.0000			96.0000			
45.5802			-115.2916			71.0090			1.3000			144.0000			-91.0000			86.0000			
50.5695			-112.5820			62.6213			0.6000			149.0000			-88.0000			77.0000			
57.7763			-109.3304			51.9969			0.4000			151.0000			-83.0000			66.0000			
66.6463			-106.6208			40.8133			0.8000			153.0000			-79.0000			55.0000			
70.5269			-101.2015			31.3073			0.6000			155.0000			-74.0000			44.0000			
77.1794			-97.9499			22.3604			1.5000			156.0000			-70.0000			34.0000			
79.9512			-99.5757			20.6828			1.0000			156.0000			-65.0000			23.0000			
82.1687			-91.4468			11.1768			1.9000			154.0000			-60.0000			11.0000			
86.6037			-87.6533			2.7891			1.7000			154.0000			-55.0000			-1.0000			
89.9299			-82.7760			-5.5986			1.5000			149.0000			-49.0000			-12.0000			
96.5824			-80.0664			-16.2230			0.2000			144.0000			-43.0000			-24.0000			
104.3436			-79.5244			-23.4924			1.3000			140.0000			-35.0000			-34.0000			
111.5504			-77.8986			-31.8801			1.7000			134.0000			-29.0000			-47.0000			
114.8766			-73.5632			-39.7086			1.6000			128.0000			-22.0000			-57.0000			
115.4310			-65.9763			-45.8596			3.5000			120.0000			-14.0000			-69.0000			
112.1048			-57.3054			-52.5697			2.2000			113.0000			-8.0000			-79.0000			
107.6698			-45.9250			-59.2799			2.4000			104.0000			-1.0000			-89.0000			
105.4523			-36.7122			-66.5492			2.1000			95.0000			5.0000			-98.0000			
100.4630			-28.0414			-69.9043			2.5000			86.0000			11.0000			-106.0000			
95.4736			-19.9125			-73.8186			1.7000			75.0000			17.0000			-115.0000			
98.7999			-18.8286			-77.1737			2.8000			65.0000			23.0000			-122.0000			
95.4736			-9.0740			-82.2063			4.1000			55.0000			29.0000			-129.0000			
85.4949			1.2226			-85.0022			1.7000			43.0000			35.0000			-135.0000			
81.6143			13.1450			-92.2715			2.4000			31.0000			40.0000			-140.0000			
80.5056			19.1062			-97.3041			2.3000			19.0000			45.0000			-144.0000			
79.3968			28.3190			-105.1327			2.5000			6.0000			49.0000			-148.0000			
76.0706			35.9059			-109.6061			2.3000			-4.0000			54.0000			-150.0000			
72.7444			41.3252			-111.2836			2.7000			-17.0000			58.0000			-152.0000			
67.2007			48.3703			-112.4020			3.1000			-30.0000			61.0000			-153.0000			
55.0045			57.0411			-108.4877			3.5000			-41.0000			63.0000			-153.0000			
43.3627			65.7119			-105.1327			3.9000			-53.0000			67.0000			-152.0000			
33.3840			71.1312			-101.2184			3.2000			-65.0000			68.0000			-149.0000			
22.8509			76.0085			-96.7450			2.1000			-74.0000			70.0000			-147.0000			
17.8616			80.3439			-96.7450			1.4000			-84.0000			71.0000			-144.0000			
15.6441			81.4278			-95.0674			2.0000			-94.0000			72.0000			-140.0000			
6.7742			83.5955			-88.9164			1.4000			-102.0000			73.0000			-135.0000			
-5.4220			89.0148			-81.6471			1.9000			-111.0000			72.0000			-129.0000			
-15.4007			96.0598			-79.4104			1.2000			-119.0000			70.0000			-123.0000			
-22.6075			102.5629			-78.2920			1.6000			-126.0000			69.0000			-115.0000			
-33.6950			110.6918			-76.0553			0.9000			-131.0000			67.0000			-107.0000			
-40.9018			116.1111			-74.9369			0.2000			-138.0000			63.0000			-98.0000			
-44.7824			114.4853			-68.7860			0.9000			-142.0000			60.0000			-88.0000			
-50.8805			111.7757			-60.9574			0.0000			-147.0000			57.0000			-79.0000			
-58.0873			108.5241			-49.2147			1.2000			-150.0000			54.0000			-68.0000			
-66.4029			105.8145			-39.1494			0.2000			-152.0000			48.0000			-57.0000			
-71.9466			101.4791			-29.0842			0.4000			-153.0000			45.0000			-46.0000			
-76.9360			96.6017			-21.8148			-2.1000			-153.0000			39.0000			-34.0000			
-79.7078			99.3114			-19.5781			0.0000			-153.0000			34.0000			-23.0000			
-83.0341			91.1825			-8.9537			-0.7000			-153.0000			31.0000			-12.0000			
-85.8059			86.8470			-2.8027			-1.7000			-151.0000			24.0000			-1.0000			
-90.2409			83.0536			7.2625			0.0000			-147.0000			19.0000			10.0000			
-97.4477			78.7181			17.3278			-1.3000			-143.0000			13.0000			22.0000			
-104.6546			78.1762			25.1563			-1.3000			-138.0000			6.0000			34.0000			
-111.8614			76.5504			34.1032			-1.2000			-131.0000			-1.0000			46.0000			
-115.7420			72.7570			40.8133			-2.1000			-125.0000			-8.0000			58.0000			
-115.1876			64.6281			47.5235			-3.0000			-118.0000			-14.0000			68.0000			
-111.3070			54.8734			53.6745			-2.7000			-110.0000			-21.0000			78.0000			
-107.9808			44.5768			60.3846			-3.0000			-100.0000			-28.0000			87.0000			
-105.7633			35.3640			67.0948			-3.2000			-92.0000			-35.0000			95.0000			
-100.2196			26.1513			71.5682			-2.4000			-82.0000			-41.0000			105.0000			
-96.3390			19.1062			75.4825			-1.7000			-73.0000			-47.0000			112.0000			
-98.5565			17.4804			78.2784			-2.7000			-62.0000			-52.0000			121.0000			
-94.1215			7.7258			83.8702			-2.5000			-51.0000			-58.0000			127.0000			
-85.2516			-3.6547			84.9885			-3.9000			-41.0000			-63.0000			133.0000			
-81.3710			-13.9513			92.8171			-2.4000			-29.0000			-70.0000			137.0000			
-81.3710			-18.8286			98.4089			-1.7000			-16.0000			-74.0000			142.0000			
-78.5991			-29.6672			106.2374			-2.0000			-4.0000			-79.0000			145.0000			
-75.8272			-36.7122			110.7108			-1.8000			6.0000			-85.0000			147.0000			
-73.0554			-41.5896			112.9475			-1.6000			19.0000			-89.0000			148.0000			
-65.2942			-48.6346			112.3884			-1.5000			31.0000			-93.0000			149.0000			
-53.6524			-57.3054			107.9149			-3.0000			42.0000			-95.0000			149.0000			
-40.3474			-67.0601			105.1190			-2.2000			54.0000			-99.0000			147.0000			
-31.4775			-72.4794			101.7639			-2.1000			64.0000			-100.0000			145.0000			
-22.0532			-77.3567			96.7313			-2.6000			75.0000			-102.0000			142.0000			
-17.0638			-81.6921			97.8497			-0.8000			85.0000			-103.0000			139.0000			
-14.2920			-82.2341			94.4946			-2.0000			94.0000			-105.0000			135.0000			
-5.4220			-84.9437			89.4620			-0.9000			101.0000			-106.0000			130.0000			
6.7742			-89.8210			81.6335			-1.4000			110.0000			-105.0000			123.0000			
16.7528			-96.8661			79.9559			-0.1000			118.0000			-103.0000			116.0000			
25.0684			-104.4531			78.8376			-0.5000			124.0000			-102.0000			108.0000			
35.6015			-112.5820			76.6008			-0.3000			130.0000			-100.0000			101.0000			
42.2539			-116.9174			74.3641			-0.2000			135.0000			-98.0000			90.0000			
46.1345			-116.3754			69.3315			-0.9000			140.0000			-95.0000			81.0000			
51.6783			-112.5820			62.0622			1.1000			145.0000			-91.0000			70.0000			
59.4395			-109.3304			50.3194			0.4000			148.0000			-87.0000			58.0000			
67.2007			-106.0788			39.1358			0.2000			150.0000			-83.0000			48.0000			
72.7444			-101.7434			29.6297			0.6000			150.0000			-79.0000			37.0000			
77.1794			-97.9499			23.4787			2.7000			152.0000			-75.0000			27.0000			
81.0600			-100.1176			19.0053			0.0000			151.0000			-70.0000			15.0000			
82.7231			-90.9049			8.9401			0.7000			150.0000			-65.0000			4.0000			
86.0493			-87.1114			2.2299			1.1000			147.0000			-59.0000			-6.0000			
91.5930			-82.7760			-7.8353			0.9000			143.0000			-53.0000			-20.0000			
97.1367			-78.9825			-16.7822			1.3000			140.0000			-47.0000			-32.0000			
106.0067			-78.9825			-25.7291			1.2000			133.0000			-39.0000			-42.0000			
112.6591			-77.3567			-34.1168			1.1000			127.0000			-33.0000			-54.0000			
115.4310			-73.5632			-40.2678			1.5000			121.0000			-26.0000			-65.0000			
115.4310			-64.8924			-46.9779			3.5000			115.0000			-18.0000			-77.0000			
110.9960			-54.5958			-53.1289			3.2000			108.0000			-11.0000			-86.0000			
107.1154			-43.7573			-60.3983			2.9000			97.0000			-5.0000			-95.0000			
104.3436			-35.0864			-66.5492			2.7000			87.0000			1.0000			-105.0000			
100.4630			-25.8737			-71.5819			3.0000			79.0000			8.0000			-113.0000			
96.5824			-19.3706			-75.4961			1.7000			69.0000			14.0000			-121.0000			
98.2455			-17.2029			-78.2920			2.7000			59.0000			20.0000			-129.0000			
95.4736			-7.4482			-83.8838			4.1000			49.0000			26.0000			-133.0000			
84.3862			3.9323			-85.5614			2.7000			38.0000			31.0000			-139.0000			
81.6143			14.2289			-93.3899			2.4000			26.0000			36.0000			-144.0000			
79.9512			20.1901			-97.8633			2.2000			15.0000			43.0000			-148.0000			
78.2881			29.9448			-105.6918			2.5000			3.0000			47.0000			-150.0000			
74.9619			38.0737			-110.7245			2.3000			-9.0000			52.0000			-153.0000			
72.1900			42.9510			-112.9612			2.1000			-22.0000			57.0000			-154.0000			
65.5376			49.4541			-112.9612			2.0000			-33.0000			61.0000			-154.0000			
53.3414			58.6669			-107.9286			4.0000			-44.0000			63.0000			-154.0000			
41.1452			66.7958			-105.6918			2.2000			-55.0000			66.0000			-151.0000			
31.1665			72.2150			-101.2184			2.1000			-66.0000			69.0000			-150.0000			
21.7422			77.0924			-96.7450			2.0000			-75.0000			72.0000			-146.0000			
16.7528			81.9697			-97.3041			1.4000			-85.0000			73.0000			-143.0000			
13.9810			81.9697			-95.0674			0.8000			-95.0000			73.0000			-138.0000			
4.5567			84.6793			-88.3573			0.8000			-102.0000			75.0000			-133.0000			
-7.0851			91.1825			-81.0879			3.0000			-109.0000			75.0000			-127.0000			
-15.9551			96.0598			-79.4104			0.6000			-116.0000			72.0000			-120.0000			
-23.7163			103.6468			-78.2920			1.6000			-124.0000			72.0000			-111.0000			
-34.8037			112.3176			-76.0553			1.4000			-130.0000			70.0000			-103.0000			
-42.0106			116.6530			-73.8186			0.8000			-135.0000			68.0000			-93.0000			
-46.4455			116.1111			-69.3451			0.3000			-140.0000			64.0000			-82.0000			
-51.9892			112.3176			-59.8391			0.4000			-144.0000			61.0000			-72.0000			
-59.7505			107.9822			-48.0963			0.1000			-146.0000			57.0000			-62.0000			
-68.0660			105.2726			-36.9127			0.2000			-147.0000			53.0000			-50.0000			
-73.0554			99.8533			-27.4066			-0.6000			-149.0000			47.0000			-39.0000			
-77.4903			97.6856			-21.2557			-1.0000			-149.0000			44.0000			-28.0000			
-80.2622			98.7694			-19.0189			-0.5000			-148.0000			39.0000			-17.0000			
-84.1428			90.0986			-7.8353			-1.8000			-146.0000			35.0000			-6.0000			
-86.3603			86.3051			-1.6844			-1.7000			-145.0000			30.0000			6.0000			
-91.9040			81.9697			8.9401			-0.9000			-141.0000			22.0000			18.0000			
-98.0021			79.2601			17.8869			-0.8000			-136.0000			16.0000			29.0000			
-105.7633			77.0924			26.8338			-1.8000			-132.0000			10.0000			42.0000			
-112.9701			76.0085			34.6623			-2.2000			-125.0000			3.0000			51.0000			
-116.2964			72.2150			42.4909			-1.5000			-119.0000			-4.0000			63.0000			
-116.8507			64.0861			47.5235			-5.2000			-112.0000			-11.0000			74.0000			
-111.3070			53.7895			53.6745			-3.8000			-104.0000			-17.0000			84.0000			
-107.4264			42.9510			62.0622			-2.4000			-96.0000			-24.0000			93.0000			
-104.6546			34.2802			68.2131			-2.1000			-87.0000			-32.0000			102.0000			
-100.2196			25.0674			71.5682			-3.5000			-76.0000			-38.0000			110.0000			
-96.3390			19.1062			75.4825			-1.7000			-67.0000			-44.0000			118.0000			
-98.5565			16.3966			78.2784			-3.8000			-56.0000			-51.0000			125.0000			
-94.1215			6.6419			83.8702			-3.6000			-46.0000			-56.0000			131.0000			
-83.5884			-4.7386			85.5477			-2.7000			-35.0000			-62.0000			136.0000			
-80.8166			-14.4932			93.3762			-1.9000			-24.0000			-69.0000			141.0000			
-81.9253			-20.4544			98.9680			-3.4000			-13.0000			-73.0000			145.0000			
-78.5991			-30.2091			107.3557			-1.4000			-1.0000			-79.0000			147.0000			
-75.2729			-37.2542			110.1516			-2.3000			10.0000			-84.0000			149.0000			
-73.0554			-42.6734			113.5067			-2.2000			22.0000			-89.0000			150.0000			
-64.7398			-50.2604			112.3884			-2.6000			34.0000			-92.0000			150.0000			
-51.9892			-58.9312			108.4741			-2.4000			44.0000			-96.0000			150.0000			
-39.7931			-68.1440			106.2374			-1.6000			55.0000			-99.0000			148.0000			
-30.3688			-73.0213			101.7639			-1.6000			66.0000			-101.0000			143.0000			
-20.3901			-77.8986			96.1721			-2.1000			76.0000			-103.0000			141.0000			
-17.0638			-81.1502			97.8497			-0.3000			84.0000			-104.0000			136.0000			
-13.7376			-82.7760			94.4946			-2.0000			93.0000			-107.0000			132.0000			
-4.3133			-84.9437			88.3436			-0.9000			101.0000			-107.0000			126.0000			
8.4373			-91.4468			81.0743			-1.9000			109.0000			-106.0000			119.0000			
16.7528			-97.4080			79.9559			-0.6000			115.0000			-106.0000			113.0000			
26.1772			-103.3692			77.7192			0.5000			122.0000			-104.0000			105.0000			
35.0471			-112.0400			76.6008			-0.3000			129.0000			-102.0000			95.0000			
42.8083			-116.3754			74.3641			0.8000			134.0000			-100.0000			86.0000			
46.6889			-116.3754			68.7723			-0.9000			138.0000			-98.0000			75.0000			
52.2326			-112.5820			59.8254			-0.5000			142.0000			-95.0000			63.0000			
59.9938			-107.7046			48.0827			0.3000			143.0000			-90.0000			54.0000			
68.3094			-104.4531			37.4582			1.3000			145.0000			-85.0000			43.0000			
73.2988			-101.2015			27.3930			-0.5000			147.0000			-84.0000			31.0000			
77.7337			-99.0338			22.9196			1.6000			146.0000			-77.0000			20.0000			
80.5056			-97.9499			18.4461			1.0000			146.0000			-73.0000			9.0000			
83.2774			-90.9049			8.3809			0.7000			145.0000			-69.0000			-3.0000			
85.4949			-86.5695			2.2299			1.1000			142.0000			-63.0000			-14.0000			
92.1474			-82.2341			-8.9537			0.9000			138.0000			-57.0000			-25.0000			
98.2455			-79.5244			-17.9006			0.8000			134.0000			-51.0000			-39.0000			
106.0067			-78.9825			-25.7291			1.2000			129.0000			-45.0000			-49.0000			
112.6591			-76.2729			-34.6760			1.7000			123.0000			-36.0000			-60.0000			
115.4310			-71.9375			-40.8270			2.6000			117.0000			-30.0000			-71.0000			
113.7679			-63.2666			-47.5371			2.9000			109.0000			-23.0000			-82.0000			
109.8873			-53.5120			-53.1289			3.2000			101.0000			-14.0000			-92.0000			
107.1154			-42.1315			-61.5166			3.4000			92.0000			-7.0000			-102.0000			
102.6805			-34.0026			-66.5492			2.1000			83.0000			-1.0000			-110.0000			
98.7999			-24.7898			-71.0227			2.9000			73.0000			5.0000			-117.0000			
96.5824			-19.3706			-74.9369			2.2000			64.0000			11.0000			-124.0000			
97.1367			-16.6609			-77.7328			2.7000			54.0000			18.0000			-130.0000			
91.5930			-6.3643			-83.3246			1.9000			44.0000			23.0000			-138.0000			
83.2774			5.5581			-85.0022			3.8000			33.0000			30.0000			-142.0000			
81.0600			13.6870			-92.2715			2.4000			22.0000			35.0000			-146.0000			
79.9512			20.1901			-98.9817			1.1000			11.0000			42.0000			-149.0000			
77.7337			30.4867			-106.8102			1.4000			1.0000			47.0000			-153.0000			
74.4075			38.0737			-111.2836			1.2000			-12.0000			52.0000			-154.0000			
71.6356			43.4929			-112.4020			2.7000			-24.0000			58.0000			-155.0000			
63.3201			49.9960			-111.2836			2.0000			-34.0000			61.0000			-155.0000			
51.1239			58.6669			-107.9286			1.8000			-45.0000			64.0000			-154.0000			
39.4821			67.8796			-104.5735			2.7000			-57.0000			67.0000			-152.0000			
30.0578			73.2989			-99.5409			3.8000			-66.0000			70.0000			-148.0000			
20.0791			76.5504			-95.0674			1.5000			-76.0000			73.0000			-145.0000			
17.3072			80.8859			-97.3041			0.8000			-83.0000			75.0000			-141.0000			
12.8722			80.8859			-92.8307			0.9000			-93.0000			77.0000			-136.0000			
3.4479			84.6793			-87.7981			0.3000			-100.0000			76.0000			-129.0000			
-8.1939			91.1825			-80.5287			2.4000			-108.0000			76.0000			-123.0000			
-17.0638			96.0598			-78.8512			0.1000			-115.0000			75.0000			-116.0000			
-25.3794			104.1887			-77.1737			1.6000			-122.0000			73.0000			-107.0000			
-35.9125			112.8595			-76.0553			0.9000			-127.0000			72.0000			-98.0000			
-42.0106			116.1111			-73.8186			0.2000			-131.0000			70.0000			-87.0000			
-47.5543			115.0272			-67.6676			-0.2000			-137.0000			68.0000			-77.0000			
-50.8805			111.2337			-58.1615			2.1000			-140.0000			65.0000			-66.0000			
-60.8592			106.3564			-46.4188			-0.9000			-142.0000			60.0000			-57.0000			
-69.1748			104.1887			-35.2352			-0.2000			-143.0000			56.0000			-44.0000			
-73.6097			99.8533			-25.7291			0.5000			-144.0000			52.0000			-33.0000			
-78.0447			97.6856			-21.8148			-2.1000			-144.0000			48.0000			-21.0000			
-80.8166			97.1437			-17.9006			-1.5000			-144.0000			43.0000			-10.0000			
-83.5884			89.0148			-6.7170			-1.2000			-142.0000			38.0000			0.0000			
-85.8059			85.2213			-0.5660			-1.1000			-140.0000			34.0000			14.0000			
-93.0128			81.9697			11.1768			0.1000			-136.0000			26.0000			24.0000			
-98.5565			78.7181			19.0053			-0.8000			-131.0000			21.0000			35.0000			
-107.4264			78.1762			27.3930			-1.8000			-125.0000			13.0000			47.0000			
-112.9701			75.4666			35.7807			-1.7000			-122.0000			6.0000			58.0000			
-115.1876			70.5892			42.4909			-2.1000			-115.0000			-1.0000			69.0000			
-115.1876			62.4603			49.2010			-3.5000			-106.0000			-6.0000			79.0000			
-110.1983			52.1637			55.3520			-2.6000			-99.0000			-14.0000			90.0000			
-106.8720			41.8671			63.7397			-1.2000			-90.0000			-22.0000			99.0000			
-103.5458			33.7382			68.2131			-1.5000			-81.0000			-29.0000			107.0000			
-99.6652			23.4416			73.2458			-2.9000			-73.0000			-35.0000			114.0000			
-96.8934			19.1062			75.4825			-2.3000			-63.0000			-42.0000			123.0000			
-97.4477			15.8547			79.9559			-1.6000			-52.0000			-49.0000			128.0000			
-91.9040			4.4742			84.9885			-2.4000			-43.0000			-54.0000			134.0000			
-84.1428			-6.9063			87.2253			-3.8000			-33.0000			-59.0000			140.0000			
-80.8166			-15.0352			93.9354			-1.9000			-21.0000			-66.0000			145.0000			
-81.3710			-21.5383			100.6456			-2.2000			-9.0000			-72.0000			146.0000			
-78.0447			-32.3768			107.9149			-2.5000			1.0000			-78.0000			148.0000			
-75.2729			-38.3380			111.2700			-2.3000			12.0000			-84.0000			149.0000			
-71.9466			-44.2992			114.0659			-2.1000			23.0000			-89.0000			151.0000			
-63.0767			-50.8023			112.9475			-0.9000			36.0000			-93.0000			150.0000			
-50.3261			-60.0151			109.0333			-1.3000			45.0000			-97.0000			148.0000			
-38.1300			-68.6859			105.6782			-1.1000			56.0000			-100.0000			146.0000			
-27.5969			-74.6471			101.2048			-1.0000			67.0000			-103.0000			144.0000			
-19.2813			-77.8986			96.1721			-1.0000			75.0000			-105.0000			139.0000			
-16.5095			-82.2341			97.8497			-0.8000			85.0000			-107.0000			134.0000			
-12.6289			-82.7760			92.8171			-2.5000			93.0000			-108.0000			129.0000			
-3.2045			-86.0275			87.7844			-1.4000			100.0000			-109.0000			123.0000			
10.1004			-91.9887			81.6335			-0.2000			107.0000			-109.0000			115.0000			
18.4160			-98.4919			79.3967			-0.6000			114.0000			-109.0000			108.0000			
27.8403			-105.5369			78.2784			0.5000			120.0000			-107.0000			99.0000			
37.8190			-113.6658			76.0417			0.1000			126.0000			-106.0000			89.0000			
43.3627			-116.9174			73.2458			-0.3000			130.0000			-104.0000			79.0000			
47.2433			-115.8335			68.2131			-0.3000			135.0000			-100.0000			69.0000			
52.2326			-111.4981			59.2663			0.0000			138.0000			-98.0000			59.0000			
62.2113			-108.2465			45.8459			-0.1000			140.0000			-94.0000			47.0000			
69.4182			-104.4531			36.3399			1.3000			142.0000			-91.0000			36.0000			
73.2988			-100.6596			26.8338			-0.5000			141.0000			-85.0000			24.0000			
78.2881			-98.4919			21.2420			1.0000			142.0000			-83.0000			14.0000			
81.0600			-97.4080			17.3278			0.9000			141.0000			-76.0000			2.0000			
83.8318			-88.7372			6.7033			1.8000			140.0000			-72.0000			-9.0000			
86.6037			-86.5695			-0.0068			0.0000			136.0000			-67.0000			-20.0000			
93.8105			-81.6921			-10.6312			1.4000			134.0000			-60.0000			-33.0000			
99.9086			-79.5244			-19.0189			1.3000			128.0000			-54.0000			-43.0000			
108.2242			-79.5244			-26.8475			1.8000			124.0000			-46.0000			-55.0000			
113.7679			-76.2729			-36.3535			1.1000			118.0000			-39.0000			-67.0000			
115.4310			-71.3955			-42.5045			1.5000			111.0000			-33.0000			-77.0000			
114.3223			-62.7247			-48.6555			2.9000			104.0000			-24.0000			-88.0000			
110.4417			-52.4281			-54.8065			3.2000			97.0000			-18.0000			-98.0000			
106.5611			-41.0476			-62.6350			2.8000			87.0000			-12.0000			-106.0000			
103.7892			-31.8349			-69.3451			2.6000			79.0000			-3.0000			-115.0000			
97.6911			-23.7060			-72.1410			1.8000			70.0000			3.0000			-122.0000			
96.0280			-18.8286			-76.0553			1.1000			61.0000			9.0000			-129.0000			
98.2455			-15.5771			-79.4104			3.2000			52.0000			16.0000			-135.0000			
91.0387			-4.7386			-85.0022			1.3000			40.0000			22.0000			-141.0000			
81.6143			7.1838			-87.7981			0.9000			30.0000			28.0000			-145.0000			
81.0600			15.8547			-93.9491			2.9000			19.0000			35.0000			-149.0000			
80.5056			21.8159			-100.1000			2.2000			9.0000			41.0000			-152.0000			
77.1794			32.1125			-107.3694			1.9000			-3.0000			46.0000			-154.0000			
73.8531			38.6156			-111.2836			1.1000			-14.0000			52.0000			-154.0000			
71.0813			44.5768			-113.5204			2.1000			-25.0000			58.0000			-155.0000			
61.6570			52.1637			-111.2836			2.5000			-37.0000			61.0000			-154.0000			
49.4608			60.2926			-107.3694			2.3000			-46.0000			65.0000			-153.0000			
37.8190			69.5054			-105.6918			1.6000			-57.0000			69.0000			-149.0000			
27.8403			73.2989			-100.1000			1.0000			-67.0000			72.0000			-147.0000			
18.9703			78.1762			-95.6266			1.5000			-76.0000			75.0000			-143.0000			
16.1985			80.8859			-97.3041			-0.2000			-84.0000			77.0000			-137.0000			
11.7635			81.4278			-91.7123			1.4000			-92.0000			79.0000			-132.0000			
2.3392			85.2213			-86.6797			0.8000			-100.0000			78.0000			-126.0000			
-10.4114			91.7244			-80.5287			0.7000			-106.0000			80.0000			-120.0000			
-18.7269			97.6856			-79.4104			-0.4000			-114.0000			79.0000			-111.0000			
-27.5969			105.8145			-77.7328			0.4000			-119.0000			77.0000			-102.0000			
-37.0212			113.4015			-75.4961			0.8000			-124.0000			76.0000			-92.0000			
-43.6737			115.5692			-73.8186			-1.9000			-129.0000			74.0000			-82.0000			
-48.6630			115.0272			-66.5492			-0.1000			-133.0000			71.0000			-71.0000			
-53.0980			111.2337			-57.0432			1.0000			-137.0000			68.0000			-60.0000			
-61.9679			107.4403			-45.3004			0.1000			-138.0000			64.0000			-49.0000			
-69.7291			104.1887			-35.2352			-0.7000			-139.0000			61.0000			-38.0000			
-74.7185			99.3114			-25.1699			-0.5000			-140.0000			56.0000			-27.0000			
-78.5991			98.7694			-21.8148			-1.6000			-139.0000			52.0000			-15.0000			
-81.3710			96.0598			-16.2230			-1.5000			-138.0000			47.0000			-4.0000			
-84.1428			89.5567			-6.1578			-0.7000			-137.0000			42.0000			8.0000			
-87.4690			85.2213			0.5524			-1.6000			-135.0000			36.0000			18.0000			
-93.5671			80.3439			12.2951			-0.9000			-130.0000			30.0000			29.0000			
-99.6652			78.1762			20.1237			-1.3000			-126.0000			24.0000			41.0000			
-108.5352			77.6343			29.0705			-1.8000			-121.0000			16.0000			53.0000			
-112.9701			74.9247			36.8991			-1.1000			-115.0000			9.0000			63.0000			
-115.7420			70.0473			43.0500			-2.6000			-109.0000			3.0000			76.0000			
-114.6333			61.3765			49.7602			-3.4000			-102.0000			-5.0000			85.0000			
-110.1983			51.6218			55.9112			-2.6000			-94.0000			-12.0000			94.0000			
-106.8720			40.7833			64.2989			-1.7000			-85.0000			-19.0000			103.0000			
-103.5458			31.5705			69.3315			-2.6000			-76.0000			-27.0000			110.0000			
-98.5565			22.3578			73.2458			-2.9000			-68.0000			-33.0000			119.0000			
-98.0021			19.1062			76.0417			-2.8000			-59.0000			-40.0000			126.0000			
-96.8934			14.2289			80.5151			-2.1000			-50.0000			-47.0000			133.0000			
-90.7953			3.3903			84.9885			-2.4000			-38.0000			-54.0000			137.0000			
-82.4797			-8.5320			87.7844			-3.2000			-28.0000			-59.0000			141.0000			
-81.3710			-15.0352			94.4946			-1.9000			-17.0000			-67.0000			145.0000			
-80.2622			-22.6221			100.6456			-2.2000			-7.0000			-72.0000			148.0000			
-78.0447			-32.3768			109.0333			-1.3000			4.0000			-79.0000			150.0000			
-74.7185			-38.8799			111.8292			-1.7000			14.0000			-84.0000			150.0000			
-71.9466			-44.2992			113.5067			-2.7000			25.0000			-90.0000			150.0000			
-60.8592			-52.4281			111.2700			-2.0000			37.0000			-94.0000			150.0000			
-48.6630			-61.6409			107.3557			-2.9000			47.0000			-97.0000			147.0000			
-36.4668			-69.7698			104.5598			-1.6000			57.0000			-102.0000			144.0000			
-27.0425			-74.1052			99.5272			-1.6000			66.0000			-103.0000			141.0000			
-18.7269			-78.4406			96.1721			-0.9000			75.0000			-106.0000			135.0000			
-17.0638			-81.6921			97.8497			-0.8000			84.0000			-109.0000			132.0000			
-11.5201			-81.6921			91.6987			-1.5000			92.0000			-111.0000			126.0000			
-1.5414			-86.0275			86.1069			-1.4000			100.0000			-113.0000			119.0000			
11.2091			-92.5307			80.5151			-0.7000			107.0000			-113.0000			111.0000			
17.8616			-97.9499			78.8376			-1.2000			112.0000			-111.0000			103.0000			
28.9490			-106.0788			77.1600			0.0000			119.0000			-110.0000			94.0000			
37.8190			-113.1239			75.4825			0.1000			123.0000			-109.0000			84.0000			
43.3627			-116.3754			72.6866			-0.3000			128.0000			-107.0000			75.0000			
48.3520			-114.7497			67.6540			1.2000			133.0000			-105.0000			64.0000			
53.3414			-110.9562			56.4704			-1.1000			135.0000			-101.0000			54.0000			
62.7657			-107.7046			45.2868			0.3000			137.0000			-98.0000			42.0000			
69.4182			-103.3692			35.2215			1.2000			138.0000			-94.0000			30.0000			
73.2988			-99.5757			25.1563			-1.1000			138.0000			-90.0000			19.0000			
78.8425			-99.0338			21.2420			1.0000			138.0000			-86.0000			8.0000			
81.0600			-96.8661			15.6502			-0.1000			137.0000			-80.0000			-4.0000			
83.8318			-89.2791			6.1442			0.7000			135.0000			-77.0000			-15.0000			
87.1581			-85.4856			-1.1252			0.5000			132.0000			-70.0000			-26.0000			
94.3649			-80.6083			-11.7496			2.0000			129.0000			-64.0000			-38.0000			
99.9086			-80.0664			-20.6965			-0.8000			124.0000			-57.0000			-49.0000			
108.2242			-78.9825			-27.9658			1.2000			119.0000			-49.0000			-61.0000			
114.3223			-76.2729			-37.4719			0.5000			112.0000			-42.0000			-71.0000			
114.8766			-70.8536			-43.0637			0.9000			106.0000			-34.0000			-82.0000			
113.2135			-61.0989			-49.7738			2.3000			100.0000			-28.0000			-92.0000			
108.7785			-50.8023			-55.9248			2.0000			92.0000			-19.0000			-101.0000			
104.8979			-41.0476			-63.1942			0.6000			84.0000			-11.0000			-110.0000			
102.1261			-30.7510			-68.7860			2.6000			75.0000			-4.0000			-117.0000			
97.1367			-22.6221			-73.8186			0.7000			65.0000			1.0000			-125.0000			
96.5824			-19.3706			-77.1737			0.0000			56.0000			8.0000			-131.0000			
96.5824			-14.4932			-79.9696			2.1000			47.0000			15.0000			-137.0000			
89.9299			-3.6547			-83.8838			2.3000			39.0000			21.0000			-142.0000			
81.0600			8.2677			-88.3573			0.9000			27.0000			28.0000			-147.0000			
79.9512			15.8547			-93.9491			1.8000			16.0000			34.0000			-150.0000			
79.9512			23.4416			-101.7776			1.6000			7.0000			41.0000			-152.0000			
77.1794			33.1963			-108.4877			1.8000			-5.0000			48.0000			-154.0000			
73.2988			39.1575			-111.2836			1.1000			-15.0000			54.0000			-154.0000			
69.9725			44.5768			-113.5204			1.0000			-26.0000			58.0000			-155.0000			
60.5482			52.7057			-110.7245			2.5000			-37.0000			64.0000			-152.0000			
47.2433			62.4603			-107.9286			1.7000			-46.0000			66.0000			-150.0000			
36.1559			69.5054			-105.6918			0.0000			-57.0000			71.0000			-148.0000			
26.7315			74.3827			-99.5409			1.5000			-67.0000			74.0000			-144.0000			
17.3072			78.7181			-96.7450			-0.7000			-74.0000			77.0000			-141.0000			
15.6441			80.8859			-96.7450			-0.2000			-83.0000			80.0000			-134.0000			
10.1004			81.9697			-91.1532			0.9000			-91.0000			81.0000			-128.0000			
0.1217			86.8470			-85.0022			1.9000			-98.0000			81.0000			-123.0000			
-12.6289			92.8082			-79.9696			0.2000			-104.0000			82.0000			-115.0000			
-19.8357			99.3114			-79.4104			0.0000			-111.0000			83.0000			-106.0000			
-30.3688			107.9822			-77.1737			0.4000			-116.0000			80.0000			-97.0000			
-39.2387			114.4853			-76.0553			-0.8000			-121.0000			79.0000			-87.0000			
-44.2280			116.1111			-72.7002			-0.8000			-127.0000			78.0000			-77.0000			
-49.2174			115.0272			-65.9901			-0.1000			-130.0000			75.0000			-66.0000			
-55.3155			110.6918			-55.3656			0.0000			-133.0000			72.0000			-56.0000			
-63.6311			106.3564			-44.1820			-1.4000			-133.0000			66.0000			-43.0000			
-70.2835			104.1887			-32.9984			0.9000			-135.0000			63.0000			-33.0000			
-74.7185			98.7694			-24.6107			-0.5000			-135.0000			60.0000			-21.0000			
-80.2622			98.7694			-21.2557			-2.7000			-135.0000			55.0000			-9.0000			
-81.3710			95.5179			-14.5455			-0.3000			-134.0000			51.0000			2.0000			
-85.2516			89.0148			-5.0394			-1.2000			-132.0000			45.0000			13.0000			
-88.0234			84.6793			2.7891			-0.5000			-129.0000			39.0000			24.0000			
-94.6759			79.8020			13.9727			-0.9000			-126.0000			33.0000			36.0000			
-101.8827			78.7181			21.8012			-1.3000			-120.0000			26.0000			46.0000			
-109.6439			77.0924			30.7481			-1.7000			-117.0000			19.0000			58.0000			
-113.5245			74.9247			38.5766			0.0000			-111.0000			12.0000			69.0000			
-115.7420			68.9635			45.2868			-1.4000			-105.0000			4.0000			79.0000			
-114.0789			59.7507			50.8786			-3.4000			-97.0000			-3.0000			89.0000			
-108.5352			49.4541			57.0295			-2.0000			-90.0000			-10.0000			99.0000			
-107.4264			38.6156			65.4172			-3.3000			-81.0000			-18.0000			107.0000			
-102.9914			31.0286			69.8907			-2.0000			-73.0000			-25.0000			114.0000			
-98.5565			20.7320			74.3641			-3.4000			-64.0000			-32.0000			121.0000			
-98.0021			18.5643			77.1600			-2.2000			-56.0000			-40.0000			128.0000			
-98.0021			13.1450			81.0743			-3.7000			-46.0000			-47.0000			135.0000			
-89.6865			1.7646			85.5477			-2.3000			-36.0000			-54.0000			139.0000			
-82.4797			-11.2417			90.0212			-3.6000			-26.0000			-60.0000			144.0000			
-80.2622			-17.2029			96.1721			-1.2000			-15.0000			-67.0000			145.0000			
-80.2622			-24.7898			102.3231			-2.7000			-4.0000			-73.0000			148.0000			
-77.4903			-34.0026			110.1516			-1.3000			5.0000			-79.0000			150.0000			
-74.1641			-39.9638			111.8292			-2.3000			16.0000			-85.0000			149.0000			
-70.2835			-45.9250			114.0659			-2.1000			27.0000			-91.0000			149.0000			
-59.7505			-54.5958			111.8292			-2.5000			38.0000			-95.0000			148.0000			
-45.3368			-64.3505			107.9149			-1.7000			48.0000			-99.0000			145.0000			
-35.9125			-70.3117			104.5598			-1.6000			56.0000			-103.0000			141.0000			
-25.9338			-76.2729			99.5272			-2.6000			67.0000			-106.0000			138.0000			
-17.0638			-80.0664			96.1721			-0.9000			75.0000			-109.0000			134.0000			
-17.0638			-82.2341			97.2905			-2.0000			83.0000			-112.0000			128.0000			
-10.4114			-82.7760			91.6987			-1.4000			91.0000			-113.0000			122.0000			
1.2304			-87.1114			85.5477			-0.3000			97.0000			-113.0000			117.0000			
14.5354			-94.1564			79.3967			-0.2000			104.0000			-114.0000			107.0000			
18.9703			-100.1176			79.9559			-1.1000			110.0000			-114.0000			99.0000			
30.6121			-108.7885			77.1600			-1.0000			115.0000			-113.0000			89.0000			
40.0365			-115.2916			74.9233			-0.3000			121.0000			-111.0000			80.0000			
43.3627			-116.9174			72.1274			-1.4000			126.0000			-110.0000			70.0000			
50.0151			-115.2916			65.4172			0.1000			129.0000			-108.0000			57.0000			
55.5589			-112.0400			55.9112			-0.5000			132.0000			-104.0000			47.0000			
64.4288			-108.2465			43.0500			-0.7000			132.0000			-101.0000			36.0000			
70.5269			-103.9111			34.1032			0.7000			135.0000			-97.0000			23.0000			
76.0706			-99.5757			23.4787			0.0000			134.0000			-92.0000			13.0000			
79.9512			-101.2015			21.2420			0.0000			134.0000			-88.0000			1.0000			
82.1687			-94.6984			13.9727			1.4000			134.0000			-84.0000			-9.0000			
85.4949			-89.2791			5.0258			1.2000			132.0000			-79.0000			-21.0000			
87.7124			-84.9437			-3.3619			-0.5000			129.0000			-73.0000			-32.0000			
95.4736			-80.0664			-13.9863			1.4000			124.0000			-65.0000			-45.0000			
102.1261			-80.6083			-21.8148			-0.2000			121.0000			-59.0000			-54.0000			
110.4417			-78.9825			-30.2025			1.2000			115.0000			-50.0000			-65.0000			
114.8766			-75.7309			-38.5902			0.5000			110.0000			-44.0000			-77.0000			
115.4310			-69.2278			-45.3004			0.9000			103.0000			-36.0000			-87.0000			
113.2135			-60.5570			-51.4514			1.2000			95.0000			-29.0000			-96.0000			
108.7785			-49.1765			-57.6024			2.0000			89.0000			-22.0000			-106.0000			
106.0067			-39.4219			-65.9901			0.6000			80.0000			-13.0000			-114.0000			
102.6805			-30.7510			-70.4635			1.4000			71.0000			-6.0000			-121.0000			
97.1367			-20.9964			-74.3778			1.7000			63.0000			-1.0000			-129.0000			
96.5824			-19.9125			-76.6145			0.0000			55.0000			8.0000			-134.0000			
96.0280			-12.8675			-81.6471			1.5000			44.0000			16.0000			-139.0000			
88.8212			-2.0289			-84.4430			2.3000			36.0000			22.0000			-145.0000			
80.5056			10.4354			-89.4756			1.4000			26.0000			29.0000			-148.0000			
79.3968			17.4804			-96.1858			0.7000			15.0000			36.0000			-151.0000			
79.9512			25.6093			-103.4551			2.1000			5.0000			42.0000			-153.0000			
76.6250			34.8221			-109.6061			1.8000			-6.0000			49.0000			-154.0000			
72.7444			39.6994			-111.8428			0.6000			-16.0000			55.0000			-154.0000			
68.8638			46.7445			-114.0795			1.5000			-26.0000			61.0000			-154.0000			
58.8851			54.3314			-110.7245			2.4000			-36.0000			63.0000			-151.0000			
45.5802			64.0861			-107.9286			1.7000			-46.0000			68.0000			-149.0000			
35.0471			70.5892			-104.5735			1.0000			-57.0000			74.0000			-146.0000			
25.0684			74.9247			-98.4225			1.5000			-65.0000			76.0000			-142.0000			
17.3072			79.8020			-96.7450			0.3000			-74.0000			79.0000			-137.0000			
15.6441			81.4278			-96.7450			0.3000			-82.0000			81.0000			-131.0000			
8.9916			81.9697			-91.1532			-0.1000			-89.0000			83.0000			-126.0000			
-2.0958			87.3890			-84.4430			0.8000			-96.0000			84.0000			-119.0000			
-14.2920			93.3502			-78.2920			0.7000			-102.0000			85.0000			-110.0000			
-20.3901			100.3952			-79.4104			0.5000			-108.0000			84.0000			-102.0000			
-31.4775			108.5241			-77.1737			-0.1000			-114.0000			83.0000			-93.0000			
-40.9018			115.0272			-75.4961			-1.3000			-119.0000			83.0000			-81.0000			
-44.7824			116.1111			-72.7002			-1.3000			-123.0000			81.0000			-72.0000			
-50.3261			114.4853			-64.8717			-0.7000			-127.0000			78.0000			-61.0000			
-55.3155			109.6080			-53.6881			0.6000			-129.0000			75.0000			-50.0000			
-65.8485			105.8145			-41.9453			-1.9000			-130.0000			71.0000			-38.0000			
-71.3923			103.1048			-31.8801			-0.1000			-131.0000			67.0000			-27.0000			
-76.3816			98.2275			-21.8148			0.0000			-132.0000			62.0000			-16.0000			
-80.2622			99.3114			-20.6965			-1.6000			-132.0000			57.0000			-5.0000			
-81.3710			93.8921			-12.3088			0.2000			-131.0000			53.0000			7.0000			
-85.8059			87.9309			-3.9211			-1.7000			-130.0000			48.0000			18.0000			
-88.5778			84.1374			3.9074			-0.5000			-125.0000			41.0000			30.0000			
-96.3390			79.2601			15.0910			-1.9000			-122.0000			36.0000			41.0000			
-101.8827			77.6343			22.9196			-1.3000			-118.0000			29.0000			51.0000			
-110.1983			77.0924			31.8664			-1.2000			-113.0000			22.0000			63.0000			
-115.7420			74.3827			38.0174			-3.3000			-106.0000			14.0000			75.0000			
-115.1876			67.8796			44.7276			-2.5000			-100.0000			6.0000			84.0000			
-112.9701			58.1249			51.9969			-2.8000			-94.0000			-1.0000			94.0000			
-108.5352			47.8283			58.7071			-1.9000			-86.0000			-9.0000			102.0000			
-106.3177			38.6156			66.5356			-1.1000			-78.0000			-17.0000			110.0000			
-103.5458			28.8609			71.5682			-3.1000			-70.0000			-25.0000			117.0000			
-97.4477			19.6481			74.3641			-3.4000			-62.0000			-32.0000			124.0000			
-97.4477			18.0224			77.7192			-1.7000			-53.0000			-39.0000			131.0000			
-96.8934			10.9773			82.1926			-3.7000			-43.0000			-46.0000			136.0000			
-89.1322			0.1388			85.5477			-3.4000			-34.0000			-53.0000			140.0000			
-81.3710			-11.2417			90.5803			-2.0000			-24.0000			-60.0000			144.0000			
-80.2622			-17.7448			96.7313			-1.2000			-14.0000			-66.0000			146.0000			
-79.7078			-25.8737			104.0007			-1.5000			-3.0000			-74.0000			146.0000			
-77.4903			-35.0864			110.1516			-2.4000			7.0000			-81.0000			148.0000			
-75.2729			-40.5057			113.5067			-2.2000			17.0000			-87.0000			149.0000			
-69.1748			-47.0088			114.6251			-1.5000			27.0000			-93.0000			148.0000			
-56.9786			-55.1377			110.7108			-1.4000			38.0000			-97.0000			146.0000			
-44.2280			-64.8924			108.4741			-0.6000			47.0000			-101.0000			142.0000			
-35.3581			-70.8536			104.5598			-1.6000			57.0000			-105.0000			140.0000			
-24.2707			-76.2729			98.9680			-1.5000			65.0000			-108.0000			135.0000			
-18.1726			-80.6083			97.2905			-1.4000			73.0000			-112.0000			132.0000			
-15.9551			-82.7760			96.7313			-2.0000			81.0000			-114.0000			125.0000			
-8.7483			-83.8598			91.1395			-1.4000			89.0000			-116.0000			118.0000			
1.2304			-87.6533			84.4294			-1.9000			95.0000			-117.0000			112.0000			
15.0897			-94.1564			79.3967			0.3000			102.0000			-117.0000			103.0000			
21.1878			-101.7434			78.8376			-1.7000			108.0000			-116.0000			94.0000			
31.7209			-109.8723			77.1600			-0.9000			113.0000			-115.0000			85.0000			
40.0365			-115.2916			75.4825			0.2000			118.0000			-116.0000			73.0000			
43.3627			-116.3754			72.1274			-0.8000			123.0000			-113.0000			63.0000			
50.5695			-114.2077			64.2989			0.6000			127.0000			-111.0000			54.0000			
55.5589			-110.4142			53.6745			-1.1000			128.0000			-108.0000			42.0000			
65.5376			-107.1627			42.4909			0.8000			130.0000			-104.0000			31.0000			
71.0813			-102.8273			32.4256			0.6000			130.0000			-99.0000			19.0000			
74.9619			-99.0338			23.4787			-0.5000			131.0000			-97.0000			8.0000			
79.3968			-100.6596			21.2420			0.0000			131.0000			-92.0000			-3.0000			
82.1687			-93.6145			12.8543			1.4000			129.0000			-86.0000			-15.0000			
84.9406			-88.1953			5.0258			1.7000			127.0000			-81.0000			-26.0000			
88.2668			-84.4018			-3.3619			0.5000			125.0000			-75.0000			-37.0000			
95.4736			-80.0664			-14.5455			0.8000			122.0000			-68.0000			-49.0000			
102.1261			-78.9825			-22.3740			0.7000			117.0000			-61.0000			-59.0000			
109.8873			-77.8986			-31.3209			0.6000			113.0000			-53.0000			-69.0000			
114.3223			-74.6471			-38.5902			1.0000			107.0000			-45.0000			-81.0000			
113.7679			-68.1440			-44.7412			0.8000			101.0000			-38.0000			-91.0000			
110.9960			-58.9312			-51.4514			0.6000			92.0000			-31.0000			-100.0000			
107.1154			-47.5508			-58.1615			1.4000			85.0000			-21.0000			-109.0000			
104.8979			-38.3380			-65.4309			1.1000			78.0000			-15.0000			-116.0000			
100.4630			-29.6672			-69.9043			0.8000			69.0000			-6.0000			-124.0000			
96.0280			-21.5383			-73.8186			0.6000			62.0000			1.0000			-129.0000			
97.6911			-19.9125			-76.6145			1.1000			52.0000			8.0000			-136.0000			
95.4736			-11.2417			-82.2063			2.0000			44.0000			16.0000			-141.0000			
87.1581			-0.9451			-83.8838			2.3000			34.0000			23.0000			-146.0000			
79.9512			10.4354			-89.4756			0.9000			24.0000			30.0000			-149.0000			
79.9512			16.3966			-95.0674			1.2000			15.0000			37.0000			-150.0000			
77.7337			25.6093			-102.3368			1.0000			3.0000			43.0000			-152.0000			
74.9619			35.3640			-109.0469			1.2000			-7.0000			51.0000			-153.0000			
72.7444			39.1575			-111.2836			0.6000			-17.0000			56.0000			-153.0000			
68.8638			47.2864			-112.9612			3.1000			-26.0000			63.0000			-153.0000			
56.1132			54.3314			-109.6061			0.8000			-36.0000			66.0000			-150.0000			
43.9171			64.0861			-106.2510			1.7000			-47.0000			71.0000			-146.0000			
34.4927			71.1312			-104.0143			1.6000			-55.0000			76.0000			-143.0000			
23.4053			75.4666			-97.8633			1.0000			-65.0000			79.0000			-139.0000			
16.7528			79.8020			-96.7450			-0.1000			-72.0000			82.0000			-133.0000			
15.6441			80.8859			-96.7450			-0.2000			-80.0000			85.0000			-129.0000			
8.4373			82.5116			-90.0348			0.9000			-87.0000			87.0000			-122.0000			
-3.7589			87.9309			-83.8838			0.2000			-94.0000			88.0000			-115.0000			
-15.4007			94.9759			-79.4104			0.1000			-100.0000			89.0000			-106.0000			
-21.4988			100.9371			-79.4104			0.0000			-106.0000			88.0000			-97.0000			
-33.1406			109.6080			-76.6145			-0.1000			-111.0000			87.0000			-89.0000			
-40.9018			115.5692			-75.4961			-0.8000			-116.0000			85.0000			-77.0000			
-44.7824			116.1111			-71.0227			0.3000			-121.0000			84.0000			-66.0000			
-51.4349			113.4015			-63.1942			-1.2000			-124.0000			80.0000			-56.0000			
-56.9786			109.0660			-52.5697			-0.4000			-126.0000			77.0000			-44.0000			
-66.4029			106.8983			-40.8270			-0.3000			-127.0000			74.0000			-33.0000			
-72.5010			103.1048			-31.8801			-1.2000			-128.0000			69.0000			-23.0000			
-77.4903			97.6856			-21.8148			-1.6000			-129.0000			66.0000			-10.0000			
-80.2622			99.3114			-20.6965			-1.6000			-129.0000			62.0000			1.0000			
-82.4797			92.2663			-11.1904			-1.4000			-128.0000			57.0000			12.0000			
-85.8059			87.3890			-3.3619			-1.7000			-125.0000			51.0000			24.0000			
-89.6865			83.0536			5.0258			-1.6000			-123.0000			44.0000			35.0000			
-96.8934			78.1762			16.7686			-1.9000			-119.0000			37.0000			45.0000			
-103.5458			78.1762			23.4787			-1.8000			-114.0000			30.0000			58.0000			
-110.7527			76.0085			32.4256			-2.3000			-110.0000			23.0000			68.0000			
-115.7420			73.8408			40.2541			-1.6000			-104.0000			15.0000			78.0000			
-115.7420			67.3377			45.8459			-2.5000			-98.0000			7.0000			87.0000			
-112.9701			57.5830			53.6745			-1.7000			-93.0000			-1.0000			97.0000			
-108.5352			46.2026			59.2663			-3.0000			-84.0000			-8.0000			105.0000			
-106.3177			36.4479			67.6540			-2.2000			-76.0000			-17.0000			112.0000			
-102.4371			27.7770			71.5682			-3.0000			-68.0000			-25.0000			120.0000			
-96.8934			19.1062			75.4825			-2.3000			-59.0000			-32.0000			127.0000			
-98.0021			18.5643			78.2784			-1.1000			-50.0000			-39.0000			132.0000			
-95.2302			9.8935			83.3110			-2.0000			-42.0000			-47.0000			137.0000			
-87.4690			-1.4870			86.1069			-2.8000			-33.0000			-53.0000			140.0000			
-80.8166			-12.8675			91.1395			-2.5000			-22.0000			-61.0000			144.0000			
-80.8166			-18.2867			97.2905			-1.8000			-13.0000			-69.0000			146.0000			
-79.1535			-28.0414			105.1190			-2.0000			-2.0000			-75.0000			147.0000			
-75.8272			-36.1703			111.2700			-0.7000			8.0000			-82.0000			148.0000			
-74.1641			-41.5896			112.9475			-2.8000			18.0000			-89.0000			149.0000			
-67.5117			-48.6346			113.5067			-2.6000			27.0000			-95.0000			146.0000			
-56.4242			-55.6797			110.1516			-1.9000			37.0000			-99.0000			144.0000			
-42.5649			-65.9763			107.3557			-1.1000			47.0000			-104.0000			141.0000			
-33.1406			-71.9375			104.0007			-1.0000			54.0000			-107.0000			137.0000			
-22.6075			-77.3567			98.4089			-1.5000			64.0000			-111.0000			132.0000			
-16.5095			-81.1502			96.7313			-0.9000			72.0000			-114.0000			128.0000			
-14.8463			-82.2341			96.1721			-0.9000			79.0000			-117.0000			121.0000			
-7.6395			-83.8598			90.0212			-1.4000			88.0000			-120.0000			115.0000			
4.0023			-88.1953			83.3110			-0.8000			94.0000			-120.0000			108.0000			
16.1985			-95.7822			78.8376			-0.7000			100.0000			-121.0000			100.0000			
21.7422			-102.2853			78.8376			-1.7000			105.0000			-120.0000			89.0000			
33.3840			-110.4142			77.1600			0.1000			112.0000			-120.0000			81.0000			
41.1452			-116.3754			74.3641			-0.8000			115.0000			-118.0000			71.0000			
45.5802			-116.9174			71.0090			-0.3000			120.0000			-116.0000			60.0000			
50.5695			-113.6658			63.1805			0.0000			124.0000			-115.0000			49.0000			
57.2220			-110.4142			52.5561			-0.6000			125.0000			-111.0000			38.0000			
66.6463			-107.7046			40.8133			-0.2000			128.0000			-107.0000			25.0000			
72.7444			-102.8273			30.1889			0.1000			127.0000			-102.0000			15.0000			
76.0706			-98.4919			22.3604			0.0000			127.0000			-99.0000			4.0000			
81.0600			-101.2015			20.1237			0.0000			129.0000			-93.0000			-8.0000			
83.2774			-93.0726			11.1768			1.3000			127.0000			-88.0000			-20.0000			
85.4949			-88.1953			3.3483			0.6000			125.0000			-83.0000			-29.0000			
90.4843			-84.4018			-6.1578			0.0000			122.0000			-76.0000			-42.0000			
96.5824			-80.0664			-16.2230			0.2000			118.0000			-69.0000			-52.0000			
104.3436			-79.5244			-24.0516			0.7000			113.0000			-62.0000			-65.0000			
111.5504			-78.4406			-33.5576			-0.4000			108.0000			-54.0000			-74.0000			
115.9854			-74.1052			-41.9453			0.0000			102.0000			-47.0000			-84.0000			
115.4310			-67.6020			-46.9779			0.8000			96.0000			-39.0000			-94.0000			
111.5504			-57.8474			-53.1289			0.5000			91.0000			-31.0000			-102.0000			
108.2242			-45.9250			-59.8391			2.4000			83.0000			-22.0000			-112.0000			
106.5611			-37.7961			-67.1084			1.6000			76.0000			-14.0000			-119.0000			
101.5717			-28.5833			-71.5819			1.4000			67.0000			-6.0000			-126.0000			
97.1367			-20.4544			-76.0553			0.6000			59.0000			-1.0000			-131.0000			
97.6911			-18.8286			-78.2920			0.5000			51.0000			9.0000			-136.0000			
94.3649			-10.1578			-84.4430			-0.2000			41.0000			16.0000			-142.0000			
86.6037			1.2226			-85.5614			2.2000			32.0000			23.0000			-146.0000			
81.0600			12.0612			-92.2715			0.8000			23.0000			31.0000			-149.0000			
79.9512			18.5643			-97.8633			0.6000			13.0000			39.0000			-151.0000			
78.2881			27.2351			-105.6918			-0.1000			2.0000			45.0000			-151.0000			
75.5162			36.4479			-111.2836			0.6000			-7.0000			53.0000			-152.0000			
73.2988			40.7833			-113.5204			0.5000			-17.0000			59.0000			-152.0000			
67.2007			47.8283			-113.5204			1.5000			-28.0000			65.0000			-150.0000			
56.1132			55.9572			-110.1653			1.9000			-37.0000			68.0000			-149.0000			
41.6996			66.7958			-107.3694			1.1000			-46.0000			74.0000			-145.0000			
32.8296			72.2150			-103.4551			1.5000			-54.0000			79.0000			-139.0000			
22.8509			76.0085			-97.8633			1.0000			-64.0000			82.0000			-135.0000			
16.7528			80.8859			-97.8633			-0.2000			-71.0000			85.0000			-130.0000			
14.5354			81.9697			-95.0674			1.4000			-78.0000			88.0000			-124.0000			
6.2198			83.5955			-89.4756			0.3000			-85.0000			90.0000			-118.0000			
-5.4220			89.5567			-83.3246			0.8000			-92.0000			91.0000			-110.0000			
-15.9551			94.9759			-78.8512			0.1000			-98.0000			91.0000			-103.0000			
-22.6075			101.4791			-78.8512			0.0000			-104.0000			91.0000			-92.0000			
-33.6950			110.1499			-76.6145			-0.1000			-110.0000			89.0000			-82.0000			
-40.9018			115.5692			-74.3778			0.2000			-115.0000			88.0000			-74.0000			
-46.4455			115.0272			-70.4635			-1.8000			-118.0000			86.0000			-62.0000			
-51.4349			112.3176			-62.0758			-1.1000			-121.0000			84.0000			-51.0000			
-58.0873			108.5241			-50.8922			-0.4000			-123.0000			79.0000			-41.0000			
-67.5117			105.8145			-38.0311			0.2000			-126.0000			76.0000			-28.0000			
-71.9466			100.3952			-29.0842			-0.6000			-125.0000			71.0000			-17.0000			
-77.4903			97.1437			-21.2557			-1.5000			-126.0000			67.0000			-7.0000			
-80.8166			99.3114			-20.6965			-2.1000			-126.0000			63.0000			6.0000			
-82.4797			90.6405			-10.0721			-1.9000			-125.0000			58.0000			16.0000			
-85.8059			86.8470			-3.3619			-2.3000			-124.0000			53.0000			28.0000			
-89.1322			81.9697			6.1442			-1.0000			-121.0000			45.0000			39.0000			
-95.7846			78.1762			16.7686			-0.8000			-116.0000			39.0000			49.0000			
-103.5458			77.6343			24.0379			-1.8000			-112.0000			31.0000			60.0000			
-110.1983			74.9247			32.9848			-2.2000			-107.0000			23.0000			70.0000			
-114.0789			72.2150			40.8133			-1.0000			-102.0000			16.0000			81.0000			
-114.6333			64.6281			46.9643			-3.0000			-96.0000			8.0000			91.0000			
-110.7527			55.9572			53.1153			-1.6000			-89.0000			-2.0000			98.0000			
-107.9808			45.1187			60.3846			-2.4000			-82.0000			-9.0000			107.0000			
-105.2089			35.9059			67.6540			-1.6000			-73.0000			-17.0000			114.0000			
-99.6652			26.6932			71.0090			-1.9000			-67.0000			-24.0000			121.0000			
-95.7846			19.6481			75.4825			-0.6000			-58.0000			-33.0000			128.0000			
-99.1108			17.4804			78.2784			-3.3000			-49.0000			-41.0000			133.0000			
-94.6759			8.8096			83.3110			-2.5000			-40.0000			-48.0000			138.0000			
-84.6972			-2.5708			84.9885			-2.2000			-33.0000			-55.0000			141.0000			
-80.8166			-12.8675			92.2579			-1.4000			-22.0000			-63.0000			143.0000			
-80.8166			-18.8286			97.8497			-1.7000			-12.0000			-70.0000			145.0000			
-79.1535			-28.5833			105.6782			-2.0000			-2.0000			-78.0000			146.0000			
-75.8272			-36.1703			110.7108			-1.2000			7.0000			-84.0000			146.0000			
-73.6097			-42.6734			114.0659			-2.2000			17.0000			-90.0000			146.0000			
-66.4029			-49.1765			112.9475			-2.6000			26.0000			-97.0000			144.0000			
-54.2067			-56.7635			110.1516			-0.8000			36.0000			-102.0000			142.0000			
-41.4562			-66.5182			106.7966			-1.1000			45.0000			-106.0000			138.0000			
-32.5862			-72.4794			103.4415			-1.6000			54.0000			-110.0000			134.0000			
-22.0532			-76.8148			97.8497			-1.0000			63.0000			-114.0000			130.0000			
-17.6182			-81.6921			98.4089			-0.8000			71.0000			-117.0000			124.0000			
-14.8463			-82.7760			95.6130			-2.0000			79.0000			-120.0000			117.0000			
-5.4220			-85.4856			88.9028			-2.0000			86.0000			-121.0000			112.0000			
6.2198			-90.3630			82.1926			-1.9000			91.0000			-123.0000			103.0000			
16.7528			-96.3242			79.3967			-0.1000			99.0000			-123.0000			95.0000			
24.5140			-103.9111			78.8376			-0.5000			103.0000			-124.0000			86.0000			
35.0471			-112.0400			77.1600			0.1000			108.0000			-122.0000			75.0000			
42.2539			-116.9174			74.3641			-0.2000			115.0000			-121.0000			65.0000			
45.5802			-116.3754			71.0090			0.2000			117.0000			-120.0000			54.0000			
51.6783			-114.7497			62.6213			-0.4000			120.0000			-116.0000			44.0000			
58.3307			-109.8723			51.9969			0.4000			122.0000			-114.0000			33.0000			
67.7550			-107.7046			40.2541			0.3000			122.0000			-109.0000			21.0000			
72.7444			-102.8273			29.6297			-0.4000			125.0000			-104.0000			11.0000			
76.6250			-98.4919			21.8012			0.0000			125.0000			-100.0000			-1.0000			
80.5056			-100.1176			20.1237			0.5000			124.0000			-96.0000			-12.0000			
82.7231			-90.9049			8.9401			0.7000			124.0000			-91.0000			-24.0000			
85.4949			-88.1953			2.2299			-0.4000			123.0000			-85.0000			-35.0000			
90.4843			-82.7760			-7.2762			0.4000			120.0000			-78.0000			-46.0000			
96.5824			-80.0664			-16.2230			0.2000			117.0000			-71.0000			-56.0000			
105.4523			-79.5244			-24.6107			1.3000			111.0000			-64.0000			-66.0000			
111.5504			-77.8986			-34.1168			-0.4000			106.0000			-56.0000			-76.0000			
114.8766			-73.5632			-40.2678			1.0000			101.0000			-48.0000			-89.0000			
114.3223			-65.4343			-47.5371			1.3000			94.0000			-39.0000			-97.0000			
109.8873			-55.6797			-53.1289			1.0000			87.0000			-31.0000			-105.0000			
106.5611			-45.3831			-60.3983			0.7000			81.0000			-21.0000			-113.0000			
104.3436			-36.7122			-67.1084			0.5000			74.0000			-15.0000			-121.0000			
99.3542			-27.4995			-71.5819			0.2000			65.0000			-6.0000			-126.0000			
95.4736			-19.9125			-74.9369			0.6000			57.0000			2.0000			-132.0000			
97.1367			-18.8286			-77.1737			1.1000			48.0000			10.0000			-138.0000			
93.2561			-9.6159			-82.7655			0.8000			41.0000			17.0000			-142.0000			
84.3862			2.8484			-84.4430			2.8000			31.0000			25.0000			-145.0000			
79.9512			13.1450			-91.7123			1.3000			22.0000			31.0000			-148.0000			
80.5056			18.5643			-97.8633			1.2000			12.0000			41.0000			-149.0000			
78.8425			28.3190			-105.6918			1.4000			3.0000			47.0000			-151.0000			
74.4075			36.9898			-109.6061			1.8000			-7.0000			54.0000			-151.0000			
71.6356			40.2414			-111.8428			0.0000			-17.0000			60.0000			-150.0000			
65.5376			48.3703			-112.4020			1.5000			-28.0000			67.0000			-148.0000			
52.7870			57.0411			-108.4877			1.3000			-37.0000			71.0000			-145.0000			
41.1452			65.7119			-106.2510			0.6000			-44.0000			76.0000			-141.0000			
31.1665			71.1312			-103.4551			-1.1000			-54.0000			80.0000			-136.0000			
20.6334			75.4666			-96.1858			0.0000			-63.0000			85.0000			-132.0000			
16.7528			80.3439			-96.7450			0.3000			-71.0000			87.0000			-126.0000			
14.5354			80.8859			-95.0674			0.3000			-79.0000			90.0000			-121.0000			
5.1110			84.1374			-88.9164			0.3000			-84.0000			92.0000			-113.0000			
-7.0851			90.6405			-81.0879			2.4000			-91.0000			93.0000			-106.0000			
-17.0638			96.0598			-79.4104			-0.4000			-97.0000			92.0000			-97.0000			
-24.8250			103.1048			-79.9696			-1.6000			-102.0000			93.0000			-89.0000			
-35.3581			112.3176			-76.0553			0.9000			-108.0000			92.0000			-79.0000			
-42.0106			116.1111			-75.4961			-1.3000			-111.0000			90.0000			-67.0000			
-45.8912			115.5692			-69.9043			-0.2000			-117.0000			88.0000			-57.0000			
-51.9892			112.3176			-61.5166			-1.1000			-120.0000			86.0000			-46.0000			
-59.1961			108.5241			-49.2147			0.1000			-122.0000			82.0000			-34.0000			
-67.5117			105.8145			-38.5902			-0.2000			-123.0000			78.0000			-23.0000			
-73.0554			100.9371			-28.5250			-0.6000			-124.0000			74.0000			-12.0000			
-78.0447			97.6856			-20.6965			-1.0000			-125.0000			69.0000			-2.0000			
-80.2622			98.7694			-19.5781			-1.0000			-124.0000			64.0000			9.0000			
-82.4797			90.0986			-7.8353			-0.2000			-122.0000			59.0000			20.0000			
-86.3603			86.8470			-1.6844			-1.1000			-121.0000			52.0000			30.0000			
-90.7953			81.9697			8.3809			-0.4000			-118.0000			47.0000			41.0000			
-97.4477			78.1762			18.4461			-0.8000			-114.0000			40.0000			52.0000			
-106.8720			78.1762			26.2746			-2.4000			-110.0000			31.0000			63.0000			
-112.4158			76.0085			35.7807			-0.6000			-105.0000			24.0000			74.0000			
-115.7420			71.6731			41.3725			-2.6000			-100.0000			15.0000			84.0000			
-115.1876			65.1700			48.0827			-1.9000			-94.0000			8.0000			92.0000			
-110.7527			54.3314			54.2336			-2.1000			-87.0000			-2.0000			102.0000			
-107.9808			44.0348			61.5030			-2.4000			-80.0000			-9.0000			109.0000			
-104.6546			34.8221			68.2131			-1.6000			-73.0000			-18.0000			116.0000			
-99.6652			26.1513			71.0090			-2.5000			-65.0000			-26.0000			123.0000			
-95.7846			18.5643			76.0417			-1.1000			-56.0000			-33.0000			127.0000			
-97.4477			16.9385			78.8376			-1.6000			-48.0000			-42.0000			132.0000			
-93.0128			7.1838			83.8702			-1.9000			-41.0000			-49.0000			138.0000			
-83.5884			-5.2805			86.6661			-2.1000			-32.0000			-57.0000			141.0000			
-80.2622			-15.5771			93.9354			-1.8000			-22.0000			-66.0000			143.0000			
-80.8166			-20.4544			98.9680			-2.3000			-11.0000			-73.0000			145.0000			
-78.5991			-30.2091			106.7966			-2.0000			-1.0000			-79.0000			145.0000			
-75.2729			-37.2542			110.7108			-1.8000			6.0000			-87.0000			144.0000			
-71.9466			-42.6734			112.9475			-1.6000			18.0000			-93.0000			143.0000			
-64.1854			-50.2604			111.8292			-2.6000			27.0000			-100.0000			142.0000			
-51.9892			-58.9312			109.0333			-1.8000			36.0000			-104.0000			139.0000			
-39.7931			-67.0601			106.2374			-0.6000			45.0000			-108.0000			135.0000			
-30.3688			-73.0213			100.6456			-2.7000			55.0000			-113.0000			131.0000			
-19.8357			-77.3567			96.7313			-0.4000			63.0000			-118.0000			125.0000			
-17.0638			-81.1502			97.8497			-0.3000			70.0000			-120.0000			120.0000			
-14.2920			-82.2341			94.4946			-2.0000			78.0000			-123.0000			115.0000			
-4.3133			-85.4856			88.3436			-1.4000			84.0000			-125.0000			108.0000			
7.3285			-90.3630			81.6335			-1.3000			90.0000			-125.0000			99.0000			
17.3072			-96.8661			78.8376			-0.7000			95.0000			-126.0000			91.0000			
25.6228			-104.4531			77.7192			-1.1000			102.0000			-126.0000			81.0000			
35.0471			-112.0400			76.0417			-0.9000			107.0000			-125.0000			71.0000			
42.2539			-115.8335			73.2458			-0.3000			112.0000			-122.0000			60.0000			
46.6889			-115.2916			68.2131			-0.3000			116.0000			-122.0000			50.0000			
51.6783			-112.5820			59.8254			-1.0000			118.0000			-120.0000			39.0000			
59.4395			-107.7046			48.6418			0.3000			121.0000			-115.0000			29.0000			
67.2007			-105.5369			38.0174			-0.3000			121.0000			-111.0000			17.0000			
73.2988			-101.7434			27.3930			-1.0000			122.0000			-107.0000			7.0000			
77.1794			-99.0338			22.3604			0.5000			122.0000			-102.0000			-4.0000			
79.9512			-98.4919			17.8869			-0.6000			121.0000			-98.0000			-15.0000			
83.2774			-90.9049			8.3809			0.7000			122.0000			-91.0000			-27.0000			
86.0493			-87.1114			1.6707			0.6000			120.0000			-86.0000			-38.0000			
91.5930			-82.2341			-8.9537			0.4000			117.0000			-79.0000			-49.0000			
97.6911			-80.0664			-17.9006			-0.2000			113.0000			-72.0000			-60.0000			
106.0067			-78.9825			-26.8475			0.1000			109.0000			-65.0000			-70.0000			
112.6591			-77.8986			-35.2352			-0.4000			105.0000			-56.0000			-80.0000			
114.8766			-71.9375			-41.9453			1.0000			98.0000			-47.0000			-89.0000			
114.3223			-64.8924			-48.0963			1.3000			92.0000			-39.0000			-99.0000			
110.9960			-55.1377			-55.3656			0.5000			87.0000			-30.0000			-107.0000			
107.1154			-44.2992			-61.5166			1.3000			78.0000			-20.0000			-115.0000			
104.8979			-35.6284			-68.2268			1.0000			71.0000			-15.0000			-122.0000			
99.9086			-25.8737			-72.1410			1.8000			64.0000			-5.0000			-127.0000			
96.5824			-19.9125			-76.0553			0.6000			57.0000			3.0000			-133.0000			
97.6911			-16.6609			-79.4104			1.6000			48.0000			10.0000			-138.0000			
92.7018			-6.9063			-83.8838			1.9000			40.0000			19.0000			-142.0000			
83.8318			4.4742			-87.2389			1.0000			31.0000			25.0000			-146.0000			
80.5056			14.2289			-93.3899			1.3000			22.0000			34.0000			-148.0000			
79.9512			20.7320			-100.6592			0.0000			11.0000			42.0000			-149.0000			
78.2881			29.4028			-107.3694			0.3000			2.0000			49.0000			-149.0000			
74.4075			36.9898			-111.2836			0.1000			-7.0000			56.0000			-148.0000			
71.6356			42.4091			-114.0795			0.0000			-17.0000			62.0000			-147.0000			
63.8744			49.9960			-112.9612			0.9000			-27.0000			69.0000			-147.0000			
51.6783			58.6669			-109.0469			1.2000			-35.0000			74.0000			-143.0000			
39.4821			66.7958			-105.6918			0.5000			-45.0000			78.0000			-138.0000			
29.5034			73.8408			-102.3368			1.0000			-53.0000			82.0000			-133.0000			
20.6334			77.0924			-96.1858			1.5000			-61.0000			87.0000			-130.0000			
16.1985			81.4278			-97.3041			0.3000			-69.0000			90.0000			-124.0000			
11.7635			81.9697			-94.5082			-0.7000			-77.0000			93.0000			-117.0000			
4.0023			84.1374			-88.3573			-0.2000			-83.0000			95.0000			-110.0000			
-8.7483			90.6405			-81.0879			0.8000			-89.0000			95.0000			-102.0000			
-17.6182			96.6017			-78.8512			0.1000			-95.0000			96.0000			-95.0000			
-26.4882			104.1887			-77.7328			0.0000			-101.0000			95.0000			-84.0000			
-35.9125			111.7757			-76.6145			-0.7000			-106.0000			94.0000			-74.0000			
-42.5649			115.5692			-73.8186			-0.8000			-111.0000			93.0000			-65.0000			
-48.1086			115.0272			-68.2268			-1.3000			-114.0000			90.0000			-53.0000			
-52.5436			110.6918			-58.7207			-0.5000			-118.0000			88.0000			-42.0000			
-60.3048			107.9822			-47.5371			0.1000			-119.0000			83.0000			-30.0000			
-68.6204			105.2726			-36.3535			0.3000			-120.0000			79.0000			-20.0000			
-73.0554			99.8533			-26.8475			0.0000			-121.0000			75.0000			-9.0000			
-78.5991			97.6856			-20.6965			-1.6000			-123.0000			70.0000			3.0000			
-80.8166			97.6856			-17.3414			-0.4000			-122.0000			66.0000			14.0000			
-83.0341			89.5567			-7.8353			-1.3000			-121.0000			60.0000			23.0000			
-86.3603			85.7632			-1.6844			-2.2000			-118.0000			54.0000			35.0000			
-91.3496			81.4278			10.0584			0.1000			-116.0000			46.0000			46.0000			
-97.4477			77.6343			19.5645			-0.2000			-113.0000			40.0000			55.0000			
-106.8720			77.6343			26.8338			-2.3000			-108.0000			32.0000			66.0000			
-112.4158			75.4666			35.7807			-1.1000			-104.0000			23.0000			76.0000			
-115.1876			70.5892			43.0500			-1.5000			-98.0000			15.0000			86.0000			
-115.1876			63.0023			48.6418			-3.5000			-92.0000			6.0000			95.0000			
-110.7527			52.7057			54.7928			-3.2000			-85.0000			-1.0000			103.0000			
-106.3177			42.4091			62.6213			-1.2000			-80.0000			-10.0000			109.0000			
-104.6546			32.6544			69.3315			-2.6000			-71.0000			-18.0000			117.0000			
-99.1108			24.5255			72.1274			-2.4000			-63.0000			-27.0000			123.0000			
-95.7846			18.5643			76.6008			-0.6000			-57.0000			-35.0000			129.0000			
-97.4477			15.8547			79.9559			-1.6000			-49.0000			-44.0000			134.0000			
-91.9040			5.0161			85.5477			-1.3000			-40.0000			-51.0000			138.0000			
-83.0341			-6.9063			87.2253			-2.7000			-30.0000			-59.0000			140.0000			
-79.7078			-15.5771			94.4946			-0.7000			-22.0000			-66.0000			143.0000			
-80.8166			-22.6221			100.6456			-2.7000			-11.0000			-75.0000			144.0000			
-78.0447			-32.3768			109.0333			-1.3000			-2.0000			-81.0000			143.0000			
-74.7185			-38.8799			112.9475			-0.6000			7.0000			-89.0000			143.0000			
-72.5010			-44.8411			115.1843			-2.1000			16.0000			-96.0000			142.0000			
-63.0767			-51.3442			112.3884			-2.0000			26.0000			-101.0000			141.0000			
-50.3261			-60.0151			109.5925			-0.7000			34.0000			-108.0000			136.0000			
-38.6843			-69.7698			106.2374			-2.2000			45.0000			-111.0000			132.0000			
-28.7056			-74.6471			101.7639			-1.5000			53.0000			-116.0000			128.0000			
-18.7269			-78.9825			97.2905			-0.4000			60.0000			-120.0000			122.0000			
-15.9551			-82.2341			97.2905			-0.9000			67.0000			-123.0000			117.0000			
-11.5201			-82.7760			93.3762			-0.9000			76.0000			-126.0000			111.0000			
-2.0958			-87.6533			88.3436			-1.4000			82.0000			-127.0000			104.0000			
9.5460			-91.9887			81.6335			-0.7000			90.0000			-129.0000			96.0000			
18.9703			-98.4919			79.9559			0.4000			95.0000			-128.0000			86.0000			
27.2859			-106.6208			77.7192			-1.6000			101.0000			-128.0000			78.0000			
37.2646			-114.7497			76.6008			-0.8000			105.0000			-126.0000			67.0000			
43.3627			-116.9174			73.2458			-0.3000			110.0000			-125.0000			58.0000			
47.2433			-116.9174			68.2131			-1.4000			113.0000			-123.0000			46.0000			
53.8957			-112.5820			58.7071			0.0000			118.0000			-120.0000			35.0000			
61.1026			-109.3304			46.9643			-1.2000			119.0000			-115.0000			23.0000			
68.3094			-106.0788			36.8991			-0.8000			121.0000			-113.0000			13.0000			
73.2988			-100.6596			26.2746			-1.0000			121.0000			-108.0000			3.0000			
76.6250			-99.5757			21.2420			-1.7000			121.0000			-105.0000			-8.0000			
80.5056			-97.9499			17.8869			0.4000			121.0000			-98.0000			-20.0000			
83.2774			-90.3630			7.2625			0.1000			119.0000			-92.0000			-30.0000			
86.0493			-87.1114			-0.0068			-1.0000			119.0000			-86.0000			-41.0000			
92.7018			-82.2341			-10.0721			0.3000			115.0000			-79.0000			-51.0000			
97.6911			-80.0664			-18.4598			-0.8000			112.0000			-71.0000			-62.0000			
106.5611			-78.9825			-27.4066			0.1000			107.0000			-63.0000			-73.0000			
112.1048			-76.2729			-35.2352			0.5000			103.0000			-54.0000			-83.0000			
114.3223			-71.3955			-41.9453			0.9000			97.0000			-47.0000			-91.0000			
113.2135			-63.2666			-48.6555			1.2000			92.0000			-38.0000			-101.0000			
108.2242			-52.9700			-54.8065			0.4000			86.0000			-29.0000			-109.0000			
105.4523			-42.1315			-62.6350			0.6000			79.0000			-20.0000			-115.0000			
102.1261			-34.0026			-67.1084			1.0000			70.0000			-12.0000			-122.0000			
98.2455			-24.2479			-72.7002			1.2000			63.0000			-5.0000			-127.0000			
96.0280			-19.9125			-75.4961			0.6000			56.0000			4.0000			-133.0000			
97.6911			-17.2029			-79.4104			1.0000			47.0000			13.0000			-136.0000			
91.5930			-6.3643			-83.8838			1.3000			39.0000			20.0000			-141.0000			
82.1687			6.1000			-86.6797			1.5000			30.0000			28.0000			-145.0000			
80.5056			14.2289			-93.9491			0.7000			22.0000			37.0000			-145.0000			
79.3968			21.2739			-99.5409			1.1000			12.0000			44.0000			-147.0000			
77.1794			32.1125			-107.9286			1.3000			3.0000			51.0000			-147.0000			
73.2988			38.0737			-111.2836			0.0000			-6.0000			59.0000			-147.0000			
70.5269			42.9510			-113.5204			0.0000			-16.0000			65.0000			-145.0000			
62.2113			50.5380			-111.2836			1.4000			-26.0000			71.0000			-144.0000			
48.9064			59.7507			-108.4877			0.1000			-35.0000			77.0000			-140.0000			
37.8190			67.8796			-105.1327			0.5000			-43.0000			81.0000			-134.0000			
28.3946			73.2989			-100.6592			1.0000			-51.0000			87.0000			-131.0000			
20.0791			77.6343			-96.7450			0.9000			-60.0000			89.0000			-126.0000			
16.1985			81.4278			-97.8633			-0.2000			-67.0000			94.0000			-119.0000			
11.2091			80.8859			-92.8307			-0.7000			-75.0000			96.0000			-113.0000			
1.7848			84.6793			-87.7981			-1.3000			-82.0000			97.0000			-107.0000			
-9.8570			91.1825			-81.0879			0.2000			-88.0000			98.0000			-99.0000			
-18.1726			97.1437			-78.8512			0.1000			-93.0000			98.0000			-89.0000			
-28.1513			105.8145			-77.7328			0.0000			-99.0000			97.0000			-80.0000			
-37.5756			112.8595			-76.0553			-0.7000			-105.0000			96.0000			-70.0000			
-43.1193			116.1111			-73.2594			-0.2000			-109.0000			94.0000			-61.0000			
-49.2174			114.4853			-68.2268			-2.9000			-114.0000			93.0000			-50.0000			
-53.6524			111.2337			-57.6024			0.0000			-116.0000			90.0000			-39.0000			
-61.9679			107.4403			-46.4188			-0.9000			-117.0000			85.0000			-27.0000			
-68.6204			104.1887			-35.7943			-0.2000			-119.0000			81.0000			-16.0000			
-74.7185			99.3114			-25.7291			-1.1000			-119.0000			77.0000			-5.0000			
