-56.3994			35.2124			19.4336			-1.7000			-104.0000			349.0000			0.0000			
-58.0328			41.1503			15.0722			-1.8000			-99.0000			367.0000			-10.0000			
-58.0328			45.4687			11.8011			-0.7000			-95.0000			381.0000			-21.0000			
-58.5772			48.1678			7.4397			-2.9000			-90.0000			396.0000			-32.0000			
-58.0328			49.7872			5.2590			-2.9000			-85.0000			407.0000			-41.0000			
-53.1325			48.7076			3.0783			-1.3000			-80.0000			414.0000			-51.0000			
-50.4102			49.7872			-0.7380			-1.3000			-74.0000			422.0000			-62.0000			
-46.0544			50.3270			-5.6446			-1.3000			-67.0000			426.0000			-70.0000			
-40.0652			50.3270			-12.1868			-1.9000			-59.0000			426.0000			-80.0000			
-35.7094			51.4066			-14.9126			0.7000			-52.0000			423.0000			-89.0000			
-31.8981			50.3270			-18.7289			-0.3000			-44.0000			417.0000			-97.0000			
-26.9979			49.2474			-23.0903			-0.8000			-36.0000			413.0000			-105.0000			
-24.2755			49.7872			-26.9066			-1.3000			-27.0000			403.0000			-113.0000			
-21.5531			53.5658			-33.4487			-1.4000			-18.0000			392.0000			-119.0000			
-18.2863			56.2648			-39.4457			-1.4000			-8.0000			375.0000			-126.0000			
-11.7526			56.8046			-46.5331			-1.4000			-1.0000			357.0000			-130.0000			
-9.0303			58.4241			-49.8041			-0.4000			9.0000			338.0000			-137.0000			
-6.3079			56.8046			-51.4397			-0.9000			17.0000			316.0000			-139.0000			
-7.3969			58.4241			-49.8041			1.2000			24.0000			297.0000			-142.0000			
-2.4966			53.5658			-49.8041			1.2000			33.0000			274.0000			-145.0000			
4.5815			49.7872			-53.0752			1.2000			40.0000			252.0000			-147.0000			
10.0263			43.8493			-52.5300			1.3000			49.0000			226.0000			-148.0000			
14.3820			40.6105			-53.6204			1.3000			57.0000			199.0000			-147.0000			
16.5599			35.2124			-51.4397			0.3000			63.0000			167.0000			-146.0000			
21.4602			29.2746			-51.4397			-0.7000			71.0000			136.0000			-144.0000			
26.3604			22.7969			-49.2589			-0.1000			78.0000			104.0000			-143.0000			
29.0828			21.7173			-50.3493			0.4000			84.0000			71.0000			-139.0000			
33.4386			21.7173			-56.3463			-1.1000			90.0000			36.0000			-135.0000			
38.3388			21.1775			-57.9818			1.5000			96.0000			2.0000			-129.0000			
43.7835			12.5406			-56.3463			0.0000			101.0000			-32.0000			-124.0000			
47.5948			8.2222			-55.8011			0.0000			103.0000			-65.0000			-118.0000			
50.3172			4.9833			-54.7107			0.5000			107.0000			-96.0000			-111.0000			
49.7727			4.9833			-53.6204			1.1000			110.0000			-128.0000			-105.0000			
48.6838			3.3639			-51.4397			0.6000			114.0000			-158.0000			-97.0000			
50.3172			-0.4147			-48.1686			1.7000			114.0000			-187.0000			-89.0000			
50.8617			-7.4322			-42.7168			0.7000			114.0000			-215.0000			-80.0000			
53.0396			-13.3701			-38.3554			1.3000			114.0000			-244.0000			-71.0000			
51.9506			-14.9895			-35.0843			1.8000			114.0000			-270.0000			-61.0000			
51.4061			-22.5467			-28.5421			0.3000			113.0000			-296.0000			-51.0000			
50.8617			-25.7856			-23.0903			1.9000			111.0000			-321.0000			-40.0000			
53.5840			-31.1836			-21.4548			0.9000			108.0000			-343.0000			-30.0000			
57.3953			-36.0419			-20.3644			0.9000			104.0000			-364.0000			-18.0000			
58.4843			-41.4399			-14.9126			2.1000			100.0000			-381.0000			-7.0000			
58.4843			-45.7584			-12.1868			0.5000			95.0000			-396.0000			3.0000			
59.0288			-48.9972			-7.8253			2.2000			91.0000			-410.0000			14.0000			
57.3953			-50.0768			-6.1898			1.1000			86.0000			-422.0000			24.0000			
53.5840			-49.5370			-2.3735			1.6000			81.0000			-429.0000			34.0000			
50.8617			-48.9972			0.3524			2.2000			75.0000			-435.0000			44.0000			
45.4170			-50.6166			5.2590			0.0000			69.0000			-439.0000			53.0000			
39.4278			-50.0768			13.4367			2.7000			61.0000			-439.0000			62.0000			
35.6165			-51.1564			15.6174			0.0000			53.0000			-436.0000			71.0000			
31.8051			-51.1564			18.8885			-0.4000			44.0000			-431.0000			80.0000			
27.4494			-50.0768			24.3403			1.7000			38.0000			-425.0000			89.0000			
25.2715			-50.0768			27.6113			2.8000			28.0000			-416.0000			95.0000			
20.9157			-54.3953			34.6987			1.2000			19.0000			-403.0000			102.0000			
18.1933			-57.6341			40.1505			0.7000			11.0000			-387.0000			108.0000			
11.1152			-57.6341			46.6926			0.1000			2.0000			-368.0000			113.0000			
8.9373			-59.2535			49.9637			-0.3000			-7.0000			-348.0000			119.0000			
7.8484			-57.0943			49.9637			0.7000			-16.0000			-328.0000			122.0000			
6.7594			-57.6341			49.4185			-1.4000			-25.0000			-309.0000			126.0000			
1.3147			-53.3156			51.0540			-0.9000			-31.0000			-287.0000			127.0000			
-4.1300			-49.5370			53.2348			-0.4000			-39.0000			-264.0000			129.0000			
-9.0303			-43.5992			52.1444			-0.4000			-49.0000			-237.0000			130.0000			
-13.9305			-39.8205			53.7799			0.0000			-56.0000			-208.0000			130.0000			
-17.1974			-36.0419			52.1444			-1.0000			-63.0000			-177.0000			129.0000			
-21.5531			-29.5642			51.0540			0.0000			-70.0000			-146.0000			126.0000			
-26.4534			-22.5467			48.8733			-0.1000			-78.0000			-114.0000			125.0000			
-29.1757			-21.4671			51.0540			0.4000			-83.0000			-81.0000			120.0000			
-34.0760			-22.0069			55.9607			-0.1000			-90.0000			-46.0000			117.0000			
-38.9762			-20.9273			58.1414			-1.7000			-94.0000			-13.0000			112.0000			
-44.4210			-12.8303			55.9607			-1.2000			-98.0000			21.0000			105.0000			
-48.7767			-7.4322			55.4155			-0.7000			-103.0000			54.0000			99.0000			
-50.4102			-3.6536			54.3251			0.2000			-106.0000			87.0000			92.0000			
-49.3212			-4.1934			53.7799			0.2000			-109.0000			116.0000			85.0000			
-49.3212			-3.1138			52.1444			-0.2000			-110.0000			146.0000			79.0000			
-50.4102			1.7445			48.3282			-0.3000			-113.0000			175.0000			70.0000			
-49.8657			7.1425			42.3312			-0.3000			-113.0000			204.0000			60.0000			
-52.5880			14.1600			37.4246			-1.0000			-113.0000			232.0000			52.0000			
-52.0436			16.8590			33.6083			-1.5000			-114.0000			258.0000			42.0000			
-52.0436			22.2571			28.1565			-1.6000			-111.0000			285.0000			31.0000			
-50.4102			27.1153			22.7047			-0.5000			-110.0000			309.0000			21.0000			
-53.1325			30.3542			21.6144			-1.1000			-108.0000			332.0000			9.0000			
-56.9438			36.8318			19.4336			-0.6000			-103.0000			350.0000			-1.0000			
-59.1217			41.1503			15.6174			-2.3000			-99.0000			368.0000			-12.0000			
-59.6662			46.5483			11.8011			-1.3000			-95.0000			383.0000			-24.0000			
-58.0328			49.2474			7.4397			-1.3000			-90.0000			397.0000			-34.0000			
-57.4883			50.8668			4.7138			-1.9000			-83.0000			407.0000			-44.0000			
-54.2215			49.2474			3.0783			-1.8000			-80.0000			415.0000			-54.0000			
-51.4991			50.8668			-0.7380			-1.3000			-73.0000			420.0000			-63.0000			
-44.4210			51.4066			-7.2801			-0.2000			-67.0000			424.0000			-72.0000			
-39.5207			51.9464			-13.8223			-1.3000			-59.0000			424.0000			-81.0000			
-34.6205			50.3270			-16.5482			-0.8000			-53.0000			420.0000			-91.0000			
-31.3536			50.8668			-19.2741			0.2000			-43.0000			416.0000			-98.0000			
-26.9979			50.3270			-24.1807			-0.8000			-36.0000			408.0000			-108.0000			
-24.2755			50.3270			-27.9970			-1.9000			-27.0000			400.0000			-115.0000			
-21.5531			54.6454			-35.0843			-1.9000			-18.0000			386.0000			-121.0000			
-17.1974			57.3444			-40.5361			-0.3000			-9.0000			371.0000			-128.0000			
-11.2082			57.3444			-47.0782			-0.9000			0.0000			351.0000			-132.0000			
-9.5747			58.4241			-50.3493			-1.4000			9.0000			333.0000			-137.0000			
-6.8524			57.8842			-50.3493			0.6000			17.0000			311.0000			-141.0000			
-6.3079			58.4241			-50.3493			1.7000			25.0000			290.0000			-145.0000			
-0.8632			51.9464			-50.8945			0.1000			34.0000			270.0000			-146.0000			
4.5815			48.7076			-54.7107			-1.4000			42.0000			246.0000			-148.0000			
10.5707			43.3095			-52.5300			1.3000			49.0000			220.0000			-149.0000			
14.9265			39.5309			-53.6204			0.8000			56.0000			190.0000			-147.0000			
18.1933			35.2124			-53.6204			-0.2000			63.0000			160.0000			-147.0000			
23.0936			29.2746			-50.8945			1.4000			71.0000			130.0000			-144.0000			
27.4494			21.7173			-48.7138			0.4000			79.0000			98.0000			-143.0000			
30.1717			20.6377			-51.4397			-0.6000			85.0000			64.0000			-139.0000			
35.0720			21.1775			-56.8915			-0.6000			91.0000			30.0000			-135.0000			
38.8833			20.6377			-57.9818			1.5000			95.0000			-4.0000			-129.0000			
45.9614			10.9212			-57.4366			-0.5000			100.0000			-39.0000			-124.0000			
48.6838			8.2222			-55.2559			1.6000			104.0000			-70.0000			-117.0000			
50.8617			3.3639			-54.7107			-0.4000			107.0000			-102.0000			-110.0000			
50.3172			3.9037			-54.1656			0.0000			109.0000			-132.0000			-103.0000			
49.2283			3.3639			-51.9848			0.6000			112.0000			-162.0000			-96.0000			
50.8617			-2.0341			-47.6234			1.2000			113.0000			-190.0000			-87.0000			
51.4061			-7.9720			-41.6264			1.8000			115.0000			-218.0000			-79.0000			
54.1285			-14.4497			-37.8102			1.8000			113.0000			-247.0000			-68.0000			
52.4951			-17.1487			-32.9036			2.4000			114.0000			-273.0000			-59.0000			
53.0396			-23.0866			-28.5421			1.4000			113.0000			-299.0000			-48.0000			
51.4061			-27.9448			-23.6355			-0.1000			111.0000			-323.0000			-38.0000			
55.2175			-31.1836			-21.4548			2.5000			110.0000			-345.0000			-28.0000			
57.9398			-37.1215			-19.8193			0.9000			104.0000			-365.0000			-16.0000			
59.0288			-43.0593			-15.4578			0.5000			100.0000			-381.0000			-5.0000			
59.5732			-45.7584			-12.1868			1.6000			95.0000			-397.0000			6.0000			
58.4843			-51.6962			-6.1898			0.5000			90.0000			-409.0000			17.0000			
57.3953			-50.6166			-5.6446			1.1000			86.0000			-419.0000			27.0000			
53.5840			-49.5370			-2.9187			1.1000			81.0000			-428.0000			38.0000			
50.8617			-51.1564			1.9879			1.6000			73.0000			-433.0000			46.0000			
44.8725			-51.1564			6.8945			0.6000			69.0000			-436.0000			56.0000			
39.4278			-52.7758			13.9819			0.6000			61.0000			-435.0000			66.0000			
35.0720			-50.6166			16.1626			0.6000			53.0000			-433.0000			73.0000			
31.8051			-52.2360			20.5240			0.1000			45.0000			-428.0000			82.0000			
26.9049			-50.0768			24.8854			1.7000			36.0000			-421.0000			90.0000			
24.1825			-51.6962			28.7017			1.1000			27.0000			-411.0000			98.0000			
21.4602			-56.0147			36.3342			1.7000			19.0000			-397.0000			104.0000			
17.6489			-58.1739			41.2408			0.7000			10.0000			-381.0000			109.0000			
10.0263			-57.0943			48.8733			1.8000			1.0000			-363.0000			114.0000			
10.0263			-60.3331			50.5089			0.2000			-8.0000			-342.0000			120.0000			
5.6705			-57.0943			52.1444			0.7000			-17.0000			-323.0000			125.0000			
6.2150			-57.6341			50.5089			-0.9000			-25.0000			-303.0000			127.0000			
1.3147			-52.7758			50.5089			-0.9000			-32.0000			-281.0000			129.0000			
-5.2190			-50.0768			54.8703			-0.4000			-41.0000			-257.0000			131.0000			
-9.5747			-43.0593			52.1444			-0.4000			-49.0000			-230.0000			131.0000			
-15.0195			-39.8205			54.3251			-0.5000			-55.0000			-202.0000			130.0000			
-18.2863			-36.0419			54.3251			0.0000			-65.0000			-172.0000			129.0000			
-23.1865			-29.0244			51.0540			-1.1000			-71.0000			-141.0000			127.0000			
-27.5423			-21.4671			49.9637			0.9000			-78.0000			-108.0000			125.0000			
-29.7202			-22.0069			51.5992			-0.1000			-84.0000			-76.0000			121.0000			
-34.6205			-22.0069			56.5058			-0.1000			-90.0000			-41.0000			117.0000			
-40.0652			-20.3875			58.1414			-2.3000			-95.0000			-7.0000			111.0000			
-46.0544			-11.7506			57.0510			-0.7000			-100.0000			26.0000			104.0000			
-48.7767			-6.3526			55.4155			0.2000			-103.0000			58.0000			98.0000			
-50.4102			-4.7332			54.8703			-0.2000			-108.0000			90.0000			91.0000			
-50.4102			-3.6536			53.7799			-0.2000			-109.0000			120.0000			85.0000			
-50.4102			-3.1138			52.1444			-1.3000			-110.0000			150.0000			77.0000			
-50.9546			1.7445			47.7830			-1.4000			-113.0000			178.0000			68.0000			
-52.0436			9.3018			41.7860			-0.9000			-113.0000			207.0000			59.0000			
-53.6770			14.1600			37.4246			-2.0000			-113.0000			234.0000			50.0000			
-52.0436			17.9387			32.5180			-1.5000			-113.0000			261.0000			40.0000			
-52.0436			22.7969			27.6113			-1.6000			-111.0000			287.0000			29.0000			
-50.9546			27.6551			22.7047			-0.5000			-109.0000			311.0000			19.0000			
-55.3104			32.5134			21.0692			-1.7000			-107.0000			332.0000			8.0000			
-58.0328			37.9114			19.4336			-0.6000			-103.0000			352.0000			-3.0000			
-59.1217			43.3095			14.5270			-1.2000			-99.0000			369.0000			-15.0000			
-59.6662			47.6279			11.2560			-0.7000			-94.0000			384.0000			-26.0000			
-58.5772			51.4066			6.3493			-0.8000			-89.0000			395.0000			-35.0000			
-57.4883			50.8668			5.8042			-0.8000			-84.0000			405.0000			-45.0000			
-53.1325			50.3270			2.5331			-0.2000			-78.0000			414.0000			-56.0000			
-50.4102			51.4066			-2.9187			-1.9000			-73.0000			418.0000			-65.0000			
-43.8765			50.8668			-6.7350			0.2000			-67.0000			421.0000			-75.0000			
-38.9762			52.4862			-13.8223			-0.3000			-59.0000			421.0000			-84.0000			
-35.1649			50.8668			-16.5482			-0.8000			-52.0000			416.0000			-93.0000			
-31.3536			51.4066			-19.8193			0.2000			-44.0000			412.0000			-101.0000			
-25.9089			50.8668			-24.7259			0.2000			-36.0000			405.0000			-110.0000			
-24.2755			51.4066			-28.5421			-1.4000			-26.0000			396.0000			-117.0000			
-21.5531			54.6454			-36.1746			-3.0000			-18.0000			381.0000			-124.0000			
-17.1974			57.3444			-41.0813			-0.9000			-9.0000			363.0000			-129.0000			
-10.1192			57.3444			-48.1686			-0.9000			-1.0000			344.0000			-134.0000			
-8.4858			59.5037			-50.3493			0.6000			9.0000			325.0000			-139.0000			
-6.8524			57.8842			-51.9848			-0.9000			18.0000			304.0000			-142.0000			
-5.7634			57.3444			-50.8945			0.6000			26.0000			284.0000			-145.0000			
-0.3187			51.9464			-50.8945			0.7000			32.0000			262.0000			-148.0000			
6.2150			48.7076			-54.7107			0.2000			40.0000			238.0000			-150.0000			
11.1152			42.2299			-53.0752			0.2000			49.0000			210.0000			-150.0000			
14.9265			40.0707			-53.6204			1.3000			57.0000			183.0000			-149.0000			
18.7378			34.6726			-53.6204			-0.2000			64.0000			152.0000			-147.0000			
24.1825			28.1950			-50.8945			1.4000			71.0000			122.0000			-146.0000			
27.9938			21.7173			-49.2589			0.4000			79.0000			89.0000			-143.0000			
30.7162			21.1775			-51.9848			0.0000			85.0000			57.0000			-140.0000			
35.6165			22.2571			-56.8915			0.9000			91.0000			22.0000			-136.0000			
40.5167			19.5581			-57.4366			2.6000			96.0000			-11.0000			-130.0000			
46.5059			10.9212			-57.9818			-0.5000			101.0000			-44.0000			-124.0000			
49.7727			6.6027			-55.8011			0.5000			105.0000			-76.0000			-117.0000			
51.9506			4.4435			-55.2559			1.1000			108.0000			-107.0000			-109.0000			
50.8617			3.9037			-54.1656			0.6000			111.0000			-136.0000			-104.0000			
50.8617			2.8241			-51.9848			1.7000			112.0000			-166.0000			-95.0000			
50.8617			-2.0341			-48.1686			0.6000			115.0000			-194.0000			-88.0000			
53.0396			-10.6710			-41.6264			0.7000			114.0000			-221.0000			-78.0000			
53.5840			-15.5293			-37.8102			0.2000			114.0000			-249.0000			-67.0000			
52.4951			-18.7681			-31.8132			1.9000			114.0000			-276.0000			-58.0000			
51.4061			-23.0866			-27.9970			0.3000			112.0000			-301.0000			-47.0000			
51.4061			-27.9448			-23.0903			0.3000			112.0000			-324.0000			-37.0000			
55.7619			-32.8030			-21.4548			1.5000			110.0000			-345.0000			-26.0000			
58.4843			-38.2011			-19.8193			0.4000			104.0000			-365.0000			-14.0000			
59.0288			-44.1390			-14.3675			0.5000			101.0000			-381.0000			-2.0000			
60.1177			-46.8380			-12.1868			1.1000			96.0000			-396.0000			8.0000			
58.4843			-51.1564			-6.7350			0.5000			90.0000			-408.0000			19.0000			
56.8509			-50.6166			-6.7350			-0.4000			87.0000			-418.0000			29.0000			
53.0396			-50.0768			-1.8283			1.1000			80.0000			-426.0000			39.0000			
50.3172			-51.1564			1.9879			1.1000			74.0000			-431.0000			49.0000			
43.2391			-50.6166			7.9849			0.6000			69.0000			-433.0000			57.0000			
38.3388			-52.2360			13.9819			0.0000			61.0000			-432.0000			68.0000			
35.0720			-50.0768			17.2529			2.2000			53.0000			-427.0000			76.0000			
31.2607			-51.1564			21.0692			1.1000			46.0000			-421.0000			85.0000			
25.8160			-51.1564			25.9758			0.6000			36.0000			-412.0000			94.0000			
24.1825			-51.6962			29.2469			1.7000			29.0000			-401.0000			101.0000			
21.4602			-55.4749			35.7890			1.7000			21.0000			-386.0000			108.0000			
16.5599			-58.7137			42.8764			0.7000			12.0000			-368.0000			114.0000			
9.4818			-57.6341			48.8733			0.7000			3.0000			-350.0000			119.0000			
9.4818			-59.2535			49.9637			0.1000			-6.0000			-329.0000			126.0000			
6.7594			-58.1739			52.1444			0.7000			-13.0000			-307.0000			128.0000			
6.2150			-57.0943			50.5089			-0.3000			-21.0000			-287.0000			132.0000			
0.7702			-51.6962			52.1444			1.2000			-29.0000			-264.0000			134.0000			
-6.3079			-48.9972			54.8703			-0.4000			-36.0000			-241.0000			135.0000			
-10.6637			-41.9797			52.6896			0.0000			-45.0000			-215.0000			136.0000			
-15.0195			-39.8205			53.7799			-1.0000			-53.0000			-185.0000			135.0000			
-18.2863			-34.4225			53.2348			0.5000			-61.0000			-155.0000			133.0000			
-23.1865			-27.4050			49.9637			-0.6000			-68.0000			-125.0000			132.0000			
-28.0868			-21.4671			49.4185			-0.1000			-76.0000			-94.0000			127.0000			
-30.2647			-21.4671			52.1444			0.4000			-82.0000			-62.0000			123.0000			
-35.1649			-22.0069			55.9607			-1.2000			-88.0000			-28.0000			118.0000			
-40.0652			-18.7681			57.5962			-1.2000			-93.0000			5.0000			113.0000			
-46.5989			-11.2108			57.5962			-0.2000			-99.0000			37.0000			106.0000			
-50.4102			-5.2730			54.8703			-0.8000			-102.0000			68.0000			100.0000			
-50.9546			-5.2730			55.4155			-0.8000			-106.0000			99.0000			93.0000			
-50.4102			-3.1138			53.2348			-0.2000			-109.0000			127.0000			86.0000			
-50.9546			-3.1138			51.0540			-3.0000			-111.0000			157.0000			77.0000			
-50.9546			2.2843			47.2378			-1.4000			-112.0000			185.0000			68.0000			
-51.4991			9.3018			41.2408			-0.9000			-114.0000			211.0000			58.0000			
-52.5880			14.6998			36.3342			-1.5000			-115.0000			238.0000			50.0000			
-52.0436			17.3988			30.8824			-3.7000			-114.0000			264.0000			38.0000			
-52.0436			23.8765			26.5210			-1.6000			-113.0000			287.0000			27.0000			
-52.0436			28.1950			22.1595			-1.6000			-111.0000			312.0000			16.0000			
-55.3104			33.0532			21.0692			-1.1000			-108.0000			331.0000			5.0000			
-58.5772			37.3716			19.4336			-1.7000			-105.0000			350.0000			-5.0000			
-59.6662			43.3095			13.9819			-2.3000			-101.0000			366.0000			-17.0000			
-60.7551			47.6279			11.8011			-1.3000			-95.0000			379.0000			-28.0000			
-58.5772			51.4066			5.8042			-1.3000			-90.0000			392.0000			-40.0000			
-56.3994			50.3270			5.8042			-0.2000			-86.0000			400.0000			-50.0000			
-52.5880			49.7872			2.5331			-0.2000			-81.0000			408.0000			-59.0000			
-50.4102			51.9464			-1.8283			-0.2000			-75.0000			413.0000			-70.0000			
-42.7875			49.7872			-8.3705			-1.3000			-69.0000			414.0000			-78.0000			
-38.4318			53.0260			-14.3675			0.2000			-61.0000			413.0000			-87.0000			
-34.6205			50.3270			-17.0934			-1.3000			-53.0000			409.0000			-97.0000			
-31.8981			50.8668			-19.8193			-0.8000			-45.0000			403.0000			-106.0000			
-25.9089			50.8668			-25.2711			-0.3000			-37.0000			396.0000			-112.0000			
-24.2755			51.9464			-29.0873			-1.4000			-27.0000			387.0000			-120.0000			
-21.0087			55.7250			-36.1746			-1.4000			-19.0000			373.0000			-126.0000			
-15.5639			57.8842			-42.7168			-0.3000			-9.0000			355.0000			-132.0000			
-10.1192			57.8842			-48.7138			-0.9000			-1.0000			336.0000			-137.0000			
-7.9413			58.4241			-49.8041			0.6000			9.0000			316.0000			-141.0000			
-7.3969			57.8842			-50.8945			-0.4000			18.0000			296.0000			-146.0000			
-4.6745			56.2648			-50.8945			0.7000			24.0000			276.0000			-148.0000			
0.2258			51.4066			-52.5300			-0.8000			32.0000			255.0000			-150.0000			
5.6705			49.2474			-53.6204			1.2000			42.0000			231.0000			-150.0000			
11.1152			41.1503			-53.6204			-1.3000			47.0000			205.0000			-152.0000			
15.4710			38.9911			-53.6204			0.8000			57.0000			175.0000			-150.0000			
19.2823			34.1328			-52.5300			0.8000			65.0000			146.0000			-149.0000			
24.7270			26.5755			-49.8041			1.5000			72.0000			114.0000			-147.0000			
27.4494			22.2571			-49.8041			0.0000			78.0000			82.0000			-145.0000			
31.2607			21.7173			-52.5300			0.4000			85.0000			50.0000			-141.0000			
36.1609			22.2571			-57.4366			0.9000			91.0000			16.0000			-135.0000			
41.0612			19.5581			-57.9818			2.6000			96.0000			-18.0000			-129.0000			
47.0504			10.9212			-57.4366			0.5000			99.0000			-51.0000			-124.0000			
49.7727			5.5231			-54.7107			0.5000			103.0000			-82.0000			-117.0000			
50.3172			5.5231			-54.7107			1.1000			108.0000			-112.0000			-110.0000			
50.3172			3.9037			-53.6204			0.6000			111.0000			-143.0000			-102.0000			
50.3172			1.7445			-50.8945			1.1000			111.0000			-171.0000			-95.0000			
51.4061			-3.1138			-45.9879			2.3000			114.0000			-199.0000			-87.0000			
52.4951			-11.2108			-41.0813			0.2000			114.0000			-227.0000			-76.0000			
53.5840			-14.9895			-37.2650			1.3000			114.0000			-254.0000			-67.0000			
51.4061			-19.3079			-30.7228			1.3000			114.0000			-280.0000			-57.0000			
51.4061			-23.6264			-26.3614			1.4000			112.0000			-305.0000			-45.0000			
51.9506			-29.0244			-22.0000			0.9000			110.0000			-328.0000			-35.0000			
56.3064			-33.3429			-20.9096			2.0000			109.0000			-349.0000			-24.0000			
59.0288			-37.1215			-19.2741			2.6000			104.0000			-367.0000			-12.0000			
58.4843			-44.1390			-14.3675			0.0000			100.0000			-383.0000			-2.0000			
59.0288			-47.3778			-10.5512			1.1000			94.0000			-397.0000			9.0000			
57.9398			-51.6962			-6.7350			-0.4000			90.0000			-409.0000			20.0000			
56.3064			-50.0768			-5.0994			1.1000			86.0000			-419.0000			30.0000			
53.5840			-49.5370			-2.3735			1.6000			80.0000			-425.0000			41.0000			
49.7727			-50.6166			2.5331			1.6000			74.0000			-429.0000			51.0000			
42.1501			-49.5370			9.0752			1.6000			69.0000			-431.0000			60.0000			
38.8833			-52.7758			15.0722			1.1000			60.0000			-428.0000			70.0000			
35.6165			-48.9972			17.2529			3.8000			54.0000			-423.0000			79.0000			
30.7162			-49.5370			21.0692			2.2000			45.0000			-417.0000			88.0000			
25.2715			-49.5370			25.9758			1.7000			38.0000			-406.0000			97.0000			
24.7270			-51.1564			29.7921			3.3000			30.0000			-392.0000			104.0000			
19.8268			-53.8555			34.6987			0.6000			22.0000			-374.0000			113.0000			
55.7619			-32.2632			70.1353			93.6000			29.0000			-311.0000			135.0000			
-20.4642			-60.3331			15.6174			-65.1000			51.0000			-196.0000			172.0000			
8.3928			-54.3953			49.4185			3.4000			60.0000			-121.0000			196.0000			
4.5815			-87.8632			47.7830			-35.4000			55.0000			-85.0000			204.0000			
17.1044			-52.7758			66.3191			30.6000			45.0000			-68.0000			206.0000			
-5.2190			-61.4127			47.2378			-19.3000			39.0000			-45.0000			210.0000			
-9.0303			-60.3331			52.1444			-17.2000			26.0000			-31.0000			207.0000			
-7.3969			-38.2011			57.5962			11.9000			12.0000			-21.0000			204.0000			
-18.2863			-41.9797			50.5089			-9.7000			2.0000			2.0000			200.0000			
-23.7310			-36.0419			47.7830			-11.9000			-9.0000			26.0000			195.0000			
-24.8200			-29.5642			50.5089			-3.8000			-24.0000			43.0000			187.0000			
-28.0868			-20.9273			51.0540			2.0000			-37.0000			57.0000			179.0000			
-34.6205			-23.6264			51.5992			-6.6000			-46.0000			76.0000			171.0000			
-37.8873			-25.7856			57.0510			-6.6000			-56.0000			95.0000			159.0000			
-41.1541			-20.3875			57.0510			-4.4000			-68.0000			109.0000			147.0000			
-47.1433			-12.2904			55.9607			-3.4000			-76.0000			122.0000			135.0000			
-52.5880			-6.3526			52.1444			-6.7000			-86.0000			134.0000			124.0000			
-52.5880			-5.8128			52.1444			-6.2000			-94.0000			146.0000			109.0000			
-52.5880			-5.8128			52.1444			-6.2000			-103.0000			156.0000			96.0000			
-51.4991			-5.8128			49.4185			-7.8000			-112.0000			164.0000			80.0000			
-52.0436			0.1251			44.5119			-7.4000			-119.0000			174.0000			65.0000			
-54.2215			8.7620			38.5149			-6.9000			-125.0000			183.0000			49.0000			
-54.7659			14.6998			33.6083			-6.4000			-131.0000			191.0000			32.0000			
-53.6770			19.0183			29.2469			-5.4000			-136.0000			199.0000			15.0000			
-53.6770			23.8765			23.7951			-6.0000			-140.0000			205.0000			-1.0000			
-53.6770			27.1153			20.5240			-6.0000			-144.0000			210.0000			-18.0000			
-58.5772			33.0532			21.0692			-4.4000			-146.0000			215.0000			-36.0000			
-61.2996			38.4513			17.7981			-5.0000			-146.0000			216.0000			-52.0000			
-61.2996			42.7697			11.8011			-6.7000			-146.0000			215.0000			-70.0000			
-60.7551			47.6279			9.6204			-3.5000			-146.0000			215.0000			-85.0000			
-59.1217			50.3270			5.2590			-3.5000			-146.0000			213.0000			-101.0000			
-56.3994			49.2474			4.7138			-2.4000			-143.0000			211.0000			-115.0000			
-52.5880			48.7076			1.4427			-2.4000			-142.0000			206.0000			-129.0000			
-50.4102			51.4066			-4.0091			-3.0000			-139.0000			201.0000			-141.0000			
-42.2431			48.7076			-8.9157			-2.4000			-134.0000			195.0000			-154.0000			
-38.4318			51.9464			-16.0030			-2.4000			-128.0000			187.0000			-166.0000			
-34.6205			49.7872			-17.6385			-2.4000			-122.0000			178.0000			-176.0000			
-31.3536			49.7872			-20.3644			-1.9000			-116.0000			168.0000			-186.0000			
-25.3644			50.3270			-25.2711			-0.3000			-108.0000			157.0000			-195.0000			
-23.7310			53.0260			-29.6325			-0.3000			-99.0000			146.0000			-203.0000			
-20.4642			56.2648			-36.7198			-0.9000			-90.0000			131.0000			-210.0000			
-15.0195			58.4241			-42.1716			1.2000			-81.0000			115.0000			-215.0000			
-9.5747			57.3444			-48.7138			-0.9000			-70.0000			100.0000			-219.0000			
-7.3969			59.5037			-50.8945			1.2000			-60.0000			85.0000			-222.0000			
-7.9413			58.9639			-49.2589			1.7000			-49.0000			71.0000			-223.0000			
-3.0411			56.2648			-49.8041			3.4000			-39.0000			58.0000			-224.0000			
2.4036			51.9464			-51.9848			2.3000			-28.0000			46.0000			-224.0000			
7.3039			48.7076			-52.5300			3.4000			-17.0000			30.0000			-221.0000			
13.2931			41.1503			-51.4397			2.9000			-5.0000			14.0000			-217.0000			
15.4710			40.0707			-51.4397			4.0000			7.0000			-1.0000			-212.0000			
20.9157			35.7522			-50.8945			5.7000			17.0000			-18.0000			-206.0000			
25.8160			28.1950			-47.6234			6.3000			29.0000			-34.0000			-199.0000			
30.1717			23.3367			-47.6234			5.8000			42.0000			-52.0000			-191.0000			
33.4386			23.3367			-51.9848			4.7000			52.0000			-67.0000			-182.0000			
37.2499			23.3367			-55.8011			4.7000			64.0000			-86.0000			-171.0000			
43.2391			18.4785			-55.2559			6.4000			74.0000			-101.0000			-159.0000			
47.5948			12.0008			-54.7107			4.8000			84.0000			-116.0000			-146.0000			
51.9506			6.6027			-53.0752			5.4000			92.0000			-130.0000			-133.0000			
50.8617			6.6027			-52.5300			4.9000			103.0000			-141.0000			-120.0000			
51.4061			4.9833			-50.8945			5.5000			111.0000			-151.0000			-106.0000			
51.4061			2.8241			-48.1686			6.0000			117.0000			-161.0000			-92.0000			
51.9506			-2.0341			-42.7168			7.2000			125.0000			-171.0000			-77.0000			
54.6730			-10.6710			-38.9005			5.0000			130.0000			-179.0000			-60.0000			
53.0396			-13.3701			-34.5391			5.1000			136.0000			-189.0000			-45.0000			
52.4951			-18.7681			-27.9970			5.7000			141.0000			-196.0000			-28.0000			
52.4951			-22.0069			-23.6355			6.8000			145.0000			-204.0000			-11.0000			
53.0396			-26.8652			-20.9096			5.2000			148.0000			-210.0000			5.0000			
57.9398			-33.8827			-19.8193			4.2000			150.0000			-214.0000			22.0000			
59.5732			-38.2011			-17.6385			3.7000			150.0000			-218.0000			39.0000			
59.5732			-43.5992			-12.1868			3.7000			149.0000			-219.0000			54.0000			
60.1177			-46.2982			-8.9157			4.9000			148.0000			-219.0000			70.0000			
57.9398			-49.5370			-5.6446			2.7000			148.0000			-218.0000			86.0000			
56.3064			-47.9176			-3.4639			4.9000			145.0000			-216.0000			99.0000			
52.4951			-48.4574			-1.2832			2.7000			143.0000			-214.0000			113.0000			
49.2283			-51.6962			3.6234			1.1000			139.0000			-210.0000			126.0000			
41.6056			-48.9972			11.2560			3.8000			134.0000			-204.0000			139.0000			
37.2499			-52.7758			15.6174			0.0000			129.0000			-198.0000			150.0000			
34.5275			-49.5370			17.7981			2.7000			122.0000			-189.0000			160.0000			
30.7162			-48.9972			21.0692			2.7000			114.0000			-182.0000			171.0000			
26.3604			-50.6166			25.9758			1.7000			107.0000			-171.0000			178.0000			
23.6381			-52.2360			29.7921			1.1000			98.0000			-161.0000			184.0000			
19.8268			-56.5545			36.8794			0.1000			88.0000			-147.0000			192.0000			
14.9265			-58.1739			42.8764			-0.3000			78.0000			-133.0000			197.0000			
8.9373			-57.6341			49.4185			0.7000			67.0000			-118.0000			199.0000			
8.3928			-58.7137			48.3282			-1.9000			57.0000			-104.0000			202.0000			
7.3039			-60.3331			49.9637			-3.0000			46.0000			-91.0000			204.0000			
3.4926			-56.0147			50.5089			-2.0000			36.0000			-79.0000			204.0000			
-1.9521			-51.1564			52.1444			-0.9000			26.0000			-67.0000			202.0000			
-7.9413			-48.4574			51.5992			-4.7000			14.0000			-53.0000			199.0000			
-12.2971			-41.9797			51.5992			-2.6000			2.0000			-37.0000			196.0000			
-16.1084			-38.2011			50.5089			-3.8000			-9.0000			-21.0000			191.0000			
-21.0087			-35.5021			50.5089			-6.0000			-20.0000			-5.0000			185.0000			
-25.9089			-26.8652			47.7830			-4.9000			-33.0000			11.0000			178.0000			
-29.1757			-23.6264			48.3282			-4.4000			-45.0000			27.0000			169.0000			
-32.4426			-23.0866			52.1444			-3.3000			-56.0000			45.0000			160.0000			
-36.2539			-23.6264			55.4155			-4.4000			-67.0000			62.0000			148.0000			
-42.2431			-18.2283			54.8703			-5.5000			-77.0000			77.0000			137.0000			
-48.2323			-11.2108			53.7799			-5.6000			-87.0000			93.0000			125.0000			
-50.9546			-6.3526			52.1444			-5.1000			-95.0000			106.0000			111.0000			
-49.8657			-6.3526			52.1444			-4.0000			-104.0000			118.0000			97.0000			
-50.9546			-5.8128			51.5992			-5.1000			-111.0000			130.0000			85.0000			
-50.4102			-2.0341			47.7830			-4.6000			-120.0000			142.0000			71.0000			
-50.9546			2.2843			42.8764			-5.7000			-127.0000			149.0000			55.0000			
-54.2215			9.8416			39.0601			-5.3000			-131.0000			159.0000			40.0000			
-53.1325			13.6202			34.6987			-4.8000			-138.0000			169.0000			23.0000			
-53.1325			17.3988			28.7017			-7.0000			-142.0000			179.0000			6.0000			
-52.5880			24.4163			23.2499			-4.9000			-146.0000			187.0000			-9.0000			
-52.5880			26.5755			21.0692			-4.9000			-147.0000			194.0000			-27.0000			
-57.4883			33.0532			19.4336			-4.9000			-150.0000			200.0000			-43.0000			
-61.2996			37.9114			17.2529			-6.1000			-149.0000			203.0000			-58.0000			
-59.6662			43.3095			10.7108			-5.6000			-148.0000			207.0000			-74.0000			
-59.6662			46.0085			9.0752			-4.5000			-147.0000			206.0000			-90.0000			
-57.4883			50.3270			5.2590			-1.9000			-145.0000			207.0000			-105.0000			
-55.3104			49.2474			3.0783			-2.9000			-143.0000			206.0000			-118.0000			
-52.0436			48.1678			0.8976			-2.9000			-141.0000			205.0000			-129.0000			
-48.7767			50.8668			-4.0091			-1.9000			-137.0000			202.0000			-142.0000			
-42.2431			49.7872			-11.0964			-3.5000			-132.0000			197.0000			-154.0000			
-37.3428			51.4066			-15.4578			-1.3000			-125.0000			191.0000			-166.0000			
-35.1649			49.7872			-17.6385			-3.0000			-118.0000			185.0000			-174.0000			
-29.7202			49.7872			-22.0000			-1.9000			-110.0000			175.0000			-185.0000			
-25.9089			50.8668			-24.7259			0.2000			-103.0000			168.0000			-193.0000			
-23.1865			53.0260			-30.1777			-0.3000			-92.0000			157.0000			-201.0000			
-19.3752			56.2648			-37.2650			-0.3000			-82.0000			146.0000			-206.0000			
-13.9305			58.4241			-43.2620			1.2000			-73.0000			132.0000			-209.0000			
-9.5747			57.3444			-48.7138			-0.9000			-61.0000			116.0000			-213.0000			
-7.9413			58.9639			-50.3493			0.6000			-52.0000			103.0000			-216.0000			
-7.3969			59.5037			-49.8041			2.3000			-41.0000			91.0000			-216.0000			
-3.0411			55.7250			-50.3493			2.3000			-30.0000			79.0000			-216.0000			
2.9481			51.4066			-51.4397			2.9000			-18.0000			67.0000			-215.0000			
8.3928			48.1678			-51.9848			4.5000			-8.0000			53.0000			-212.0000			
13.2931			41.1503			-51.9848			2.4000			5.0000			39.0000			-208.0000			
14.9265			38.9911			-50.3493			3.5000			17.0000			22.0000			-202.0000			
20.9157			33.5930			-50.3493			4.1000			28.0000			6.0000			-195.0000			
26.9049			26.0357			-47.0782			5.8000			40.0000			-10.0000			-189.0000			
29.0828			23.3367			-47.6234			4.7000			50.0000			-27.0000			-181.0000			
32.8941			23.8765			-52.5300			4.2000			63.0000			-45.0000			-170.0000			
37.7943			23.3367			-56.3463			4.7000			73.0000			-61.0000			-161.0000			
43.2391			17.3988			-55.2559			5.3000			83.0000			-77.0000			-148.0000			
47.5948			11.4610			-54.1656			4.8000			93.0000			-92.0000			-137.0000			
51.4061			5.5231			-51.9848			4.9000			101.0000			-106.0000			-124.0000			
49.7727			7.6824			-51.9848			5.4000			110.0000			-118.0000			-110.0000			
50.3172			4.9833			-50.3493			4.9000			119.0000			-130.0000			-96.0000			
50.8617			2.2843			-47.6234			5.5000			126.0000			-142.0000			-82.0000			
50.8617			-2.5739			-42.1716			6.1000			132.0000			-152.0000			-68.0000			
54.1285			-10.6710			-38.3554			5.1000			137.0000			-161.0000			-51.0000			
53.0396			-13.3701			-34.5391			5.1000			141.0000			-172.0000			-36.0000			
51.9506			-19.8477			-27.9970			4.1000			146.0000			-183.0000			-20.0000			
52.4951			-23.0866			-24.1807			5.2000			150.0000			-191.0000			-4.0000			
53.0396			-28.4846			-20.9096			3.6000			151.0000			-199.0000			13.0000			
57.3953			-34.4225			-19.2741			3.7000			152.0000			-206.0000			28.0000			
58.4843			-38.2011			-17.0934			3.1000			152.0000			-210.0000			44.0000			
59.0288			-44.6788			-11.6416			2.7000			151.0000			-214.0000			59.0000			
59.5732			-47.3778			-7.2801			4.9000			150.0000			-215.0000			74.0000			
58.4843			-49.5370			-6.1898			2.7000			149.0000			-217.0000			89.0000			
55.2175			-48.9972			-4.0091			2.2000			146.0000			-218.0000			103.0000			
51.9506			-48.9972			-0.7380			2.2000			143.0000			-218.0000			115.0000			
49.2283			-51.6962			3.0783			0.6000			137.0000			-216.0000			126.0000			
40.5167			-49.5370			11.2560			2.2000			132.0000			-210.0000			137.0000			
36.7054			-52.7758			14.5270			-1.5000			125.0000			-206.0000			149.0000			
33.4386			-50.6166			17.7981			0.6000			118.0000			-201.0000			158.0000			
30.1717			-50.0768			21.0692			1.1000			109.0000			-194.0000			165.0000			
25.2715			-50.6166			24.3403			-1.0000			101.0000			-185.0000			174.0000			
22.5491			-53.3156			30.8824			0.1000			91.0000			-177.0000			181.0000			
19.8268			-57.0943			37.4246			0.1000			82.0000			-164.0000			185.0000			
13.8376			-58.1739			43.9667			-0.3000			71.0000			-152.0000			191.0000			
10.0263			-58.1739			48.3282			0.1000			59.0000			-138.0000			193.0000			
8.3928			-58.1739			48.3282			-1.4000			50.0000			-126.0000			195.0000			
6.7594			-59.7933			49.9637			-3.0000			38.0000			-113.0000			196.0000			
2.9481			-56.0147			48.8733			-4.1000			28.0000			-103.0000			196.0000			
-3.0411			-49.5370			51.0540			-1.5000			17.0000			-90.0000			193.0000			
-8.4858			-47.3778			51.5992			-4.2000			4.0000			-78.0000			191.0000			
-12.8416			-42.5195			51.5992			-3.7000			-6.0000			-62.0000			185.0000			
-16.6529			-37.6613			51.5992			-2.7000			-19.0000			-46.0000			180.0000			
-21.0087			-33.3429			49.9637			-4.3000			-31.0000			-30.0000			174.0000			
-26.9979			-25.7856			47.7830			-4.9000			-42.0000			-14.0000			166.0000			
-28.6313			-23.6264			48.3282			-3.9000			-54.0000			3.0000			158.0000			
-32.9870			-23.6264			52.6896			-3.9000			-65.0000			22.0000			148.0000			
-37.8873			-23.0866			56.5058			-4.4000			-75.0000			38.0000			136.0000			
-43.8765			-16.0691			53.7799			-6.1000			-85.0000			54.0000			126.0000			
-48.2323			-11.2108			53.7799			-5.6000			-95.0000			69.0000			113.0000			
-49.8657			-5.8128			52.6896			-2.9000			-103.0000			84.0000			101.0000			
-50.4102			-5.8128			51.5992			-4.6000			-111.0000			97.0000			88.0000			
-50.4102			-5.8128			49.9637			-6.2000			-120.0000			109.0000			73.0000			
-51.4991			-0.9545			47.2378			-5.2000			-128.0000			120.0000			61.0000			
-51.4991			3.3639			41.7860			-6.3000			-133.0000			131.0000			46.0000			
-54.2215			10.9212			37.9697			-5.3000			-137.0000			144.0000			31.0000			
-53.6770			14.1600			34.1535			-5.3000			-143.0000			155.0000			14.0000			
-52.0436			19.5581			28.7017			-3.7000			-146.0000			165.0000			-1.0000			
-51.4991			24.4163			22.7047			-4.3000			-149.0000			175.0000			-17.0000			
-53.1325			28.1950			20.5240			-4.4000			-151.0000			184.0000			-32.0000			
-57.4883			35.2124			18.8885			-3.3000			-151.0000			191.0000			-48.0000			
-59.6662			39.5309			16.1626			-3.9000			-151.0000			196.0000			-65.0000			
-58.5772			43.8493			10.7108			-4.0000			-151.0000			201.0000			-79.0000			
-59.6662			47.6279			8.5301			-3.5000			-148.0000			205.0000			-94.0000			
-58.5772			51.4066			5.2590			-1.9000			-145.0000			207.0000			-108.0000			
-55.3104			48.1678			3.6234			-3.5000			-142.0000			207.0000			-119.0000			
-51.4991			48.7076			-0.1928			-2.9000			-139.0000			208.0000			-131.0000			
-48.2323			51.9464			-4.5542			-0.8000			-134.0000			207.0000			-143.0000			
-41.6986			49.7872			-11.6416			-3.5000			-129.0000			204.0000			-153.0000			
-37.3428			51.9464			-15.4578			-0.8000			-121.0000			199.0000			-164.0000			
-33.5315			51.4066			-17.6385			0.2000			-113.0000			195.0000			-173.0000			
-28.6313			50.3270			-22.0000			-0.3000			-105.0000			189.0000			-182.0000			
-24.8200			49.7872			-25.2711			-0.3000			-97.0000			182.0000			-189.0000			
-22.0976			54.1056			-31.8132			0.1000			-87.0000			172.0000			-195.0000			
-18.8308			57.8842			-37.8102			1.2000			-76.0000			161.0000			-200.0000			
-12.8416			58.4241			-43.8072			1.7000			-65.0000			148.0000			-203.0000			
-9.5747			58.9639			-48.7138			0.6000			-55.0000			135.0000			-206.0000			
-7.3969			58.9639			-50.3493			1.2000			-42.0000			124.0000			-209.0000			
-7.3969			60.0435			-49.2589			3.3000			-32.0000			111.0000			-209.0000			
-2.4966			55.1852			-49.8041			2.8000			-21.0000			102.0000			-208.0000			
4.0371			50.8668			-51.9848			2.9000			-11.0000			90.0000			-206.0000			
9.4818			47.6279			-51.4397			5.6000			2.0000			77.0000			-203.0000			
14.3820			42.2299			-52.5300			4.0000			14.0000			62.0000			-200.0000			
16.5599			38.9911			-51.4397			4.1000			25.0000			46.0000			-193.0000			
22.0046			33.5930			-50.8945			4.7000			38.0000			29.0000			-187.0000			
27.4494			24.4163			-47.0782			4.7000			50.0000			12.0000			-180.0000			
29.0828			22.7969			-47.6234			4.2000			61.0000			-4.0000			-171.0000			
34.5275			22.7969			-53.0752			4.2000			72.0000			-23.0000			-161.0000			
38.8833			22.7969			-56.8915			4.7000			83.0000			-41.0000			-150.0000			
44.8725			15.2396			-54.7107			5.3000			91.0000			-57.0000			-139.0000			
48.6838			10.9212			-52.5300			7.0000			100.0000			-72.0000			-126.0000			
51.4061			4.9833			-53.0752			3.3000			109.0000			-87.0000			-114.0000			
50.8617			6.6027			-51.9848			5.4000			117.0000			-100.0000			-100.0000			
50.8617			4.4435			-50.8945			4.4000			125.0000			-114.0000			-89.0000			
50.8617			1.7445			-48.1686			4.4000			131.0000			-125.0000			-74.0000			
50.8617			-4.1934			-41.6264			5.0000			137.0000			-136.0000			-60.0000			
55.2175			-12.2904			-37.2650			5.6000			142.0000			-149.0000			-44.0000			
53.5840			-14.4497			-34.5391			4.5000			147.0000			-161.0000			-28.0000			
52.4951			-20.9273			-28.5421			3.0000			151.0000			-172.0000			-14.0000			
50.8617			-23.6264			-22.5452			4.6000			154.0000			-182.0000			2.0000			
53.5840			-28.4846			-19.8193			5.2000			154.0000			-192.0000			17.0000			
57.3953			-34.9623			-18.7289			3.7000			154.0000			-199.0000			32.0000			
59.5732			-39.8205			-15.4578			4.2000			154.0000			-207.0000			48.0000			
59.0288			-44.6788			-11.6416			2.7000			151.0000			-212.0000			62.0000			
59.5732			-48.4574			-8.3705			2.7000			150.0000			-217.0000			76.0000			
58.4843			-51.1564			-5.6446			1.6000			146.0000			-221.0000			90.0000			
55.7619			-48.4574			-3.4639			3.8000			143.0000			-223.0000			102.0000			
51.4061			-48.4574			0.3524			3.3000			139.0000			-225.0000			114.0000			
48.1393			-51.6962			4.7138			1.1000			134.0000			-225.0000			125.0000			
40.5167			-49.5370			11.8011			2.7000			128.0000			-221.0000			135.0000			
36.7054			-52.2360			14.5270			-0.9000			121.0000			-218.0000			145.0000			
31.8051			-51.6962			18.8885			-0.9000			112.0000			-212.0000			154.0000			
28.5383			-50.6166			22.1595			0.0000			104.0000			-207.0000			163.0000			
25.8160			-50.6166			26.5210			1.7000			95.0000			-201.0000			169.0000			
22.0046			-52.7758			32.5180			1.7000			85.0000			-193.0000			175.0000			
18.7378			-57.0943			37.9697			-0.3000			75.0000			-182.0000			179.0000			
12.2041			-57.6341			45.0571			-0.3000			63.0000			-171.0000			184.0000			
10.0263			-58.7137			48.3282			-0.3000			52.0000			-158.0000			186.0000			
6.7594			-58.7137			49.9637			-1.9000			41.0000			-146.0000			187.0000			
7.8484			-59.7933			48.8733			-3.0000			30.0000			-135.0000			187.0000			
3.4926			-54.9351			48.8733			-2.5000			18.0000			-125.0000			186.0000			
-4.6745			-50.6166			52.1444			-3.1000			8.0000			-113.0000			184.0000			
-9.0303			-46.8380			51.0540			-4.8000			-5.0000			-101.0000			180.0000			
-13.3860			-41.9797			51.5992			-3.7000			-16.0000			-85.0000			176.0000			
-16.6529			-37.6613			49.9637			-4.3000			-28.0000			-69.0000			171.0000			
-21.0087			-31.7234			49.9637			-2.7000			-40.0000			-53.0000			164.0000			
-27.5423			-24.7060			46.6926			-5.5000			-51.0000			-36.0000			156.0000			
-29.7202			-22.5467			47.7830			-4.4000			-64.0000			-20.0000			149.0000			
-35.1649			-23.0866			52.6896			-5.5000			-73.0000			-2.0000			139.0000			
-37.8873			-22.5467			55.9607			-4.4000			-83.0000			17.0000			128.0000			
-44.4210			-16.0691			54.3251			-6.1000			-94.0000			33.0000			116.0000			
-48.2323			-10.6710			52.6896			-6.2000			-103.0000			49.0000			105.0000			
-51.4991			-4.7332			52.6896			-3.5000			-111.0000			66.0000			92.0000			
-50.9546			-7.4322			52.6896			-5.6000			-119.0000			79.0000			79.0000			
-49.8657			-3.6536			49.9637			-3.5000			-126.0000			93.0000			65.0000			
-50.9546			0.1251			47.7830			-3.0000			-133.0000			106.0000			51.0000			
-51.4991			5.5231			41.7860			-4.1000			-138.0000			119.0000			37.0000			
-54.2215			12.0008			37.9697			-4.2000			-143.0000			132.0000			23.0000			
-53.6770			15.2396			33.0631			-5.3000			-147.0000			143.0000			8.0000			
-53.1325			20.6377			28.1565			-4.3000			-150.0000			156.0000			-7.0000			
-52.0436			24.9561			22.1595			-4.9000			-153.0000			167.0000			-22.0000			
-53.1325			28.7348			20.5240			-3.8000			-153.0000			179.0000			-36.0000			
-57.4883			35.7522			18.3433			-3.3000			-153.0000			187.0000			-53.0000			
-59.6662			41.6901			14.5270			-3.4000			-151.0000			195.0000			-68.0000			
-60.2107			44.9289			10.7108			-4.5000			-150.0000			201.0000			-82.0000			
-59.6662			48.7076			7.4397			-3.5000			-147.0000			206.0000			-96.0000			
-59.1217			50.8668			5.2590			-2.9000			-144.0000			210.0000			-108.0000			
-55.3104			50.3270			2.5331			-2.4000			-141.0000			213.0000			-120.0000			
-51.4991			49.7872			-1.2832			-2.9000			-136.0000			216.0000			-130.0000			
-47.1433			51.4066			-4.5542			-0.2000			-130.0000			215.0000			-142.0000			
-41.1541			50.8668			-12.1868			-2.4000			-124.0000			214.0000			-152.0000			
-36.7984			51.9464			-15.4578			-0.3000			-118.0000			211.0000			-161.0000			
-32.9870			51.4066			-19.2741			-0.8000			-108.0000			206.0000			-170.0000			
-28.6313			50.3270			-23.0903			-1.3000			-100.0000			203.0000			-178.0000			
-25.3644			50.8668			-26.3614			-0.8000			-90.0000			197.0000			-184.0000			
-21.5531			54.1056			-33.9939			-1.4000			-80.0000			189.0000			-191.0000			
-18.2863			57.3444			-39.4457			-0.3000			-70.0000			178.0000			-194.0000			
-11.7526			58.4241			-45.4427			1.2000			-58.0000			166.0000			-198.0000			
-9.5747			60.0435			-48.1686			2.3000			-47.0000			154.0000			-200.0000			
-6.8524			58.4241			-50.8945			0.6000			-36.0000			143.0000			-201.0000			
-6.8524			59.5037			-48.7138			3.9000			-25.0000			132.0000			-201.0000			
-1.4077			54.6454			-48.7138			4.5000			-12.0000			121.0000			-201.0000			
5.1260			50.3270			-51.9848			3.4000			-2.0000			111.0000			-198.0000			
10.0263			46.5483			-51.4397			5.1000			10.0000			98.0000			-194.0000			
14.3820			41.6901			-52.5300			3.5000			23.0000			82.0000			-190.0000			
17.1044			37.3716			-50.8945			3.5000			33.0000			65.0000			-185.0000			
23.6381			31.4338			-49.8041			5.2000			46.0000			51.0000			-178.0000			
27.4494			24.9561			-47.0782			5.3000			57.0000			34.0000			-170.0000			
29.6273			21.7173			-48.1686			3.1000			68.0000			16.0000			-162.0000			
35.0720			23.8765			-54.1656			4.7000			79.0000			-1.0000			-152.0000			
39.4278			22.2571			-55.8011			5.8000			90.0000			-21.0000			-141.0000			
44.8725			14.1600			-54.7107			4.3000			98.0000			-38.0000			-130.0000			
48.6838			10.3814			-53.6204			5.4000			108.0000			-56.0000			-117.0000			
51.9506			5.5231			-53.0752			4.4000			116.0000			-72.0000			-106.0000			
50.3172			7.1425			-52.5300			4.9000			124.0000			-86.0000			-93.0000			
50.3172			4.4435			-49.2589			5.5000			131.0000			-100.0000			-81.0000			
51.4061			0.6649			-46.5331			5.5000			137.0000			-113.0000			-67.0000			
51.4061			-5.2730			-41.6264			4.5000			142.0000			-126.0000			-52.0000			
54.6730			-13.9099			-37.2650			3.4000			146.0000			-140.0000			-39.0000			
53.5840			-14.4497			-33.4487			5.6000			150.0000			-153.0000			-23.0000			
53.0396			-21.4671			-27.9970			3.5000			152.0000			-167.0000			-9.0000			
50.8617			-25.2458			-22.0000			3.6000			155.0000			-179.0000			6.0000			
53.5840			-29.0244			-20.9096			3.6000			156.0000			-190.0000			21.0000			
57.3953			-36.5817			-18.7289			2.0000			154.0000			-200.0000			36.0000			
59.0288			-41.4399			-13.8223			3.7000			153.0000			-209.0000			50.0000			
59.0288			-45.2186			-11.0964			2.7000			151.0000			-215.0000			63.0000			
59.0288			-48.4574			-7.2801			3.2000			148.0000			-220.0000			77.0000			
57.9398			-50.0768			-5.6446			2.2000			145.0000			-226.0000			91.0000			
54.1285			-49.5370			-2.9187			1.6000			139.0000			-230.0000			102.0000			
51.4061			-48.9972			1.4427			3.8000			137.0000			-232.0000			113.0000			
47.0504			-51.1564			5.8042			1.7000			130.0000			-234.0000			123.0000			
39.9722			-51.1564			12.3463			1.1000			123.0000			-233.0000			133.0000			
36.1609			-51.1564			15.0722			0.0000			116.0000			-230.0000			142.0000			
31.8051			-51.1564			18.3433			-0.9000			108.0000			-227.0000			151.0000			
27.4494			-50.6166			23.2499			0.0000			98.0000			-223.0000			159.0000			
25.2715			-51.1564			25.9758			0.0000			89.0000			-218.0000			164.0000			
20.9157			-53.8555			33.6083			0.6000			77.0000			-211.0000			169.0000			
17.6489			-58.1739			39.0601			-1.4000			67.0000			-200.0000			173.0000			
11.1152			-57.6341			45.0571			-1.4000			55.0000			-189.0000			176.0000			
8.9373			-59.7933			48.3282			-2.5000			44.0000			-178.0000			179.0000			
7.3039			-59.2535			49.9637			-1.9000			33.0000			-167.0000			180.0000			
6.7594			-58.1739			48.8733			-2.5000			20.0000			-155.0000			180.0000			
1.3147			-53.3156			49.4185			-2.5000			11.0000			-146.0000			178.0000			
-5.7634			-50.6166			52.6896			-3.6000			-1.0000			-135.0000			177.0000			
-9.0303			-45.7584			51.0540			-3.7000			-13.0000			-120.0000			174.0000			
-13.9305			-41.4399			51.5992			-3.7000			-24.0000			-107.0000			167.0000			
-18.2863			-37.6613			51.5992			-4.3000			-37.0000			-90.0000			163.0000			
-22.6421			-30.6438			49.9637			-3.3000			-49.0000			-74.0000			155.0000			
-27.5423			-23.6264			47.7830			-3.3000			-60.0000			-57.0000			147.0000			
-30.8092			-23.0866			48.8733			-5.0000			-71.0000			-39.0000			140.0000			
-35.1649			-23.0866			53.2348			-5.0000			-81.0000			-21.0000			130.0000			
-40.0652			-22.0069			55.9607			-6.1000			-90.0000			-1.0000			119.0000			
-44.9654			-13.9099			54.3251			-4.5000			-99.0000			16.0000			108.0000			
-48.2323			-9.5914			53.2348			-4.5000			-110.0000			33.0000			95.0000			
-50.9546			-5.2730			52.6896			-3.5000			-117.0000			50.0000			84.0000			
-50.4102			-6.3526			52.6896			-4.0000			-124.0000			66.0000			71.0000			
-49.8657			-4.7332			49.9637			-4.6000			-131.0000			81.0000			59.0000			
-50.9546			0.1251			46.6926			-4.1000			-137.0000			95.0000			46.0000			
-51.4991			6.0629			41.2408			-4.1000			-142.0000			109.0000			31.0000			
-53.6770			13.0804			37.4246			-3.1000			-146.0000			123.0000			18.0000			
-53.1325			16.3192			33.0631			-3.7000			-149.0000			138.0000			2.0000			
-53.6770			21.1775			27.0662			-5.4000			-152.0000			151.0000			-12.0000			
-52.0436			26.0357			22.7047			-3.2000			-154.0000			164.0000			-26.0000			
-54.2215			29.8144			21.6144			-2.7000			-154.0000			177.0000			-40.0000			
-58.5772			35.7522			18.8885			-3.9000			-153.0000			188.0000			-55.0000			
-59.6662			40.6105			13.9819			-5.0000			-150.0000			196.0000			-70.0000			
-59.6662			45.4687			11.2560			-2.9000			-150.0000			203.0000			-83.0000			
-59.1217			48.7076			6.3493			-4.0000			-145.0000			210.0000			-96.0000			
-58.5772			50.8668			6.3493			-1.3000			-143.0000			215.0000			-109.0000			
-54.7659			50.3270			2.5331			-1.9000			-137.0000			220.0000			-120.0000			
-50.9546			50.3270			-1.8283			-2.4000			-133.0000			224.0000			-129.0000			
-46.5989			51.4066			-5.0994			-0.2000			-126.0000			226.0000			-138.0000			
-39.5207			51.9464			-12.7319			-0.3000			-119.0000			225.0000			-149.0000			
-35.7094			51.4066			-15.4578			0.2000			-111.0000			224.0000			-159.0000			
-30.8092			51.9464			-19.8193			1.3000			-102.0000			221.0000			-165.0000			
-27.5423			51.9464			-23.0903			1.3000			-95.0000			218.0000			-173.0000			
-24.8200			50.8668			-27.4518			-1.4000			-84.0000			211.0000			-179.0000			
-21.0087			54.1056			-33.4487			-0.3000			-73.0000			205.0000			-184.0000			
-17.1974			58.9639			-38.9005			2.8000			-61.0000			195.0000			-189.0000			
-10.1192			57.8842			-46.5331			1.2000			-51.0000			184.0000			-192.0000			
-9.0303			60.0435			-47.6234			3.3000			-40.0000			174.0000			-193.0000			
-6.8524			59.5037			-49.8041			2.8000			-27.0000			162.0000			-194.0000			
-6.3079			58.9639			-49.2589			3.3000			-17.0000			152.0000			-193.0000			
-0.8632			54.1056			-49.8041			3.4000			-5.0000			142.0000			-193.0000			
6.2150			50.8668			-52.5300			4.5000			6.0000			131.0000			-190.0000			
10.0263			44.9289			-52.5300			2.4000			18.0000			118.0000			-186.0000			
14.9265			41.1503			-52.5300			3.5000			30.0000			102.0000			-182.0000			
18.7378			36.2920			-51.4397			3.5000			42.0000			85.0000			-177.0000			
24.1825			30.3542			-50.3493			4.1000			53.0000			70.0000			-169.0000			
27.4494			24.4163			-47.0782			4.7000			65.0000			51.0000			-162.0000			
30.7162			22.7969			-49.8041			3.7000			76.0000			34.0000			-153.0000			
35.0720			22.7969			-54.1656			3.7000			86.0000			15.0000			-143.0000			
39.4278			21.1775			-55.2559			5.3000			95.0000			-5.0000			-133.0000			
47.0504			12.0008			-55.2559			3.7000			105.0000			-23.0000			-123.0000			
49.2283			9.8416			-53.6204			5.4000			113.0000			-41.0000			-111.0000			
51.9506			6.0629			-53.6204			4.3000			121.0000			-58.0000			-98.0000			
51.4061			5.5231			-52.5300			4.4000			129.0000			-73.0000			-86.0000			
50.3172			3.9037			-50.3493			3.8000			135.0000			-90.0000			-74.0000			
51.4061			-0.9545			-46.5331			3.9000			140.0000			-104.0000			-61.0000			
52.4951			-6.3526			-41.0813			5.0000			145.0000			-119.0000			-47.0000			
53.5840			-13.9099			-36.1746			3.4000			148.0000			-134.0000			-34.0000			
53.0396			-16.0691			-31.8132			5.1000			151.0000			-149.0000			-18.0000			
53.0396			-22.5467			-27.9970			2.5000			154.0000			-163.0000			-5.0000			
52.4951			-26.8652			-22.0000			3.6000			156.0000			-178.0000			11.0000			
54.6730			-30.6438			-21.4548			2.5000			155.0000			-190.0000			23.0000			
57.9398			-36.5817			-18.1837			3.1000			154.0000			-201.0000			37.0000			
58.4843			-43.0593			-13.2771			2.1000			153.0000			-210.0000			51.0000			
59.0288			-46.2982			-10.5512			2.1000			149.0000			-220.0000			65.0000			
58.4843			-50.0768			-6.7350			1.6000			146.0000			-227.0000			78.0000			
58.4843			-50.6166			-6.1898			1.6000			143.0000			-234.0000			90.0000			
53.5840			-50.0768			-2.3735			1.1000			136.0000			-238.0000			100.0000			
50.3172			-50.0768			1.9879			2.2000			132.0000			-243.0000			111.0000			
44.8725			-51.6962			6.3493			-0.4000			125.0000			-245.0000			121.0000			
39.9722			-51.6962			12.8915			1.1000			119.0000			-245.0000			130.0000			
35.6165			-50.6166			16.1626			1.1000			110.0000			-244.0000			140.0000			
30.7162			-51.6962			19.4336			-1.5000			101.0000			-243.0000			147.0000			
26.3604			-51.1564			23.7951			-0.9000			91.0000			-240.0000			154.0000			
24.1825			-51.6962			27.6113			0.0000			83.0000			-234.0000			159.0000			
21.4602			-56.0147			33.6083			-0.9000			71.0000			-226.0000			164.0000			
17.6489			-58.1739			40.1505			-0.3000			60.0000			-217.0000			168.0000			
10.0263			-57.6341			46.6926			-0.9000			48.0000			-207.0000			171.0000			
8.3928			-60.8729			49.4185			-3.0000			37.0000			-195.0000			173.0000			
6.7594			-58.1739			50.5089			-0.9000			25.0000			-185.0000			173.0000			
5.6705			-58.7137			49.4185			-3.6000			15.0000			-176.0000			172.0000			
0.7702			-53.3156			49.4185			-3.1000			3.0000			-164.0000			171.0000			
-5.7634			-49.5370			53.2348			-2.0000			-9.0000			-153.0000			168.0000			
-10.1192			-43.5992			51.0540			-2.6000			-20.0000			-141.0000			165.0000			
-16.1084			-40.9001			52.6896			-4.3000			-32.0000			-124.0000			159.0000			
-19.3752			-37.1215			52.1444			-4.3000			-45.0000			-107.0000			154.0000			
-23.7310			-29.5642			50.5089			-2.7000			-55.0000			-91.0000			146.0000			
-28.6313			-23.0866			48.3282			-3.3000			-68.0000			-73.0000			141.0000			
-30.8092			-22.5467			49.4185			-3.9000			-78.0000			-55.0000			131.0000			
-35.7094			-23.0866			54.8703			-3.9000			-87.0000			-35.0000			121.0000			
-40.0652			-22.0069			55.9607			-6.1000			-96.0000			-16.0000			111.0000			
-46.5989			-12.2904			54.3251			-4.5000			-106.0000			4.0000			100.0000			
-50.9546			-6.3526			53.2348			-4.0000			-114.0000			21.0000			88.0000			
-52.0436			-6.3526			53.2348			-5.1000			-121.0000			40.0000			77.0000			
-50.9546			-4.7332			52.1444			-3.5000			-128.0000			56.0000			66.0000			
-51.4991			-3.6536			49.9637			-5.1000			-134.0000			72.0000			53.0000			
-52.0436			0.6649			47.2378			-4.1000			-140.0000			89.0000			40.0000			
-53.6770			7.6824			40.6956			-5.2000			-144.0000			103.0000			27.0000			
-54.2215			13.6202			36.8794			-3.7000			-148.0000			119.0000			13.0000			
-53.1325			17.3988			31.9728			-3.7000			-152.0000			134.0000			-1.0000			
-53.1325			21.7173			26.5210			-4.8000			-153.0000			149.0000			-15.0000			
-52.5880			26.5755			21.6144			-4.3000			-154.0000			166.0000			-30.0000			
-55.8549			31.4338			21.0692			-3.3000			-154.0000			178.0000			-43.0000			
-58.0328			37.3716			17.7981			-2.8000			-152.0000			191.0000			-57.0000			
-59.1217			42.7697			12.8915			-3.4000			-151.0000			200.0000			-69.0000			
-59.6662			47.6279			10.7108			-1.3000			-146.0000			209.0000			-82.0000			
-59.6662			49.2474			7.4397			-2.9000			-143.0000			217.0000			-95.0000			
-58.0328			51.9464			5.2590			-0.8000			-139.0000			225.0000			-106.0000			
-54.2215			50.3270			2.5331			-1.3000			-134.0000			231.0000			-117.0000			
-51.4991			51.4066			-1.2832			-1.3000			-129.0000			234.0000			-126.0000			
-44.9654			50.8668			-5.6446			0.2000			-122.0000			237.0000			-135.0000			
-39.5207			53.0260			-12.7319			0.7000			-114.0000			238.0000			-146.0000			
-35.7094			52.4862			-16.0030			0.7000			-107.0000			238.0000			-153.0000			
-30.8092			51.9464			-19.2741			1.8000			-97.0000			235.0000			-161.0000			
-26.9979			51.9464			-24.1807			0.7000			-87.0000			232.0000			-168.0000			
-24.2755			52.4862			-26.9066			1.3000			-77.0000			229.0000			-174.0000			
-21.5531			55.7250			-34.5391			-0.3000			-66.0000			222.0000			-179.0000			
-17.7418			58.9639			-39.9909			1.2000			-55.0000			212.0000			-182.0000			
-9.5747			58.4241			-47.0782			1.7000			-43.0000			202.0000			-185.0000			
-7.9413			60.5833			-49.8041			2.8000			-31.0000			192.0000			-186.0000			
-7.9413			58.9639			-49.8041			1.2000			-20.0000			181.0000			-187.0000			
-5.7634			58.9639			-50.3493			2.8000			-9.0000			171.0000			-187.0000			
0.2258			53.5658			-50.3493			3.4000			3.0000			160.0000			-186.0000			
6.7594			49.7872			-53.0752			3.4000			13.0000			148.0000			-183.0000			
10.5707			44.9289			-51.9848			3.5000			27.0000			135.0000			-179.0000			
15.4710			41.1503			-52.5300			4.0000			37.0000			120.0000			-174.0000			
19.2823			36.8318			-52.5300			3.5000			49.0000			102.0000			-169.0000			
24.7270			29.2746			-50.8945			3.1000			59.0000			86.0000			-163.0000			
28.5383			22.7969			-48.1686			3.1000			71.0000			67.0000			-156.0000			
30.7162			22.7969			-50.3493			3.1000			82.0000			48.0000			-148.0000			
35.6165			23.3367			-55.2559			3.7000			93.0000			28.0000			-137.0000			
40.5167			20.6377			-56.8915			4.2000			101.0000			7.0000			-128.0000			
47.5948			12.0008			-55.8011			3.7000			111.0000			-10.0000			-117.0000			
49.7727			7.6824			-53.6204			3.8000			118.0000			-30.0000			-105.0000			
53.0396			5.5231			-55.2559			3.3000			125.0000			-47.0000			-94.0000			
51.4061			6.0629			-53.0752			4.4000			132.0000			-65.0000			-83.0000			
50.8617			2.8241			-49.2589			4.4000			138.0000			-81.0000			-70.0000			
51.9506			-2.0341			-46.5331			3.3000			143.0000			-98.0000			-58.0000			
52.4951			-7.9720			-40.5361			3.9000			146.0000			-114.0000			-45.0000			
54.1285			-14.4497			-37.8102			1.8000			151.0000			-132.0000			-32.0000			
53.0396			-17.6885			-32.3584			2.9000			152.0000			-147.0000			-17.0000			
53.0396			-22.5467			-27.9970			2.5000			155.0000			-164.0000			-3.0000			
53.0396			-28.4846			-22.0000			2.5000			156.0000			-180.0000			10.0000			
56.3064			-32.2632			-21.4548			2.5000			156.0000			-193.0000			23.0000			
58.4843			-37.6613			-18.1837			2.6000			152.0000			-206.0000			37.0000			
58.4843			-43.5992			-13.8223			1.0000			151.0000			-216.0000			52.0000			
60.1177			-46.8380			-11.0964			2.1000			147.0000			-225.0000			63.0000			
58.4843			-49.5370			-7.2801			1.6000			143.0000			-236.0000			76.0000			
57.9398			-51.6962			-4.5542			1.6000			138.0000			-242.0000			87.0000			
53.0396			-50.6166			-1.8283			0.5000			134.0000			-249.0000			98.0000			
50.3172			-51.1564			1.4427			0.6000			128.0000			-254.0000			108.0000			
43.7835			-51.1564			6.3493			-1.0000			122.0000			-257.0000			117.0000			
38.3388			-52.7758			13.9819			-0.4000			113.0000			-258.0000			126.0000			
33.9830			-51.1564			16.1626			-1.0000			105.0000			-258.0000			134.0000			
30.1717			-52.2360			19.9788			-2.0000			95.0000			-257.0000			141.0000			
25.8160			-51.1564			23.2499			-2.0000			85.0000			-256.0000			148.0000			
24.1825			-52.2360			27.0662			-0.9000			75.0000			-250.0000			153.0000			
20.3712			-55.4749			34.6987			-0.4000			64.0000			-244.0000			158.0000			
16.0155			-58.1739			40.6956			-1.4000			51.0000			-233.0000			162.0000			
8.9373			-58.1739			47.2378			-1.9000			41.0000			-224.0000			165.0000			
7.8484			-60.3331			49.9637			-2.5000			29.0000			-212.0000			165.0000			
7.3039			-58.1739			49.4185			-1.4000			17.0000			-202.0000			165.0000			
5.1260			-58.7137			49.9637			-3.6000			7.0000			-193.0000			166.0000			
-0.8632			-53.3156			49.9637			-4.2000			-4.0000			-184.0000			164.0000			
-6.8524			-49.5370			52.6896			-3.6000			-16.0000			-171.0000			163.0000			
-11.2082			-43.0593			51.5992			-2.6000			-28.0000			-157.0000			159.0000			
-15.5639			-40.9001			52.6896			-3.7000			-40.0000			-140.0000			152.0000			
-20.4642			-35.5021			52.6896			-3.2000			-50.0000			-124.0000			148.0000			
-24.8200			-29.5642			49.9637			-4.4000			-63.0000			-106.0000			142.0000			
-29.1757			-23.0866			48.3282			-3.9000			-73.0000			-87.0000			134.0000			
-30.8092			-22.0069			49.9637			-2.8000			-84.0000			-67.0000			126.0000			
-35.1649			-23.0866			54.3251			-3.9000			-93.0000			-47.0000			117.0000			
-41.1541			-19.8477			55.9607			-5.0000			-104.0000			-27.0000			106.0000			
-46.5989			-11.7506			54.8703			-3.4000			-111.0000			-7.0000			96.0000			
-49.8657			-6.8924			53.2348			-3.5000			-118.0000			12.0000			84.0000			
-51.4991			-6.3526			53.7799			-4.0000			-126.0000			31.0000			73.0000			
-52.0436			-5.2730			53.2348			-4.0000			-132.0000			50.0000			62.0000			
-50.9546			-3.1138			49.9637			-4.0000			-139.0000			67.0000			50.0000			
-51.4991			1.2047			46.6926			-3.5000			-143.0000			84.0000			37.0000			
-53.1325			7.6824			41.2408			-4.2000			-146.0000			100.0000			25.0000			
-53.6770			14.6998			36.3342			-2.6000			-150.0000			117.0000			11.0000			
-52.5880			17.3988			33.0631			-2.1000			-152.0000			136.0000			-2.0000			
-53.1325			23.3367			25.9758			-3.8000			-153.0000			152.0000			-14.0000			
-52.5880			27.1153			22.1595			-3.3000			-153.0000			167.0000			-29.0000			
-55.8549			32.5134			21.0692			-2.2000			-153.0000			182.0000			-42.0000			
-59.6662			37.3716			18.8885			-3.4000			-150.0000			196.0000			-57.0000			
-59.6662			43.8493			13.4367			-2.3000			-148.0000			207.0000			-70.0000			
-59.6662			47.6279			10.7108			-1.3000			-144.0000			217.0000			-83.0000			
-58.5772			50.3270			6.8945			-1.3000			-140.0000			226.0000			-93.0000			
-57.4883			51.9464			5.8042			0.2000			-136.0000			235.0000			-105.0000			
-52.5880			50.3270			2.5331			0.2000			-130.0000			241.0000			-114.0000			
-50.9546			51.4066			-2.3735			-1.9000			-124.0000			247.0000			-124.0000			
-44.4210			51.4066			-6.1898			0.7000			-118.0000			251.0000			-132.0000			
-37.8873			54.1056			-13.8223			2.3000			-109.0000			252.0000			-142.0000			
-35.1649			50.8668			-16.0030			-0.2000			-101.0000			252.0000			-150.0000			
-30.8092			51.9464			-20.3644			0.7000			-90.0000			251.0000			-156.0000			
-26.4534			51.9464			-24.1807			1.3000			-81.0000			249.0000			-164.0000			
-24.2755			51.9464			-28.5421			-0.8000			-70.0000			245.0000			-168.0000			
-20.4642			57.3444			-35.0843			1.8000			-59.0000			237.0000			-174.0000			
-16.1084			58.9639			-40.5361			2.3000			-48.0000			227.0000			-177.0000			
-9.0303			58.4241			-47.0782			2.3000			-37.0000			218.0000			-179.0000			
-7.9413			60.5833			-49.8041			2.8000			-25.0000			207.0000			-181.0000			
-8.4858			58.9639			-49.2589			1.2000			-13.0000			197.0000			-181.0000			
-4.6745			58.4241			-49.8041			3.9000			-1.0000			187.0000			-182.0000			
1.3147			52.4862			-50.3493			3.4000			9.0000			178.0000			-179.0000			
6.2150			49.7872			-53.0752			2.9000			19.0000			165.0000			-177.0000			
11.6597			43.3095			-51.9848			2.9000			33.0000			150.0000			-174.0000			
15.4710			40.6105			-52.5300			3.5000			44.0000			134.0000			-168.0000			
19.8268			35.7522			-52.5300			3.0000			54.0000			117.0000			-162.0000			
25.2715			28.1950			-50.8945			2.5000			66.0000			99.0000			-156.0000			
27.9938			23.3367			-48.7138			2.6000			77.0000			79.0000			-150.0000			
31.8051			22.7969			-50.8945			3.7000			88.0000			59.0000			-142.0000			
36.7054			23.3367			-55.2559			4.7000			98.0000			38.0000			-132.0000			
41.0612			20.6377			-56.8915			4.8000			106.0000			17.0000			-121.0000			
48.1393			11.4610			-55.8011			3.7000			115.0000			-4.0000			-111.0000			
50.3172			7.6824			-54.1656			3.8000			122.0000			-22.0000			-101.0000			
51.9506			4.9833			-54.1656			2.7000			129.0000			-41.0000			-89.0000			
51.9506			4.9833			-53.0752			3.8000			136.0000			-60.0000			-78.0000			
50.8617			2.8241			-50.3493			3.3000			141.0000			-77.0000			-67.0000			
51.9506			-2.0341			-45.9879			3.9000			146.0000			-95.0000			-54.0000			
53.5840			-9.5914			-40.5361			3.4000			149.0000			-113.0000			-41.0000			
54.1285			-15.5293			-36.7198			1.8000			151.0000			-132.0000			-29.0000			
52.4951			-18.2283			-31.8132			2.4000			152.0000			-149.0000			-16.0000			
51.9506			-22.5467			-27.4518			1.9000			155.0000			-167.0000			-2.0000			
51.9506			-27.9448			-22.5452			1.4000			154.0000			-184.0000			9.0000			
56.3064			-33.3429			-20.9096			2.0000			153.0000			-199.0000			23.0000			
58.4843			-38.2011			-18.1837			2.0000			151.0000			-213.0000			37.0000			
58.4843			-45.2186			-13.8223			-0.5000			149.0000			-224.0000			50.0000			
60.1177			-47.3778			-11.6416			1.1000			144.0000			-235.0000			63.0000			
58.4843			-51.1564			-6.1898			1.1000			140.0000			-245.0000			75.0000			
56.3064			-50.6166			-5.6446			0.0000			136.0000			-254.0000			86.0000			
51.4061			-50.6166			-2.3735			-1.5000			128.0000			-261.0000			95.0000			
49.2283			-52.7758			1.9879			-1.5000			124.0000			-267.0000			106.0000			
43.2391			-49.5370			6.3493			0.0000			116.0000			-271.0000			114.0000			
37.7943			-53.3156			14.5270			-0.9000			108.0000			-272.0000			123.0000			
34.5275			-51.1564			17.2529			0.6000			99.0000			-273.0000			131.0000			
30.1717			-51.1564			19.9788			-1.0000			89.0000			-272.0000			138.0000			
25.8160			-51.6962			24.3403			-1.5000			80.0000			-269.0000			143.0000			
23.0936			-53.3156			27.6113			-2.6000			70.0000			-265.0000			148.0000			
19.8268			-57.0943			35.2438			-2.0000			58.0000			-259.0000			155.0000			
15.4710			-58.7137			41.2408			-2.0000			46.0000			-250.0000			157.0000			
8.3928			-58.1739			47.7830			-1.9000			34.0000			-239.0000			159.0000			
7.8484			-60.3331			48.8733			-3.6000			23.0000			-229.0000			159.0000			
6.7594			-59.2535			49.9637			-2.5000			11.0000			-219.0000			160.0000			
4.5815			-58.1739			49.4185			-4.1000			-1.0000			-209.0000			160.0000			
-1.4077			-51.6962			50.5089			-2.5000			-11.0000			-199.0000			158.0000			
-6.8524			-50.0768			53.2348			-3.6000			-24.0000			-187.0000			155.0000			
-11.7526			-43.0593			51.5992			-3.2000			-34.0000			-171.0000			152.0000			
-16.1084			-39.8205			52.1444			-3.7000			-46.0000			-154.0000			147.0000			
-20.4642			-36.0419			52.6896			-3.8000			-57.0000			-137.0000			142.0000			
-25.3644			-28.4846			49.9637			-3.8000			-67.0000			-119.0000			136.0000			
-29.1757			-23.0866			48.3282			-3.9000			-79.0000			-99.0000			128.0000			
-31.3536			-22.0069			49.9637			-3.3000			-89.0000			-79.0000			119.0000			
-36.2539			-22.5467			54.8703			-3.9000			-99.0000			-55.0000			111.0000			
-41.1541			-19.3079			55.9607			-4.4000			-106.0000			-35.0000			101.0000			
-47.1433			-11.7506			55.4155			-3.4000			-115.0000			-14.0000			91.0000			
-50.9546			-6.8924			53.7799			-4.0000			-122.0000			6.0000			79.0000			
-51.4991			-6.3526			53.7799			-4.0000			-128.0000			26.0000			69.0000			
-50.9546			-4.1934			52.1444			-2.9000			-134.0000			45.0000			58.0000			
-51.4991			-3.1138			49.9637			-4.6000			-140.0000			63.0000			46.0000			
-51.4991			2.2843			45.0571			-4.1000			-144.0000			82.0000			34.0000			
-53.6770			9.3018			40.6956			-3.6000			-148.0000			100.0000			20.0000			
-53.1325			14.6998			36.8794			-1.5000			-150.0000			119.0000			9.0000			
-52.0436			17.9387			30.8824			-3.2000			-153.0000			136.0000			-3.0000			
-52.5880			23.8765			26.5210			-2.1000			-153.0000			155.0000			-16.0000			
-52.5880			28.1950			22.7047			-1.6000			-153.0000			173.0000			-30.0000			
-55.8549			34.1328			19.9788			-1.7000			-151.0000			189.0000			-43.0000			
-58.5772			38.4513			18.3433			-1.7000			-149.0000			204.0000			-55.0000			
-59.6662			43.8493			12.8915			-2.9000			-146.0000			215.0000			-68.0000			
-60.7551			47.0881			11.8011			-1.8000			-141.0000			227.0000			-80.0000			
-58.0328			51.4066			7.4397			0.8000			-137.0000			238.0000			-92.0000			
-56.9438			50.8668			4.7138			-1.3000			-131.0000			245.0000			-102.0000			
-52.5880			50.3270			0.8976			-1.3000			-126.0000			254.0000			-112.0000			
-49.8657			51.9464			-2.9187			-0.8000			-119.0000			259.0000			-122.0000			
-42.2431			50.8668			-8.3705			0.2000			-113.0000			263.0000			-129.0000			
-37.8873			52.4862			-13.8223			0.7000			-103.0000			266.0000			-139.0000			
-34.6205			50.8668			-16.0030			0.2000			-94.0000			266.0000			-146.0000			
-30.8092			51.4066			-20.3644			0.2000			-85.0000			265.0000			-153.0000			
-25.3644			51.9464			-24.7259			1.8000			-74.0000			263.0000			-159.0000			
-23.7310			53.0260			-28.5421			0.7000			-65.0000			259.0000			-164.0000			
-20.4642			56.8046			-35.0843			1.2000			-53.0000			253.0000			-169.0000			
-15.0195			58.4241			-41.0813			2.3000			-41.0000			243.0000			-171.0000			
-10.1192			58.4241			-47.6234			0.6000			-29.0000			232.0000			-174.0000			
-9.0303			60.0435			-48.1686			2.8000			-19.0000			222.0000			-175.0000			
-7.9413			60.0435			-49.8041			2.3000			-7.0000			211.0000			-175.0000			
-4.6745			57.3444			-49.8041			2.8000			4.0000			203.0000			-175.0000			
1.3147			51.4066			-50.8945			1.8000			16.0000			192.0000			-173.0000			
7.8484			49.2474			-54.7107			2.3000			26.0000			179.0000			-171.0000			
12.7486			42.7697			-51.4397			4.0000			39.0000			163.0000			-166.0000			
16.5599			39.5309			-53.0752			3.0000			50.0000			146.0000			-162.0000			
20.9157			35.2124			-51.4397			4.6000			61.0000			129.0000			-156.0000			
25.8160			26.5755			-49.2589			3.1000			73.0000			108.0000			-151.0000			
29.0828			22.2571			-48.1686			3.1000			83.0000			89.0000			-143.0000			
31.8051			22.7969			-50.3493			4.2000			93.0000			67.0000			-135.0000			
36.7054			22.2571			-55.2559			3.7000			101.0000			46.0000			-127.0000			
42.1501			18.4785			-55.8011			4.8000			110.0000			24.0000			-118.0000			
47.0504			10.9212			-55.2559			2.7000			117.0000			2.0000			-106.0000			
50.8617			5.5231			-54.1656			2.2000			125.0000			-19.0000			-97.0000			
50.8617			7.1425			-54.1656			3.8000			130.0000			-39.0000			-85.0000			
50.8617			3.9037			-52.5300			2.2000			137.0000			-57.0000			-74.0000			
50.8617			1.7445			-49.2589			3.3000			141.0000			-76.0000			-63.0000			
51.4061			-2.5739			-45.4427			3.3000			146.0000			-95.0000			-51.0000			
53.5840			-11.2108			-39.9909			2.3000			149.0000			-115.0000			-40.0000			
52.4951			-13.9099			-36.1746			2.4000			151.0000			-134.0000			-27.0000			
52.4951			-19.3079			-30.1777			3.0000			152.0000			-153.0000			-14.0000			
51.9506			-23.6264			-26.3614			1.9000			153.0000			-172.0000			-1.0000			
52.4951			-29.0244			-22.0000			1.4000			153.0000			-189.0000			12.0000			
57.3953			-34.4225			-20.3644			2.6000			151.0000			-205.0000			23.0000			
57.9398			-38.2011			-17.6385			2.0000			149.0000			-220.0000			37.0000			
58.4843			-44.6788			-12.7319			1.0000			145.0000			-233.0000			51.0000			
59.5732			-47.9176			-11.0964			0.5000			141.0000			-245.0000			61.0000			
58.4843			-51.6962			-6.7350			0.0000			135.0000			-256.0000			73.0000			
56.8509			-50.6166			-5.0994			1.1000			132.0000			-265.0000			83.0000			
50.8617			-50.0768			-1.8283			-1.0000			126.0000			-273.0000			93.0000			
48.6838			-51.6962			1.9879			-1.0000			118.0000			-280.0000			102.0000			
41.6056			-50.0768			8.5301			0.0000			111.0000			-284.0000			111.0000			
36.7054			-53.8555			14.5270			-2.6000			103.0000			-286.0000			119.0000			
34.5275			-50.6166			16.1626			0.0000			94.0000			-288.0000			127.0000			
29.6273			-51.6962			20.5240			-1.5000			84.0000			-287.0000			134.0000			
24.7270			-51.6962			24.8854			-2.0000			73.0000			-285.0000			139.0000			
23.0936			-52.7758			28.1565			-1.5000			63.0000			-281.0000			143.0000			
19.8268			-57.6341			35.7890			-2.0000			51.0000			-274.0000			148.0000			
14.3820			-57.6341			41.7860			-1.4000			40.0000			-265.0000			151.0000			
8.9373			-58.1739			48.3282			-0.9000			28.0000			-254.0000			153.0000			
6.7594			-59.2535			49.4185			-3.0000			16.0000			-244.0000			154.0000			
6.7594			-59.7933			49.9637			-3.0000			4.0000			-233.0000			155.0000			
3.4926			-56.5545			49.9637			-3.0000			-6.0000			-223.0000			153.0000			
-2.4966			-51.1564			51.0540			-2.5000			-17.0000			-213.0000			152.0000			
-7.9413			-48.4574			53.2348			-3.1000			-28.0000			-198.0000			149.0000			
-12.8416			-41.9797			52.1444			-2.6000			-40.0000			-184.0000			146.0000			
-16.1084			-39.8205			52.1444			-3.7000			-52.0000			-166.0000			141.0000			
-21.0087			-34.9623			52.1444			-3.8000			-63.0000			-148.0000			135.0000			
-26.4534			-26.8652			48.3282			-4.9000			-73.0000			-128.0000			130.0000			
-28.6313			-22.5467			48.3282			-2.8000			-84.0000			-107.0000			123.0000			
-32.4426			-22.0069			51.0540			-3.3000			-93.0000			-85.0000			115.0000			
-36.2539			-22.5467			54.8703			-3.9000			-102.0000			-62.0000			106.0000			
-41.6986			-17.6885			55.9607			-3.4000			-112.0000			-41.0000			96.0000			
-47.1433			-11.7506			55.4155			-3.4000			-118.0000			-20.0000			85.0000			
-50.9546			-5.8128			53.7799			-2.9000			-125.0000			3.0000			76.0000			
-50.4102			-6.3526			53.7799			-2.9000			-132.0000			23.0000			65.0000			
-50.9546			-4.7332			52.1444			-3.5000			-137.0000			43.0000			55.0000			
-50.9546			-2.0341			49.4185			-3.5000			-141.0000			65.0000			44.0000			
-51.4991			2.8241			44.5119			-4.1000			-145.0000			83.0000			32.0000			
-53.1325			11.4610			39.6053			-2.0000			-148.0000			103.0000			19.0000			
-52.0436			15.2396			35.7890			-1.0000			-150.0000			124.0000			7.0000			
-50.9546			18.4785			29.7921			-2.6000			-151.0000			143.0000			-5.0000			
-52.0436			24.9561			25.9758			-1.1000			-152.0000			162.0000			-17.0000			
-53.1325			28.1950			21.6144			-3.3000			-151.0000			180.0000			-29.0000			
-56.9438			34.6726			19.9788			-2.2000			-149.0000			196.0000			-43.0000			
-59.6662			38.4513			17.7981			-3.4000			-146.0000			211.0000			-55.0000			
-58.5772			44.3891			12.8915			-1.3000			-143.0000			225.0000			-68.0000			
-59.6662			48.1678			11.2560			-0.2000			-137.0000			237.0000			-79.0000			
-58.0328			50.3270			7.4397			-0.2000			-133.0000			247.0000			-90.0000			
-55.3104			50.3270			5.2590			0.2000			-128.0000			258.0000			-100.0000			
-50.9546			49.7872			1.4427			0.2000			-122.0000			267.0000			-110.0000			
-48.7767			51.9464			-2.3735			0.7000			-115.0000			273.0000			-119.0000			
-42.2431			49.7872			-8.3705			-0.8000			-108.0000			277.0000			-126.0000			
-37.8873			52.4862			-13.8223			0.7000			-99.0000			279.0000			-134.0000			
-34.0760			51.4066			-16.5482			0.7000			-89.0000			281.0000			-142.0000			
-30.2647			50.8668			-20.3644			0.2000			-81.0000			281.0000			-148.0000			
-25.3644			50.3270			-24.7259			0.2000			-70.0000			279.0000			-154.0000			
-23.1865			54.1056			-27.9970			2.9000			-58.0000			274.0000			-159.0000			
-19.3752			57.3444			-34.5391			3.4000			-48.0000			267.0000			-163.0000			
-14.4750			58.9639			-41.0813			3.4000			-35.0000			258.0000			-167.0000			
-9.0303			58.4241			-48.1686			1.2000			-23.0000			248.0000			-169.0000			
-7.9413			60.0435			-48.7138			3.3000			-11.0000			237.0000			-169.0000			
-7.3969			60.5833			-50.3493			2.8000			-1.0000			225.0000			-170.0000			
-4.6745			56.2648			-50.3493			1.2000			11.0000			216.0000			-169.0000			
2.4036			50.8668			-50.8945			2.3000			21.0000			205.0000			-168.0000			
7.8484			49.2474			-52.5300			4.5000			32.0000			190.0000			-165.0000			
12.2041			41.1503			-51.9848			1.3000			44.0000			174.0000			-161.0000			
16.0155			38.4513			-52.5300			1.9000			56.0000			155.0000			-157.0000			
19.8268			34.1328			-50.8945			3.0000			66.0000			137.0000			-152.0000			
26.3604			25.4959			-48.1686			3.6000			77.0000			118.0000			-145.0000			
29.0828			22.2571			-48.7138			2.6000			87.0000			97.0000			-139.0000			
32.3496			22.7969			-51.4397			3.7000			97.0000			74.0000			-131.0000			
36.7054			22.7969			-56.3463			3.1000			105.0000			51.0000			-122.0000			
43.2391			16.8590			-55.8011			4.2000			113.0000			29.0000			-113.0000			
46.5059			10.9212			-54.7107			2.7000			121.0000			6.0000			-103.0000			
49.7727			5.5231			-53.6204			1.6000			127.0000			-17.0000			-93.0000			
50.8617			6.6027			-53.0752			4.3000			135.0000			-37.0000			-82.0000			
50.3172			3.9037			-52.5300			1.6000			139.0000			-57.0000			-72.0000			
50.3172			0.6649			-49.2589			1.7000			143.0000			-79.0000			-61.0000			
50.8617			-3.1138			-44.8975			2.8000			147.0000			-98.0000			-50.0000			
53.0396			-11.2108			-39.9909			1.8000			149.0000			-118.0000			-37.0000			
52.4951			-14.4497			-35.6295			2.4000			151.0000			-140.0000			-26.0000			
51.9506			-20.9273			-29.6325			1.3000			152.0000			-159.0000			-13.0000			
51.9506			-23.6264			-25.2711			3.0000			152.0000			-179.0000			-1.0000			
51.9506			-27.9448			-21.4548			2.5000			152.0000			-197.0000			12.0000			
55.7619			-34.4225			-20.9096			0.4000			149.0000			-214.0000			24.0000			
58.4843			-39.2807			-17.6385			1.5000			145.0000			-230.0000			37.0000			
57.9398			-45.7584			-12.7319			-0.5000			142.0000			-244.0000			47.0000			
58.4843			-47.9176			-11.0964			-0.5000			137.0000			-256.0000			60.0000			
57.9398			-50.6166			-6.7350			0.5000			132.0000			-267.0000			70.0000			
55.2175			-49.5370			-5.6446			0.0000			127.0000			-278.0000			81.0000			
49.7727			-50.0768			-0.7380			-1.0000			119.0000			-287.0000			90.0000			
48.1393			-52.7758			3.0783			-1.5000			114.0000			-293.0000			99.0000			
40.5167			-48.9972			9.0752			0.6000			106.0000			-297.0000			108.0000			
36.7054			-53.3156			13.9819			-2.6000			97.0000			-300.0000			116.0000			
33.9830			-51.1564			16.7078			-0.4000			88.0000			-301.0000			123.0000			
28.5383			-49.5370			20.5240			-0.4000			77.0000			-301.0000			128.0000			
23.6381			-50.0768			24.8854			-1.5000			68.0000			-299.0000			135.0000			
22.0046			-53.8555			29.2469			-2.6000			57.0000			-294.0000			139.0000			
18.7378			-56.5545			35.2438			-2.5000			45.0000			-287.0000			145.0000			
12.2041			-57.6341			42.3312			-3.1000			34.0000			-278.0000			147.0000			
8.9373			-58.1739			48.3282			-0.9000			21.0000			-269.0000			148.0000			
6.7594			-58.7137			49.9637			-1.9000			12.0000			-258.0000			150.0000			
7.3039			-59.2535			49.9637			-1.9000			-1.0000			-246.0000			150.0000			
2.9481			-56.0147			49.9637			-3.0000			-11.0000			-236.0000			149.0000			
-3.5855			-50.6166			51.5992			-2.6000			-23.0000			-225.0000			147.0000			
-7.9413			-47.9176			52.1444			-3.7000			-34.0000			-210.0000			144.0000			
-12.8416			-41.9797			52.1444			-2.6000			-44.0000			-194.0000			141.0000			
-15.0195			-39.2807			51.0540			-3.2000			-57.0000			-174.0000			136.0000			
-20.4642			-33.3429			50.5089			-3.2000			-67.0000			-155.0000			131.0000			
-26.9979			-25.2458			48.3282			-3.9000			-78.0000			-134.0000			127.0000			
-29.1757			-22.0069			47.7830			-3.3000			-88.0000			-113.0000			120.0000			
-32.9870			-22.5467			52.1444			-3.3000			-97.0000			-90.0000			111.0000			
-37.3428			-22.5467			55.9607			-3.9000			-106.0000			-66.0000			103.0000			
-42.2431			-16.6089			55.4155			-3.4000			-113.0000			-43.0000			93.0000			
-47.1433			-11.2108			54.8703			-3.4000			-120.0000			-21.0000			84.0000			
-50.9546			-5.8128			53.2348			-3.5000			-127.0000			1.0000			73.0000			
-50.4102			-6.3526			53.2348			-3.5000			-133.0000			24.0000			63.0000			
-49.8657			-3.6536			51.0540			-2.4000			-137.0000			44.0000			53.0000			
-50.4102			-0.4147			48.3282			-2.4000			-142.0000			67.0000			41.0000			
-50.4102			3.3639			43.9667			-3.0000			-145.0000			87.0000			31.0000			
-53.6770			10.9212			40.1505			-2.6000			-147.0000			108.0000			19.0000			
-52.5880			14.6998			35.7890			-2.1000			-149.0000			128.0000			6.0000			
-51.4991			20.0979			29.7921			-1.6000			-150.0000			150.0000			-6.0000			
-52.0436			24.9561			23.7951			-3.2000			-150.0000			169.0000			-18.0000			
-52.5880			28.7348			22.1595			-1.6000			-150.0000			188.0000			-30.0000			
-56.9438			35.2124			20.5240			-1.1000			-146.0000			206.0000			-42.0000			
-59.1217			39.5309			17.7981			-1.7000			-144.0000			222.0000			-55.0000			
-58.5772			44.3891			12.3463			-1.8000			-139.0000			236.0000			-66.0000			
-59.6662			48.1678			10.7108			-0.7000			-134.0000			248.0000			-78.0000			
-58.0328			50.3270			6.3493			-1.3000			-129.0000			260.0000			-88.0000			
-55.3104			50.3270			4.1686			-0.8000			-123.0000			272.0000			-98.0000			
-52.5880			50.3270			1.4427			-0.8000			-117.0000			279.0000			-108.0000			
-48.7767			51.9464			-2.3735			0.7000			-110.0000			287.0000			-116.0000			
-42.2431			51.4066			-8.9157			0.2000			-104.0000			290.0000			-123.0000			
-37.8873			52.4862			-14.3675			0.2000			-93.0000			294.0000			-131.0000			
-33.5315			52.4862			-16.5482			2.4000			-85.0000			294.0000			-138.0000			
-29.1757			50.8668			-20.3644			1.3000			-74.0000			294.0000			-145.0000			
-25.3644			50.8668			-24.7259			0.7000			-62.0000			293.0000			-151.0000			
-23.1865			53.5658			-29.0873			1.2000			-52.0000			287.0000			-155.0000			
-19.3752			57.3444			-35.6295			2.3000			-42.0000			280.0000			-159.0000			
-13.3860			58.4241			-42.7168			2.3000			-30.0000			270.0000			-162.0000			
-9.5747			58.9639			-48.1686			1.2000			-18.0000			260.0000			-164.0000			
-8.4858			59.5037			-48.7138			2.3000			-6.0000			249.0000			-165.0000			
-7.3969			60.0435			-50.3493			2.2000			5.0000			238.0000			-165.0000			
-3.0411			56.2648			-50.3493			2.8000			15.0000			227.0000			-165.0000			
3.4926			50.8668			-51.9848			2.3000			26.0000			215.0000			-162.0000			
8.9373			48.1678			-52.5300			4.5000			39.0000			199.0000			-160.0000			
13.8376			41.1503			-53.0752			1.9000			49.0000			185.0000			-157.0000			
14.9265			38.9911			-50.8945			3.0000			59.0000			164.0000			-152.0000			
21.4602			34.6726			-50.8945			5.2000			70.0000			144.0000			-148.0000			
26.3604			25.4959			-48.1686			3.6000			82.0000			123.0000			-141.0000			
29.0828			21.7173			-48.1686			2.6000			90.0000			102.0000			-135.0000			
32.8941			23.8765			-52.5300			4.2000			100.0000			79.0000			-128.0000			
37.2499			21.7173			-56.3463			2.6000			108.0000			54.0000			-120.0000			
43.2391			16.3192			-55.8011			3.7000			116.0000			30.0000			-110.0000			
48.1393			10.9212			-54.7107			4.3000			123.0000			7.0000			-101.0000			
49.7727			4.4435			-53.0752			1.1000			130.0000			-17.0000			-90.0000			
49.2283			5.5231			-51.9848			2.7000			134.0000			-38.0000			-81.0000			
50.3172			4.4435			-52.5300			2.2000			139.0000			-61.0000			-70.0000			
50.3172			0.6649			-48.7138			2.2000			144.0000			-81.0000			-60.0000			
50.8617			-4.1934			-43.8072			2.8000			147.0000			-103.0000			-49.0000			
54.1285			-12.8303			-40.5361			0.7000			149.0000			-125.0000			-36.0000			
53.5840			-14.9895			-35.6295			2.9000			150.0000			-146.0000			-24.0000			
52.4951			-21.4671			-29.6325			1.4000			151.0000			-168.0000			-13.0000			
50.8617			-25.2458			-23.6355			1.9000			150.0000			-187.0000			-1.0000			
52.4951			-30.1040			-20.9096			1.4000			149.0000			-206.0000			10.0000			
55.7619			-36.5817			-19.8193			-0.6000			148.0000			-224.0000			24.0000			
58.4843			-40.3603			-17.0934			1.0000			143.0000			-241.0000			35.0000			
57.9398			-44.6788			-12.7319			0.5000			139.0000			-255.0000			47.0000			
58.4843			-47.9176			-9.4609			1.1000			134.0000			-267.0000			59.0000			
57.3953			-51.6962			-5.6446			0.0000			130.0000			-280.0000			68.0000			
54.6730			-49.5370			-5.0994			0.0000			123.0000			-290.0000			78.0000			
50.3172			-50.6166			-0.1928			-0.4000			116.0000			-299.0000			87.0000			
47.5948			-52.2360			3.6234			-1.0000			109.0000			-306.0000			95.0000			
40.5167			-50.6166			10.1656			0.0000			101.0000			-311.0000			104.0000			
36.1609			-53.3156			14.5270			-2.6000			92.0000			-314.0000			112.0000			
32.8941			-51.1564			17.7981			-0.4000			82.0000			-313.0000			119.0000			
27.9938			-50.0768			20.5240			-1.5000			73.0000			-314.0000			125.0000			
24.7270			-50.6166			24.3403			-1.5000			62.0000			-313.0000			130.0000			
21.4602			-53.3156			30.3372			-1.5000			52.0000			-308.0000			135.0000			
18.7378			-57.0943			36.8794			-1.4000			40.0000			-300.0000			139.0000			
11.6597			-57.6341			42.8764			-3.0000			28.0000			-291.0000			142.0000			
9.4818			-58.1739			48.3282			-0.3000			16.0000			-280.0000			144.0000			
5.6705			-58.7137			49.9637			-3.0000			5.0000			-267.0000			144.0000			
7.3039			-59.2535			49.9637			-1.9000			-6.0000			-257.0000			146.0000			
2.9481			-54.3953			49.4185			-2.0000			-17.0000			-246.0000			144.0000			
-4.6745			-50.0768			51.0540			-3.6000			-28.0000			-233.0000			143.0000			
-8.4858			-46.8380			53.2348			-2.0000			-38.0000			-218.0000			141.0000			
-12.8416			-41.4399			51.5992			-2.6000			-50.0000			-200.0000			138.0000			
-16.1084			-38.2011			51.5992			-2.7000			-60.0000			-181.0000			133.0000			
-22.6421			-31.7234			51.5992			-2.7000			-71.0000			-161.0000			127.0000			
-27.5423			-24.1662			48.3282			-3.3000			-81.0000			-140.0000			121.0000			
-29.1757			-22.0069			48.8733			-2.3000			-91.0000			-118.0000			116.0000			
-33.5315			-20.9273			52.1444			-2.3000			-99.0000			-93.0000			109.0000			
-37.3428			-22.0069			55.9607			-3.3000			-108.0000			-68.0000			99.0000			
-44.4210			-14.4497			55.4155			-3.4000			-115.0000			-43.0000			91.0000			
-47.6878			-10.6710			54.3251			-4.0000			-122.0000			-20.0000			81.0000			
-50.9546			-4.7332			53.2348			-2.4000			-129.0000			3.0000			71.0000			
-50.4102			-5.8128			52.6896			-3.5000			-134.0000			26.0000			61.0000			
-48.7767			-3.6536			51.0540			-1.3000			-138.0000			47.0000			51.0000			
-50.9546			1.2047			48.3282			-1.4000			-142.0000			70.0000			40.0000			
-50.4102			5.5231			43.4215			-1.4000			-145.0000			92.0000			29.0000			
-53.6770			12.0008			39.6053			-2.0000			-147.0000			114.0000			17.0000			
-53.1325			16.3192			35.7890			-1.0000			-147.0000			137.0000			6.0000			
-52.0436			20.6377			29.2469			-2.1000			-149.0000			158.0000			-6.0000			
-50.9546			26.5755			22.7047			-1.6000			-149.0000			180.0000			-17.0000			
-53.1325			29.8144			20.5240			-2.7000			-146.0000			199.0000			-30.0000			
-56.9438			36.2920			19.9788			-0.6000			-144.0000			217.0000			-41.0000			
-59.1217			41.6901			16.7078			-0.7000			-139.0000			233.0000			-54.0000			
-59.1217			45.4687			12.3463			-1.3000			-135.0000			248.0000			-65.0000			
-59.6662			48.1678			9.6204			-1.8000			-130.0000			262.0000			-75.0000			
-58.0328			51.4066			5.8042			-0.8000			-126.0000			273.0000			-87.0000			
-55.3104			50.3270			4.1686			-0.8000			-120.0000			283.0000			-97.0000			
-51.4991			50.3270			0.3524			-0.8000			-113.0000			293.0000			-105.0000			
-46.5989			52.4862			-4.5542			1.3000			-105.0000			299.0000			-113.0000			
-41.1541			50.8668			-11.0964			-1.3000			-97.0000			303.0000			-120.0000			
-37.3428			52.4862			-13.8223			1.3000			-89.0000			306.0000			-129.0000			
-32.4426			52.4862			-17.6385			2.4000			-77.0000			306.0000			-135.0000			
-28.0868			51.4066			-22.0000			1.3000			-70.0000			307.0000			-141.0000			
-24.8200			50.8668			-25.8162			0.2000			-58.0000			304.0000			-147.0000			
-21.5531			54.6454			-30.7228			2.3000			-47.0000			299.0000			-151.0000			
-18.8308			57.3444			-37.2650			1.2000			-34.0000			291.0000			-156.0000			
-12.2971			57.3444			-43.8072			1.2000			-24.0000			282.0000			-159.0000			
-10.1192			60.0435			-48.7138			1.2000			-12.0000			271.0000			-161.0000			
-6.8524			58.9639			-49.8041			2.3000			-1.0000			259.0000			-161.0000			
-7.9413			59.5037			-49.8041			1.7000			10.0000			249.0000			-161.0000			
-2.4966			55.1852			-50.3493			2.3000			21.0000			236.0000			-161.0000			
5.1260			50.8668			-53.0752			2.9000			31.0000			224.0000			-159.0000			
9.4818			47.0881			-52.5300			4.0000			42.0000			209.0000			-157.0000			
14.3820			41.6901			-53.6204			2.4000			53.0000			189.0000			-153.0000			
16.0155			37.9114			-51.4397			2.4000			63.0000			169.0000			-150.0000			
23.0936			33.0532			-51.9848			4.1000			74.0000			149.0000			-144.0000			
26.9049			23.8765			-48.1686			2.6000			83.0000			127.0000			-138.0000			
29.0828			22.2571			-48.7138			2.6000			94.0000			104.0000			-132.0000			
33.4386			22.7969			-53.0752			3.1000			103.0000			80.0000			-126.0000			
38.8833			21.1775			-57.4366			2.6000			110.0000			54.0000			-116.0000			
44.3280			14.6998			-55.8011			3.2000			118.0000			30.0000			-108.0000			
48.1393			10.3814			-54.1656			4.3000			124.0000			5.0000			-99.0000			
50.8617			5.5231			-54.1656			2.2000			130.0000			-19.0000			-89.0000			
50.3172			5.5231			-52.5300			3.3000			135.0000			-43.0000			-79.0000			
50.3172			3.9037			-51.4397			2.7000			139.0000			-64.0000			-68.0000			
50.8617			-0.4147			-47.6234			2.8000			143.0000			-86.0000			-59.0000			
51.4061			-6.3526			-43.2620			1.7000			146.0000			-109.0000			-48.0000			
54.1285			-13.9099			-39.9909			0.2000			149.0000			-132.0000			-37.0000			
53.5840			-14.9895			-35.6295			2.9000			149.0000			-154.0000			-25.0000			
51.9506			-22.0069			-30.1777			-0.2000			150.0000			-176.0000			-13.0000			
50.8617			-27.4050			-23.0903			0.3000			149.0000			-197.0000			-1.0000			
53.5840			-30.1040			-21.4548			2.0000			147.0000			-216.0000			10.0000			
56.8509			-37.6613			-18.7289			0.4000			143.0000			-235.0000			22.0000			
57.9398			-40.9001			-16.0030			1.0000			139.0000			-252.0000			33.0000			
58.4843			-45.7584			-12.7319			0.0000			135.0000			-266.0000			45.0000			
58.4843			-48.9972			-8.9157			0.5000			130.0000			-281.0000			56.0000			
57.9398			-52.2360			-6.1898			-0.4000			125.0000			-292.0000			65.0000			
54.1285			-51.1564			-3.4639			-0.4000			118.0000			-305.0000			75.0000			
49.7727			-50.0768			0.3524			0.0000			111.0000			-312.0000			84.0000			
46.5059			-52.7758			4.7138			-1.5000			105.0000			-319.0000			93.0000			
39.4278			-50.6166			10.7108			-0.4000			96.0000			-324.0000			103.0000			
36.1609			-51.6962			14.5270			-1.0000			87.0000			-326.0000			108.0000			
32.3496			-52.2360			17.7981			-2.0000			77.0000			-327.0000			116.0000			
27.4494			-51.1564			22.7047			-0.9000			67.0000			-326.0000			123.0000			
23.0936			-51.1564			26.5210			-1.5000			56.0000			-324.0000			127.0000			
20.3712			-54.9351			31.9728			-2.5000			47.0000			-319.0000			132.0000			
17.1044			-57.6341			38.5149			-2.0000			35.0000			-311.0000			136.0000			
11.6597			-57.6341			44.5119			-1.4000			23.0000			-301.0000			138.0000			
8.9373			-60.3331			48.3282			-3.0000			12.0000			-289.0000			140.0000			
6.2150			-58.1739			50.5089			-1.4000			-1.0000			-278.0000			140.0000			
6.2150			-58.7137			49.4185			-3.0000			-10.0000			-266.0000			140.0000			
0.7702			-53.8555			49.4185			-3.6000			-21.0000			-254.0000			140.0000			
-6.3079			-50.0768			53.2348			-3.1000			-32.0000			-241.0000			139.0000			
-10.1192			-45.7584			52.6896			-3.1000			-42.0000			-225.0000			138.0000			
-13.9305			-40.9001			53.7799			-1.0000			-53.0000			-206.0000			134.0000			
-17.7418			-36.5817			51.5992			-2.7000			-63.0000			-185.0000			130.0000			
-22.6421			-31.1836			51.5992			-2.2000			-74.0000			-164.0000			125.0000			
-27.5423			-23.0866			48.8733			-1.7000			-83.0000			-143.0000			119.0000			
-30.2647			-20.9273			48.8733			-2.3000			-94.0000			-118.0000			113.0000			
-33.5315			-22.5467			53.2348			-2.8000			-102.0000			-94.0000			106.0000			
-38.4318			-20.3875			56.5058			-2.3000			-110.0000			-67.0000			96.0000			
-45.5099			-13.3701			55.4155			-3.4000			-117.0000			-43.0000			87.0000			
-48.2323			-10.1312			54.3251			-4.0000			-123.0000			-17.0000			79.0000			
-50.4102			-4.1934			53.7799			-0.8000			-129.0000			8.0000			69.0000			
-50.9546			-5.8128			53.2348			-3.5000			-134.0000			31.0000			61.0000			
-48.7767			-3.1138			50.5089			-1.3000			-138.0000			54.0000			50.0000			
-50.9546			1.2047			47.7830			-1.9000			-142.0000			76.0000			40.0000			
-50.9546			6.6027			42.8764			-1.4000			-145.0000			99.0000			29.0000			
-53.6770			13.6202			38.5149			-1.5000			-146.0000			123.0000			18.0000			
-53.1325			16.3192			33.6083			-3.2000			-147.0000			144.0000			6.0000			
-52.5880			22.2571			28.7017			-1.6000			-146.0000			167.0000			-5.0000			
-51.4991			27.6551			22.7047			-1.1000			-146.0000			190.0000			-17.0000			
-53.6770			30.3542			21.6144			-1.7000			-143.0000			209.0000			-29.0000			
-56.9438			36.8318			19.4336			-0.6000			-140.0000			227.0000			-41.0000			
-58.5772			42.2299			15.6174			-0.7000			-136.0000			244.0000			-52.0000			
-58.5772			45.4687			11.8011			-1.3000			-132.0000			259.0000			-63.0000			
-59.1217			50.8668			7.4397			-0.8000			-127.0000			273.0000			-74.0000			
-58.5772			50.8668			6.3493			-1.3000			-121.0000			286.0000			-84.0000			
-54.2215			50.8668			3.0783			-0.2000			-115.0000			296.0000			-93.0000			
-50.9546			51.4066			-0.1928			0.2000			-109.0000			305.0000			-101.0000			
-46.0544			51.9464			-5.0994			0.7000			-102.0000			311.0000			-108.0000			
-40.0652			52.4862			-12.1868			0.2000			-93.0000			315.0000			-117.0000			
-36.7984			52.4862			-14.3675			1.3000			-84.0000			319.0000			-124.0000			
-31.3536			52.4862			-19.2741			1.8000			-74.0000			319.0000			-132.0000			
-28.0868			51.4066			-22.0000			1.3000			-65.0000			318.0000			-139.0000			
-24.8200			50.8668			-25.8162			0.2000			-52.0000			315.0000			-143.0000			
-22.0976			55.7250			-32.9036			0.7000			-42.0000			311.0000			-148.0000			
-18.2863			58.4241			-38.9005			1.2000			-31.0000			301.0000			-153.0000			
-10.6637			57.8842			-44.8975			2.3000			-18.0000			292.0000			-154.0000			
-9.0303			59.5037			-48.7138			1.7000			-8.0000			280.0000			-156.0000			
-7.9413			59.5037			-49.2589			2.3000			3.0000			268.0000			-157.0000			
-7.3969			59.5037			-50.3493			1.7000			14.0000			256.0000			-157.0000			
-0.8632			53.5658			-49.8041			2.9000			24.0000			244.0000			-157.0000			
5.1260			50.3270			-53.0752			2.3000			35.0000			230.0000			-156.0000			
9.4818			45.4687			-51.9848			2.9000			44.0000			214.0000			-154.0000			
14.3820			41.6901			-53.6204			2.4000			57.0000			193.0000			-150.0000			
17.1044			37.3716			-51.9848			2.4000			67.0000			171.0000			-147.0000			
24.1825			30.3542			-51.4397			3.0000			78.0000			151.0000			-142.0000			
26.9049			23.3367			-49.2589			0.9000			88.0000			129.0000			-136.0000			
30.1717			21.7173			-49.2589			2.6000			95.0000			104.0000			-130.0000			
33.9830			23.3367			-54.1656			3.1000			104.0000			79.0000			-123.0000			
38.8833			21.1775			-57.9818			2.0000			112.0000			53.0000			-114.0000			
44.8725			12.5406			-55.8011			1.6000			118.0000			27.0000			-106.0000			
49.7727			7.6824			-54.7107			2.7000			126.0000			2.0000			-97.0000			
51.4061			6.0629			-55.2559			2.2000			130.0000			-23.0000			-87.0000			
51.4061			5.5231			-54.1656			2.7000			136.0000			-47.0000			-78.0000			
50.3172			2.8241			-50.8945			2.2000			139.0000			-71.0000			-68.0000			
51.4061			-1.4943			-47.6234			2.2000			143.0000			-92.0000			-58.0000			
53.0396			-8.5118			-43.2620			1.2000			144.0000			-116.0000			-48.0000			
54.6730			-13.9099			-38.9005			1.8000			146.0000			-141.0000			-38.0000			
53.5840			-16.6089			-35.0843			1.8000			147.0000			-164.0000			-25.0000			
51.9506			-22.5467			-29.6325			-0.2000			146.0000			-186.0000			-13.0000			
51.4061			-27.9448			-23.0903			0.3000			146.0000			-207.0000			-2.0000			
54.6730			-32.2632			-21.4548			0.9000			145.0000			-227.0000			9.0000			
57.3953			-37.1215			-19.2741			1.0000			141.0000			-247.0000			21.0000			
59.0288			-42.5195			-15.4578			1.0000			137.0000			-263.0000			32.0000			
59.5732			-47.3778			-12.1868			0.0000			131.0000			-279.0000			42.0000			
57.9398			-50.6166			-8.3705			-1.0000			126.0000			-292.0000			55.0000			
57.3953			-53.8555			-4.0091			-0.4000			120.0000			-305.0000			65.0000			
54.6730			-50.6166			-3.4639			0.5000			115.0000			-317.0000			74.0000			
50.8617			-50.0768			0.8976			1.6000			109.0000			-324.0000			82.0000			
45.9614			-51.6962			4.7138			-1.0000			101.0000			-332.0000			90.0000			
39.4278			-52.2360			12.3463			-0.4000			92.0000			-335.0000			98.0000			
35.0720			-53.3156			16.1626			-2.0000			82.0000			-337.0000			106.0000			
31.2607			-52.2360			19.9788			-0.9000			74.0000			-339.0000			112.0000			
26.3604			-51.6962			24.8854			-0.4000			63.0000			-338.0000			119.0000			
23.6381			-51.1564			27.0662			-0.4000			52.0000			-335.0000			124.0000			
20.3712			-54.9351			33.6083			-0.9000			41.0000			-329.0000			128.0000			
18.1933			-59.2535			39.6053			-1.4000			29.0000			-320.0000			132.0000			
10.5707			-57.6341			46.1474			-0.9000			19.0000			-310.0000			136.0000			
8.3928			-59.7933			48.8733			-2.5000			7.0000			-297.0000			137.0000			
6.7594			-58.7137			50.5089			-1.4000			-3.0000			-285.0000			138.0000			
5.6705			-58.7137			50.5089			-2.5000			-14.0000			-274.0000			139.0000			
0.7702			-54.3953			50.5089			-3.1000			-25.0000			-261.0000			137.0000			
-6.3079			-48.9972			52.6896			-2.6000			-36.0000			-247.0000			137.0000			
-10.1192			-44.6788			52.6896			-2.1000			-46.0000			-229.0000			134.0000			
-15.0195			-41.9797			53.7799			-3.2000			-57.0000			-208.0000			130.0000			
-18.2863			-37.1215			53.7799			-1.6000			-67.0000			-187.0000			126.0000			
-24.8200			-29.5642			51.5992			-2.7000			-77.0000			-165.0000			123.0000			
-28.0868			-22.5467			49.4185			-1.2000			-86.0000			-141.0000			118.0000			
-30.8092			-20.9273			49.9637			-1.7000			-95.0000			-117.0000			111.0000			
-34.6205			-22.0069			54.8703			-1.7000			-104.0000			-91.0000			104.0000			
-38.9762			-20.3875			56.5058			-2.8000			-111.0000			-65.0000			96.0000			
-46.0544			-11.7506			55.9607			-1.8000			-118.0000			-39.0000			88.0000			
-48.7767			-7.9720			54.3251			-2.4000			-125.0000			-14.0000			77.0000			
-52.0436			-4.7332			54.8703			-1.9000			-129.0000			12.0000			69.0000			
-52.0436			-4.1934			53.2348			-2.9000			-134.0000			36.0000			59.0000			
-49.8657			-2.5739			51.0540			-1.3000			-137.0000			59.0000			50.0000			
-52.0436			2.2843			48.3282			-1.4000			-141.0000			84.0000			40.0000			
-52.5880			7.6824			42.8764			-2.0000			-143.0000			108.0000			29.0000			
-54.7659			13.0804			39.0601			-2.6000			-144.0000			130.0000			18.0000			
-53.1325			17.9387			34.1535			-1.0000			-145.0000			155.0000			6.0000			
-52.5880			23.8765			28.7017			0.0000			-145.0000			177.0000			-5.0000			
-52.0436			28.1950			22.7047			-1.1000			-143.0000			199.0000			-16.0000			
-53.6770			33.0532			20.5240			0.0000			-141.0000			221.0000			-27.0000			
-56.9438			37.9114			18.8885			-0.1000			-137.0000			240.0000			-39.0000			
-59.1217			42.7697			15.0722			-1.2000			-133.0000			256.0000			-50.0000			
