-38.0568			41.2642			-3.0395			0.1000			-120.0000			76.0000			16.0000			
-40.2330			41.2642			0.2256			1.2000			-122.0000			70.0000			25.0000			
-39.6890			37.9668			1.8582			0.1000			-121.0000			63.0000			32.0000			
-41.3211			33.5703			6.7559			-0.9000			-121.0000			54.0000			41.0000			
-40.2330			28.0746			11.1094			-1.0000			-121.0000			45.0000			49.0000			
-39.1449			22.5790			16.0071			-0.5000			-120.0000			38.0000			54.0000			
-41.8652			23.1286			19.8165			1.0000			-118.0000			28.0000			63.0000			
-41.8652			18.1825			22.5374			-1.1000			-116.0000			18.0000			70.0000			
-42.9532			20.3808			23.0816			0.5000			-112.0000			8.0000			75.0000			
-42.9532			18.1825			24.7142			0.0000			-107.0000			-1.0000			80.0000			
-42.4092			14.8851			28.5235			1.0000			-103.0000			-11.0000			86.0000			
-39.6890			8.8399			30.1561			-0.6000			-99.0000			-19.0000			91.0000			
-39.6890			6.6417			32.3328			-0.7000			-93.0000			-29.0000			95.0000			
-40.2330			4.9930			36.1421			0.9000			-88.0000			-39.0000			97.0000			
-40.7771			2.2452			38.3189			-0.2000			-83.0000			-47.0000			100.0000			
-41.3211			2.2452			38.8631			-0.2000			-77.0000			-56.0000			103.0000			
-38.6009			-1.6018			39.9515			-0.2000			-69.0000			-65.0000			103.0000			
-33.7044			-6.5478			41.0398			0.7000			-62.0000			-72.0000			104.0000			
-27.7199			-11.4939			39.4073			0.1000			-56.0000			-80.0000			105.0000			
-22.2794			-15.8904			37.7747			-0.3000			-47.0000			-88.0000			105.0000			
-21.7354			-19.1878			42.1282			1.2000			-38.0000			-95.0000			103.0000			
-19.0151			-22.4852			41.0398			-0.4000			-30.0000			-102.0000			102.0000			
-21.1913			-21.9356			43.7608			0.6000			-21.0000			-109.0000			99.0000			
-17.3830			-25.7826			42.6724			-0.4000			-13.0000			-114.0000			95.0000			
-13.5747			-27.4313			41.0398			0.0000			-4.0000			-119.0000			91.0000			
-8.1342			-30.1791			37.7747			-0.5000			5.0000			-122.0000			87.0000			
-5.9580			-32.9269			38.3189			-0.5000			12.0000			-126.0000			83.0000			
-4.3258			-35.6747			39.9515			0.0000			20.0000			-129.0000			78.0000			
-2.1497			-37.8730			39.9515			0.0000			28.0000			-129.0000			71.0000			
-1.0616			-37.8730			39.4073			0.4000			35.0000			-132.0000			66.0000			
4.3789			-39.5217			36.1421			1.0000			42.0000			-132.0000			58.0000			
8.7313			-38.4225			31.2444			1.5000			48.0000			-132.0000			51.0000			
13.6277			-36.7738			24.7142			1.5000			56.0000			-130.0000			45.0000			
18.5242			-40.0712			20.9048			-0.6000			61.0000			-129.0000			38.0000			
21.7885			-38.9721			18.1839			0.9000			67.0000			-126.0000			28.0000			
25.0527			-43.3686			18.1839			-0.1000			73.0000			-123.0000			20.0000			
25.0527			-45.0173			19.2723			-0.6000			78.0000			-120.0000			11.0000			
27.2289			-41.7199			15.4629			0.9000			82.0000			-115.0000			1.0000			
29.4051			-40.6208			12.1978			0.9000			86.0000			-109.0000			-7.0000			
33.2135			-38.9721			6.2117			0.4000			88.0000			-105.0000			-13.0000			
35.3897			-40.0712			4.5792			-0.1000			91.0000			-99.0000			-22.0000			
38.1099			-40.0712			2.4024			0.4000			93.0000			-92.0000			-31.0000			
39.7420			-39.5217			-0.8627			-0.6000			95.0000			-85.0000			-38.0000			
39.1980			-37.3234			-1.9511			0.0000			95.0000			-77.0000			-47.0000			
40.2861			-34.0260			-6.3046			0.0000			94.0000			-69.0000			-55.0000			
40.2861			-29.0799			-10.6581			0.5000			95.0000			-61.0000			-61.0000			
38.1099			-22.4852			-15.5559			0.0000			94.0000			-53.0000			-69.0000			
40.8301			-22.4852			-19.9094			-1.5000			91.0000			-43.0000			-76.0000			
40.2861			-17.5391			-23.7187			-0.9000			88.0000			-34.0000			-83.0000			
43.5504			-19.7374			-23.1745			0.6000			85.0000			-25.0000			-89.0000			
43.0063			-18.6382			-24.8071			-0.4000			81.0000			-13.0000			-94.0000			
41.3742			-14.2417			-28.0722			-0.9000			77.0000			-5.0000			-101.0000			
39.1980			-8.7461			-29.7048			0.7000			71.0000			4.0000			-104.0000			
38.6539			-6.5478			-32.4257			-0.3000			67.0000			14.0000			-108.0000			
40.8301			-4.8992			-36.2350			-0.3000			60.0000			22.0000			-111.0000			
40.8301			-2.7009			-37.3234			0.8000			55.0000			32.0000			-114.0000			
40.8301			-2.1513			-38.9560			-0.2000			48.0000			41.0000			-116.0000			
38.1099			2.2452			-40.0444			0.3000			41.0000			49.0000			-117.0000			
32.1254			7.1912			-40.0444			-0.7000			34.0000			57.0000			-118.0000			
27.2289			11.0382			-38.4118			-0.1000			27.0000			65.0000			-118.0000			
22.8766			15.9843			-38.4118			0.4000			19.0000			74.0000			-118.0000			
21.2444			19.8312			-41.1328			0.0000			10.0000			80.0000			-117.0000			
19.6123			23.1286			-42.2211			0.5000			2.0000			87.0000			-114.0000			
21.2444			22.5790			-43.8537			0.0000			-7.0000			94.0000			-113.0000			
17.4361			24.2277			-43.3095			-1.6000			-15.0000			98.0000			-109.0000			
13.6277			26.9755			-41.1328			-0.5000			-24.0000			104.0000			-105.0000			
8.1873			30.2729			-37.3234			1.1000			-32.0000			107.0000			-101.0000			
6.0111			33.0207			-38.9560			0.0000			-39.0000			110.0000			-96.0000			
4.3789			35.2190			-40.5886			-0.9000			-46.0000			113.0000			-90.0000			
3.2908			37.9668			-40.5886			0.6000			-54.0000			114.0000			-85.0000			
1.1146			37.4172			-39.5002			-0.9000			-62.0000			117.0000			-80.0000			
-3.7818			39.0659			-35.1467			0.1000			-69.0000			116.0000			-73.0000			
-8.6782			38.5164			-30.7932			-0.9000			-76.0000			117.0000			-67.0000			
-13.0306			37.4172			-24.8071			-0.4000			-82.0000			116.0000			-58.0000			
-16.8389			39.0659			-21.5419			0.6000			-88.0000			113.0000			-51.0000			
-21.7354			38.5164			-18.2768			-1.4000			-94.0000			111.0000			-43.0000			
-23.9116			43.4624			-18.8210			0.7000			-100.0000			108.0000			-33.0000			
-24.4556			44.0120			-19.3652			0.1000			-105.0000			102.0000			-24.0000			
-26.0878			41.2642			-15.0117			0.1000			-110.0000			98.0000			-15.0000			
-28.8080			40.1650			-11.7465			-0.3000			-113.0000			93.0000			-7.0000			
-32.0723			38.5164			-6.3046			0.1000			-116.0000			88.0000			1.0000			
-35.3366			39.0659			-4.1279			-0.3000			-119.0000			82.0000			8.0000			
-38.6009			39.6155			-1.9511			-0.9000			-121.0000			75.0000			16.0000			
-39.6890			40.7146			-0.3185			0.7000			-121.0000			68.0000			26.0000			
-39.1449			36.8677			2.4024			0.1000			-122.0000			61.0000			33.0000			
-40.2330			33.0207			6.7559			-0.4000			-122.0000			53.0000			40.0000			
-39.6890			28.0746			11.1094			-0.5000			-121.0000			45.0000			48.0000			
-39.1449			22.0294			16.0071			-1.1000			-121.0000			36.0000			56.0000			
-40.2330			22.0294			19.2723			1.0000			-118.0000			27.0000			62.0000			
-40.2330			18.1825			23.0816			1.0000			-116.0000			17.0000			70.0000			
-43.4973			20.3808			23.0816			0.0000			-111.0000			7.0000			76.0000			
-43.4973			18.1825			24.7142			-0.5000			-108.0000			-3.0000			83.0000			
-41.8652			13.7860			27.9793			-0.1000			-103.0000			-12.0000			87.0000			
-39.1449			9.9391			29.6119			0.4000			-99.0000			-21.0000			92.0000			
-39.1449			5.5425			32.3328			-1.2000			-92.0000			-30.0000			95.0000			
-39.6890			4.4434			35.5979			0.3000			-88.0000			-39.0000			98.0000			
-40.7771			2.7947			37.7747			-0.2000			-82.0000			-49.0000			101.0000			
-40.2330			2.2452			37.7747			-0.2000			-75.0000			-55.0000			103.0000			
-36.9687			-2.1513			39.9515			0.8000			-68.0000			-65.0000			104.0000			
-32.0723			-7.6470			39.9515			0.2000			-61.0000			-73.0000			104.0000			
-26.0878			-12.0435			38.3189			0.1000			-54.0000			-81.0000			105.0000			
-22.2794			-16.4400			38.3189			-0.4000			-46.0000			-89.0000			103.0000			
-20.1032			-18.0887			40.4957			2.2000			-38.0000			-97.0000			103.0000			
-19.5592			-22.4852			41.5840			-0.4000			-28.0000			-103.0000			100.0000			
-20.1032			-21.9356			43.7608			1.7000			-19.0000			-109.0000			97.0000			
-16.8389			-24.6834			41.5840			0.0000			-11.0000			-114.0000			94.0000			
-13.0306			-26.3321			39.9515			0.5000			-4.0000			-119.0000			91.0000			
-7.0461			-29.6295			36.6863			0.0000			5.0000			-123.0000			87.0000			
-5.9580			-32.3773			37.7747			-0.5000			13.0000			-126.0000			82.0000			
-3.7818			-35.6747			39.9515			0.4000			20.0000			-128.0000			77.0000			
-2.1497			-37.3234			38.8631			-0.6000			30.0000			-130.0000			72.0000			
-0.5175			-36.7738			38.3189			1.0000			38.0000			-132.0000			65.0000			
4.3789			-38.4225			35.5979			1.5000			44.0000			-131.0000			58.0000			
9.2754			-38.4225			30.1561			1.0000			50.0000			-131.0000			51.0000			
14.1718			-36.7738			23.0816			0.4000			57.0000			-130.0000			46.0000			
17.9801			-39.5217			20.9048			-0.6000			63.0000			-129.0000			37.0000			
21.7885			-38.9721			18.1839			0.9000			69.0000			-126.0000			29.0000			
23.9646			-42.8190			18.1839			-0.6000			75.0000			-122.0000			19.0000			
25.0527			-43.3686			18.1839			-0.1000			79.0000			-117.0000			11.0000			
27.2289			-40.6208			14.9188			1.5000			83.0000			-113.0000			2.0000			
28.8611			-40.0712			11.6536			0.4000			87.0000			-107.0000			-6.0000			
33.2135			-38.4225			5.6675			0.4000			90.0000			-103.0000			-14.0000			
35.9337			-40.0712			4.0350			-0.1000			92.0000			-97.0000			-22.0000			
38.1099			-39.5217			1.3140			0.0000			94.0000			-91.0000			-31.0000			
39.7420			-38.9721			-0.3185			0.4000			95.0000			-82.0000			-39.0000			
40.2861			-35.6747			-1.9511			2.6000			96.0000			-76.0000			-47.0000			
39.7420			-32.9269			-6.3046			0.5000			95.0000			-67.0000			-54.0000			
39.7420			-27.4313			-11.7465			0.5000			95.0000			-60.0000			-62.0000			
38.6539			-21.9356			-15.5559			1.1000			93.0000			-50.0000			-68.0000			
40.2861			-20.8365			-19.9094			-0.4000			91.0000			-42.0000			-77.0000			
41.3742			-16.9896			-24.2629			0.1000			88.0000			-32.0000			-83.0000			
43.0063			-19.7374			-23.1745			0.0000			85.0000			-23.0000			-89.0000			
43.0063			-18.0887			-25.3513			-0.4000			79.0000			-12.0000			-96.0000			
41.3742			-13.6922			-28.0722			-0.3000			76.0000			-3.0000			-100.0000			
38.6539			-9.2957			-29.7048			-0.3000			71.0000			7.0000			-104.0000			
39.1980			-6.5478			-32.9699			-0.3000			65.0000			15.0000			-109.0000			
40.8301			-3.8000			-36.2350			0.7000			60.0000			23.0000			-112.0000			
41.3742			-2.7009			-38.4118			0.2000			54.0000			34.0000			-115.0000			
40.8301			-2.7009			-38.9560			-0.8000			48.0000			42.0000			-117.0000			
37.5658			3.3443			-41.1328			-0.2000			41.0000			50.0000			-118.0000			
32.1254			7.7408			-40.5886			-0.7000			33.0000			57.0000			-118.0000			
26.6849			12.1373			-38.9560			-0.1000			26.0000			65.0000			-119.0000			
22.3325			17.6329			-38.9560			1.0000			17.0000			73.0000			-118.0000			
20.7004			19.8312			-41.1328			-0.6000			10.0000			81.0000			-117.0000			
19.0682			23.6781			-42.7653			0.0000			-1.0000			87.0000			-115.0000			
20.7004			23.1286			-44.9421			-1.1000			-9.0000			94.0000			-112.0000			
16.8920			24.7773			-42.2211			-0.5000			-17.0000			98.0000			-108.0000			
13.0837			26.9755			-40.5886			-0.5000			-25.0000			102.0000			-104.0000			
7.6432			30.2729			-38.4118			-0.4000			-33.0000			106.0000			-101.0000			
6.0111			33.5703			-38.4118			1.1000			-41.0000			110.0000			-97.0000			
4.3789			36.3181			-40.0444			0.6000			-49.0000			112.0000			-91.0000			
2.2027			37.9668			-40.5886			-0.4000			-57.0000			114.0000			-85.0000			
1.1146			36.8677			-38.4118			-0.4000			-65.0000			116.0000			-79.0000			
-4.8699			38.5164			-34.6025			-0.9000			-71.0000			115.0000			-73.0000			
-9.2223			38.5164			-29.7048			-0.4000			-77.0000			115.0000			-65.0000			
-14.1187			36.8677			-23.7187			-0.9000			-85.0000			114.0000			-58.0000			
-17.9270			40.1650			-22.0861			0.1000			-91.0000			111.0000			-51.0000			
-21.1913			39.0659			-18.2768			-0.3000			-96.0000			110.0000			-42.0000			
-23.3675			42.9129			-19.3652			0.1000			-101.0000			106.0000			-33.0000			
-24.9997			43.4624			-18.2768			0.1000			-107.0000			101.0000			-24.0000			
-26.6318			41.2642			-14.4675			0.1000			-112.0000			95.0000			-16.0000			
-28.8080			39.0659			-10.6581			-0.3000			-114.0000			92.0000			-8.0000			
-32.6163			37.9668			-5.2163			0.1000			-118.0000			86.0000			0.0000			
-35.3366			38.5164			-4.1279			-0.9000			-120.0000			79.0000			9.0000			
-38.0568			39.0659			-2.4953			-1.4000			-122.0000			73.0000			16.0000			
-39.1449			39.6155			-0.3185			0.1000			-123.0000			67.0000			25.0000			
-39.1449			35.7685			2.9466			-0.4000			-123.0000			59.0000			33.0000			
-40.2330			32.4712			7.8443			0.0000			-123.0000			50.0000			41.0000			
-39.1449			26.9755			12.1978			0.0000			-122.0000			43.0000			49.0000			
-38.6009			22.0294			16.5513			0.0000			-120.0000			34.0000			55.0000			
-40.2330			20.9303			19.8165			0.5000			-119.0000			25.0000			62.0000			
-41.8652			18.1825			23.0816			-0.5000			-116.0000			14.0000			70.0000			
-43.4973			19.8312			24.1700			0.4000			-111.0000			4.0000			77.0000			
-42.9532			17.0834			26.3467			0.4000			-107.0000			-5.0000			81.0000			
-41.3211			13.2364			28.5235			0.4000			-103.0000			-15.0000			86.0000			
-39.1449			8.2904			30.7002			-0.1000			-98.0000			-23.0000			90.0000			
-39.1449			6.0921			32.8770			-0.1000			-93.0000			-32.0000			94.0000			
-39.6890			3.8939			35.5979			-0.1000			-88.0000			-40.0000			97.0000			
-40.7771			1.6956			38.8631			-0.2000			-81.0000			-51.0000			100.0000			
-39.6890			2.2452			38.8631			1.4000			-74.0000			-58.0000			103.0000			
-35.8806			-4.3496			40.4957			0.2000			-66.0000			-66.0000			104.0000			
-30.4401			-8.7461			41.0398			1.8000			-60.0000			-74.0000			105.0000			
-24.4556			-12.5930			37.7747			0.7000			-52.0000			-81.0000			106.0000			
-22.2794			-16.9896			39.4073			0.1000			-44.0000			-90.0000			104.0000			
-18.4711			-20.8365			39.9515			0.6000			-37.0000			-96.0000			104.0000			
-19.5592			-23.0347			43.2166			0.6000			-28.0000			-102.0000			101.0000			
-19.5592			-23.5843			44.3050			1.1000			-18.0000			-109.0000			98.0000			
-15.7509			-25.2330			41.5840			0.6000			-9.0000			-113.0000			94.0000			
-11.3985			-27.9808			40.4957			1.1000			-1.0000			-118.0000			91.0000			
-5.9580			-31.2782			37.7747			0.5000			6.0000			-122.0000			87.0000			
-4.8699			-33.4765			39.4073			1.0000			13.0000			-125.0000			82.0000			
-2.6937			-36.7738			39.9515			0.4000			23.0000			-129.0000			78.0000			
-1.0616			-38.4225			39.4073			0.0000			30.0000			-129.0000			71.0000			
0.0265			-37.8730			37.7747			0.0000			39.0000			-130.0000			65.0000			
5.4670			-38.4225			33.9654			1.0000			45.0000			-130.0000			59.0000			
10.9075			-40.0712			29.6119			0.4000			52.0000			-130.0000			51.0000			
15.8039			-36.7738			22.5374			1.5000			59.0000			-129.0000			46.0000			
19.6123			-40.6208			21.4490			0.4000			66.0000			-126.0000			37.0000			
22.8766			-39.5217			16.5513			0.0000			72.0000			-122.0000			29.0000			
24.5087			-42.2695			18.1839			0.4000			78.0000			-119.0000			20.0000			
25.5968			-43.9182			17.6397			-0.6000			82.0000			-116.0000			13.0000			
27.2289			-41.1703			13.2862			-0.6000			86.0000			-110.0000			4.0000			
31.0373			-39.5217			10.0210			1.5000			91.0000			-104.0000			-5.0000			
34.3016			-38.9721			4.5792			0.0000			93.0000			-99.0000			-12.0000			
35.9337			-39.5217			2.9466			-0.6000			95.0000			-93.0000			-19.0000			
39.1980			-40.0712			0.7698			-0.1000			97.0000			-86.0000			-29.0000			
39.7420			-38.9721			-0.8627			0.0000			99.0000			-79.0000			-36.0000			
40.2861			-35.6747			-3.5837			1.0000			99.0000			-71.0000			-44.0000			
40.2861			-31.8278			-7.9372			0.5000			97.0000			-64.0000			-51.0000			
39.1980			-27.4313			-13.3791			-1.6000			98.0000			-56.0000			-60.0000			
39.7420			-22.4852			-16.6442			0.6000			95.0000			-46.0000			-68.0000			
40.2861			-20.2869			-20.4536			-0.4000			93.0000			-38.0000			-75.0000			
41.9182			-18.0887			-24.8071			-0.9000			89.0000			-29.0000			-83.0000			
44.0944			-19.7374			-23.7187			0.6000			86.0000			-19.0000			-89.0000			
42.4623			-16.4400			-25.8955			0.1000			82.0000			-9.0000			-94.0000			
41.3742			-12.5930			-28.6164			0.1000			77.0000			-1.0000			-99.0000			
38.6539			-6.5478			-30.7932			1.3000			72.0000			9.0000			-104.0000			
38.6539			-5.4487			-33.5141			-0.3000			67.0000			17.0000			-108.0000			
41.3742			-4.3496			-36.2350			0.7000			60.0000			27.0000			-111.0000			
41.3742			-2.1513			-38.9560			0.2000			53.0000			35.0000			-113.0000			
40.2861			-1.0522			-39.5002			-0.2000			47.0000			43.0000			-116.0000			
35.9337			4.9930			-40.0444			0.8000			40.0000			51.0000			-118.0000			
31.0373			8.8399			-41.1328			-1.2000			32.0000			59.0000			-119.0000			
25.0527			13.2364			-38.9560			-0.6000			25.0000			66.0000			-119.0000			
22.8766			17.0834			-40.0444			0.0000			15.0000			74.0000			-119.0000			
19.6123			20.3808			-40.5886			-0.5000			8.0000			80.0000			-118.0000			
20.7004			23.6781			-43.3095			1.0000			-2.0000			88.0000			-115.0000			
20.7004			23.6781			-43.8537			0.5000			-11.0000			94.0000			-113.0000			
16.3480			25.3268			-42.2211			-0.5000			-20.0000			98.0000			-109.0000			
11.9956			27.5251			-40.5886			-1.0000			-27.0000			102.0000			-105.0000			
6.5551			31.3720			-37.8676			0.0000			-35.0000			106.0000			-101.0000			
6.0111			34.1198			-40.0444			0.0000			-44.0000			110.0000			-97.0000			
3.2908			37.4172			-40.5886			0.1000			-51.0000			111.0000			-92.0000			
2.2027			37.9668			-40.0444			0.1000			-59.0000			114.0000			-86.0000			
0.0265			37.4172			-37.8676			-0.4000			-66.0000			115.0000			-80.0000			
-6.5020			40.1650			-34.0583			-0.3000			-73.0000			113.0000			-73.0000			
-9.7663			38.5164			-29.7048			-0.9000			-79.0000			113.0000			-67.0000			
-14.1187			36.3181			-23.1745			-0.9000			-86.0000			111.0000			-60.0000			
-18.4711			40.1650			-20.9977			0.7000			-92.0000			111.0000			-51.0000			
-22.2794			38.5164			-17.1884			-0.9000			-99.0000			108.0000			-42.0000			
-23.3675			43.4624			-19.3652			0.7000			-103.0000			104.0000			-34.0000			
-24.9997			43.4624			-17.1884			1.2000			-108.0000			99.0000			-25.0000			
-27.1759			41.2642			-14.4675			-0.3000			-113.0000			94.0000			-16.0000			
-29.8961			39.6155			-9.5698			0.1000			-116.0000			88.0000			-8.0000			
-33.1604			38.5164			-5.7604			-0.4000			-119.0000			84.0000			-1.0000			
-36.4247			39.6155			-4.1279			-0.9000			-121.0000			77.0000			8.0000			
-39.1449			40.7146			-1.9511			-0.3000			-123.0000			71.0000			17.0000			
-39.6890			39.6155			-0.3185			-0.3000			-124.0000			64.0000			26.0000			
-40.2330			36.3181			3.4908			-0.4000			-123.0000			57.0000			34.0000			
-40.2330			31.3720			8.3885			-0.4000			-124.0000			48.0000			40.0000			
-38.0568			26.9755			13.2862			2.2000			-123.0000			42.0000			49.0000			
-40.2330			22.0294			17.0955			-1.1000			-122.0000			32.0000			56.0000			
-39.6890			20.3808			19.8165			0.5000			-119.0000			22.0000			63.0000			
-41.8652			18.7321			23.0816			0.0000			-116.0000			13.0000			70.0000			
-44.0413			20.3808			24.1700			0.5000			-112.0000			3.0000			77.0000			
-42.9532			17.0834			25.8025			0.0000			-108.0000			-7.0000			82.0000			
-41.3211			13.2364			28.5235			0.4000			-104.0000			-16.0000			86.0000			
-38.6009			7.7408			30.1561			-0.7000			-97.0000			-25.0000			92.0000			
-39.1449			4.9930			33.9654			-0.1000			-92.0000			-34.0000			95.0000			
-39.6890			3.8939			35.5979			-0.1000			-87.0000			-41.0000			98.0000			
-40.7771			2.2452			38.8631			0.3000			-81.0000			-51.0000			100.0000			
-40.2330			1.1460			38.8631			-0.2000			-73.0000			-59.0000			102.0000			
-34.7925			-3.8000			39.4073			0.8000			-67.0000			-67.0000			103.0000			
-30.9842			-8.7461			39.4073			-0.3000			-59.0000			-75.0000			105.0000			
-23.9116			-13.6922			38.3189			0.7000			-52.0000			-83.0000			104.0000			
-22.2794			-17.5391			39.9515			0.1000			-43.0000			-91.0000			103.0000			
-19.5592			-19.1878			38.8631			0.1000			-36.0000			-98.0000			103.0000			
-20.1032			-23.0347			43.2166			0.0000			-25.0000			-104.0000			100.0000			
-20.1032			-23.5843			43.2166			-0.4000			-17.0000			-109.0000			98.0000			
-15.7509			-25.2330			41.5840			0.6000			-9.0000			-115.0000			95.0000			
-11.3985			-27.9808			38.8631			-0.5000			-1.0000			-119.0000			91.0000			
-5.9580			-31.2782			36.6863			-0.5000			8.0000			-122.0000			86.0000			
-5.4139			-32.9269			38.8631			0.5000			16.0000			-126.0000			81.0000			
-2.6937			-36.2243			39.9515			1.0000			24.0000			-129.0000			77.0000			
-2.1497			-37.8730			39.4073			-0.6000			33.0000			-128.0000			71.0000			
0.0265			-36.7738			37.2305			0.4000			40.0000			-130.0000			64.0000			
6.5551			-38.4225			33.9654			2.0000			47.0000			-129.0000			59.0000			
10.9075			-38.9721			28.5235			0.4000			54.0000			-129.0000			52.0000			
15.8039			-37.3234			21.9932			0.4000			61.0000			-127.0000			45.0000			
19.0682			-40.0712			20.9048			-0.1000			67.0000			-125.0000			38.0000			
22.8766			-39.5217			16.5513			0.0000			75.0000			-120.0000			29.0000			
12.5396			-8.7461			16.5513			20.3000			81.0000			-114.0000			21.0000			
27.2289			1.1460			21.9932			50.3000			101.0000			-94.0000			25.0000			
11.9956			-42.2695			-2.4953			-32.7000			131.0000			-61.0000			45.0000			
28.8611			-47.7651			4.5792			-14.3000			149.0000			-46.0000			51.0000			
37.0218			-45.5668			9.4769			0.9000			151.0000			-44.0000			42.0000			
40.8301			-41.7199			14.3746			13.4000			151.0000			-38.0000			35.0000			
33.7575			-50.5129			-3.0395			-19.8000			155.0000			-30.0000			28.0000			
40.8301			-39.5217			-0.3185			0.9000			151.0000			-28.0000			17.0000			
41.3742			-31.2782			-1.9511			8.1000			147.0000			-24.0000			6.0000			
38.1099			-32.3773			-10.6581			-4.9000			146.0000			-16.0000			-5.0000			
37.5658			-27.4313			-15.5559			-5.4000			144.0000			-11.0000			-16.0000			
41.3742			-21.9356			-15.5559			3.8000			136.0000			-5.0000			-28.0000			
40.8301			-21.9356			-19.3652			-0.4000			131.0000			0.0000			-39.0000			
39.7420			-20.2869			-24.8071			-5.3000			125.0000			7.0000			-50.0000			
43.5504			-20.2869			-23.7187			-0.4000			116.0000			13.0000			-61.0000			
43.0063			-16.9896			-26.9838			-0.9000			108.0000			18.0000			-71.0000			
39.7420			-12.0435			-29.1606			-1.4000			98.0000			22.0000			-78.0000			
37.5658			-7.0974			-32.4257			-1.9000			89.0000			26.0000			-88.0000			
38.1099			-5.9983			-34.6025			-2.4000			79.0000			30.0000			-97.0000			
39.7420			-5.4487			-36.7792			-2.4000			68.0000			34.0000			-103.0000			
40.8301			-4.3496			-38.4118			-1.9000			56.0000			38.0000			-112.0000			
39.1980			-3.2505			-38.9560			-3.0000			45.0000			42.0000			-118.0000			
34.8456			3.3443			-40.0444			-1.8000			33.0000			45.0000			-125.0000			
29.4051			8.8399			-40.0444			-1.8000			21.0000			46.0000			-130.0000			
23.4206			13.7860			-38.4118			-1.2000			9.0000			50.0000			-135.0000			
21.2444			17.0834			-41.1328			-2.8000			-5.0000			54.0000			-139.0000			
18.5242			19.8312			-39.5002			-1.1000			-18.0000			57.0000			-142.0000			
20.1563			21.4799			-42.7653			-1.1000			-31.0000			59.0000			-145.0000			
19.6123			22.5790			-44.3979			-2.2000			-44.0000			60.0000			-145.0000			
14.7158			24.7773			-41.6769			-2.1000			-57.0000			62.0000			-146.0000			
10.3635			28.0746			-40.5886			-2.1000			-69.0000			61.0000			-146.0000			
6.5551			30.8225			-38.4118			-1.0000			-80.0000			62.0000			-145.0000			
4.9230			33.0207			-38.9560			-1.0000			-90.0000			62.0000			-144.0000			
2.2027			35.7685			-40.0444			-2.0000			-102.0000			60.0000			-142.0000			
2.2027			36.8677			-39.5002			-0.4000			-112.0000			60.0000			-139.0000			
-1.0616			35.7685			-37.3234			-2.6000			-122.0000			58.0000			-134.0000			
-5.9580			37.9668			-32.9699			-0.9000			-130.0000			57.0000			-130.0000			
-10.3104			38.5164			-28.6164			-0.4000			-138.0000			54.0000			-124.0000			
-14.6628			36.8677			-22.6303			-0.4000			-146.0000			52.0000			-119.0000			
-19.0151			39.6155			-20.9977			-0.3000			-154.0000			49.0000			-111.0000			
-22.2794			39.6155			-17.1884			0.1000			-161.0000			46.0000			-103.0000			
-22.8235			42.3633			-19.3652			0.1000			-166.0000			43.0000			-93.0000			
-24.9997			41.8137			-16.6442			0.1000			-170.0000			38.0000			-85.0000			
-26.0878			40.1650			-13.9233			0.1000			-173.0000			33.0000			-75.0000			
-29.3521			39.0659			-9.0256			0.6000			-175.0000			30.0000			-66.0000			
-33.1604			39.0659			-5.7604			0.1000			-177.0000			25.0000			-57.0000			
-35.8806			40.1650			-4.1279			0.1000			-177.0000			21.0000			-46.0000			
-38.0568			39.6155			-0.8627			0.6000			-177.0000			16.0000			-36.0000			
-38.0568			39.0659			0.2256			1.2000			-176.0000			12.0000			-25.0000			
-39.6890			35.2190			4.5792			0.1000			-173.0000			7.0000			-15.0000			
-39.6890			30.8225			8.9327			0.0000			-169.0000			2.0000			-5.0000			
-37.5128			25.3268			13.8304			1.6000			-166.0000			-3.0000			6.0000			
-39.1449			22.5790			17.0955			0.5000			-160.0000			-7.0000			18.0000			
-38.6009			18.7321			20.9048			1.0000			-154.0000			-14.0000			30.0000			
-40.7771			18.7321			24.1700			2.1000			-146.0000			-21.0000			39.0000			
-41.3211			19.8312			23.6258			2.1000			-139.0000			-25.0000			50.0000			
-41.8652			17.0834			26.3467			1.5000			-130.0000			-31.0000			60.0000			
-39.6890			12.6869			28.5235			1.5000			-121.0000			-36.0000			69.0000			
-36.9687			7.1912			31.2444			1.4000			-111.0000			-39.0000			77.0000			
-38.0568			6.0921			33.9654			2.0000			-100.0000			-43.0000			85.0000			
-39.1449			3.8939			37.2305			1.9000			-91.0000			-47.0000			94.0000			
-39.6890			2.7947			38.8631			1.9000			-79.0000			-51.0000			102.0000			
-39.1449			1.6956			38.8631			1.4000			-69.0000			-56.0000			108.0000			
-33.7044			-4.3496			40.4957			2.4000			-56.0000			-58.0000			114.0000			
-29.3521			-8.7461			38.8631			0.7000			-45.0000			-61.0000			119.0000			
-23.3675			-13.1426			38.3189			1.8000			-32.0000			-65.0000			124.0000			
-21.1913			-17.5391			41.0398			2.3000			-20.0000			-67.0000			128.0000			
-17.9270			-20.8365			38.8631			0.1000			-7.0000			-70.0000			130.0000			
-20.1032			-21.9356			43.2166			1.1000			7.0000			-73.0000			133.0000			
-18.4711			-23.5843			43.2166			1.1000			19.0000			-74.0000			133.0000			
-14.6628			-25.2330			41.5840			1.6000			31.0000			-75.0000			134.0000			
-9.7663			-27.9808			39.4073			1.6000			44.0000			-76.0000			133.0000			
-5.4139			-31.2782			37.2305			0.5000			55.0000			-76.0000			132.0000			
-4.8699			-32.9269			38.8631			1.0000			66.0000			-77.0000			130.0000			
-2.6937			-36.7738			39.4073			0.0000			76.0000			-76.0000			128.0000			
-2.1497			-37.3234			39.4073			0.0000			87.0000			-75.0000			123.0000			
1.6587			-37.3234			37.2305			1.5000			95.0000			-74.0000			119.0000			
6.5551			-37.8730			32.3328			1.0000			105.0000			-74.0000			116.0000			
11.4515			-38.4225			27.4351			0.4000			112.0000			-72.0000			109.0000			
15.2599			-37.8730			22.5374			0.0000			119.0000			-69.0000			102.0000			
19.6123			-39.5217			19.8165			0.0000			127.0000			-67.0000			96.0000			
23.4206			-40.6208			17.0955			-0.1000			133.0000			-63.0000			86.0000			
23.4206			-42.2695			19.2723			0.4000			138.0000			-60.0000			76.0000			
25.5968			-42.2695			16.5513			-0.1000			141.0000			-56.0000			67.0000			
27.2289			-40.6208			13.8304			0.4000			144.0000			-51.0000			58.0000			
30.4932			-38.9721			7.8443			-0.6000			146.0000			-48.0000			49.0000			
33.7575			-38.9721			5.1233			0.0000			148.0000			-44.0000			39.0000			
37.0218			-39.5217			2.4024			0.0000			147.0000			-40.0000			30.0000			
38.6539			-40.6208			0.2256			-1.7000			147.0000			-35.0000			18.0000			
38.1099			-38.9721			-0.3185			-1.1000			145.0000			-30.0000			8.0000			
39.1980			-34.5756			-4.6721			0.0000			144.0000			-26.0000			-1.0000			
40.2861			-30.7286			-9.5698			0.0000			140.0000			-22.0000			-14.0000			
37.5658			-25.7826			-13.9233			-2.1000			135.0000			-17.0000			-24.0000			
39.7420			-23.5843			-18.2768			-2.1000			130.0000			-11.0000			-35.0000			
38.6539			-18.0887			-21.5419			-0.9000			123.0000			-7.0000			-47.0000			
41.3742			-19.7374			-24.8071			-3.1000			116.0000			-1.0000			-57.0000			
41.3742			-19.7374			-24.2629			-2.6000			109.0000			6.0000			-69.0000			
40.8301			-16.9896			-26.9838			-3.1000			98.0000			12.0000			-77.0000			
38.6539			-12.0435			-29.1606			-2.5000			91.0000			16.0000			-87.0000			
37.5658			-6.5478			-31.3373			-0.3000			80.0000			19.0000			-95.0000			
38.1099			-5.4487			-34.6025			-1.9000			70.0000			24.0000			-104.0000			
39.1980			-3.8000			-37.8676			-2.4000			60.0000			29.0000			-110.0000			
39.7420			-2.1513			-38.9560			-1.3000			48.0000			33.0000			-118.0000			
38.1099			-1.0522			-38.9560			-1.8000			38.0000			36.0000			-124.0000			
34.3016			4.4434			-41.1328			-2.3000			26.0000			40.0000			-130.0000			
28.8611			8.8399			-40.0444			-2.3000			14.0000			44.0000			-135.0000			
23.4206			13.2364			-38.4118			-1.7000			2.0000			47.0000			-140.0000			
21.7885			17.6329			-41.6769			-2.2000			-10.0000			50.0000			-145.0000			
18.5242			22.0294			-39.5002			1.0000			-24.0000			53.0000			-146.0000			
19.6123			21.4799			-43.8537			-2.7000			-36.0000			56.0000			-148.0000			
17.9801			24.2277			-44.3979			-2.1000			-49.0000			59.0000			-148.0000			
14.7158			25.8764			-41.6769			-1.0000			-60.0000			59.0000			-148.0000			
9.2754			27.5251			-39.5002			-2.7000			-72.0000			59.0000			-148.0000			
6.0111			31.3720			-37.8676			-0.4000			-84.0000			61.0000			-145.0000			
5.4670			34.1198			-40.0444			-0.4000			-93.0000			61.0000			-144.0000			
1.6587			37.4172			-40.0444			-0.9000			-103.0000			62.0000			-140.0000			
1.1146			37.9668			-40.0444			-0.9000			-113.0000			60.0000			-137.0000			
-2.1497			37.4172			-36.7792			-1.5000			-122.0000			59.0000			-133.0000			
-6.5020			38.5164			-32.4257			-0.4000			-130.0000			59.0000			-126.0000			
-11.9425			37.9668			-27.5280			-1.5000			-138.0000			56.0000			-121.0000			
-16.2949			38.5164			-23.1745			-0.9000			-145.0000			55.0000			-115.0000			
-19.5592			39.0659			-19.3652			0.1000			-151.0000			52.0000			-107.0000			
-23.9116			40.7146			-17.1884			-0.3000			-157.0000			50.0000			-98.0000			
-24.4556			42.9129			-18.2768			0.1000			-163.0000			46.0000			-87.0000			
-24.9997			42.3633			-16.1000			1.2000			-167.0000			42.0000			-78.0000			
-27.1759			41.2642			-12.8349			1.2000			-168.0000			38.0000			-69.0000			
-30.9842			39.0659			-7.9372			0.1000			-170.0000			35.0000			-59.0000			
-33.1604			39.0659			-4.6721			1.2000			-172.0000			31.0000			-49.0000			
-35.8806			39.6155			-2.4953			1.2000			-171.0000			27.0000			-39.0000			
-38.0568			40.7146			0.2256			2.8000			-170.0000			23.0000			-29.0000			
-39.1449			38.5164			0.2256			-0.4000			-169.0000			18.0000			-17.0000			
-39.6890			35.2190			5.1233			0.6000			-165.0000			14.0000			-6.0000			
-38.6009			30.2729			9.4769			1.1000			-161.0000			8.0000			4.0000			
-38.6009			24.7773			14.9188			1.0000			-158.0000			4.0000			16.0000			
-40.7771			23.6781			18.1839			1.0000			-153.0000			-1.0000			26.0000			
-38.6009			18.1825			21.4490			1.0000			-146.0000			-8.0000			37.0000			
-41.3211			19.2816			23.6258			1.5000			-139.0000			-13.0000			48.0000			
-41.8652			19.2816			24.7142			2.1000			-131.0000			-19.0000			58.0000			
-41.3211			16.5338			26.8909			2.1000			-121.0000			-24.0000			67.0000			
-39.1449			12.1373			28.5235			1.5000			-113.0000			-28.0000			77.0000			
-37.5128			7.1912			31.2444			0.9000			-104.0000			-33.0000			86.0000			
-38.0568			5.5425			33.9654			1.4000			-93.0000			-37.0000			93.0000			
-39.6890			3.3443			37.2305			0.8000			-83.0000			-42.0000			102.0000			
-39.1449			2.2452			38.8631			1.9000			-71.0000			-46.0000			107.0000			
-38.6009			0.5965			39.9515			1.9000			-61.0000			-50.0000			113.0000			
-33.1604			-5.4487			40.4957			1.8000			-49.0000			-53.0000			120.0000			
-28.8080			-9.2957			39.4073			1.3000			-38.0000			-57.0000			124.0000			
-23.3675			-13.1426			38.3189			1.8000			-25.0000			-62.0000			129.0000			
-21.1913			-18.6382			42.1282			2.3000			-13.0000			-65.0000			132.0000			
-17.9270			-21.3861			40.4957			1.1000			-1.0000			-67.0000			135.0000			
-20.1032			-21.9356			43.2166			1.1000			13.0000			-72.0000			136.0000			
-17.3830			-23.5843			43.2166			2.2000			24.0000			-72.0000			136.0000			
-13.5747			-25.7826			41.0398			1.6000			35.0000			-73.0000			136.0000			
-7.5901			-29.0799			38.8631			2.1000			46.0000			-75.0000			134.0000			
-5.9580			-31.8278			37.7747			0.0000			58.0000			-76.0000			132.0000			
-4.3258			-34.0260			39.9515			1.6000			67.0000			-77.0000			131.0000			
-1.6056			-36.7738			39.4073			1.0000			78.0000			-77.0000			127.0000			
-1.0616			-37.8730			40.4957			1.5000			87.0000			-77.0000			122.0000			
3.2908			-38.9721			37.2305			1.5000			96.0000			-76.0000			118.0000			
7.0992			-38.9721			31.2444			-0.6000			103.0000			-75.0000			112.0000			
11.9956			-38.4225			26.3467			0.0000			111.0000			-73.0000			105.0000			
16.8920			-38.4225			21.9932			0.4000			118.0000			-72.0000			99.0000			
20.1563			-39.5217			19.8165			0.4000			124.0000			-70.0000			90.0000			
24.5087			-41.7199			17.6397			0.4000			130.0000			-66.0000			83.0000			
25.0527			-42.8190			18.7281			0.9000			134.0000			-64.0000			71.0000			
26.6849			-41.7199			15.4629			0.4000			138.0000			-60.0000			63.0000			
27.7730			-40.0712			13.2862			0.9000			140.0000			-56.0000			52.0000			
31.0373			-39.5217			7.3001			-1.1000			141.0000			-52.0000			43.0000			
33.7575			-39.5217			4.0350			-1.7000			142.0000			-49.0000			31.0000			
37.5658			-40.6208			2.4024			-0.6000			142.0000			-45.0000			21.0000			
38.6539			-39.5217			-0.3185			-1.1000			141.0000			-41.0000			12.0000			
38.1099			-37.8730			-1.4069			-1.1000			138.0000			-37.0000			0.0000			
39.7420			-35.1251			-5.7604			-1.1000			134.0000			-32.0000			-10.0000			
39.7420			-30.7286			-10.1140			-1.0000			132.0000			-27.0000			-21.0000			
38.1099			-24.1339			-14.4675			-0.4000			128.0000			-23.0000			-33.0000			
40.2861			-23.5843			-18.8210			-2.1000			122.0000			-17.0000			-43.0000			
40.2861			-18.0887			-21.5419			0.6000			117.0000			-13.0000			-54.0000			
41.9182			-20.8365			-24.2629			-3.1000			107.0000			-5.0000			-65.0000			
41.9182			-19.1878			-25.3513			-2.6000			100.0000			0.0000			-75.0000			
40.8301			-15.3409			-27.5280			-2.0000			92.0000			5.0000			-85.0000			
39.1980			-11.4939			-28.6164			-0.9000			82.0000			9.0000			-94.0000			
38.1099			-6.5478			-31.3373			0.2000			73.0000			15.0000			-101.0000			
38.1099			-5.9983			-34.0583			-1.9000			62.0000			20.0000			-111.0000			
39.1980			-3.8000			-37.8676			-2.4000			52.0000			23.0000			-119.0000			
40.2861			-2.7009			-38.9560			-1.3000			41.0000			29.0000			-124.0000			
38.1099			0.5965			-40.0444			-1.3000			32.0000			33.0000			-131.0000			
34.3016			6.0921			-40.5886			-0.1000			20.0000			36.0000			-136.0000			
28.8611			9.9391			-39.5002			-0.7000			8.0000			40.0000			-141.0000			
23.4206			14.3356			-38.9560			-1.1000			-3.0000			44.0000			-145.0000			
20.7004			18.7321			-41.1328			-1.6000			-17.0000			48.0000			-146.0000			
17.4361			22.0294			-40.5886			-1.1000			-28.0000			52.0000			-149.0000			
19.6123			22.0294			-43.8537			-2.2000			-41.0000			55.0000			-150.0000			
17.9801			24.2277			-43.8537			-1.6000			-53.0000			57.0000			-150.0000			
14.1718			26.4260			-41.6769			-1.0000			-65.0000			57.0000			-149.0000			
8.7313			28.6242			-38.4118			-1.0000			-74.0000			59.0000			-148.0000			
5.4670			32.4712			-38.4118			-0.4000			-84.0000			60.0000			-147.0000			
4.3789			34.6694			-40.5886			-1.5000			-94.0000			61.0000			-144.0000			
1.6587			37.4172			-39.5002			-0.4000			-105.0000			62.0000			-139.0000			
0.5706			38.5164			-40.5886			-1.4000			-113.0000			61.0000			-135.0000			
-3.2377			37.9668			-36.2350			-1.5000			-122.0000			61.0000			-130.0000			
-8.1342			39.0659			-30.7932			0.1000			-130.0000			60.0000			-125.0000			
-12.4866			37.9668			-26.4396			-0.9000			-136.0000			59.0000			-119.0000			
-16.8389			39.0659			-22.0861			0.1000			-142.0000			57.0000			-110.0000			
-20.6473			39.0659			-18.8210			-0.4000			-149.0000			57.0000			-103.0000			
-23.9116			42.3633			-17.1884			1.2000			-154.0000			53.0000			-92.0000			
-24.9997			42.9129			-19.3652			-1.4000			-158.0000			50.0000			-82.0000			
-26.0878			41.8137			-15.5559			0.1000			-161.0000			46.0000			-73.0000			
-26.6318			40.1650			-12.8349			0.6000			-163.0000			43.0000			-62.0000			
-31.5282			38.5164			-6.3046			0.6000			-165.0000			38.0000			-53.0000			
-33.1604			39.0659			-4.1279			1.7000			-166.0000			36.0000			-42.0000			
-36.9687			40.1650			-2.4953			0.7000			-165.0000			32.0000			-32.0000			
-39.1449			40.1650			-0.8627			0.1000			-164.0000			27.0000			-21.0000			
-38.6009			37.9668			0.7698			0.1000			-163.0000			23.0000			-9.0000			
-40.2330			34.1198			6.7559			0.6000			-160.0000			19.0000			1.0000			
-39.6890			29.7233			11.1094			1.1000			-155.0000			13.0000			12.0000			
-38.0568			23.1286			16.0071			1.0000			-151.0000			9.0000			23.0000			
-39.1449			22.5790			18.7281			2.1000			-145.0000			4.0000			34.0000			
-40.2330			18.7321			21.9932			0.4000			-139.0000			-1.0000			46.0000			
-41.8652			19.8312			24.7142			2.6000			-131.0000			-8.0000			56.0000			
-41.8652			19.2816			25.2584			2.6000			-123.0000			-13.0000			66.0000			
-41.3211			15.4347			27.4351			1.5000			-114.0000			-17.0000			75.0000			
-39.1449			10.4886			29.0677			0.4000			-106.0000			-24.0000			83.0000			
-37.5128			6.6417			32.8770			2.0000			-97.0000			-29.0000			91.0000			
-38.6009			4.9930			35.0538			1.4000			-86.0000			-33.0000			101.0000			
-39.1449			3.3443			37.7747			1.9000			-77.0000			-37.0000			109.0000			
-39.6890			2.2452			39.4073			1.9000			-67.0000			-42.0000			113.0000			
-37.5128			-1.0522			39.9515			1.3000			-55.0000			-46.0000			120.0000			
-32.6163			-6.5478			41.5840			2.4000			-43.0000			-49.0000			124.0000			
-27.1759			-9.8452			40.4957			3.4000			-33.0000			-54.0000			130.0000			
-22.2794			-14.7913			38.8631			1.7000			-21.0000			-58.0000			133.0000			
-21.1913			-18.0887			41.5840			2.3000			-9.0000			-62.0000			135.0000			
-17.3830			-22.4852			41.0398			1.1000			3.0000			-65.0000			136.0000			
-20.1032			-22.4852			43.7608			1.1000			16.0000			-69.0000			136.0000			
-17.3830			-24.1339			43.2166			1.6000			27.0000			-71.0000			137.0000			
-13.5747			-26.3321			41.0398			1.1000			38.0000			-74.0000			136.0000			
-7.5901			-29.0799			38.3189			1.6000			48.0000			-75.0000			135.0000			
-4.8699			-31.8278			38.3189			1.6000			57.0000			-77.0000			131.0000			
-4.3258			-34.5756			40.4957			1.5000			68.0000			-78.0000			129.0000			
-2.1497			-37.3234			39.9515			0.4000			77.0000			-78.0000			125.0000			
-1.0616			-37.3234			39.9515			1.5000			87.0000			-79.0000			121.0000			
3.2908			-38.4225			35.5979			0.4000			95.0000			-77.0000			115.0000			
7.6432			-38.4225			31.2444			0.4000			101.0000			-77.0000			108.0000			
12.5396			-37.8730			25.8025			0.4000			109.0000			-77.0000			102.0000			
16.8920			-38.4225			21.9932			0.4000			115.0000			-75.0000			94.0000			
21.2444			-38.9721			18.7281			0.9000			120.0000			-73.0000			86.0000			
23.9646			-42.8190			17.6397			-1.2000			126.0000			-70.0000			77.0000			
25.0527			-43.9182			18.7281			-0.1000			130.0000			-67.0000			65.0000			
26.6849			-41.7199			15.4629			0.4000			134.0000			-63.0000			56.0000			
27.7730			-39.5217			12.7420			0.9000			135.0000			-61.0000			45.0000			
31.5813			-39.5217			6.7559			-1.1000			136.0000			-57.0000			36.0000			
34.3016			-38.4225			5.1233			1.0000			135.0000			-55.0000			26.0000			
37.0218			-39.5217			2.4024			0.0000			136.0000			-51.0000			14.0000			
39.1980			-40.0712			0.2256			-0.6000			134.0000			-47.0000			4.0000			
38.1099			-37.3234			-1.4069			-0.6000			131.0000			-42.0000			-8.0000			
39.7420			-34.0260			-6.3046			-0.5000			128.0000			-38.0000			-18.0000			
40.2861			-29.0799			-10.6581			0.5000			125.0000			-33.0000			-29.0000			
38.1099			-23.5843			-14.4675			0.0000			122.0000			-28.0000			-40.0000			
40.2861			-23.5843			-18.8210			-2.1000			115.0000			-23.0000			-51.0000			
40.2861			-18.0887			-22.0861			0.1000			109.0000			-17.0000			-63.0000			
41.9182			-19.7374			-24.2629			-2.0000			101.0000			-10.0000			-73.0000			
42.4623			-19.1878			-25.3513			-2.0000			93.0000			-5.0000			-83.0000			
40.8301			-15.3409			-26.9838			-1.4000			84.0000			-1.0000			-92.0000			
39.1980			-10.3948			-29.1606			-0.3000			77.0000			6.0000			-100.0000			
37.5658			-6.5478			-31.8815			-0.8000			66.0000			10.0000			-108.0000			
39.1980			-5.4487			-34.6025			-0.8000			56.0000			15.0000			-115.0000			
39.7420			-2.1513			-37.8676			-0.2000			45.0000			20.0000			-123.0000			
39.7420			-2.7009			-39.5002			-2.4000			36.0000			24.0000			-129.0000			
37.5658			0.5965			-38.9560			-0.7000			25.0000			30.0000			-136.0000			
33.2135			6.6417			-40.0444			-0.1000			15.0000			34.0000			-140.0000			
27.7730			11.5877			-39.5002			-0.1000			3.0000			38.0000			-145.0000			
23.4206			14.3356			-38.4118			-0.6000			-9.0000			42.0000			-148.0000			
21.2444			18.7321			-41.1328			-1.1000			-20.0000			46.0000			-149.0000			
18.5242			22.5790			-41.1328			0.0000			-33.0000			49.0000			-152.0000			
19.6123			22.0294			-43.3095			-1.6000			-43.0000			53.0000			-152.0000			
17.9801			24.7773			-43.3095			-0.5000			-56.0000			56.0000			-150.0000			
14.1718			26.4260			-41.1328			-0.5000			-66.0000			59.0000			-149.0000			
7.6432			29.1738			-37.8676			-1.0000			-77.0000			60.0000			-148.0000			
6.0111			31.9216			-37.8676			0.0000			-86.0000			62.0000			-145.0000			
4.9230			35.2190			-40.5886			-0.4000			-94.0000			63.0000			-142.0000			
2.2027			38.5164			-39.5002			1.2000			-104.0000			63.0000			-137.0000			
1.1146			37.4172			-40.0444			-1.5000			-112.0000			65.0000			-132.0000			
-3.7818			38.5164			-36.2350			-1.5000			-120.0000			63.0000			-127.0000			
-7.5901			38.5164			-31.3373			-0.4000			-126.0000			63.0000			-121.0000			
-11.9425			37.4172			-25.3513			0.1000			-133.0000			63.0000			-114.0000			
-16.2949			38.5164			-22.0861			0.1000			-139.0000			61.0000			-106.0000			
-20.1032			39.0659			-18.2768			0.6000			-145.0000			60.0000			-98.0000			
-23.9116			43.4624			-17.7326			1.8000			-150.0000			57.0000			-87.0000			
-24.4556			44.5615			-18.8210			1.2000			-155.0000			54.0000			-76.0000			
-26.0878			41.8137			-15.5559			0.1000			-158.0000			50.0000			-67.0000			
-26.6318			40.1650			-12.2907			1.2000			-159.0000			47.0000			-56.0000			
-30.9842			37.9668			-6.3046			0.6000			-160.0000			44.0000			-46.0000			
-33.1604			39.6155			-4.1279			2.3000			-159.0000			42.0000			-35.0000			
-35.8806			40.7146			-1.9511			2.8000			-160.0000			38.0000			-25.0000			
-38.6009			40.7146			-0.3185			1.8000			-158.0000			33.0000			-14.0000			
-37.5128			37.4172			1.8582			1.7000			-157.0000			29.0000			-1.0000			
-39.1449			34.1198			6.7559			1.7000			-154.0000			25.0000			9.0000			
-39.1449			29.7233			11.1094			1.6000			-148.0000			19.0000			20.0000			
-38.0568			23.1286			15.4629			0.5000			-144.0000			15.0000			31.0000			
-40.2330			23.1286			18.7281			1.6000			-137.0000			9.0000			41.0000			
-39.6890			18.1825			23.6258			2.1000			-131.0000			3.0000			52.0000			
-41.3211			20.9303			24.1700			3.7000			-125.0000			-2.0000			63.0000			
-41.8652			18.1825			24.7142			1.0000			-116.0000			-8.0000			73.0000			
-41.3211			15.4347			27.4351			1.5000			-108.0000			-14.0000			82.0000			
-38.6009			11.0382			29.6119			2.0000			-100.0000			-19.0000			91.0000			
-38.0568			7.1912			31.7886			0.9000			-91.0000			-24.0000			98.0000			
-38.6009			4.9930			35.0538			1.4000			-81.0000			-29.0000			106.0000			
-39.1449			2.7947			37.2305			0.8000			-70.0000			-34.0000			113.0000			
-39.1449			2.7947			39.4073			3.0000			-60.0000			-38.0000			119.0000			
-37.5128			-0.5026			39.4073			1.3000			-50.0000			-42.0000			124.0000			
-32.6163			-6.5478			41.0398			1.8000			-39.0000			-48.0000			128.0000			
-26.6318			-10.9444			39.9515			2.3000			-29.0000			-51.0000			131.0000			
-22.2794			-14.7913			37.7747			0.7000			-18.0000			-57.0000			134.0000			
-20.6473			-18.0887			40.4957			1.7000			-5.0000			-61.0000			137.0000			
-18.4711			-22.4852			41.0398			0.0000			6.0000			-65.0000			139.0000			
-20.1032			-21.3861			43.7608			2.2000			18.0000			-69.0000			138.0000			
-16.2949			-24.1339			42.1282			1.6000			29.0000			-72.0000			138.0000			
-13.5747			-26.3321			41.5840			1.6000			38.0000			-73.0000			135.0000			
-7.5901			-29.0799			37.2305			0.5000			49.0000			-76.0000			134.0000			
-5.4139			-31.8278			37.7747			0.5000			59.0000			-78.0000			132.0000			
-4.3258			-34.0260			39.9515			1.6000			68.0000			-79.0000			128.0000			
-1.6056			-37.3234			38.8631			0.0000			77.0000			-80.0000			123.0000			
-1.0616			-37.3234			39.4073			1.0000			86.0000			-80.0000			117.0000			
3.8349			-39.5217			35.5979			0.0000			93.0000			-81.0000			110.0000			
7.6432			-38.4225			30.7002			0.0000			99.0000			-80.0000			105.0000			
13.6277			-37.3234			24.7142			1.0000			107.0000			-78.0000			98.0000			
17.4361			-39.5217			21.9932			0.0000			112.0000			-78.0000			89.0000			
21.2444			-38.4225			17.6397			0.4000			118.0000			-76.0000			80.0000			
23.9646			-43.3686			17.6397			-1.7000			123.0000			-76.0000			70.0000			
25.0527			-43.9182			18.1839			-0.6000			126.0000			-71.0000			59.0000			
25.5968			-41.1703			15.4629			-0.1000			128.0000			-68.0000			50.0000			
28.3170			-39.5217			12.1978			0.9000			131.0000			-65.0000			39.0000			
31.5813			-38.4225			6.7559			0.0000			130.0000			-63.0000			28.0000			
33.7575			-38.9721			4.5792			-0.6000			131.0000			-60.0000			18.0000			
37.0218			-40.0712			2.4024			-0.6000			131.0000			-55.0000			8.0000			
38.6539			-40.0712			0.2256			-1.1000			129.0000			-51.0000			-2.0000			
38.6539			-36.7738			-1.4069			0.4000			127.0000			-46.0000			-14.0000			
39.7420			-33.4765			-6.3046			0.0000			124.0000			-41.0000			-25.0000			
39.7420			-29.0799			-10.1140			0.5000			119.0000			-37.0000			-37.0000			
38.1099			-23.5843			-14.4675			0.0000			114.0000			-33.0000			-47.0000			
39.7420			-22.4852			-18.2768			-1.0000			108.0000			-27.0000			-58.0000			
40.2861			-16.9896			-22.6303			0.6000			102.0000			-21.0000			-69.0000			
42.4623			-20.8365			-23.7187			-2.0000			95.0000			-16.0000			-80.0000			
42.4623			-19.1878			-24.8071			-1.5000			87.0000			-8.0000			-89.0000			
40.8301			-14.7913			-26.9838			-0.9000			79.0000			-4.0000			-98.0000			
38.1099			-10.3948			-28.0722			-0.3000			69.0000			1.0000			-106.0000			
37.5658			-5.9983			-31.3373			0.2000			60.0000			6.0000			-114.0000			
39.1980			-4.8992			-34.6025			-0.3000			52.0000			11.0000			-120.0000			
40.2861			-3.2505			-37.3234			-0.2000			41.0000			18.0000			-127.0000			
40.2861			-3.2505			-38.9560			-1.9000			31.0000			22.0000			-135.0000			
37.5658			0.5965			-39.5002			-1.3000			21.0000			27.0000			-138.0000			
32.1254			6.6417			-40.0444			-1.2000			11.0000			31.0000			-143.0000			
26.6849			11.0382			-38.9560			-1.2000			-1.0000			36.0000			-147.0000			
22.8766			14.3356			-37.8676			-0.6000			-11.0000			41.0000			-149.0000			
20.1563			19.2816			-41.1328			-1.6000			-23.0000			45.0000			-151.0000			
19.6123			23.1286			-41.6769			1.0000			-33.0000			50.0000			-153.0000			
20.7004			22.0294			-44.3979			-1.6000			-47.0000			54.0000			-151.0000			
17.9801			24.2277			-42.7653			-0.5000			-57.0000			57.0000			-152.0000			
14.7158			25.8764			-40.5886			0.0000			-67.0000			59.0000			-150.0000			
7.6432			29.1738			-37.3234			-0.5000			-77.0000			61.0000			-146.0000			
6.5551			31.3720			-37.8676			0.0000			-86.0000			63.0000			-145.0000			
4.3789			34.6694			-40.0444			-0.9000			-95.0000			63.0000			-140.0000			
2.7468			37.4172			-39.5002			0.6000			-103.0000			65.0000			-135.0000			
1.1146			36.8677			-39.5002			-1.5000			-110.0000			66.0000			-130.0000			
-3.7818			39.6155			-35.1467			0.6000			-119.0000			67.0000			-122.0000			
-8.1342			39.0659			-30.2490			0.6000			-125.0000			66.0000			-118.0000			
-13.5747			37.4172			-23.7187			0.1000			-131.0000			67.0000			-108.0000			
-17.3830			39.6155			-22.6303			-0.4000			-137.0000			64.0000			-101.0000			
-20.6473			39.0659			-17.7326			0.6000			-142.0000			63.0000			-92.0000			
-23.3675			43.4624			-18.2768			1.8000			-146.0000			62.0000			-81.0000			
-24.4556			44.5615			-18.8210			1.2000			-150.0000			59.0000			-70.0000			
-25.5437			41.8137			-15.0117			1.2000			-152.0000			55.0000			-61.0000			
-27.1759			39.6155			-11.2023			1.2000			-154.0000			52.0000			-50.0000			
-30.9842			37.9668			-6.3046			0.6000			-155.0000			49.0000			-39.0000			
-33.7044			39.0659			-3.5837			1.7000			-155.0000			45.0000			-29.0000			
-36.4247			39.6155			-1.9511			1.2000			-154.0000			42.0000			-18.0000			
-38.6009			40.7146			-0.8627			1.2000			-152.0000			37.0000			-6.0000			
-38.0568			36.8677			1.8582			0.6000			-150.0000			33.0000			5.0000			
-39.1449			33.5703			7.3001			1.7000			-148.0000			30.0000			16.0000			
-39.1449			29.1738			11.6536			1.6000			-142.0000			23.0000			26.0000			
-38.6009			23.6781			16.0071			1.0000			-137.0000			20.0000			36.0000			
-39.1449			21.4799			19.8165			2.1000			-133.0000			13.0000			48.0000			
-39.6890			18.1825			23.6258			2.1000			-126.0000			8.0000			59.0000			
-41.8652			19.8312			23.0816			1.0000			-118.0000			2.0000			69.0000			
-41.3211			18.1825			25.2584			2.1000			-111.0000			-5.0000			79.0000			
-40.7771			15.4347			27.4351			2.0000			-102.0000			-11.0000			87.0000			
-37.5128			10.4886			29.0677			2.0000			-93.0000			-16.0000			95.0000			
-37.5128			6.6417			32.3328			1.4000			-85.0000			-20.0000			103.0000			
-38.6009			4.4434			35.5979			1.4000			-76.0000			-25.0000			110.0000			
-39.6890			2.2452			38.3189			0.8000			-67.0000			-32.0000			116.0000			
-40.2330			3.3443			38.8631			1.9000			-56.0000			-37.0000			122.0000			
-36.4247			-1.6018			40.4957			2.4000			-45.0000			-41.0000			127.0000			
-31.5282			-6.5478			39.9515			1.8000			-36.0000			-45.0000			131.0000			
-26.0878			-11.4939			39.9515			2.3000			-25.0000			-50.0000			134.0000			
-22.2794			-15.3409			38.8631			1.2000			-14.0000			-56.0000			137.0000			
-20.1032			-18.6382			39.9515			1.2000			-4.0000			-61.0000			139.0000			
-18.4711			-23.0347			41.5840			0.0000			8.0000			-65.0000			139.0000			
-19.5592			-22.4852			43.7608			1.7000			20.0000			-69.0000			137.0000			
-15.7509			-25.2330			42.1282			1.1000			31.0000			-72.0000			136.0000			
-12.4866			-26.3321			40.4957			1.6000			41.0000			-74.0000			134.0000			
-7.5901			-29.6295			37.7747			0.5000			51.0000			-77.0000			132.0000			
-5.4139			-31.8278			37.7747			0.5000			59.0000			-79.0000			129.0000			
-2.6937			-35.6747			39.4073			1.0000			66.0000			-81.0000			125.0000			
-1.0616			-37.3234			39.4073			1.0000			75.0000			-83.0000			119.0000			
-1.0616			-37.3234			38.8631			0.4000			85.0000			-83.0000			114.0000			
3.8349			-38.4225			35.5979			1.0000			91.0000			-84.0000			107.0000			
8.7313			-38.9721			30.1561			0.0000			97.0000			-83.0000			101.0000			
14.1718			-37.3234			24.1700			1.0000			104.0000			-84.0000			93.0000			
17.9801			-40.0712			21.4490			-0.6000			110.0000			-82.0000			84.0000			
21.2444			-38.4225			17.0955			0.0000			113.0000			-81.0000			75.0000			
23.9646			-42.8190			17.0955			-1.7000			118.0000			-79.0000			65.0000			
25.0527			-43.9182			18.1839			-0.6000			122.0000			-76.0000			54.0000			
26.1408			-41.7199			14.3746			-1.2000			123.0000			-72.0000			43.0000			
28.3170			-39.5217			11.6536			0.4000			124.0000			-70.0000			33.0000			
32.1254			-38.4225			6.2117			0.0000			125.0000			-67.0000			22.0000			
35.3897			-39.5217			3.4908			-0.6000			125.0000			-65.0000			13.0000			
38.1099			-39.5217			1.8582			0.4000			124.0000			-59.0000			0.0000			
39.1980			-40.0712			0.2256			-0.6000			124.0000			-56.0000			-10.0000			
39.1980			-37.3234			-2.4953			-0.6000			120.0000			-51.0000			-22.0000			
40.2861			-32.9269			-7.3930			0.0000			117.0000			-47.0000			-33.0000			
39.7420			-28.5304			-11.7465			-0.5000			112.0000			-41.0000			-42.0000			
39.1980			-23.5843			-15.5559			0.0000			107.0000			-37.0000			-55.0000			
40.2861			-20.8365			-19.3652			0.0000			103.0000			-32.0000			-64.0000			
40.8301			-16.9896			-23.1745			0.6000			96.0000			-26.0000			-75.0000			
43.0063			-19.7374			-24.2629			-0.9000			89.0000			-19.0000			-85.0000			
42.4623			-18.0887			-25.8955			-1.5000			81.0000			-13.0000			-94.0000			
40.2861			-14.2417			-26.9838			-0.9000			73.0000			-6.0000			-103.0000			
38.6539			-8.7461			-30.2490			-0.3000			64.0000			-1.0000			-111.0000			
37.5658			-6.5478			-31.8815			-0.8000			55.0000			4.0000			-118.0000			
38.6539			-4.8992			-35.1467			-1.3000			47.0000			9.0000			-126.0000			
39.7420			-2.1513			-38.9560			-1.3000			38.0000			14.0000			-131.0000			
40.2861			-2.1513			-38.9560			-0.8000			27.0000			21.0000			-137.0000			
37.0218			1.1460			-39.5002			-1.3000			18.0000			25.0000			-142.0000			
32.1254			7.1912			-40.0444			-0.7000			8.0000			31.0000			-146.0000			
26.6849			11.5877			-39.5002			-1.2000			-4.0000			35.0000			-149.0000			
22.8766			15.9843			-38.9560			0.0000			-14.0000			41.0000			-151.0000			
20.7004			19.2816			-40.5886			-0.5000			-26.0000			46.0000			-152.0000			
19.6123			23.6781			-42.2211			1.0000			-36.0000			50.0000			-153.0000			
19.6123			22.5790			-43.8537			-1.6000			-47.0000			55.0000			-152.0000			
16.3480			25.3268			-41.6769			0.0000			-58.0000			57.0000			-150.0000			
14.1718			26.4260			-41.1328			-0.5000			-67.0000			60.0000			-146.0000			
7.6432			29.7233			-36.7792			0.5000			-76.0000			63.0000			-145.0000			
6.0111			33.0207			-38.9560			0.0000			-85.0000			65.0000			-142.0000			
4.3789			35.7685			-39.5002			0.6000			-93.0000			67.0000			-137.0000			
3.2908			37.9668			-39.5002			1.7000			-102.0000			69.0000			-131.0000			
1.6587			37.4172			-40.0444			-0.9000			-109.0000			70.0000			-127.0000			
-3.2377			39.0659			-34.6025			1.2000			-115.0000			69.0000			-120.0000			
-9.2223			39.0659			-30.2490			-0.4000			-122.0000			69.0000			-113.0000			
-14.1187			37.4172			-23.7187			-0.4000			-128.0000			70.0000			-105.0000			
-17.3830			40.1650			-22.6303			0.1000			-133.0000			69.0000			-97.0000			
-21.1913			39.0659			-17.1884			0.6000			-138.0000			66.0000			-86.0000			
-22.8235			42.9129			-19.3652			0.7000			-144.0000			65.0000			-76.0000			
-23.9116			43.4624			-17.7326			1.8000			-146.0000			62.0000			-65.0000			
-25.5437			41.8137			-14.4675			1.8000			-149.0000			59.0000			-55.0000			
-28.2640			39.6155			-11.7465			-0.3000			-149.0000			57.0000			-45.0000			
-32.0723			38.5164			-5.7604			0.6000			-149.0000			54.0000			-33.0000			
-34.7925			38.5164			-4.1279			-0.4000			-149.0000			49.0000			-22.0000			
-36.9687			40.1650			-1.4069			1.7000			-148.0000			47.0000			-11.0000			
-38.6009			39.6155			-0.3185			0.7000			-147.0000			42.0000			-1.0000			
-38.0568			36.8677			2.4024			1.2000			-145.0000			38.0000			12.0000			
-39.6890			33.0207			7.3001			0.6000			-141.0000			34.0000			22.0000			
-38.6009			28.6242			12.1978			2.2000			-137.0000			28.0000			31.0000			
-38.6009			23.6781			16.0071			1.0000			-132.0000			24.0000			43.0000			
-39.1449			20.3808			19.8165			1.0000			-127.0000			18.0000			54.0000			
-40.2330			18.1825			24.1700			2.1000			-121.0000			11.0000			64.0000			
-42.4092			20.3808			23.6258			1.5000			-114.0000			4.0000			75.0000			
-42.4092			17.6329			25.8025			1.0000			-106.0000			-2.0000			86.0000			
-41.3211			15.4347			28.5235			2.6000			-98.0000			-8.0000			92.0000			
-38.0568			9.9391			29.6119			1.4000			-90.0000			-13.0000			100.0000			
-37.5128			6.0921			33.4212			2.0000			-81.0000			-17.0000			107.0000			
-39.1449			3.8939			36.1421			0.8000			-72.0000			-23.0000			113.0000			
-40.2330			2.2452			38.3189			0.3000			-62.0000			-30.0000			120.0000			
-39.6890			2.2452			38.8631			1.4000			-53.0000			-34.0000			125.0000			
-36.4247			-2.1513			39.9515			1.3000			-42.0000			-39.0000			128.0000			
-30.9842			-6.5478			40.4957			2.9000			-33.0000			-45.0000			132.0000			
-24.9997			-12.5930			39.9515			2.3000			-22.0000			-51.0000			136.0000			
-22.2794			-16.4400			38.8631			0.1000			-13.0000			-55.0000			137.0000			
-19.0151			-19.7374			40.4957			1.7000			-2.0000			-61.0000			139.0000			
-18.4711			-23.0347			42.6724			1.1000			9.0000			-65.0000			138.0000			
-19.0151			-22.4852			43.7608			2.2000			21.0000			-70.0000			138.0000			
-15.2068			-25.2330			41.5840			1.1000			30.0000			-73.0000			134.0000			
-11.9425			-27.4313			39.9515			0.5000			40.0000			-77.0000			133.0000			
-6.5020			-29.6295			37.2305			1.0000			50.0000			-80.0000			130.0000			
-5.9580			-32.3773			37.7747			-0.5000			58.0000			-82.0000			126.0000			
-1.6056			-35.6747			39.4073			2.1000			66.0000			-84.0000			122.0000			
-1.0616			-37.3234			39.4073			1.0000			74.0000			-85.0000			116.0000			
0.5706			-37.3234			37.7747			1.0000			82.0000			-86.0000			110.0000			
5.4670			-39.5217			35.0538			0.9000			89.0000			-87.0000			103.0000			
10.3635			-39.5217			29.6119			0.4000			95.0000			-87.0000			95.0000			
15.2599			-37.3234			23.0816			1.0000			100.0000			-87.0000			88.0000			
19.0682			-40.0712			21.9932			0.9000			105.0000			-86.0000			79.0000			
22.3325			-38.4225			16.0071			0.0000			111.0000			-85.0000			69.0000			
24.5087			-43.3686			18.1839			-0.6000			115.0000			-83.0000			58.0000			
25.5968			-43.9182			17.6397			-0.6000			119.0000			-80.0000			47.0000			
27.2289			-40.6208			13.8304			0.4000			120.0000			-76.0000			37.0000			
29.9492			-39.5217			10.5652			0.9000			121.0000			-74.0000			25.0000			
33.7575			-38.4225			5.6675			0.9000			121.0000			-71.0000			16.0000			
36.4778			-38.9721			3.4908			0.9000			121.0000			-69.0000			5.0000			
38.1099			-40.0712			0.7698			-1.1000			119.0000			-65.0000			-5.0000			
39.1980			-41.1703			-0.3185			-2.2000			117.0000			-61.0000			-16.0000			
39.7420			-36.2243			-3.5837			0.0000			116.0000			-56.0000			-27.0000			
39.7420			-31.8278			-7.3930			0.5000			111.0000			-50.0000			-38.0000			
39.7420			-27.9808			-12.8349			-1.0000			107.0000			-46.0000			-49.0000			
39.1980			-23.0347			-16.6442			-0.4000			103.0000			-41.0000			-60.0000			
40.2861			-20.2869			-20.9977			-0.9000			98.0000			-35.0000			-71.0000			
41.3742			-16.9896			-24.8071			-0.4000			91.0000			-28.0000			-81.0000			
43.0063			-19.1878			-23.7187			0.1000			84.0000			-20.0000			-90.0000			
42.4623			-16.9896			-26.4396			-0.9000			76.0000			-15.0000			-100.0000			
40.8301			-14.2417			-28.0722			-1.4000			69.0000			-9.0000			-108.0000			
38.6539			-8.7461			-30.2490			-0.3000			59.0000			-4.0000			-115.0000			
38.1099			-5.9983			-32.9699			-0.8000			53.0000			-1.0000			-122.0000			
40.2861			-4.3496			-36.7792			-0.8000			42.0000			7.0000			-129.0000			
40.2861			-1.6018			-39.5002			-0.8000			34.0000			13.0000			-136.0000			
40.2861			-1.6018			-40.0444			-1.3000			24.0000			20.0000			-139.0000			
36.4778			2.7947			-40.5886			-1.3000			14.0000			25.0000			-144.0000			
31.0373			8.8399			-40.5886			-0.7000			5.0000			31.0000			-147.0000			
26.1408			13.2364			-39.5002			-0.1000			-6.0000			37.0000			-149.0000			
23.4206			16.5338			-40.5886			-0.6000			-16.0000			40.0000			-152.0000			
20.1563			19.8312			-40.5886			-0.6000			-27.0000			47.0000			-154.0000			
19.6123			24.2277			-42.7653			1.0000			-37.0000			51.0000			-153.0000			
19.6123			23.6781			-43.8537			-0.5000			-49.0000			55.0000			-150.0000			
16.3480			25.3268			-42.2211			-0.5000			-58.0000			60.0000			-149.0000			
12.5396			27.5251			-40.5886			-0.5000			-67.0000			63.0000			-146.0000			
7.6432			30.2729			-37.8676			0.0000			-76.0000			65.0000			-142.0000			
6.0111			33.5703			-38.9560			0.6000			-84.0000			67.0000			-139.0000			
3.2908			36.3181			-41.1328			-1.5000			-92.0000			70.0000			-134.0000			
2.2027			39.0659			-40.0444			1.2000			-100.0000			71.0000			-129.0000			
0.0265			37.9668			-37.8676			0.1000			-108.0000			73.0000			-123.0000			
-5.4139			39.0659			-34.0583			-0.4000			-114.0000			73.0000			-115.0000			
-9.7663			38.5164			-29.7048			-0.9000			-119.0000			73.0000			-108.0000			
-13.5747			37.4172			-22.6303			1.2000			-125.0000			73.0000			-99.0000			
-17.9270			40.7146			-21.5419			1.2000			-131.0000			72.0000			-90.0000			
-21.1913			39.0659			-17.1884			0.6000			-136.0000			72.0000			-81.0000			
-23.3675			42.9129			-18.2768			1.2000			-139.0000			69.0000			-70.0000			
-24.4556			44.0120			-18.2768			1.2000			-142.0000			66.0000			-59.0000			
-26.6318			41.2642			-13.9233			0.7000			-144.0000			64.0000			-49.0000			
-28.2640			39.0659			-9.5698			1.2000			-145.0000			60.0000			-38.0000			
-31.5282			38.5164			-6.3046			0.6000			-145.0000			58.0000			-27.0000			
-35.3366			39.6155			-2.4953			1.7000			-146.0000			54.0000			-17.0000			
-38.0568			39.6155			-1.4069			0.1000			-144.0000			51.0000			-4.0000			
-36.9687			40.1650			-0.3185			2.8000			-142.0000			46.0000			6.0000			
-38.6009			36.3181			3.4908			1.2000			-140.0000			41.0000			16.0000			
-39.1449			31.3720			8.3885			0.6000			-136.0000			36.0000			28.0000			
-38.0568			27.5251			13.2862			2.7000			-132.0000			31.0000			38.0000			
-39.1449			22.5790			17.6397			1.0000			-128.0000			27.0000			48.0000			
-38.6009			21.4799			19.8165			2.6000			-123.0000			21.0000			60.0000			
-40.7771			18.7321			24.1700			2.1000			-117.0000			14.0000			70.0000			
-41.8652			19.8312			23.6258			1.5000			-108.0000			7.0000			80.0000			
-41.3211			17.6329			25.2584			1.5000			-101.0000			-1.0000			88.0000			
-40.7771			13.7860			27.9793			0.9000			-93.0000			-5.0000			96.0000			
-37.5128			8.2904			30.7002			1.4000			-85.0000			-11.0000			102.0000			
-38.0568			6.6417			32.8770			1.4000			-78.0000			-17.0000			110.0000			
-38.6009			3.8939			37.2305			2.5000			-69.0000			-22.0000			116.0000			
-39.6890			1.6956			39.4073			1.4000			-60.0000			-29.0000			122.0000			
-39.6890			2.2452			39.4073			1.9000			-51.0000			-34.0000			127.0000			
-35.3366			-3.2505			40.4957			1.9000			-40.0000			-40.0000			131.0000			
-30.4401			-7.6470			39.4073			1.3000			-30.0000			-46.0000			133.0000			
-24.4556			-13.1426			39.4073			1.8000			-21.0000			-51.0000			136.0000			
-21.7354			-17.5391			39.9515			0.6000			-10.0000			-56.0000			138.0000			
-18.4711			-19.7374			39.9515			1.7000			-1.0000			-62.0000			138.0000			
-18.4711			-23.0347			42.1282			0.6000			10.0000			-66.0000			138.0000			
-18.4711			-23.0347			43.2166			1.7000			21.0000			-71.0000			136.0000			
-15.2068			-25.7826			41.5840			0.5000			31.0000			-75.0000			134.0000			
-11.3985			-26.8817			39.9515			1.6000			40.0000			-79.0000			131.0000			
-6.5020			-30.1791			37.7747			1.0000			47.0000			-82.0000			129.0000			
-4.8699			-33.4765			38.8631			0.5000			57.0000			-85.0000			123.0000			
-3.2377			-35.6747			38.8631			0.0000			64.0000			-87.0000			118.0000			
-1.0616			-37.3234			39.4073			1.0000			73.0000			-89.0000			112.0000			
0.5706			-36.7738			37.7747			1.5000			79.0000			-89.0000			106.0000			
4.9230			-37.3234			32.8770			0.4000			86.0000			-91.0000			100.0000			
10.3635			-38.4225			28.5235			0.4000			91.0000			-91.0000			91.0000			
15.2599			-37.3234			23.0816			1.0000			97.0000			-91.0000			83.0000			
19.6123			-40.6208			20.3606			-0.6000			102.0000			-91.0000			73.0000			
22.8766			-38.9721			16.0071			0.0000			106.0000			-89.0000			63.0000			
22.8766			-41.7199			19.2723			0.4000			111.0000			-87.0000			52.0000			
25.5968			-43.3686			16.5513			-1.2000			113.0000			-85.0000			42.0000			
26.6849			-40.6208			13.2862			-0.6000			115.0000			-81.0000			31.0000			
30.4932			-38.9721			10.5652			2.0000			116.0000			-80.0000			21.0000			
33.7575			-38.9721			4.5792			-0.6000			118.0000			-75.0000			11.0000			
37.0218			-39.5217			2.9466			0.4000			117.0000			-73.0000			-1.0000			
38.6539			-39.5217			0.7698			-0.1000			115.0000			-69.0000			-11.0000			
39.7420			-38.9721			-0.3185			0.4000			113.0000			-65.0000			-22.0000			
39.1980			-35.6747			-3.5837			0.0000			111.0000			-60.0000			-33.0000			
39.1980			-31.2782			-7.9372			0.0000			107.0000			-54.0000			-43.0000			
38.1099			-26.3321			-12.8349			-1.0000			104.0000			-50.0000			-55.0000			
38.6539			-21.9356			-17.7326			-1.0000			99.0000			-44.0000			-65.0000			
39.1980			-20.2869			-20.4536			-1.5000			93.0000			-38.0000			-75.0000			
40.8301			-18.6382			-23.7187			-1.5000			88.0000			-31.0000			-86.0000			
41.9182			-19.1878			-23.7187			-0.9000			80.0000			-25.0000			-95.0000			
42.4623			-16.4400			-26.4396			-0.4000			72.0000			-17.0000			-103.0000			
40.2861			-13.6922			-28.0722			-1.4000			65.0000			-12.0000			-112.0000			
37.5658			-8.1965			-31.3373			-1.9000			57.0000			-5.0000			-118.0000			
39.1980			-6.5478			-33.5141			-0.8000			49.0000			0.0000			-126.0000			
39.7420			-3.8000			-36.2350			-0.2000			40.0000			7.0000			-131.0000			
39.7420			-2.1513			-38.9560			-1.3000			31.0000			13.0000			-136.0000			
39.7420			-1.6018			-39.5002			-1.3000			22.0000			19.0000			-142.0000			
34.8456			3.8939			-39.5002			-0.7000			13.0000			24.0000			-145.0000			
30.4932			8.8399			-39.5002			-0.1000			4.0000			31.0000			-148.0000			
25.0527			12.6869			-38.4118			-0.6000			-7.0000			36.0000			-150.0000			
22.3325			17.6329			-40.0444			0.0000			-17.0000			42.0000			-151.0000			
19.6123			19.8312			-40.0444			-0.6000			-27.0000			47.0000			-152.0000			
20.1563			22.5790			-43.3095			-0.5000			-39.0000			51.0000			-151.0000			
20.1563			24.2277			-43.8537			0.5000			-49.0000			57.0000			-150.0000			
15.2599			25.8764			-41.1328			0.0000			-58.0000			62.0000			-148.0000			
12.5396			27.5251			-39.5002			0.5000			-67.0000			63.0000			-144.0000			
7.0992			30.2729			-37.8676			-0.4000			-75.0000			67.0000			-141.0000			
6.5551			33.5703			-40.0444			0.0000			-83.0000			71.0000			-136.0000			
3.2908			36.3181			-40.5886			-0.9000			-91.0000			73.0000			-130.0000			
2.7468			37.4172			-39.5002			0.6000			-98.0000			75.0000			-124.0000			
0.0265			37.9668			-37.3234			0.6000			-105.0000			75.0000			-118.0000			
-4.8699			37.9668			-32.4257			0.6000			-112.0000			77.0000			-110.0000			
-9.7663			37.9668			-28.6164			-0.4000			-117.0000			77.0000			-103.0000			
-14.6628			37.4172			-22.6303			0.1000			-122.0000			77.0000			-95.0000			
-18.4711			40.7146			-20.9977			1.2000			-128.0000			77.0000			-85.0000			
-21.7354			39.6155			-17.1884			0.6000			-132.0000			75.0000			-75.0000			
-22.8235			42.9129			-19.3652			0.7000			-136.0000			73.0000			-65.0000			
-24.4556			42.3633			-17.1884			0.7000			-138.0000			70.0000			-54.0000			
-26.6318			40.7146			-13.9233			0.1000			-140.0000			67.0000			-43.0000			
-29.3521			39.6155			-9.0256			1.2000			-140.0000			65.0000			-33.0000			
-33.1604			39.0659			-5.2163			0.6000			-141.0000			61.0000			-21.0000			
-35.3366			40.1650			-3.5837			1.2000			-140.0000			58.0000			-11.0000			
-38.0568			40.1650			-1.4069			0.7000			-140.0000			53.0000			-1.0000			
-38.0568			40.1650			-0.3185			1.7000			-138.0000			49.0000			13.0000			
-38.6009			35.7685			3.4908			0.6000			-136.0000			44.0000			22.0000			
-38.6009			31.3720			8.9327			1.7000			-133.0000			39.0000			32.0000			
-36.9687			25.8764			13.2862			2.1000			-129.0000			35.0000			42.0000			
-39.1449			22.0294			17.6397			0.5000			-124.0000			29.0000			52.0000			
-38.0568			19.8312			19.8165			1.5000			-118.0000			22.0000			63.0000			
-40.7771			18.1825			23.6258			1.0000			-112.0000			15.0000			74.0000			
-41.8652			19.8312			23.0816			1.0000			-105.0000			8.0000			84.0000			
-41.3211			17.0834			25.2584			1.0000			-98.0000			2.0000			92.0000			
-39.1449			12.6869			27.9793			1.5000			-91.0000			-4.0000			99.0000			
-36.9687			7.7408			31.2444			2.0000			-82.0000			-10.0000			107.0000			
-37.5128			6.6417			33.4212			2.5000			-74.0000			-17.0000			111.0000			
-39.6890			4.9930			37.2305			2.5000			-66.0000			-23.0000			119.0000			
-39.1449			2.2452			38.8631			1.9000			-57.0000			-28.0000			124.0000			
-39.1449			1.1460			38.8631			0.8000			-48.0000			-35.0000			127.0000			
-34.2485			-3.8000			39.9515			1.9000			-39.0000			-39.0000			131.0000			
-29.3521			-8.7461			38.8631			0.7000			-29.0000			-46.0000			133.0000			
-23.3675			-13.1426			37.2305			0.7000			-20.0000			-52.0000			136.0000			
-21.1913			-16.9896			39.4073			1.2000			-10.0000			-58.0000			137.0000			
-18.4711			-19.7374			38.8631			0.6000			-1.0000			-64.0000			137.0000			
-20.1032			-21.9356			42.6724			0.6000			11.0000			-69.0000			136.0000			
-19.0151			-23.0347			43.2166			1.1000			20.0000			-73.0000			134.0000			
-14.1187			-25.7826			40.4957			0.5000			30.0000			-77.0000			131.0000			
-10.3104			-27.4313			38.8631			1.1000			38.0000			-81.0000			128.0000			
-5.9580			-30.7286			37.2305			0.5000			47.0000			-84.0000			126.0000			
-5.4139			-32.9269			39.4073			1.0000			54.0000			-87.0000			120.0000			
-3.2377			-36.2243			39.4073			0.0000			62.0000			-90.0000			115.0000			
-1.6056			-37.8730			39.4073			0.0000			71.0000			-91.0000			108.0000			
0.5706			-36.7738			36.6863			0.4000			76.0000			-93.0000			102.0000			
6.5551			-37.8730			32.8770			1.5000			83.0000			-95.0000			94.0000			
10.9075			-38.4225			27.4351			0.0000			90.0000			-94.0000			86.0000			
15.8039			-36.7738			21.9932			1.0000			95.0000			-95.0000			77.0000			
19.0682			-39.5217			20.9048			0.4000			99.0000			-95.0000			69.0000			
22.8766			-39.5217			16.5513			0.0000			103.0000			-92.0000			58.0000			
23.4206			-41.7199			18.1839			-0.1000			108.0000			-91.0000			47.0000			
25.0527			-41.7199			16.5513			-0.1000			110.0000			-88.0000			35.0000			
26.6849			-40.6208			12.7420			-1.1000			111.0000			-85.0000			25.0000			
30.4932			-39.5217			8.9327			0.0000			113.0000			-81.0000			15.0000			
33.7575			-38.4225			4.5792			0.0000			113.0000			-79.0000			5.0000			
36.4778			-40.0712			3.4908			-0.1000			112.0000			-76.0000			-5.0000			
38.1099			-40.0712			0.7698			-1.1000			111.0000			-71.0000			-17.0000			
38.6539			-38.9721			-0.8627			-1.1000			109.0000			-68.0000			-28.0000			
38.6539			-35.1251			-3.5837			0.0000			106.0000			-63.0000			-39.0000			
38.6539			-30.7286			-9.0256			-1.0000			103.0000			-57.0000			-49.0000			
37.5658			-24.6834			-13.3791			-0.4000			99.0000			-52.0000			-59.0000			
39.7420			-21.9356			-17.7326			0.0000			95.0000			-46.0000			-68.0000			
39.1980			-19.1878			-20.4536			-0.4000			90.0000			-41.0000			-81.0000			
41.9182			-18.6382			-23.7187			-0.4000			84.0000			-32.0000			-90.0000			
42.4623			-19.7374			-23.7187			-0.9000			77.0000			-25.0000			-99.0000			
41.9182			-16.4400			-25.8955			-0.4000			69.0000			-19.0000			-107.0000			
39.7420			-12.5930			-28.0722			-0.9000			62.0000			-13.0000			-115.0000			
37.0218			-6.5478			-31.3373			-0.8000			54.0000			-5.0000			-121.0000			
38.6539			-6.5478			-34.0583			-1.9000			46.0000			-1.0000			-127.0000			
40.2861			-4.3496			-37.3234			-1.3000			38.0000			5.0000			-133.0000			
40.8301			-2.7009			-38.9560			-0.8000			29.0000			13.0000			-138.0000			
39.7420			-1.6018			-39.5002			-1.3000			19.0000			19.0000			-142.0000			
34.8456			4.4434			-40.5886			-1.2000			11.0000			26.0000			-145.0000			
29.4051			8.8399			-39.5002			-1.2000			1.0000			31.0000			-148.0000			
23.9646			13.2364			-38.4118			-1.2000			-7.0000			37.0000			-150.0000			
22.3325			17.0834			-40.5886			-1.1000			-18.0000			43.0000			-150.0000			
19.6123			19.8312			-39.5002			0.0000			-28.0000			49.0000			-151.0000			
20.1563			22.5790			-43.3095			-0.5000			-38.0000			55.0000			-150.0000			
19.0682			24.2277			-43.8537			-0.5000			-49.0000			59.0000			-147.0000			
15.2599			25.3268			-41.1328			-0.5000			-57.0000			63.0000			-145.0000			
10.3635			28.6242			-40.0444			-1.0000			-65.0000			67.0000			-141.0000			
7.0992			31.3720			-37.8676			0.6000			-73.0000			70.0000			-137.0000			
6.0111			33.5703			-39.5002			0.0000			-82.0000			73.0000			-132.0000			
3.2908			36.3181			-40.0444			-0.4000			-90.0000			76.0000			-127.0000			
2.2027			37.4172			-39.5002			0.1000			-97.0000			79.0000			-121.0000			
-1.0616			36.8677			-36.7792			-0.9000			-103.0000			80.0000			-113.0000			
-5.4139			39.0659			-32.4257			1.2000			-108.0000			79.0000			-107.0000			
-11.3985			37.9668			-26.4396			0.1000			-113.0000			80.0000			-99.0000			
-14.6628			37.4172			-22.0861			0.6000			-120.0000			80.0000			-90.0000			
-17.9270			40.7146			-20.9977			1.7000			-124.0000			79.0000			-81.0000			
-22.2794			40.7146			-17.1884			1.2000			-129.0000			79.0000			-69.0000			
-22.8235			42.9129			-19.3652			0.7000			-131.0000			76.0000			-58.0000			
-24.4556			41.8137			-16.1000			1.2000			-134.0000			73.0000			-49.0000			
-26.6318			40.7146			-13.3791			0.7000			-137.0000			70.0000			-37.0000			
-29.8961			38.5164			-8.4814			0.1000			-137.0000			68.0000			-26.0000			
-33.1604			40.7146			-4.6721			2.8000			-138.0000			65.0000			-16.0000			
-36.4247			41.8137			-4.1279			1.2000			-137.0000			62.0000			-6.0000			
-38.0568			40.7146			-0.8627			1.7000			-137.0000			57.0000			5.0000			
-38.0568			39.6155			0.2256			1.7000			-134.0000			53.0000			17.0000			
-39.1449			35.7685			4.5792			1.1000			-132.0000			47.0000			26.0000			
-39.1449			30.8225			9.4769			1.1000			-129.0000			43.0000			38.0000			
-38.0568			25.3268			14.3746			1.6000			-125.0000			37.0000			48.0000			
-39.6890			23.1286			17.6397			1.0000			-120.0000			30.0000			58.0000			
-39.1449			19.2816			20.3606			0.5000			-115.0000			23.0000			68.0000			
-41.8652			19.8312			23.6258			1.5000			-109.0000			17.0000			77.0000			
-42.4092			19.8312			23.6258			1.0000			-103.0000			10.0000			87.0000			
-40.7771			15.9843			26.8909			2.1000			-94.0000			3.0000			94.0000			
-39.6890			12.1373			28.5235			0.9000			-88.0000			-2.0000			101.0000			
-38.0568			7.1912			31.7886			0.9000			-81.0000			-9.0000			108.0000			
-38.0568			4.9930			33.9654			0.9000			-73.0000			-16.0000			115.0000			
-40.2330			3.8939			37.7747			1.4000			-64.0000			-22.0000			120.0000			
-39.6890			2.2452			39.4073			1.9000			-55.0000			-28.0000			125.0000			
-39.1449			0.5965			39.4073			0.8000			-47.0000			-36.0000			128.0000			
-34.2485			-4.8992			41.0398			1.8000			-37.0000			-40.0000			131.0000			
-28.8080			-9.2957			39.4073			1.3000			-29.0000			-47.0000			134.0000			
-22.8235			-13.6922			37.7747			1.2000			-19.0000			-55.0000			135.0000			
-22.2794			-17.5391			41.0398			1.2000			-9.0000			-60.0000			136.0000			
-17.3830			-21.3861			39.4073			0.6000			-1.0000			-65.0000			136.0000			
-19.5592			-23.0347			43.2166			0.6000			11.0000			-71.0000			135.0000			
-17.3830			-23.5843			43.2166			2.2000			19.0000			-77.0000			132.0000			
-13.0306			-26.3321			41.0398			1.6000			28.0000			-81.0000			129.0000			
-9.2223			-28.5304			38.8631			1.1000			37.0000			-83.0000			126.0000			
-4.8699			-32.9269			37.7747			0.0000			46.0000			-88.0000			121.0000			
-4.8699			-34.5756			39.4073			0.0000			53.0000			-91.0000			116.0000			
-1.6056			-37.3234			38.8631			0.0000			61.0000			-93.0000			111.0000			
-0.5175			-37.8730			39.9515			1.5000			69.0000			-95.0000			105.0000			
2.7468			-37.8730			36.1421			1.0000			74.0000			-96.0000			97.0000			
7.6432			-38.4225			31.7886			1.0000			81.0000			-97.0000			90.0000			
12.5396			-38.4225			26.3467			0.4000			85.0000			-98.0000			82.0000			
16.8920			-37.3234			21.4490			1.0000			91.0000			-99.0000			73.0000			
20.1563			-40.6208			19.8165			-0.6000			96.0000			-98.0000			63.0000			
24.5087			-41.7199			16.0071			-1.2000			100.0000			-97.0000			52.0000			
24.5087			-43.3686			18.7281			-0.1000			103.0000			-94.0000			41.0000			
26.6849			-41.7199			15.4629			0.4000			106.0000			-91.0000			31.0000			
28.3170			-41.7199			12.7420			-0.6000			108.0000			-87.0000			21.0000			
32.1254			-40.0712			6.7559			-1.1000			109.0000			-86.0000			11.0000			
35.3897			-40.0712			4.0350			-0.6000			109.0000			-82.0000			-1.0000			
37.5658			-41.1703			2.4024			-1.2000			109.0000			-78.0000			-11.0000			
39.7420			-40.6208			0.2256			-0.6000			107.0000			-73.0000			-22.0000			
39.1980			-39.5217			-1.4069			-1.7000			105.0000			-70.0000			-31.0000			
40.2861			-35.6747			-5.7604			-1.1000			103.0000			-65.0000			-43.0000			
39.7420			-30.1791			-10.1140			-0.5000			99.0000			-59.0000			-53.0000			
39.1980			-24.6834			-14.4675			0.0000			95.0000			-54.0000			-63.0000			
40.8301			-21.9356			-19.9094			-1.0000			92.0000			-49.0000			-73.0000			
39.7420			-18.6382			-21.5419			-0.4000			87.0000			-41.0000			-84.0000			
41.9182			-19.7374			-24.8071			-2.6000			80.0000			-35.0000			-93.0000			
43.0063			-19.7374			-24.2629			-0.9000			74.0000			-26.0000			-102.0000			
42.4623			-15.3409			-26.9838			0.1000			66.0000			-19.0000			-110.0000			
39.7420			-11.4939			-29.1606			-0.9000			59.0000			-14.0000			-116.0000			
38.1099			-6.5478			-31.8815			-0.3000			53.0000			-7.0000			-122.0000			
39.7420			-5.9983			-35.1467			-1.3000			44.0000			-1.0000			-129.0000			
40.8301			-4.3496			-37.8676			-1.3000			35.0000			8.0000			-134.0000			
40.8301			-2.1513			-40.0444			-1.3000			28.0000			14.0000			-139.0000			
39.1980			0.5965			-40.0444			-0.2000			18.0000			22.0000			-142.0000			
33.7575			6.6417			-40.0444			0.3000			10.0000			27.0000			-146.0000			
29.4051			9.9391			-40.5886			-1.2000			0.0000			33.0000			-148.0000			
23.4206			14.3356			-37.8676			-0.1000			-9.0000			39.0000			-150.0000			
21.7885			18.7321			-41.1328			-0.6000			-18.0000			46.0000			-150.0000			
18.5242			20.3808			-40.0444			-1.1000			-27.0000			52.0000			-149.0000			
19.0682			23.1286			-43.3095			-1.1000			-38.0000			57.0000			-147.0000			
18.5242			25.8764			-44.3979			0.0000			-48.0000			62.0000			-145.0000			
13.6277			26.4260			-41.1328			-1.0000			-56.0000			67.0000			-141.0000			
9.2754			30.2729			-38.9560			0.5000			-65.0000			71.0000			-138.0000			
4.9230			33.0207			-38.4118			-0.4000			-71.0000			74.0000			-133.0000			
4.9230			35.2190			-40.0444			0.0000			-80.0000			77.0000			-129.0000			
2.2027			37.9668			-40.0444			0.1000			-87.0000			79.0000			-124.0000			
1.1146			39.6155			-40.0444			0.6000			-95.0000			81.0000			-118.0000			
-3.2377			39.6155			-36.7792			-0.3000			-101.0000			82.0000			-110.0000			
-7.0461			39.0659			-32.4257			-0.4000			-106.0000			84.0000			-102.0000			
-11.9425			39.0659			-26.4396			0.6000			-111.0000			84.0000			-94.0000			
-16.8389			37.9668			-21.5419			-0.4000			-117.0000			84.0000			-85.0000			
-20.1032			40.1650			-20.4536			-0.3000			-121.0000			83.0000			-75.0000			
-24.4556			42.3633			-16.6442			1.2000			-127.0000			82.0000			-65.0000			
-24.9997			44.0120			-19.3652			-0.3000			-129.0000			79.0000			-54.0000			
-26.0878			42.3633			-16.1000			0.1000			-132.0000			77.0000			-44.0000			
-27.7199			41.2642			-13.3791			0.1000			-132.0000			74.0000			-33.0000			
-31.5282			40.1650			-7.9372			0.7000			-133.0000			72.0000			-22.0000			
-34.7925			40.7146			-4.1279			1.7000			-134.0000			68.0000			-11.0000			
-36.9687			41.8137			-3.0395			1.8000			-134.0000			63.0000			-1.0000			
-39.1449			42.3633			-0.8627			2.3000			-133.0000			59.0000			11.0000			
-39.1449			39.0659			0.7698			0.6000			-131.0000			53.0000			20.0000			
-40.7771			35.2190			5.6675			0.1000			-128.0000			50.0000			31.0000			
-39.6890			30.8225			9.4769			0.6000			-125.0000			45.0000			41.0000			
-39.1449			24.7773			14.3746			0.0000			-121.0000			40.0000			52.0000			
-40.7771			22.0294			19.2723			0.5000			-118.0000			31.0000			62.0000			
-39.6890			18.1825			21.4490			0.0000			-112.0000			26.0000			71.0000			
-42.4092			19.2816			24.1700			1.0000			-107.0000			18.0000			81.0000			
-42.9532			19.8312			24.7142			1.5000			-100.0000			9.0000			90.0000			
-41.8652			15.9843			26.3467			0.4000			-92.0000			3.0000			97.0000			
-39.6890			11.0382			29.0677			0.4000			-86.0000			-3.0000			103.0000			
-38.0568			6.6417			31.7886			0.3000			-79.0000			-11.0000			110.0000			
-40.2330			5.5425			35.5979			0.9000			-70.0000			-16.0000			116.0000			
-40.2330			3.3443			38.3189			1.4000			-63.0000			-23.0000			122.0000			
-40.2330			2.2452			39.4073			1.4000			-55.0000			-30.0000			126.0000			
-38.0568			0.0469			39.9515			1.9000			-45.0000			-36.0000			130.0000			
-33.1604			-6.5478			41.0398			1.3000			-37.0000			-43.0000			132.0000			
-28.2640			-11.4939			39.9515			0.1000			-29.0000			-49.0000			133.0000			
-21.7354			-14.7913			37.2305			0.6000			-19.0000			-56.0000			134.0000			
-21.1913			-18.0887			39.9515			0.6000			-10.0000			-61.0000			135.0000			
-17.3830			-21.3861			38.8631			0.0000			0.0000			-68.0000			135.0000			
-19.5592			-23.0347			43.2166			0.6000			11.0000			-74.0000			132.0000			
-17.9270			-24.6834			43.2166			0.6000			18.0000			-80.0000			130.0000			
-13.5747			-26.8817			41.0398			0.5000			28.0000			-84.0000			127.0000			
-8.1342			-29.0799			37.7747			0.5000			36.0000			-87.0000			123.0000			
-4.3258			-32.9269			37.2305			0.0000			45.0000			-90.0000			119.0000			
-3.7818			-35.6747			39.9515			0.4000			52.0000			-93.0000			112.0000			
-1.6056			-38.4225			39.9515			0.0000			60.0000			-97.0000			106.0000			
-1.0616			-38.4225			39.4073			0.0000			67.0000			-98.0000			100.0000			
3.2908			-38.4225			35.5979			0.4000			73.0000			-101.0000			94.0000			
8.1873			-39.5217			29.6119			-1.7000			79.0000			-101.0000			85.0000			
13.0837			-38.9721			25.2584			-0.6000			83.0000			-102.0000			78.0000			
17.4361			-37.8730			20.3606			0.0000			89.0000			-101.0000			69.0000			
20.7004			-40.0712			19.8165			0.4000			93.0000			-101.0000			58.0000			
25.0527			-41.7199			17.0955			0.4000			98.0000			-98.0000			48.0000			
25.0527			-43.3686			18.7281			0.4000			102.0000			-97.0000			37.0000			
26.6849			-42.2695			15.4629			-0.1000			103.0000			-94.0000			26.0000			
27.7730			-41.1703			12.7420			-0.6000			104.0000			-91.0000			16.0000			
32.6694			-39.5217			6.7559			0.0000			105.0000			-88.0000			4.0000			
35.9337			-40.6208			3.4908			-1.1000			105.0000			-86.0000			-5.0000			
38.6539			-41.1703			2.4024			-0.1000			104.0000			-81.0000			-16.0000			
39.7420			-40.6208			0.2256			-0.6000			105.0000			-76.0000			-26.0000			
39.7420			-38.9721			-1.4069			-0.6000			103.0000			-72.0000			-37.0000			
40.8301			-34.5756			-6.3046			0.0000			101.0000			-67.0000			-47.0000			
40.8301			-29.6295			-10.6581			0.5000			98.0000			-61.0000			-57.0000			
39.7420			-24.1339			-15.5559			0.0000			93.0000			-57.0000			-67.0000			
40.8301			-21.3861			-19.3652			0.0000			89.0000			-48.0000			-77.0000			
39.7420			-18.0887			-22.0861			-0.4000			84.0000			-43.0000			-86.0000			
41.9182			-19.1878			-24.2629			-1.5000			79.0000			-34.0000			-96.0000			
43.0063			-19.1878			-25.3513			-1.5000			72.0000			-26.0000			-104.0000			
42.4623			-15.3409			-28.0722			-0.9000			63.0000			-19.0000			-111.0000			
39.7420			-11.4939			-28.6164			-0.3000			57.0000			-13.0000			-118.0000			
38.6539			-5.4487			-33.5141			-0.3000			51.0000			-6.0000			-125.0000			
39.1980			-5.4487			-36.7792			-3.0000			42.0000			-1.0000			-130.0000			
40.8301			-3.8000			-38.4118			-1.3000			34.0000			7.0000			-137.0000			
40.8301			-2.1513			-40.0444			-1.3000			26.0000			15.0000			-139.0000			
38.6539			0.5965			-40.5886			-1.3000			18.0000			23.0000			-143.0000			
33.7575			7.1912			-41.1328			-0.1000			9.0000			28.0000			-145.0000			
28.3170			11.5877			-40.0444			-0.1000			-1.0000			35.0000			-147.0000			
22.8766			15.4347			-38.9560			-0.6000			-7.0000			41.0000			-148.0000			
22.3325			19.2816			-41.1328			0.4000			-18.0000			47.0000			-148.0000			
17.9801			22.5790			-40.0444			0.5000			-28.0000			54.0000			-147.0000			
19.0682			22.5790			-43.8537			-2.2000			-37.0000			60.0000			-146.0000			
17.9801			24.7773			-44.3979			-1.6000			-47.0000			65.0000			-143.0000			
14.1718			26.9755			-41.1328			0.0000			-55.0000			70.0000			-139.0000			
8.7313			29.7233			-39.5002			-1.0000			-64.0000			73.0000			-135.0000			
5.4670			33.5703			-38.4118			0.6000			-71.0000			76.0000			-131.0000			
4.9230			35.7685			-40.5886			0.1000			-78.0000			79.0000			-126.0000			
2.2027			38.5164			-40.5886			0.1000			-86.0000			82.0000			-119.0000			
1.1146			38.5164			-40.0444			-0.4000			-90.0000			86.0000			-113.0000			
-3.7818			39.6155			-35.6909			0.1000			-98.0000			85.0000			-106.0000			
-8.1342			39.0659			-31.3373			-0.4000			-103.0000			87.0000			-97.0000			
-13.5747			38.5164			-24.8071			0.1000			-110.0000			87.0000			-90.0000			
-17.3830			38.5164			-20.4536			0.6000			-114.0000			88.0000			-81.0000			
-20.1032			41.2642			-19.3652			1.7000			-119.0000			86.0000			-71.0000			
-23.9116			42.3633			-17.7326			0.7000			-122.0000			84.0000			-60.0000			
-24.9997			44.0120			-19.3652			-0.3000			-126.0000			82.0000			-49.0000			
-27.1759			41.8137			-15.5559			-0.9000			-129.0000			79.0000			-39.0000			
-28.2640			41.2642			-13.3791			-0.3000			-129.0000			76.0000			-27.0000			
-33.1604			39.6155			-6.3046			0.1000			-131.0000			73.0000			-17.0000			
-35.3366			41.2642			-5.2163			0.7000			-131.0000			70.0000			-6.0000			
-37.5128			40.7146			-3.0395			0.1000			-131.0000			67.0000			4.0000			
-39.6890			40.7146			-0.3185			0.7000			-129.0000			61.0000			16.0000			
-39.1449			38.5164			1.3140			0.6000			-128.0000			57.0000			25.0000			
-40.2330			34.6694			5.6675			0.0000			-126.0000			53.0000			35.0000			
-39.6890			30.2729			10.5652			1.1000			-122.0000			45.0000			45.0000			
-38.6009			24.2277			14.9188			0.5000			-120.0000			39.0000			56.0000			
-40.7771			22.5790			19.8165			1.6000			-115.0000			33.0000			64.0000			
-39.6890			18.1825			21.9932			0.4000			-110.0000			26.0000			74.0000			
-42.4092			20.3808			23.6258			1.5000			-104.0000			17.0000			84.0000			
-42.4092			19.2816			24.7142			1.5000			-98.0000			10.0000			92.0000			
-41.3211			15.4347			26.8909			1.0000			-91.0000			2.0000			99.0000			
-39.6890			11.0382			29.0677			0.4000			-84.0000			-3.0000			106.0000			
-38.6009			6.6417			32.8770			0.9000			-77.0000			-11.0000			111.0000			
-40.2330			4.9930			35.5979			0.3000			-69.0000			-17.0000			117.0000			
-40.2330			2.7947			38.3189			0.8000			-61.0000			-24.0000			122.0000			
-40.7771			2.2452			38.8631			0.3000			-53.0000			-30.0000			125.0000			
-38.6009			-0.5026			39.9515			0.8000			-45.0000			-37.0000			128.0000			
-32.0723			-6.5478			39.9515			1.3000			-36.0000			-45.0000			130.0000			
-27.1759			-10.9444			39.4073			1.2000			-28.0000			-51.0000			133.0000			
-21.1913			-14.7913			38.3189			2.3000			-19.0000			-58.0000			134.0000			
-21.1913			-18.6382			41.0398			1.2000			-10.0000			-64.0000			134.0000			
-18.4711			-21.9356			39.4073			-0.9000			-1.0000			-71.0000			132.0000			
-20.1032			-21.9356			42.1282			0.0000			10.0000			-77.0000			130.0000			
-17.3830			-25.2330			42.6724			0.0000			19.0000			-81.0000			127.0000			
-13.0306			-26.8817			39.9515			0.0000			27.0000			-85.0000			124.0000			
-7.5901			-29.0799			37.7747			1.1000			34.0000			-90.0000			119.0000			
-5.4139			-34.0260			37.7747			-1.6000			42.0000			-94.0000			115.0000			
-3.2377			-36.2243			39.9515			0.4000			49.0000			-97.0000			110.0000			
-1.0616			-37.8730			39.9515			1.0000			58.0000			-99.0000			104.0000			
-1.0616			-38.4225			39.4073			0.0000			64.0000			-102.0000			95.0000			
4.3789			-39.5217			35.0538			0.0000			71.0000			-102.0000			90.0000			
8.7313			-38.4225			30.7002			1.0000			77.0000			-105.0000			81.0000			
13.6277			-37.8730			24.1700			0.0000			82.0000			-104.0000			73.0000			
17.4361			-38.4225			19.8165			-1.1000			87.0000			-105.0000			63.0000			
21.2444			-39.5217			18.7281			0.4000			91.0000			-103.0000			53.0000			
23.9646			-42.8190			17.0955			-1.7000			95.0000			-101.0000			43.0000			
25.0527			-43.9182			18.7281			-0.1000			99.0000			-100.0000			33.0000			
27.2289			-41.1703			14.9188			0.9000			100.0000			-96.0000			22.0000			
28.8611			-40.6208			11.6536			-0.1000			103.0000			-94.0000			12.0000			
33.2135			-39.5217			6.2117			0.0000			102.0000			-90.0000			-1.0000			
35.9337			-40.6208			3.4908			-1.1000			103.0000			-86.0000			-9.0000			
38.6539			-40.6208			2.4024			0.4000			103.0000			-83.0000			-20.0000			
40.2861			-40.6208			-0.3185			-0.6000			102.0000			-78.0000			-30.0000			
39.1980			-37.8730			-1.9511			-0.6000			101.0000			-73.0000			-41.0000			
40.2861			-34.0260			-7.3930			-1.1000			98.0000			-67.0000			-50.0000			
39.7420			-29.0799			-11.2023			-0.5000			94.0000			-62.0000			-61.0000			
38.6539			-23.5843			-15.0117			0.0000			92.0000			-57.0000			-69.0000			
41.3742			-23.0347			-19.3652			-1.0000			87.0000			-49.0000			-79.0000			
39.7420			-16.9896			-23.1745			-0.4000			82.0000			-41.0000			-88.0000			
42.4623			-19.7374			-23.1745			-0.4000			76.0000			-34.0000			-98.0000			
42.4623			-19.1878			-25.3513			-2.0000			70.0000			-25.0000			-106.0000			
41.3742			-14.7913			-28.0722			-1.4000			63.0000			-19.0000			-113.0000			
39.1980			-10.3948			-29.7048			-0.9000			56.0000			-11.0000			-119.0000			
38.6539			-5.9983			-33.5141			-0.8000			50.0000			-5.0000			-126.0000			
40.8301			-4.8992			-36.7792			-0.8000			41.0000			2.0000			-130.0000			
41.3742			-3.2505			-38.4118			-0.2000			33.0000			9.0000			-136.0000			
40.8301			-3.2505			-40.0444			-2.4000			26.0000			18.0000			-138.0000			
38.1099			1.1460			-40.5886			-1.3000			18.0000			23.0000			-142.0000			
32.6694			7.1912			-40.5886			-0.7000			9.0000			31.0000			-145.0000			
27.7730			11.5877			-38.9560			0.4000			-1.0000			37.0000			-146.0000			
21.7885			15.9843			-38.4118			-0.6000			-7.0000			43.0000			-147.0000			
21.7885			19.2816			-41.6769			-0.6000			-17.0000			51.0000			-147.0000			
18.5242			22.5790			-41.6769			-0.5000			-27.0000			57.0000			-145.0000			
20.7004			22.5790			-43.8537			-0.5000			-37.0000			62.0000			-144.0000			
16.8920			25.3268			-43.3095			-1.0000			-45.0000			68.0000			-140.0000			
13.6277			26.4260			-41.1328			-1.0000			-53.0000			71.0000			-136.0000			
8.1873			30.2729			-39.5002			-1.0000			-62.0000			77.0000			-132.0000			
6.0111			34.1198			-39.5002			0.6000			-69.0000			80.0000			-128.0000			
4.3789			36.3181			-41.1328			-0.4000			-76.0000			82.0000			-121.0000			
2.7468			38.5164			-41.1328			0.1000			-83.0000			85.0000			-115.0000			
2.2027			38.5164			-39.5002			1.2000			-89.0000			87.0000			-108.0000			
-3.7818			39.0659			-35.6909			-0.4000			-95.0000			89.0000			-101.0000			
-8.6782			38.5164			-31.3373			-1.4000			-101.0000			90.0000			-94.0000			
-13.5747			38.5164			-24.8071			0.1000			-106.0000			90.0000			-86.0000			
-16.8389			38.5164			-21.5419			0.1000			-112.0000			90.0000			-77.0000			
-20.1032			39.6155			-19.3652			0.1000			-117.0000			90.0000			-65.0000			
-23.3675			42.3633			-17.1884			1.8000			-120.0000			87.0000			-56.0000			
-24.9997			44.0120			-20.4536			-1.4000			-124.0000			85.0000			-44.0000			
-27.1759			41.8137			-15.0117			-0.3000			-126.0000			82.0000			-34.0000			
-28.2640			41.2642			-11.2023			1.7000			-128.0000			78.0000			-24.0000			
-32.6163			39.6155			-6.3046			0.6000			-127.0000			75.0000			-14.0000			
-35.8806			40.1650			-5.2163			-0.9000			-129.0000			71.0000			-3.0000			
-38.0568			41.2642			-1.9511			1.2000			-128.0000			68.0000			8.0000			
-39.6890			41.2642			-0.8627			0.7000			-127.0000			63.0000			18.0000			
-38.6009			38.5164			0.7698			0.6000			-126.0000			58.0000			29.0000			
-40.2330			33.5703			6.7559			0.0000			-124.0000			52.0000			39.0000			
-40.2330			29.1738			11.1094			0.0000			-121.0000			47.0000			48.0000			
-38.0568			23.1286			14.9188			0.0000			-117.0000			40.0000			58.0000			
-40.7771			22.0294			19.2723			0.5000			-113.0000			32.0000			67.0000			
-40.2330			18.1825			21.9932			0.0000			-108.0000			25.0000			78.0000			
-42.4092			19.8312			23.0816			0.5000			-103.0000			17.0000			86.0000			
-42.4092			18.7321			24.7142			1.0000			-96.0000			11.0000			94.0000			
-41.3211			15.4347			26.8909			1.0000			-89.0000			2.0000			100.0000			
-40.2330			9.9391			29.0677			-1.2000			-82.0000			-4.0000			107.0000			
-38.6009			6.0921			33.4212			0.9000			-76.0000			-12.0000			112.0000			
-40.7771			4.4434			36.1421			-0.1000			-69.0000			-18.0000			118.0000			
-41.3211			3.3443			38.3189			0.3000			-61.0000			-26.0000			123.0000			
-40.7771			2.7947			38.8631			0.8000			-53.0000			-33.0000			126.0000			
-37.5128			-1.0522			39.4073			0.8000			-45.0000			-40.0000			129.0000			
-31.5282			-6.5478			40.4957			2.4000			-37.0000			-47.0000			129.0000			
-26.6318			-11.4939			39.4073			1.2000			-29.0000			-54.0000			132.0000			
-21.7354			-15.3409			37.7747			0.6000			-19.0000			-60.0000			132.0000			
-20.6473			-18.0887			41.5840			2.8000			-10.0000			-66.0000			132.0000			
-17.9270			-23.0347			39.9515			-1.0000			-1.0000			-73.0000			130.0000			
-19.5592			-21.9356			42.6724			1.1000			8.0000			-79.0000			128.0000			
-15.7509			-24.6834			41.5840			1.1000			17.0000			-84.0000			125.0000			
-12.4866			-26.8817			40.4957			1.1000			26.0000			-89.0000			120.0000			
-8.6782			-30.1791			37.7747			-1.0000			32.0000			-93.0000			117.0000			
-4.8699			-34.0260			38.3189			-0.5000			41.0000			-97.0000			111.0000			
-3.7818			-36.7738			40.4957			0.0000			48.0000			-101.0000			106.0000			
-1.6056			-38.9721			39.4073			-1.1000			56.0000			-102.0000			100.0000			
-1.0616			-37.3234			39.4073			1.0000			63.0000			-104.0000			93.0000			
4.3789			-38.9721			34.5096			0.0000			68.0000			-106.0000			85.0000			
9.2754			-38.4225			29.0677			0.0000			73.0000			-107.0000			76.0000			
14.1718			-37.3234			23.6258			0.4000			79.0000			-108.0000			69.0000			
17.9801			-38.4225			20.3606			0.0000			83.0000			-108.0000			59.0000			
21.2444			-38.4225			18.1839			1.0000			89.0000			-106.0000			50.0000			
23.9646			-41.7199			17.6397			-0.1000			94.0000			-104.0000			39.0000			
25.0527			-43.9182			18.7281			-0.1000			96.0000			-103.0000			29.0000			
27.7730			-41.7199			13.8304			-0.1000			97.0000			-99.0000			19.0000			
29.9492			-40.6208			11.1094			0.4000			98.0000			-95.0000			8.0000			
33.2135			-38.9721			6.2117			0.4000			101.0000			-92.0000			-2.0000			
35.9337			-41.1703			2.9466			-2.2000			100.0000			-89.0000			-12.0000			
39.1980			-41.1703			2.4024			0.4000			100.0000			-84.0000			-24.0000			
39.7420			-40.6208			-0.3185			-1.1000			99.0000			-80.0000			-33.0000			
39.7420			-37.3234			-2.4953			0.0000			98.0000			-74.0000			-43.0000			
39.7420			-33.4765			-6.3046			0.0000			95.0000			-69.0000			-53.0000			
39.7420			-27.9808			-11.7465			0.0000			93.0000			-63.0000			-62.0000			
38.6539			-21.9356			-16.6442			0.0000			89.0000			-57.0000			-73.0000			
41.3742			-23.0347			-20.4536			-2.1000			85.0000			-49.0000			-81.0000			
40.8301			-16.9896			-22.6303			1.2000			80.0000			-41.0000			-91.0000			
42.4623			-19.7374			-23.1745			-0.4000			75.0000			-33.0000			-100.0000			
41.9182			-18.0887			-25.3513			-1.5000			69.0000			-25.0000			-108.0000			
41.3742			-13.6922			-28.0722			-0.3000			62.0000			-18.0000			-113.0000			
39.1980			-10.3948			-30.2490			-1.4000			55.0000			-11.0000			-119.0000			
38.6539			-5.4487			-33.5141			-0.3000			48.0000			-3.0000			-126.0000			
41.3742			-4.8992			-36.2350			0.2000			42.0000			4.0000			-131.0000			
40.8301			-2.7009			-40.0444			-1.9000			33.0000			12.0000			-135.0000			
41.3742			-2.1513			-39.5002			-0.2000			26.0000			18.0000			-139.0000			
37.5658			2.2452			-40.0444			-0.2000			18.0000			25.0000			-141.0000			
31.5813			7.7408			-40.5886			-1.2000			10.0000			33.0000			-144.0000			
26.1408			12.6869			-38.9560			-0.1000			2.0000			40.0000			-143.0000			
21.2444			16.5338			-37.8676			0.0000			-8.0000			46.0000			-144.0000			
21.2444			18.1825			-42.2211			-2.7000			-17.0000			53.0000			-145.0000			
18.5242			23.6781			-41.1328			1.0000			-26.0000			59.0000			-143.0000			
19.6123			22.5790			-43.3095			-1.1000			-35.0000			66.0000			-140.0000			
15.8039			25.8764			-42.2211			-0.5000			-44.0000			71.0000			-137.0000			
11.9956			26.4260			-40.5886			-2.1000			-51.0000			75.0000			-132.0000			
7.6432			31.3720			-39.5002			-0.4000			-60.0000			79.0000			-129.0000			
5.4670			34.1198			-38.9560			0.6000			-67.0000			83.0000			-124.0000			
3.8349			37.4172			-41.1328			0.1000			-75.0000			85.0000			-118.0000			
2.2027			39.0659			-40.5886			0.6000			-81.0000			89.0000			-112.0000			
0.5706			37.9668			-38.9560			-0.4000			-89.0000			90.0000			-106.0000			
-4.8699			39.6155			-34.6025			0.1000			-94.0000			93.0000			-98.0000			
-9.2223			39.0659			-29.7048			0.1000			-100.0000			92.0000			-90.0000			
-14.6628			37.9668			-23.7187			-0.4000			-104.0000			94.0000			-81.0000			
-17.9270			39.0659			-20.4536			0.6000			-110.0000			92.0000			-72.0000			
-21.7354			39.6155			-18.2768			-0.3000			-114.0000			91.0000			-62.0000			
-23.9116			44.0120			-18.2768			1.8000			-118.0000			89.0000			-50.0000			
-24.9997			44.0120			-19.3652			-0.3000			-122.0000			87.0000			-39.0000			
-27.1759			42.3633			-13.3791			1.8000			-123.0000			83.0000			-30.0000			
-29.3521			40.7146			-11.2023			0.1000			-125.0000			80.0000			-20.0000			
-33.1604			39.6155			-6.3046			0.1000			-126.0000			77.0000			-10.0000			
-35.8806			41.8137			-4.6721			1.2000			-126.0000			74.0000			-1.0000			
-39.6890			40.7146			-2.4953			-1.4000			-127.0000			69.0000			11.0000			
-40.2330			41.2642			0.2256			1.2000			-125.0000			63.0000			22.0000			
