0.0543			0.3734			0.6771			1.1000			-5.0000			2.0000			-12.0000			
0.0543			0.3734			-0.4560			0.0000			-5.0000			1.0000			-11.0000			
-0.5022			0.3734			-0.4560			-0.5000			-5.0000			2.0000			-11.0000			
0.0543			-0.1833			-0.4560			-0.5000			-5.0000			2.0000			-11.0000			
-0.5022			-0.7401			-0.4560			-1.6000			-5.0000			1.0000			-10.0000			
0.0543			-0.1833			-0.4560			-0.5000			-5.0000			1.0000			-11.0000			
-1.0587			-0.1833			0.1105			-1.1000			-5.0000			1.0000			-11.0000			
-0.5022			0.3734			0.1105			0.0000			-6.0000			1.0000			-11.0000			
0.0543			-0.1833			0.6771			0.5000			-6.0000			2.0000			-11.0000			
0.0543			0.3734			0.6771			1.1000			-5.0000			1.0000			-10.0000			
-1.0587			-0.1833			0.1105			-1.1000			-6.0000			1.0000			-10.0000			
0.0543			0.3734			-0.4560			0.0000			-5.0000			2.0000			-12.0000			
-0.5022			-0.1833			-0.4560			-1.1000			-6.0000			2.0000			-12.0000			
0.0543			0.3734			0.6771			1.1000			-5.0000			2.0000			-10.0000			
0.0543			-0.1833			-0.4560			-0.5000			-6.0000			1.0000			-10.0000			
0.0543			0.3734			0.1105			0.5000			-5.0000			1.0000			-11.0000			
0.0543			-0.1833			0.1105			0.0000			-5.0000			2.0000			-11.0000			
0.0543			0.3734			0.1105			0.5000			-5.0000			1.0000			-10.0000			
0.0543			-0.1833			-0.4560			-0.5000			-5.0000			3.0000			-11.0000			
0.6108			-0.1833			-0.4560			0.0000			-5.0000			1.0000			-11.0000			
0.0543			-0.7401			0.1105			-0.5000			-5.0000			2.0000			-10.0000			
0.0543			0.3734			0.1105			0.5000			-5.0000			2.0000			-11.0000			
0.0543			0.3734			0.1105			0.5000			-5.0000			1.0000			-11.0000			
0.0543			-1.2969			0.1105			-1.1000			-5.0000			1.0000			-11.0000			
0.6108			-0.1833			0.1105			0.5000			-5.0000			2.0000			-11.0000			
-0.5022			0.3734			0.1105			0.0000			-5.0000			2.0000			-10.0000			
0.0543			0.3734			-0.4560			0.0000			-6.0000			2.0000			-11.0000			
0.0543			-0.7401			0.6771			0.0000			-6.0000			2.0000			-11.0000			
0.6108			0.3734			-0.4560			0.5000			-5.0000			3.0000			-11.0000			
0.0543			0.3734			0.1105			0.5000			-5.0000			1.0000			-11.0000			
0.0543			0.3734			0.1105			0.5000			-6.0000			1.0000			-10.0000			
0.6108			-0.1833			0.1105			0.5000			-5.0000			-1.0000			-11.0000			
0.0543			0.3734			0.1105			0.5000			-5.0000			1.0000			-11.0000			
0.6108			-0.7401			-0.4560			-0.5000			-5.0000			1.0000			-11.0000			
0.0543			0.3734			0.1105			0.5000			-5.0000			1.0000			-11.0000			
-0.5022			0.3734			0.1105			0.0000			-6.0000			1.0000			-10.0000			
0.6108			-0.1833			0.6771			1.0000			-6.0000			1.0000			-12.0000			
0.0543			-0.1833			-0.4560			-0.5000			-6.0000			1.0000			-12.0000			
0.0543			-0.1833			0.6771			0.5000			-5.0000			2.0000			-11.0000			
0.6108			-0.1833			0.1105			0.5000			-6.0000			1.0000			-12.0000			
0.0543			-0.1833			-0.4560			-0.5000			-6.0000			1.0000			-10.0000			
0.0543			0.3734			-0.4560			0.0000			-6.0000			2.0000			-11.0000			
0.0543			-0.1833			-0.4560			-0.5000			-5.0000			1.0000			-12.0000			
0.0543			0.3734			0.1105			0.5000			-6.0000			2.0000			-11.0000			
-0.5022			-0.7401			0.1105			-1.1000			-7.0000			1.0000			-11.0000			
-0.5022			0.3734			0.6771			0.5000			-5.0000			-1.0000			-11.0000			
0.6108			0.3734			0.6771			1.6000			-5.0000			2.0000			-11.0000			
0.0543			0.3734			-0.4560			0.0000			-5.0000			2.0000			-11.0000			
-0.5022			-0.1833			-0.4560			-1.1000			-6.0000			2.0000			-12.0000			
0.0543			0.3734			0.1105			0.5000			-5.0000			1.0000			-10.0000			
-0.5022			-0.1833			-0.4560			-1.1000			-6.0000			3.0000			-11.0000			
0.0543			0.3734			0.1105			0.5000			-5.0000			1.0000			-12.0000			
0.0543			-0.1833			0.1105			0.0000			-5.0000			1.0000			-12.0000			
-0.5022			-0.1833			0.1105			-0.5000			-6.0000			2.0000			-11.0000			
0.0543			0.3734			0.1105			0.5000			-5.0000			0.0000			-12.0000			
0.0543			-0.1833			0.6771			0.5000			-4.0000			1.0000			-11.0000			
-0.5022			0.3734			-0.4560			-0.5000			-6.0000			2.0000			-10.0000			
0.0543			-0.1833			-0.4560			-0.5000			-6.0000			1.0000			-11.0000			
0.6108			0.3734			0.6771			1.6000			-5.0000			1.0000			-10.0000			
-0.5022			-0.1833			0.1105			-0.5000			-5.0000			2.0000			-11.0000			
0.0543			-0.1833			-0.4560			-0.5000			-5.0000			2.0000			-11.0000			
0.0543			0.3734			0.1105			0.5000			-5.0000			2.0000			-11.0000			
0.6108			-0.1833			0.1105			0.5000			-6.0000			1.0000			-12.0000			
0.0543			-0.1833			-0.4560			-0.5000			-5.0000			2.0000			-11.0000			
0.0543			0.3734			-0.4560			0.0000			-5.0000			1.0000			-11.0000			
0.0543			-0.1833			-0.4560			-0.5000			-5.0000			1.0000			-12.0000			
0.0543			-0.7401			0.6771			0.0000			-6.0000			1.0000			-12.0000			
0.0543			0.3734			0.1105			0.5000			-5.0000			2.0000			-11.0000			
0.0543			0.3734			-0.4560			0.0000			-6.0000			1.0000			-10.0000			
-0.5022			-0.1833			0.6771			0.0000			-6.0000			2.0000			-10.0000			
0.0543			-0.1833			0.1105			0.0000			-5.0000			2.0000			-11.0000			
0.0543			-0.1833			-0.4560			-0.5000			-5.0000			1.0000			-11.0000			
-0.5022			0.3734			-0.4560			-0.5000			-5.0000			2.0000			-11.0000			
0.0543			-0.1833			0.1105			0.0000			-5.0000			1.0000			-11.0000			
0.0543			-0.1833			-0.4560			-0.5000			-5.0000			3.0000			-12.0000			
0.0543			0.3734			0.1105			0.5000			-6.0000			1.0000			-10.0000			
0.0543			-0.1833			0.1105			0.0000			-6.0000			1.0000			-12.0000			
0.6108			-0.7401			0.6771			0.5000			-5.0000			2.0000			-10.0000			
0.0543			-0.1833			0.1105			0.0000			-6.0000			1.0000			-11.0000			
0.0543			-0.1833			-0.4560			-0.5000			-6.0000			1.0000			-11.0000			
0.0543			0.3734			0.1105			0.5000			-5.0000			2.0000			-10.0000			
0.0543			-0.1833			0.6771			0.5000			-5.0000			1.0000			-11.0000			
0.0543			0.3734			-0.4560			0.0000			-5.0000			1.0000			-12.0000			
0.0543			-0.1833			0.6771			0.5000			-4.0000			1.0000			-10.0000			
0.0543			-0.1833			0.6771			0.5000			-6.0000			2.0000			-11.0000			
-0.5022			-0.1833			-0.4560			-1.1000			-5.0000			1.0000			-10.0000			
0.0543			-0.1833			0.1105			0.0000			-6.0000			2.0000			-10.0000			
0.0543			0.3734			0.6771			1.1000			-5.0000			2.0000			-11.0000			
0.0543			0.3734			-0.4560			0.0000			-5.0000			2.0000			-11.0000			
0.0543			-0.1833			0.6771			0.5000			-4.0000			2.0000			-11.0000			
0.0543			-0.7401			-0.4560			-1.1000			-5.0000			2.0000			-10.0000			
0.0543			-0.1833			0.1105			0.0000			-5.0000			2.0000			-10.0000			
0.0543			-0.1833			0.1105			0.0000			-6.0000			2.0000			-11.0000			
0.0543			-0.1833			0.6771			0.5000			-5.0000			2.0000			-11.0000			
0.0543			-0.7401			0.1105			-0.5000			-6.0000			1.0000			-10.0000			
0.6108			0.3734			0.6771			1.6000			-5.0000			2.0000			-12.0000			
-0.5022			-0.1833			-0.4560			-1.1000			-5.0000			2.0000			-12.0000			
0.0543			-0.1833			-0.4560			-0.5000			-4.0000			2.0000			-10.0000			
0.0543			0.9302			0.1105			1.0000			-6.0000			2.0000			-11.0000			
0.0543			0.3734			0.1105			0.5000			-5.0000			2.0000			-10.0000			
0.0543			0.3734			0.6771			1.1000			-5.0000			2.0000			-11.0000			
0.0543			-0.1833			-0.4560			-0.5000			-4.0000			2.0000			-11.0000			
-0.5022			0.3734			0.1105			0.0000			-4.0000			1.0000			-11.0000			
0.6108			0.3734			0.1105			1.0000			-5.0000			2.0000			-12.0000			
0.0543			-0.1833			0.6771			0.5000			-5.0000			1.0000			-11.0000			
0.0543			-0.1833			0.1105			0.0000			-5.0000			1.0000			-12.0000			
0.0543			-0.1833			-0.4560			-0.5000			-5.0000			2.0000			-11.0000			
0.0543			0.3734			0.1105			0.5000			-5.0000			1.0000			-11.0000			
0.6108			-0.1833			0.1105			0.5000			-5.0000			1.0000			-11.0000			
-0.5022			-0.1833			0.1105			-0.5000			-5.0000			1.0000			-11.0000			
0.0543			0.9302			-0.4560			0.5000			-5.0000			1.0000			-11.0000			
0.0543			-1.2969			0.6771			-0.5000			-5.0000			-1.0000			-11.0000			
-0.5022			-0.1833			0.6771			0.0000			-6.0000			2.0000			-11.0000			
0.0543			0.3734			0.6771			1.1000			-5.0000			1.0000			-11.0000			
-0.5022			0.3734			-0.4560			-0.5000			-5.0000			2.0000			-11.0000			
-0.5022			0.3734			0.1105			0.0000			-5.0000			1.0000			-12.0000			
0.0543			0.3734			-0.4560			0.0000			-6.0000			1.0000			-10.0000			
0.6108			0.3734			-0.4560			0.5000			-6.0000			0.0000			-11.0000			
503.1240			-1.8537			-317.1485			184.1000			-35.0000			2.0000			14.0000			
-238.1247			-4.0808			173.4699			-68.7000			-102.0000			-2.0000			65.0000			
145.8555			3.7141			-144.9221			4.6000			-113.0000			-1.0000			75.0000			
39.0088			-0.7401			-54.2767			-16.0000			-117.0000			2.0000			91.0000			
40.6783			3.1573			-63.3413			-19.5000			-122.0000			9.0000			111.0000			
33.4439			39.3478			-84.8695			-12.0000			-122.0000			-4.0000			126.0000			
30.1049			-1.8537			-46.3452			-18.0000			-129.0000			-14.0000			128.0000			
53.4776			-3.5240			-71.2727			-21.3000			-130.0000			-26.0000			133.0000			
33.4439			7.0548			-58.8090			-18.3000			-122.0000			-33.0000			142.0000			
47.9127			14.8496			-61.6417			1.1000			-108.0000			-43.0000			149.0000			
35.1134			11.5090			-57.6759			-11.0000			-98.0000			-57.0000			150.0000			
35.1134			14.2928			-61.6417			-12.2000			-88.0000			-71.0000			149.0000			
26.7660			17.6335			-59.3755			-14.9000			-78.0000			-83.0000			151.0000			
21.7575			26.5419			-58.8090			-10.5000			-67.0000			-90.0000			155.0000			
15.0796			31.5529			-57.6759			-11.0000			-55.0000			-101.0000			153.0000			
3.3933			41.0181			-59.3755			-14.9000			-43.0000			-109.0000			147.0000			
-1.0587			50.4833			-67.8735			-18.4000			-29.0000			-118.0000			139.0000			
21.7575			69.9704			-109.2305			-17.5000			-7.0000			-124.0000			126.0000			
41.2348			103.9338			-160.2186			-15.0000			12.0000			-124.0000			102.0000			
65.7205			113.3990			-193.0775			-13.9000			31.0000			-123.0000			81.0000			
82.9718			120.6370			-220.2712			-16.6000			47.0000			-126.0000			65.0000			
86.8672			132.3293			-233.8680			-14.6000			61.0000			-129.0000			54.0000			
92.4321			132.8861			-234.4345			-9.1000			71.0000			-129.0000			41.0000			
88.5367			139.0106			-235.0010			-7.4000			78.0000			-126.0000			27.0000			
82.9718			148.4758			-238.4003			-6.9000			87.0000			-123.0000			13.0000			
81.3023			155.7139			-243.4991			-6.4000			92.0000			-120.0000			4.0000			
73.5114			155.1571			-237.2672			-8.6000			98.0000			-118.0000			-7.0000			
69.6159			150.1462			-224.8034			-5.0000			105.0000			-116.0000			-14.0000			
52.9211			161.2817			-224.2369			-10.0000			108.0000			-115.0000			-23.0000			
39.5653			164.0656			-213.4728			-9.8000			111.0000			-110.0000			-32.0000			
18.4186			175.7578			-204.4082			-10.2000			111.0000			-104.0000			-43.0000			
0.0543			187.4501			-199.3094			-11.8000			115.0000			-99.0000			-49.0000			
-18.8665			202.4831			-194.2106			-10.5000			118.0000			-96.0000			-57.0000			
-36.1178			209.7212			-185.1461			-11.5000			119.0000			-92.0000			-65.0000			
-54.4820			213.6186			-171.5492			-12.4000			124.0000			-89.0000			-74.0000			
-68.9508			219.7431			-163.0512			-12.2000			125.0000			-83.0000			-81.0000			
-81.7502			222.5270			-154.5532			-13.7000			127.0000			-80.0000			-86.0000			
-93.4365			224.7541			-143.2225			-11.9000			128.0000			-76.0000			-93.0000			
-101.7839			223.6406			-132.4584			-10.5000			130.0000			-73.0000			-99.0000			
-112.9138			221.9702			-121.6943			-12.6000			129.0000			-68.0000			-103.0000			
-119.5917			219.1864			-110.3636			-10.7000			130.0000			-65.0000			-109.0000			
-126.8261			219.1864			-105.2648			-12.9000			130.0000			-59.0000			-116.0000			
-127.3826			212.5051			-96.2002			-11.0000			128.0000			-51.0000			-122.0000			
-125.1566			205.2670			-88.2688			-8.1000			121.0000			-40.0000			-127.0000			
-119.0352			186.8934			-77.5046			-9.6000			114.0000			-33.0000			-129.0000			
-114.5833			175.2011			-66.1739			-5.5000			105.0000			-23.0000			-131.0000			
-112.3573			163.5088			-53.1436			-1.9000			94.0000			-14.0000			-130.0000			
-106.2359			141.7945			-39.5468			-3.9000			88.0000			-7.0000			-132.0000			
-101.2274			126.2048			-29.9158			-4.9000			82.0000			1.0000			-134.0000			
-92.8800			108.3880			-20.8512			-5.3000			77.0000			7.0000			-136.0000			
-83.9762			89.4576			-10.0871			-4.6000			73.0000			18.0000			-144.0000			
-72.2898			65.5162			5.2093			-1.5000			69.0000			31.0000			-149.0000			
-64.4989			36.5639			26.7376			-1.2000			64.0000			42.0000			-155.0000			
-48.9171			23.2013			26.1711			0.4000			59.0000			53.0000			-158.0000			
-42.2392			10.3954			38.0683			6.2000			52.0000			63.0000			-161.0000			
-31.6658			-2.4104			39.2014			5.1000			45.0000			71.0000			-162.0000			
-21.6489			-12.9892			40.9010			6.2000			38.0000			79.0000			-164.0000			
-11.6321			-19.6705			40.3345			9.0000			30.0000			89.0000			-164.0000			
-13.3015			-20.2273			44.8667			11.3000			19.0000			96.0000			-161.0000			
-10.5191			-27.4653			43.7337			5.7000			11.0000			102.0000			-157.0000			
-4.3977			-30.8060			43.7337			8.5000			-1.0000			108.0000			-151.0000			
-5.5106			-28.5789			42.6006			8.5000			-11.0000			116.0000			-145.0000			
3.9497			-34.7034			39.7679			9.0000			-22.0000			120.0000			-140.0000			
8.4017			-34.1467			38.6349			12.8000			-38.0000			129.0000			-132.0000			
20.0880			-37.4873			32.9695			15.5000			-53.0000			138.0000			-124.0000			
10.0712			-35.8170			35.8022			10.0000			-73.0000			146.0000			-112.0000			
16.7491			-38.0441			31.2699			9.9000			-89.0000			152.0000			-101.0000			
21.2010			-39.7144			25.0380			6.5000			-101.0000			155.0000			-88.0000			
28.9919			-39.1576			16.5400			6.3000			-114.0000			156.0000			-77.0000			
34.5569			-39.7144			9.7416			4.5000			-123.0000			156.0000			-65.0000			
35.1134			-44.1686			13.1408			4.0000			-134.0000			154.0000			-49.0000			
34.0004			-41.9415			12.5743			4.6000			-144.0000			152.0000			-35.0000			
34.5569			-41.9415			12.0078			4.6000			-153.0000			150.0000			-21.0000			
34.0004			-41.9415			9.1751			1.2000			-159.0000			147.0000			-11.0000			
34.5569			-43.6118			10.8747			1.8000			-165.0000			143.0000			-1.0000			
35.1134			-39.1576			6.3424			2.3000			-170.0000			137.0000			12.0000			
34.0004			-40.8280			6.3424			-0.4000			-173.0000			131.0000			24.0000			
34.0004			-39.1576			3.5097			-1.6000			-176.0000			124.0000			36.0000			
31.7744			-39.1576			4.0763			-3.3000			-178.0000			114.0000			49.0000			
30.6614			-37.4873			4.0763			-2.7000			-177.0000			104.0000			61.0000			
30.1049			-31.9196			-2.1556			-3.9000			-176.0000			93.0000			72.0000			
28.9919			-29.1357			-6.6879			-6.8000			-174.0000			81.0000			81.0000			
28.9919			-19.1137			-16.8855			-7.0000			-170.0000			69.0000			89.0000			
33.4439			-26.3518			-14.6193			-7.5000			-165.0000			59.0000			99.0000			
34.0004			-23.5679			-16.8855			-6.4000			-161.0000			47.0000			106.0000			
34.5569			-23.5679			-18.0185			-7.0000			-156.0000			37.0000			115.0000			
36.2263			-23.5679			-20.8512			-8.1000			-152.0000			25.0000			122.0000			
35.1134			-20.2273			-23.6839			-8.7000			-147.0000			15.0000			128.0000			
37.3393			-21.3408			-23.6839			-7.6000			-140.0000			4.0000			132.0000			
36.2263			-18.5569			-25.3835			-7.7000			-132.0000			-6.0000			137.0000			
34.5569			-17.4434			-27.0831			-9.9000			-124.0000			-18.0000			141.0000			
34.5569			-18.0002			-27.0831			-10.5000			-115.0000			-30.0000			145.0000			
32.8874			-16.3298			-27.6496			-11.0000			-105.0000			-43.0000			148.0000			
30.6614			-14.1027			-27.0831			-10.5000			-93.0000			-56.0000			150.0000			
25.6530			-6.8646			-28.7827			-9.9000			-81.0000			-67.0000			148.0000			
19.5315			-1.8537			-29.9158			-12.2000			-72.0000			-76.0000			149.0000			
13.9666			5.9412			-32.1819			-12.2000			-59.0000			-84.0000			145.0000			
20.0880			3.7141			-35.5811			-11.7000			-45.0000			-95.0000			139.0000			
14.5231			7.6115			-37.2807			-15.1000			-32.0000			-104.0000			136.0000			
16.7491			10.9522			-39.5468			-11.8000			-15.0000			-115.0000			128.0000			
15.6361			15.4064			-42.9460			-11.9000			-3.0000			-123.0000			123.0000			
17.8621			20.9742			-52.5771			-13.7000			12.0000			-128.0000			111.0000			
30.6614			36.5639			-80.9038			-13.6000			31.0000			-132.0000			95.0000			
40.6783			53.2672			-106.9644			-13.0000			47.0000			-133.0000			77.0000			
54.0341			71.0840			-134.1580			-9.0000			62.0000			-133.0000			57.0000			
55.1471			78.8788			-143.7891			-9.7000			73.0000			-135.0000			47.0000			
61.2685			83.8898			-154.5532			-9.3000			84.0000			-136.0000			35.0000			
61.8250			87.2305			-155.6863			-6.6000			91.0000			-134.0000			23.0000			
60.1555			90.0144			-153.9867			-3.8000			96.0000			-129.0000			8.0000			
54.5906			93.3550			-153.9867			-6.0000			100.0000			-125.0000			-5.0000			
47.3562			92.2415			-145.4887			-5.8000			103.0000			-119.0000			-14.0000			
36.7828			92.7982			-135.2911			-5.7000			109.0000			-116.0000			-23.0000			
25.0965			87.7873			-117.1620			-4.2000			110.0000			-114.0000			-33.0000			
11.7406			86.6737			-103.5652			-5.1000			116.0000			-112.0000			-41.0000			
-1.6152			90.0144			-91.1014			-2.7000			120.0000			-107.0000			-50.0000			
-16.6405			94.4686			-79.7707			-1.9000			122.0000			-101.0000			-59.0000			
-29.9963			100.0363			-73.5389			-3.4000			124.0000			-96.0000			-71.0000			
-41.1262			107.8312			-70.1397			-3.4000			128.0000			-91.0000			-80.0000			
-51.6996			113.9557			-65.6074			-3.3000			130.0000			-86.0000			-89.0000			
-64.4989			117.2964			-57.6759			-4.8000			132.0000			-82.0000			-96.0000			
-72.2898			121.1938			-52.5771			-3.6000			134.0000			-76.0000			-105.0000			
-81.7502			130.1022			-52.5771			-4.2000			132.0000			-72.0000			-111.0000			
-88.9846			135.1132			-52.0106			-5.8000			132.0000			-65.0000			-116.0000			
-92.8800			139.5674			-49.7444			-3.0000			129.0000			-59.0000			-122.0000			
-97.3320			139.5674			-45.7787			-3.5000			128.0000			-54.0000			-126.0000			
-98.4450			135.1132			-40.6799			-4.0000			123.0000			-46.0000			-130.0000			
-92.8800			122.8641			-32.1819			-2.2000			114.0000			-36.0000			-132.0000			
-88.9846			108.9447			-23.1173			-3.1000			104.0000			-27.0000			-133.0000			
-84.5326			101.7067			-18.0185			-0.8000			95.0000			-19.0000			-134.0000			
-81.1937			89.4576			-10.0871			-1.8000			86.0000			-8.0000			-137.0000			
-76.7417			74.9814			0.1105			-1.6000			78.0000			3.0000			-141.0000			
-66.1684			50.4833			15.9735			0.2000			74.0000			15.0000			-149.0000			
-55.5950			30.4393			27.8707			2.7000			69.0000			26.0000			-158.0000			
-50.0301			15.9632			36.3687			2.2000			67.0000			37.0000			-164.0000			
-42.7957			5.3844			43.7337			6.3000			61.0000			49.0000			-170.0000			
-38.9002			-3.5240			48.2659			5.8000			54.0000			59.0000			-172.0000			
-31.6658			-10.7621			49.3990			6.9000			48.0000			70.0000			-174.0000			
-24.9879			-17.4434			51.0986			8.6000			41.0000			78.0000			-173.0000			
-24.9879			-18.5569			55.0643			11.5000			32.0000			87.0000			-171.0000			
-23.8749			-25.7950			56.1974			6.5000			21.0000			94.0000			-168.0000			
-19.9795			-28.5789			57.8970			9.3000			10.0000			100.0000			-164.0000			
-21.0924			-28.5789			57.8970			8.2000			-1.0000			109.0000			-160.0000			
-16.0840			-30.8060			57.3305			10.4000			-11.0000			115.0000			-154.0000			
-8.2931			-35.8170			56.1974			12.0000			-25.0000			124.0000			-148.0000			
-9.4061			-35.8170			56.1974			10.9000			-41.0000			134.0000			-140.0000			
0.6108			-41.9415			53.9313			12.5000			-58.0000			142.0000			-132.0000			
2.2803			-42.4983			51.0986			10.8000			-74.0000			148.0000			-119.0000			
5.0627			-42.4983			48.2659			10.8000			-88.0000			153.0000			-107.0000			
10.0712			-43.0551			41.4675			8.4000			-101.0000			155.0000			-95.0000			
17.8621			-45.2822			36.3687			8.9000			-112.0000			155.0000			-81.0000			
20.0880			-48.0661			34.1026			6.1000			-122.0000			155.0000			-69.0000			
22.8705			-51.4067			35.2356			6.6000			-132.0000			154.0000			-56.0000			
25.6530			-51.9635			31.8364			5.5000			-139.0000			151.0000			-45.0000			
27.8789			-53.0770			30.1368			4.9000			-146.0000			150.0000			-35.0000			
30.1049			-54.7474			29.5703			4.9000			-153.0000			147.0000			-25.0000			
32.8874			-55.3041			26.1711			3.7000			-158.0000			144.0000			-15.0000			
33.4439			-56.4177			25.0380			2.0000			-163.0000			140.0000			-5.0000			
35.1134			-55.8609			22.7719			2.0000			-167.0000			134.0000			9.0000			
35.1134			-54.1906			20.5058			1.4000			-171.0000			126.0000			22.0000			
35.6698			-53.0770			18.2396			0.8000			-174.0000			117.0000			35.0000			
32.8874			-52.5203			16.5400			-3.0000			-175.0000			106.0000			47.0000			
33.4439			-50.2932			13.1408			-3.7000			-173.0000			94.0000			59.0000			
35.1134			-46.3957			8.0420			-3.2000			-173.0000			85.0000			71.0000			
35.6698			-40.2712			0.1105			-4.5000			-171.0000			75.0000			79.0000			
38.4523			-43.0551			0.6771			-3.9000			-169.0000			65.0000			89.0000			
40.1218			-40.8280			-3.8552			-4.5000			-167.0000			56.0000			97.0000			
40.6783			-40.2712			-6.6879			-6.2000			-163.0000			46.0000			105.0000			
42.3478			-39.1576			-8.3875			-5.1000			-158.0000			34.0000			113.0000			
42.3478			-37.4873			-11.2201			-6.3000			-153.0000			24.0000			121.0000			
41.2348			-33.5899			-15.1859			-7.5000			-148.0000			12.0000			126.0000			
42.3478			-34.1467			-15.7524			-7.5000			-142.0000			2.0000			130.0000			
41.7913			-34.7034			-16.3189			-9.2000			-133.0000			-11.0000			138.0000			
40.1218			-30.8060			-17.4520			-8.1000			-125.0000			-21.0000			142.0000			
38.4523			-30.2492			-16.8855			-8.6000			-116.0000			-33.0000			143.0000			
35.6698			-28.0221			-17.4520			-9.8000			-104.0000			-45.0000			145.0000			
32.8874			-25.7950			-16.3189			-9.2000			-93.0000			-58.0000			146.0000			
27.3225			-20.2273			-18.0185			-10.9000			-81.0000			-70.0000			146.0000			
22.8705			-12.4324			-19.1516			-8.7000			-70.0000			-80.0000			145.0000			
24.5400			-13.5459			-21.9843			-10.9000			-56.0000			-90.0000			143.0000			
23.9835			-9.6485			-24.2504			-9.9000			-44.0000			-100.0000			138.0000			
21.2010			-6.8646			-25.3835			-11.0000			-31.0000			-109.0000			133.0000			
20.6445			-3.5240			-26.5166			-9.3000			-17.0000			-117.0000			127.0000			
19.5315			-0.1833			-28.7827			-9.4000			-5.0000			-125.0000			122.0000			
16.7491			2.6006			-30.4823			-11.1000			7.0000			-132.0000			116.0000			
17.3056			7.0548			-35.0146			-10.6000			20.0000			-138.0000			107.0000			
17.3056			12.6225			-40.6799			-10.7000			33.0000			-144.0000			97.0000			
26.7660			24.3148			-62.2082			-11.1000			48.0000			-146.0000			81.0000			
33.4439			37.1207			-82.0369			-11.4000			63.0000			-146.0000			64.0000			
38.4523			51.5968			-99.0329			-8.9000			76.0000			-146.0000			47.0000			
45.6867			57.7214			-110.9301			-7.5000			87.0000			-147.0000			33.0000			
45.1302			61.6188			-112.6297			-5.8000			96.0000			-146.0000			22.0000			
42.3478			59.9485			-107.5309			-5.2000			104.0000			-142.0000			8.0000			
37.3393			58.8349			-99.0329			-2.8000			108.0000			-136.0000			-6.0000			
27.8789			59.3917			-88.8353			-1.5000			110.0000			-129.0000			-18.0000			
18.4186			55.4943			-75.8050			-1.8000			116.0000			-125.0000			-29.0000			
7.8452			54.9375			-63.9078			-1.1000			119.0000			-121.0000			-38.0000			
-3.2847			49.9265			-46.9118			-0.2000			122.0000			-117.0000			-48.0000			
-13.3015			49.3697			-36.1476			0.0000			127.0000			-114.0000			-57.0000			
-20.5360			53.2672			-31.6154			1.1000			130.0000			-109.0000			-69.0000			
-27.7704			58.2781			-29.3492			1.1000			132.0000			-102.0000			-79.0000			
-35.0048			64.9594			-27.6496			2.2000			133.0000			-96.0000			-89.0000			
-44.4652			69.4137			-23.1173			1.8000			134.0000			-90.0000			-97.0000			
-51.6996			77.2085			-23.1173			2.3000			134.0000			-83.0000			-105.0000			
-59.4905			85.0034			-25.3835			0.1000			134.0000			-77.0000			-112.0000			
-63.9424			91.1279			-24.2504			2.9000			132.0000			-70.0000			-119.0000			
-71.7333			95.5821			-24.2504			-0.4000			128.0000			-65.0000			-123.0000			
-75.6288			98.3660			-21.4177			1.3000			127.0000			-58.0000			-125.0000			
-77.2982			96.6957			-16.8855			2.5000			124.0000			-52.0000			-129.0000			
-75.0723			92.7982			-14.6193			3.0000			120.0000			-43.0000			-134.0000			
-72.8463			86.6737			-9.5205			4.3000			106.0000			-33.0000			-137.0000			
-67.2814			70.5272			-2.1556			1.0000			98.0000			-23.0000			-139.0000			
-58.9340			58.2781			6.3424			5.6000			90.0000			-10.0000			-145.0000			
-54.4820			42.1316			17.1066			4.7000			82.0000			3.0000			-153.0000			
-47.8041			23.7580			30.7034			6.6000			79.0000			16.0000			-161.0000			
-42.2392			9.2819			36.9353			3.9000			74.0000			28.0000			-168.0000			
-37.7872			-0.1833			43.7337			5.7000			68.0000			41.0000			-173.0000			
-32.7788			-7.9782			47.6994			6.9000			62.0000			51.0000			-174.0000			
-28.3269			-11.3188			47.6994			8.0000			56.0000			61.0000			-178.0000			
-23.8749			-17.4434			49.3990			8.0000			47.0000			70.0000			-177.0000			
-23.8749			-19.6705			52.2317			8.6000			38.0000			78.0000			-177.0000			
-21.6489			-24.1247			53.9313			8.1000			28.0000			87.0000			-173.0000			
-21.6489			-24.1247			55.6309			9.8000			19.0000			94.0000			-169.0000			
-20.5360			-26.3518			56.1974			9.3000			4.0000			102.0000			-164.0000			
-17.7535			-28.5789			56.1974			9.8000			-6.0000			109.0000			-159.0000			
-12.1886			-31.3628			55.6309			12.0000			-21.0000			120.0000			-153.0000			
-12.1886			-30.2492			53.3647			10.9000			-37.0000			129.0000			-148.0000			
-2.1717			-39.1576			53.3647			12.0000			-52.0000			137.0000			-139.0000			
-1.6152			-38.6009			49.3990			9.1000			-67.0000			143.0000			-130.0000			
2.8368			-40.8280			47.6994			9.7000			-79.0000			148.0000			-119.0000			
5.6192			-40.8280			44.8667			9.6000			-92.0000			150.0000			-105.0000			
9.5147			-42.4983			39.7679			6.7000			-103.0000			150.0000			-91.0000			
15.6361			-43.0551			35.2356			7.8000			-115.0000			151.0000			-79.0000			
15.0796			-47.5093			38.0683			5.6000			-125.0000			150.0000			-67.0000			
19.5315			-48.0661			34.1026			5.5000			-132.0000			151.0000			-57.0000			
21.7575			-49.1796			32.9695			5.5000			-140.0000			150.0000			-47.0000			
24.5400			-51.4067			30.7034			3.8000			-147.0000			147.0000			-35.0000			
26.2095			-51.9635			30.1368			4.3000			-153.0000			144.0000			-25.0000			
27.8789			-51.9635			26.7376			2.6000			-157.0000			141.0000			-13.0000			
28.9919			-53.6338			25.0380			0.3000			-163.0000			134.0000			-1.0000			
28.9919			-54.1906			25.6046			0.4000			-169.0000			127.0000			15.0000			
29.5484			-50.2932			19.9392			-0.8000			-171.0000			120.0000			25.0000			
29.5484			-49.7364			19.3727			-0.8000			-171.0000			110.0000			39.0000			
30.1049			-49.7364			17.1066			-2.5000			-171.0000			99.0000			51.0000			
30.6614			-46.9525			13.1408			-3.1000			-173.0000			90.0000			62.0000			
30.6614			-43.6118			9.1751			-3.7000			-173.0000			82.0000			71.0000			
33.4439			-43.0551			6.3424			-3.2000			-173.0000			72.0000			79.0000			
34.5569			-42.4983			4.6428			-3.2000			-170.0000			63.0000			88.0000			
35.1134			-41.3847			1.2436			-5.0000			-168.0000			54.0000			98.0000			
36.2263			-40.8280			-2.1556			-6.7000			-163.0000			44.0000			105.0000			
36.7828			-39.1576			-3.8552			-6.2000			-158.0000			32.0000			112.0000			
36.7828			-38.0441			-6.1213			-7.3000			-153.0000			21.0000			119.0000			
37.3393			-36.9305			-9.5205			-9.1000			-147.0000			10.0000			127.0000			
34.0004			-33.0331			-10.0871			-9.1000			-138.0000			-3.0000			133.0000			
37.3393			-33.5899			-10.6536			-6.9000			-131.0000			-14.0000			137.0000			
34.0004			-30.8060			-12.9197			-9.7000			-124.0000			-26.0000			142.0000			
32.3309			-30.2492			-11.7867			-9.7000			-115.0000			-37.0000			144.0000			
28.9919			-28.5789			-11.7867			-11.3000			-104.0000			-48.0000			144.0000			
30.6614			-26.3518			-12.3532			-8.0000			-93.0000			-60.0000			145.0000			
25.6530			-20.7840			-14.0528			-9.1000			-80.0000			-72.0000			144.0000			
22.8705			-17.4434			-16.3189			-10.8000			-69.0000			-82.0000			145.0000			
22.8705			-16.8866			-16.8855			-10.9000			-57.0000			-93.0000			142.0000			
20.6445			-12.9892			-19.1516			-11.4000			-43.0000			-103.0000			140.0000			
19.5315			-11.3188			-19.1516			-10.9000			-33.0000			-113.0000			137.0000			
17.8621			-8.5350			-20.8512			-11.5000			-18.0000			-121.0000			130.0000			
17.3056			-5.1943			-21.9843			-9.8000			-6.0000			-129.0000			124.0000			
14.5231			-2.4104			-23.6839			-11.5000			6.0000			-135.0000			118.0000			
14.5231			-0.1833			-25.9500			-11.6000			21.0000			-144.0000			109.0000			
12.2971			3.7141			-24.8170			-8.8000			33.0000			-148.0000			101.0000			
15.0796			7.0548			-32.1819			-10.0000			45.0000			-153.0000			89.0000			
19.5315			14.2928			-44.0791			-10.2000			59.0000			-156.0000			75.0000			
23.4270			27.0987			-58.8090			-8.2000			74.0000			-156.0000			59.0000			
27.3225			38.2342			-75.8050			-10.2000			86.0000			-154.0000			42.0000			
31.2179			42.6884			-79.7707			-5.8000			98.0000			-154.0000			27.0000			
31.2179			46.5858			-83.7365			-5.9000			106.0000			-154.0000			17.0000			
28.4354			45.4723			-76.3715			-2.4000			111.0000			-150.0000			4.0000			
22.8705			43.8020			-66.7405			0.0000			114.0000			-142.0000			-9.0000			
15.0796			42.1316			-55.9763			1.2000			119.0000			-135.0000			-25.0000			
4.5062			36.0071			-41.2464			-0.7000			122.0000			-130.0000			-35.0000			
-4.9541			34.3368			-31.0488			-1.6000			126.0000			-126.0000			-46.0000			
-10.5191			33.7800			-21.9843			1.2000			130.0000			-121.0000			-57.0000			
-16.6405			33.7800			-15.7524			1.3000			134.0000			-117.0000			-66.0000			
-21.6489			37.1207			-14.0528			1.4000			138.0000			-111.0000			-77.0000			
-26.1009			41.5749			-11.7867			3.6000			138.0000			-104.0000			-87.0000			
-33.3353			48.8129			-12.3532			3.1000			139.0000			-98.0000			-98.0000			
-41.1262			53.8239			-11.2201			1.4000			139.0000			-90.0000			-105.0000			
-45.5781			58.8349			-11.2201			2.0000			137.0000			-83.0000			-111.0000			
-52.2561			64.9594			-11.2201			1.4000			135.0000			-77.0000			-117.0000			
-57.2645			69.4137			-9.5205			2.6000			134.0000			-70.0000			-122.0000			
-61.1599			72.7543			-8.3875			3.2000			129.0000			-65.0000			-127.0000			
-63.9424			73.3111			-7.8209			1.5000			128.0000			-55.0000			-132.0000			
-64.4989			73.3111			-5.5548			3.2000			121.0000			-47.0000			-137.0000			
-56.1515			64.4027			-1.5891			6.6000			112.0000			-36.0000			-140.0000			
-57.2645			55.4943			6.3424			4.5000			103.0000			-23.0000			-145.0000			
-49.4736			39.3478			14.8404			4.7000			95.0000			-9.0000			-153.0000			
-41.6827			21.5309			26.1711			6.0000			89.0000			5.0000			-160.0000			
-37.2307			12.6225			31.8364			7.2000			81.0000			17.0000			-167.0000			
-33.8918			2.0438			38.0683			6.2000			74.0000			29.0000			-173.0000			
-29.9963			-5.7511			42.6006			6.8000			66.0000			40.0000			-176.0000			
-28.8833			-8.5350			43.1671			5.7000			60.0000			51.0000			-178.0000			
-24.4314			-14.1027			45.4333			6.8000			53.0000			60.0000			-179.0000			
-21.6489			-16.8866			48.2659			9.7000			46.0000			69.0000			-177.0000			
-21.6489			-18.0002			49.3990			9.7000			36.0000			79.0000			-176.0000			
-21.6489			-19.6705			51.0986			9.7000			26.0000			87.0000			-173.0000			
-20.5360			-22.4544			51.6651			8.6000			14.0000			94.0000			-168.0000			
-19.9795			-24.6815			53.3647			8.6000			2.0000			102.0000			-164.0000			
-13.8580			-27.4653			53.3647			12.0000			-9.0000			112.0000			-159.0000			
-13.8580			-27.4653			52.7982			11.4000			-26.0000			122.0000			-153.0000			
-3.2847			-33.0331			49.3990			13.0000			-39.0000			130.0000			-146.0000			
-7.1801			-32.4763			49.9655			10.3000			-55.0000			139.0000			-137.0000			
0.0543			-36.3738			47.6994			11.3000			-68.0000			144.0000			-129.0000			
1.1673			-37.4873			45.4333			9.1000			-81.0000			147.0000			-116.0000			
3.3933			-38.6009			43.7337			8.5000			-93.0000			148.0000			-101.0000			
8.9582			-39.7144			38.0683			7.3000			-106.0000			149.0000			-89.0000			
11.7406			-43.6118			40.3345			8.4000			-116.0000			149.0000			-75.0000			
12.8536			-42.4983			35.8022			6.1000			-126.0000			149.0000			-65.0000			
16.1926			-45.2822			34.6691			5.5000			-134.0000			149.0000			-54.0000			
19.5315			-47.5093			32.4030			4.4000			-140.0000			147.0000			-45.0000			
22.3140			-48.0661			30.1368			4.3000			-148.0000			145.0000			-33.0000			
22.8705			-48.6228			29.0038			3.2000			-154.0000			142.0000			-21.0000			
25.0965			-49.7364			26.7376			2.0000			-160.0000			136.0000			-10.0000			
26.2095			-49.1796			26.1711			3.2000			-164.0000			129.0000			5.0000			
25.6530			-48.0661			23.3384			0.9000			-169.0000			123.0000			18.0000			
25.0965			-46.9525			21.6388			-0.2000			-172.0000			114.0000			29.0000			
26.7660			-47.5093			19.9392			-0.8000			-171.0000			103.0000			43.0000			
25.6530			-45.8390			18.2396			-1.9000			-172.0000			95.0000			53.0000			
27.3225			-44.1686			14.8404			-2.0000			-173.0000			88.0000			60.0000			
27.8789			-41.9415			10.3082			-3.7000			-172.0000			81.0000			69.0000			
31.7744			-43.6118			8.6086			-3.2000			-170.0000			73.0000			78.0000			
30.6614			-40.8280			6.9090			-3.2000			-170.0000			63.0000			87.0000			
31.2179			-39.7144			4.0763			-4.4000			-167.0000			54.0000			95.0000			
32.8874			-39.1576			1.2436			-5.0000			-162.0000			42.0000			103.0000			
32.3309			-38.0441			-1.0225			-6.7000			-158.0000			31.0000			111.0000			
34.5569			-38.0441			-3.2887			-6.7000			-151.0000			19.0000			120.0000			
34.0004			-35.2602			-6.1213			-7.3000			-145.0000			8.0000			127.0000			
34.5569			-33.0331			-7.2544			-5.7000			-137.0000			-4.0000			134.0000			
32.3309			-31.9196			-8.3875			-7.9000			-131.0000			-16.0000			138.0000			
30.1049			-29.6925			-9.5205			-9.1000			-122.0000			-27.0000			143.0000			
30.1049			-29.1357			-9.5205			-8.5000			-112.0000			-41.0000			145.0000			
27.8789			-26.9086			-9.5205			-8.5000			-103.0000			-52.0000			147.0000			
26.2095			-25.2382			-9.5205			-8.5000			-93.0000			-61.0000			145.0000			
22.8705			-21.3408			-11.7867			-10.2000			-81.0000			-72.0000			144.0000			
21.2010			-18.0002			-14.0528			-10.8000			-70.0000			-82.0000			145.0000			
21.7575			-16.3298			-14.6193			-9.1000			-57.0000			-94.0000			144.0000			
17.8621			-14.1027			-16.3189			-12.5000			-44.0000			-105.0000			140.0000			
17.8621			-11.3188			-17.4520			-10.9000			-31.0000			-115.0000			137.0000			
16.7491			-8.5350			-18.5851			-10.3000			-17.0000			-123.0000			131.0000			
15.6361			-6.8646			-19.1516			-10.3000			-4.0000			-131.0000			123.0000			
8.9582			-4.0808			-17.4520			-12.5000			8.0000			-138.0000			116.0000			
13.9666			-1.2969			-21.4177			-8.7000			22.0000			-146.0000			110.0000			
8.4017			1.4870			-20.8512			-10.9000			33.0000			-151.0000			101.0000			
10.0712			4.2709			-23.1173			-8.7000			45.0000			-156.0000			92.0000			
10.6277			7.6115			-27.0831			-8.8000			58.0000			-159.0000			79.0000			
13.4101			15.4064			-37.2807			-8.4000			71.0000			-160.0000			63.0000			
15.6361			24.8716			-47.4783			-6.9000			83.0000			-160.0000			50.0000			
21.2010			32.1097			-58.2425			-4.9000			95.0000			-159.0000			34.0000			
22.3140			36.5639			-62.7747			-3.8000			104.0000			-158.0000			22.0000			
21.7575			38.7910			-62.7747			-2.2000			111.0000			-157.0000			10.0000			
18.9751			35.4503			-55.4098			-0.9000			117.0000			-152.0000			-4.0000			
10.0712			32.1097			-42.9460			-0.7000			120.0000			-144.0000			-18.0000			
3.3933			30.4393			-33.3150			0.5000			125.0000			-137.0000			-32.0000			
-6.0671			26.5419			-20.8512			-0.3000			128.0000			-130.0000			-44.0000			
-11.0756			25.4284			-14.0528			0.2000			132.0000			-126.0000			-56.0000			
-16.0840			27.0987			-8.9540			2.0000			136.0000			-122.0000			-67.0000			
-20.5360			27.0987			-6.1213			0.4000			140.0000			-116.0000			-77.0000			
-22.7619			30.4393			-3.8552			3.8000			141.0000			-110.0000			-87.0000			
-26.6574			34.8936			-4.9883			3.2000			141.0000			-103.0000			-97.0000			
-33.8918			39.9045			-2.7221			3.2000			141.0000			-94.0000			-105.0000			
-40.5697			46.0291			-3.2887			2.1000			140.0000			-89.0000			-112.0000			
-45.0216			49.9265			-2.1556			2.7000			138.0000			-82.0000			-118.0000			
-48.9171			54.3807			-2.1556			3.3000			136.0000			-74.0000			-124.0000			
-53.3690			59.3917			-1.5891			4.4000			132.0000			-68.0000			-129.0000			
-56.7080			60.5052			-1.5891			2.2000			127.0000			-60.0000			-133.0000			
-56.7080			60.5052			0.1105			3.9000			124.0000			-51.0000			-138.0000			
-51.6996			54.9375			4.0763			7.3000			117.0000			-39.0000			-144.0000			
-50.0301			44.9155			13.1408			8.0000			106.0000			-22.0000			-149.0000			
-41.1262			30.9961			19.3727			9.2000			100.0000			-7.0000			-155.0000			
-36.1178			15.9632			29.0038			8.8000			94.0000			5.0000			-162.0000			
-32.2223			6.4980			34.6691			8.9000			86.0000			19.0000			-167.0000			
-28.8833			-1.2969			38.0683			7.8000			76.0000			30.0000			-172.0000			
-27.7704			-5.1943			40.3345			7.3000			68.0000			41.0000			-176.0000			
-25.5444			-7.9782			41.4675			7.9000			61.0000			51.0000			-177.0000			
-19.9795			-13.5459			42.6006			9.0000			54.0000			60.0000			-178.0000			
-22.2054			-13.5459			44.8667			9.1000			44.0000			70.0000			-179.0000			
-22.2054			-16.8866			48.2659			9.1000			35.0000			77.0000			-177.0000			
-22.2054			-18.0002			49.3990			9.1000			25.0000			86.0000			-173.0000			
-21.0924			-20.2273			50.5321			9.2000			13.0000			94.0000			-169.0000			
-17.1970			-23.0111			51.0986			10.8000			-1.0000			102.0000			-164.0000			
-14.9710			-24.1247			51.6651			12.5000			-15.0000			113.0000			-159.0000			
-11.0756			-28.5789			50.5321			10.8000			-30.0000			124.0000			-154.0000			
-8.2931			-29.6925			49.9655			11.9000			-45.0000			131.0000			-146.0000			
-4.3977			-31.3628			47.6994			11.9000			-58.0000			138.0000			-138.0000			
-2.1717			-33.0331			45.4333			10.2000			-70.0000			143.0000			-128.0000			
0.6108			-34.7034			43.1671			9.0000			-82.0000			146.0000			-115.0000			
3.3933			-35.2602			40.3345			8.4000			-95.0000			147.0000			-102.0000			
10.0712			-37.4873			35.8022			8.3000			-107.0000			145.0000			-87.0000			
8.4017			-39.1576			37.5018			6.7000			-118.0000			146.0000			-75.0000			
12.8536			-40.8280			34.6691			6.6000			-127.0000			149.0000			-65.0000			
13.9666			-42.4983			33.5360			5.0000			-134.0000			147.0000			-55.0000			
17.3056			-43.6118			31.2699			4.9000			-141.0000			146.0000			-44.0000			
18.9751			-45.2822			30.1368			3.8000			-148.0000			142.0000			-33.0000			
21.2010			-45.2822			27.8707			3.7000			-154.0000			139.0000			-20.0000			
21.7575			-47.5093			27.8707			2.1000			-160.0000			135.0000			-7.0000			
22.8705			-48.0661			27.8707			2.6000			-165.0000			128.0000			7.0000			
23.4270			-46.3957			23.3384			0.3000			-167.0000			122.0000			20.0000			
21.7575			-45.2822			21.0723			-2.4000			-169.0000			110.0000			33.0000			
24.5400			-45.2822			19.9392			-0.8000			-169.0000			102.0000			46.0000			
24.5400			-41.9415			16.5400			-0.8000			-171.0000			95.0000			54.0000			
25.6530			-41.9415			14.2739			-2.0000			-170.0000			88.0000			62.0000			
26.2095			-38.6009			8.6086			-3.7000			-169.0000			80.0000			72.0000			
27.8789			-40.2712			9.7416			-2.6000			-169.0000			72.0000			80.0000			
28.9919			-39.7144			8.0420			-2.6000			-167.0000			65.0000			88.0000			
28.9919			-38.0441			4.6428			-4.4000			-165.0000			54.0000			97.0000			
30.6614			-37.4873			2.3767			-4.4000			-161.0000			41.0000			105.0000			
30.1049			-37.4873			0.1105			-7.2000			-157.0000			28.0000			112.0000			
30.1049			-35.8170			-1.0225			-6.7000			-151.0000			17.0000			120.0000			
30.6614			-33.0331			-4.4217			-6.8000			-145.0000			6.0000			127.0000			
31.2179			-32.4763			-4.9883			-6.2000			-137.0000			-6.0000			133.0000			
28.9919			-30.2492			-7.2544			-8.5000			-131.0000			-19.0000			138.0000			
27.3225			-29.6925			-7.8209			-10.1000			-121.0000			-31.0000			143.0000			
26.7660			-27.4653			-7.8209			-8.5000			-112.0000			-44.0000			146.0000			
25.0965			-26.3518			-7.8209			-9.0000			-102.0000			-53.0000			146.0000			
24.5400			-24.6815			-8.3875			-8.5000			-93.0000			-63.0000			145.0000			
20.0880			-20.2273			-8.9540			-9.0000			-81.0000			-72.0000			143.0000			
20.6445			-20.2273			-11.2201			-10.8000			-68.0000			-85.0000			144.0000			
20.0880			-18.0002			-12.3532			-10.2000			-56.0000			-97.0000			142.0000			
17.8621			-14.6595			-14.0528			-10.8000			-43.0000			-107.0000			141.0000			
17.3056			-12.4324			-14.0528			-9.1000			-30.0000			-116.0000			138.0000			
14.5231			-10.7621			-15.7524			-11.9000			-16.0000			-126.0000			131.0000			
13.9666			-7.4214			-16.3189			-9.7000			-4.0000			-132.0000			124.0000			
11.1842			-4.6375			-14.6193			-8.0000			9.0000			-140.0000			117.0000			
11.7406			-3.5240			-17.4520			-9.2000			22.0000			-147.0000			110.0000			
9.5147			-0.7401			-18.5851			-9.8000			34.0000			-154.0000			102.0000			
8.9582			2.0438			-19.1516			-8.1000			47.0000			-157.0000			93.0000			
8.9582			4.8277			-20.8512			-7.0000			59.0000			-161.0000			81.0000			
10.6277			8.7251			-27.6496			-8.3000			72.0000			-161.0000			68.0000			
11.1842			17.0767			-34.4480			-6.1000			83.0000			-161.0000			53.0000			
15.6361			24.3148			-46.3452			-6.3000			95.0000			-161.0000			38.0000			
15.6361			28.7690			-50.3110			-5.9000			104.0000			-161.0000			25.0000			
15.6361			32.6664			-51.4440			-3.1000			112.0000			-158.0000			13.0000			
13.4101			33.2232			-48.6114			-1.9000			118.0000			-156.0000			1.0000			
7.2887			32.6664			-41.8130			-1.8000			123.0000			-148.0000			-13.0000			
1.7238			24.8716			-27.0831			-0.4000			126.0000			-141.0000			-30.0000			
-6.6236			23.2013			-16.3189			0.2000			130.0000			-134.0000			-43.0000			
-11.0756			21.5309			-10.0871			0.3000			135.0000			-128.0000			-55.0000			
-16.6405			21.5309			-3.8552			1.0000			139.0000			-123.0000			-66.0000			
-19.4230			22.6445			-1.5891			1.6000			143.0000			-119.0000			-76.0000			
-22.2054			23.7580			0.6771			2.2000			145.0000			-113.0000			-85.0000			
-23.8749			27.0987			1.2436			4.4000			147.0000			-106.0000			-94.0000			
-28.8833			29.3258			2.3767			2.8000			144.0000			-99.0000			-103.0000			
-37.2307			37.1207			1.8101			1.6000			142.0000			-91.0000			-112.0000			
-40.0132			41.0181			3.5097			4.5000			141.0000			-84.0000			-118.0000			
-43.9087			46.0291			2.9432			5.0000			139.0000			-78.0000			-123.0000			
-48.9171			49.3697			1.8101			2.2000			134.0000			-69.0000			-128.0000			
-50.0301			53.8239			1.8101			5.5000			129.0000			-61.0000			-132.0000			
-51.1431			52.1536			3.5097			4.5000			125.0000			-50.0000			-139.0000			
-48.3606			46.5858			8.0420			6.2000			119.0000			-38.0000			-147.0000			
-39.4567			34.8936			14.2739			9.7000			108.0000			-23.0000			-154.0000			
-37.2307			19.3038			24.4715			6.5000			100.0000			-8.0000			-161.0000			
-32.7788			13.1793			30.1368			10.5000			93.0000			5.0000			-166.0000			
-28.8833			2.6006			34.1026			7.8000			84.0000			18.0000			-172.0000			
-26.1009			-1.2969			36.9353			9.5000			75.0000			29.0000			-175.0000			
-25.5444			-4.0808			38.0683			8.4000			70.0000			41.0000			-177.0000			
-22.7619			-7.4214			40.3345			10.1000			61.0000			51.0000			-177.0000			
-21.0924			-13.5459			43.1671			8.5000			52.0000			59.0000			-178.0000			
-21.6489			-14.1027			44.8667			9.1000			43.0000			69.0000			-178.0000			
-21.0924			-15.2163			47.1329			10.8000			35.0000			78.0000			-177.0000			
-21.6489			-16.8866			48.2659			9.7000			25.0000			85.0000			-173.0000			
-19.4230			-18.5569			48.8325			10.8000			12.0000			94.0000			-168.0000			
-16.0840			-21.8976			49.3990			11.4000			-2.0000			104.0000			-165.0000			
-16.0840			-22.4544			49.3990			10.8000			-17.0000			115.0000			-158.0000			
-11.0756			-26.3518			48.8325			11.4000			-30.0000			125.0000			-153.0000			
-7.7366			-28.0221			48.2659			12.5000			-44.0000			132.0000			-145.0000			
-5.5106			-30.8060			45.4333			9.1000			-57.0000			138.0000			-137.0000			
-1.6152			-31.3628			43.7337			10.7000			-71.0000			142.0000			-128.0000			
1.7238			-33.0331			40.3345			9.0000			-83.0000			146.0000			-114.0000			
3.9497			-35.2602			39.2014			7.8000			-97.0000			146.0000			-100.0000			
7.8452			-37.4873			36.9353			7.2000			-108.0000			147.0000			-85.0000			
7.8452			-37.4873			36.9353			7.2000			-119.0000			148.0000			-73.0000			
11.1842			-39.1576			34.1026			6.1000			-127.0000			148.0000			-64.0000			
12.2971			-40.8280			34.1026			5.5000			-135.0000			147.0000			-54.0000			
15.6361			-41.9415			31.2699			4.9000			-141.0000			146.0000			-43.0000			
17.8621			-42.4983			29.5703			4.9000			-148.0000			143.0000			-31.0000			
18.4186			-43.6118			27.8707			2.6000			-153.0000			139.0000			-18.0000			
20.0880			-43.6118			25.6046			2.0000			-158.0000			133.0000			-4.0000			
20.0880			-44.1686			23.3384			-0.7000			-165.0000			127.0000			8.0000			
20.6445			-43.6118			21.6388			-1.3000			-167.0000			119.0000			21.0000			
20.6445			-43.6118			22.7719			-0.1000			-168.0000			109.0000			35.0000			
22.8705			-43.0551			19.9392			-0.2000			-169.0000			100.0000			46.0000			
22.3140			-40.2712			15.9735			-1.9000			-169.0000			95.0000			54.0000			
23.4270			-40.2712			14.8404			-2.0000			-171.0000			87.0000			63.0000			
24.5400			-38.0441			12.0078			-1.5000			-170.0000			77.0000			71.0000			
25.6530			-39.7144			10.8747			-3.1000			-170.0000			70.0000			79.0000			
26.2095			-38.0441			6.9090			-4.9000			-169.0000			61.0000			87.0000			
26.7660			-37.4873			5.7759			-4.9000			-166.0000			50.0000			96.0000			
28.4354			-35.8170			2.9432			-4.4000			-161.0000			40.0000			104.0000			
28.4354			-35.2602			0.6771			-6.1000			-157.0000			27.0000			111.0000			
28.9919			-34.1467			-1.0225			-6.1000			-150.0000			16.0000			120.0000			
30.1049			-31.9196			-3.2887			-5.0000			-145.0000			5.0000			125.0000			
30.1049			-34.1467			-3.2887			-7.3000			-137.0000			-7.0000			133.0000			
27.3225			-29.1357			-4.9883			-6.7000			-129.0000			-20.0000			139.0000			
26.7660			-28.0221			-6.1213			-7.3000			-120.0000			-32.0000			143.0000			
26.2095			-26.3518			-6.6879			-6.8000			-111.0000			-44.0000			146.0000			
23.4270			-24.1247			-7.2544			-7.9000			-101.0000			-54.0000			146.0000			
22.8705			-23.0111			-7.2544			-7.4000			-90.0000			-63.0000			145.0000			
20.0880			-19.1137			-10.0871			-9.1000			-79.0000			-74.0000			145.0000			
20.0880			-19.1137			-10.0871			-9.1000			-67.0000			-85.0000			143.0000			
18.4186			-17.4434			-11.2201			-10.2000			-53.0000			-97.0000			143.0000			
17.8621			-15.2163			-12.9197			-10.2000			-41.0000			-108.0000			140.0000			
15.6361			-11.8756			-14.0528			-10.2000			-29.0000			-117.0000			136.0000			
15.0796			-10.7621			-14.6193			-10.3000			-16.0000			-126.0000			132.0000			
12.8536			-7.9782			-14.6193			-9.7000			-3.0000			-133.0000			125.0000			
11.7406			-5.1943			-14.6193			-8.0000			9.0000			-141.0000			117.0000			
10.6277			-3.5240			-16.3189			-9.2000			23.0000			-148.0000			110.0000			
7.8452			-1.8537			-16.3189			-10.3000			36.0000			-154.0000			103.0000			
8.9582			0.9302			-16.8855			-6.9000			48.0000			-159.0000			93.0000			
8.9582			3.7141			-19.1516			-6.4000			59.0000			-162.0000			83.0000			
8.4017			6.4980			-22.5508			-7.6000			72.0000			-163.0000			70.0000			
8.9582			12.0657			-28.2162			-7.1000			83.0000			-163.0000			54.0000			
12.8536			19.3038			-37.8472			-5.6000			94.0000			-162.0000			40.0000			
12.8536			24.8716			-42.3795			-4.6000			104.0000			-162.0000			28.0000			
13.4101			27.6555			-44.6456			-3.5000			112.0000			-161.0000			15.0000			
11.1842			29.8826			-42.3795			-1.3000			119.0000			-157.0000			4.0000			
8.9582			26.5419			-35.5811			0.0000			124.0000			-152.0000			-11.0000			
0.6108			25.9851			-26.5166			0.0000			128.0000			-144.0000			-27.0000			
-4.9541			20.4174			-14.6193			0.8000			133.0000			-137.0000			-41.0000			
-11.0756			18.7471			-7.2544			0.4000			137.0000			-129.0000			-53.0000			
-14.4145			18.1903			-3.2887			0.4000			141.0000			-125.0000			-65.0000			
-16.6405			18.1903			0.1105			1.6000			144.0000			-120.0000			-76.0000			
-19.4230			19.8606			2.3767			2.8000			146.0000			-115.0000			-85.0000			
-20.5360			21.5309			2.3767			3.3000			147.0000			-108.0000			-94.0000			
-24.9879			23.7580			4.6428			3.4000			146.0000			-100.0000			-103.0000			
-31.6658			31.5529			2.9432			2.8000			144.0000			-92.0000			-111.0000			
-35.5613			35.4503			3.5097			3.3000			141.0000			-85.0000			-117.0000			
-40.0132			40.4613			3.5097			3.9000			139.0000			-77.0000			-124.0000			
-43.3522			44.9155			2.3767			3.9000			135.0000			-71.0000			-127.0000			
-45.0216			46.5858			2.9432			4.5000			132.0000			-61.0000			-134.0000			
-45.5781			46.5858			4.6428			5.6000			126.0000			-50.0000			-141.0000			
-42.7957			38.2342			10.8747			6.3000			120.0000			-39.0000			-147.0000			
-33.3353			27.6555			15.4070			9.7000			111.0000			-23.0000			-158.0000			
-34.4483			18.7471			23.9050			8.2000			101.0000			-8.0000			-163.0000			
-28.3269			9.2819			28.4372			9.3000			92.0000			6.0000			-169.0000			
-24.9879			0.9302			32.4030			8.3000			84.0000			18.0000			-174.0000			
-23.8749			-1.8537			34.1026			8.3000			76.0000			29.0000			-178.0000			
-22.2054			-4.6375			36.3687			9.5000			67.0000			40.0000			-179.0000			
-21.6489			-8.5350			38.0683			7.8000			59.0000			50.0000			-180.0000			
-20.5360			-12.4324			40.9010			7.9000			52.0000			58.0000			-179.0000			
-19.4230			-13.5459			41.4675			8.4000			44.0000			69.0000			-178.0000			
-19.9795			-14.1027			43.7337			9.6000			33.0000			78.0000			-176.0000			
-18.8665			-15.7731			44.8667			10.2000			23.0000			87.0000			-173.0000			
-16.6405			-17.4434			45.4333			11.3000			10.0000			95.0000			-169.0000			
-14.9710			-18.5569			46.5663			13.0000			-3.0000			107.0000			-163.0000			
-13.8580			-21.8976			46.5663			10.8000			-20.0000			117.0000			-158.0000			
-4.3977			-25.2382			43.1671			13.5000			-33.0000			125.0000			-152.0000			
-8.2931			-25.7950			43.7337			9.6000			-46.0000			134.0000			-144.0000			
-2.7282			-28.5789			42.6006			11.2000			-59.0000			139.0000			-137.0000			
-2.7282			-29.6925			40.9010			8.4000			-71.0000			144.0000			-127.0000			
1.1673			-30.8060			38.0683			8.4000			-84.0000			147.0000			-114.0000			
3.3933			-33.0331			37.5018			7.8000			-96.0000			147.0000			-99.0000			
7.8452			-35.2602			35.8022			8.3000			-108.0000			146.0000			-85.0000			
7.8452			-35.2602			34.6691			7.2000			-120.0000			147.0000			-73.0000			
11.1842			-36.9305			32.4030			6.6000			-127.0000			148.0000			-63.0000			
12.8536			-39.1576			31.2699			4.9000			-134.0000			149.0000			-53.0000			
16.1926			-40.8280			29.5703			4.9000			-141.0000			146.0000			-43.0000			
17.8621			-41.3847			27.8707			4.3000			-148.0000			142.0000			-30.0000			
18.4186			-42.4983			26.7376			2.6000			-154.0000			138.0000			-17.0000			
21.7575			-41.3847			22.7719			3.1000			-160.0000			132.0000			-4.0000			
20.6445			-40.8280			21.6388			1.4000			-164.0000			126.0000			8.0000			
20.6445			-40.8280			19.9392			-0.2000			-168.0000			118.0000			21.0000			
21.2010			-41.9415			19.9392			-0.8000			-169.0000			109.0000			35.0000			
22.3140			-41.3847			18.2396			-0.8000			-170.0000			99.0000			46.0000			
22.3140			-38.0441			14.2739			-1.4000			-170.0000			93.0000			54.0000			
24.5400			-38.0441			13.1408			-0.3000			-171.0000			85.0000			62.0000			
23.9835			-38.0441			10.8747			-3.1000			-172.0000			78.0000			71.0000			
25.0965			-37.4873			9.1751			-3.2000			-170.0000			70.0000			79.0000			
26.2095			-36.3738			6.9090			-3.2000			-168.0000			60.0000			88.0000			
25.6530			-35.8170			5.7759			-4.3000			-165.0000			51.0000			97.0000			
27.8789			-35.2602			2.9432			-4.4000			-161.0000			39.0000			105.0000			
27.8789			-33.5899			0.1105			-5.6000			-155.0000			27.0000			114.0000			
28.4354			-32.4763			-1.0225			-5.0000			-150.0000			16.0000			121.0000			
27.8789			-30.2492			-3.8552			-6.2000			-144.0000			5.0000			127.0000			
28.4354			-33.0331			-4.4217			-9.0000			-135.0000			-8.0000			134.0000			
27.3225			-29.6925			-6.6879			-9.0000			-129.0000			-21.0000			139.0000			
26.7660			-28.5789			-6.6879			-8.4000			-119.0000			-34.0000			143.0000			
25.0965			-25.7950			-7.2544			-7.9000			-110.0000			-45.0000			146.0000			
23.4270			-24.1247			-7.8209			-8.5000			-101.0000			-56.0000			147.0000			
22.3140			-21.3408			-8.9540			-7.9000			-90.0000			-65.0000			146.0000			
20.0880			-18.5569			-10.0871			-8.5000			-80.0000			-73.0000			145.0000			
20.6445			-18.5569			-11.2201			-9.1000			-66.0000			-86.0000			145.0000			
18.9751			-16.3298			-12.3532			-9.7000			-52.0000			-98.0000			144.0000			
18.9751			-14.6595			-13.4863			-9.1000			-41.0000			-110.0000			140.0000			
16.7491			-12.4324			-14.0528			-9.7000			-28.0000			-118.0000			137.0000			
14.5231			-9.0917			-15.1859			-9.7000			-15.0000			-126.0000			132.0000			
13.4101			-7.9782			-15.1859			-9.7000			-1.0000			-134.0000			125.0000			
12.8536			-5.7511			-16.8855			-9.7000			11.0000			-142.0000			118.0000			
9.5147			-4.0808			-16.3189			-10.8000			24.0000			-149.0000			111.0000			
10.0712			-1.2969			-16.8855			-8.1000			37.0000			-155.0000			102.0000			
8.9582			0.3734			-16.3189			-6.9000			49.0000			-160.0000			93.0000			
7.2887			4.2709			-18.5851			-7.0000			59.0000			-162.0000			83.0000			
8.4017			5.9412			-21.4177			-7.0000			71.0000			-164.0000			70.0000			
7.8452			10.9522			-25.9500			-7.1000			83.0000			-165.0000			56.0000			
10.0712			17.6335			-34.4480			-6.7000			93.0000			-164.0000			42.0000			
11.1842			22.6445			-38.9803			-5.1000			103.0000			-164.0000			29.0000			
11.7406			25.4284			-40.1134			-2.9000			111.0000			-162.0000			16.0000			
9.5147			27.6555			-39.5468			-2.3000			118.0000			-159.0000			5.0000			
6.7322			24.8716			-33.3150			-1.7000			125.0000			-155.0000			-7.0000			
1.1673			25.9851			-26.5166			0.6000			129.0000			-146.0000			-25.0000			
-4.3977			16.5199			-12.3532			-0.2000			133.0000			-139.0000			-40.0000			
-9.9626			18.7471			-7.8209			0.9000			138.0000			-133.0000			-54.0000			
-13.3015			16.5199			-2.7221			0.4000			140.0000			-127.0000			-66.0000			
-14.9710			17.0767			0.1105			2.2000			145.0000			-121.0000			-75.0000			
-17.1970			18.7471			1.2436			2.7000			146.0000			-116.0000			-86.0000			
-18.3100			19.3038			1.8101			2.7000			148.0000			-110.0000			-95.0000			
-21.6489			22.0877			4.0763			4.5000			147.0000			-102.0000			-103.0000			
-27.2139			28.7690			2.9432			4.4000			144.0000			-94.0000			-111.0000			
-32.7788			33.2232			2.9432			3.3000			141.0000			-86.0000			-117.0000			
-35.5613			37.6774			2.3767			4.4000			139.0000			-78.0000			-123.0000			
-39.4567			41.5749			2.3767			4.4000			135.0000			-71.0000			-129.0000			
-42.2392			43.8020			2.9432			4.5000			129.0000			-62.0000			-135.0000			
-41.1262			43.2452			4.6428			6.7000			126.0000			-50.0000			-143.0000			
-39.4567			36.5639			9.7416			6.8000			119.0000			-36.0000			-152.0000			
-31.1093			23.2013			15.9735			8.0000			112.0000			-24.0000			-159.0000			
-31.6658			18.7471			22.7719			9.8000			99.0000			-8.0000			-165.0000			
-23.3184			6.4980			27.3042			10.4000			92.0000			5.0000			-171.0000			
-22.2054			-0.1833			30.7034			8.3000			83.0000			17.0000			-176.0000			
-21.0924			-1.2969			31.2699			8.8000			75.0000			30.0000			-180.0000			
-19.9795			-2.9672			32.4030			9.4000			67.0000			40.0000			-179.0000			
-18.8665			-6.3079			33.5360			8.3000			59.0000			51.0000			-180.0000			
-19.4230			-7.9782			36.3687			8.9000			50.0000			61.0000			-179.0000			
-18.8665			-10.7621			38.0683			8.4000			42.0000			70.0000			-178.0000			
-17.7535			-11.3188			39.2014			10.1000			33.0000			78.0000			-177.0000			
-16.6405			-13.5459			40.3345			10.1000			21.0000			87.0000			-174.0000			
-14.9710			-15.7731			42.0341			11.2000			8.0000			97.0000			-169.0000			
-13.8580			-16.3298			42.0341			11.8000			-7.0000			107.0000			-164.0000			
-12.1886			-19.1137			42.6006			11.2000			-20.0000			118.0000			-158.0000			
-7.7366			-22.4544			40.9010			10.7000			-35.0000			127.0000			-151.0000			
-6.6236			-24.1247			40.3345			9.5000			-47.0000			134.0000			-145.0000			
-2.7282			-25.7950			38.6349			10.1000			-59.0000			140.0000			-136.0000			
0.0543			-26.3518			36.3687			10.0000			-72.0000			144.0000			-127.0000			
2.8368			-28.5789			34.6691			8.9000			-83.0000			146.0000			-115.0000			
5.0627			-29.1357			32.9695			8.8000			-97.0000			146.0000			-99.0000			
7.8452			-33.0331			33.5360			8.3000			-109.0000			147.0000			-84.0000			
8.4017			-31.3628			31.2699			8.2000			-121.0000			148.0000			-73.0000			
11.1842			-33.0331			29.0038			7.1000			-129.0000			149.0000			-64.0000			
12.2971			-35.2602			29.0038			6.0000			-136.0000			148.0000			-53.0000			
13.9666			-36.9305			27.3042			4.3000			-143.0000			147.0000			-41.0000			
16.1926			-38.0441			26.1711			4.3000			-149.0000			141.0000			-30.0000			
17.8621			-38.6009			23.9050			3.1000			-155.0000			138.0000			-17.0000			
18.9751			-38.0441			21.6388			2.5000			-161.0000			131.0000			-4.0000			
18.4186			-37.4873			19.9392			0.8000			-165.0000			125.0000			9.0000			
18.4186			-37.4873			18.2396			-0.8000			-168.0000			117.0000			22.0000			
19.5315			-39.1576			18.2396			-1.3000			-168.0000			108.0000			35.0000			
21.2010			-37.4873			15.9735			-0.3000			-170.0000			101.0000			47.0000			
21.2010			-34.7034			12.0078			-1.5000			-171.0000			93.0000			55.0000			
22.3140			-35.2602			10.3082			-2.6000			-171.0000			86.0000			62.0000			
22.3140			-34.7034			8.6086			-3.7000			-171.0000			78.0000			71.0000			
22.8705			-33.5899			7.4755			-3.2000			-170.0000			70.0000			79.0000			
23.4270			-33.5899			6.3424			-3.8000			-168.0000			62.0000			87.0000			
23.9835			-33.0331			3.5097			-5.5000			-166.0000			51.0000			97.0000			
25.6530			-33.0331			1.8101			-5.5000			-162.0000			40.0000			105.0000			
25.0965			-30.8060			0.1105			-5.6000			-155.0000			27.0000			114.0000			
27.3225			-29.6925			-2.7221			-5.0000			-149.0000			15.0000			122.0000			
24.5400			-26.9086			-4.9883			-7.3000			-144.0000			6.0000			127.0000			
26.7660			-29.6925			-4.9883			-7.9000			-136.0000			-8.0000			135.0000			
25.0965			-27.4653			-6.1213			-8.4000			-128.0000			-21.0000			140.0000			
24.5400			-25.7950			-6.6879			-7.9000			-118.0000			-34.0000			145.0000			
22.3140			-23.5679			-7.2544			-8.5000			-109.0000			-45.0000			147.0000			
21.2010			-21.3408			-7.2544			-7.4000			-99.0000			-54.0000			147.0000			
20.0880			-19.6705			-8.3875			-7.9000			-89.0000			-65.0000			146.0000			
17.8621			-17.4434			-10.0871			-9.6000			-78.0000			-75.0000			144.0000			
18.9751			-16.8866			-11.2201			-9.1000			-65.0000			-88.0000			144.0000			
17.8621			-15.2163			-11.7867			-9.1000			-52.0000			-100.0000			143.0000			
17.3056			-12.9892			-13.4863			-9.1000			-38.0000			-109.0000			140.0000			
15.0796			-10.7621			-14.0528			-9.7000			-26.0000			-117.0000			137.0000			
13.4101			-7.9782			-14.6193			-9.1000			-14.0000			-126.0000			131.0000			
12.8536			-5.7511			-15.1859			-8.0000			-1.0000			-134.0000			125.0000			
10.6277			-4.0808			-16.8855			-10.3000			12.0000			-142.0000			118.0000			
9.5147			-2.4104			-15.7524			-8.6000			24.0000			-148.0000			111.0000			
8.4017			-0.7401			-16.3189			-8.6000			37.0000			-156.0000			102.0000			
7.8452			1.4870			-16.3189			-6.9000			50.0000			-161.0000			94.0000			
5.0627			4.8277			-17.4520			-7.5000			60.0000			-162.0000			81.0000			
4.5062			7.0548			-19.7181			-8.1000			71.0000			-164.0000			69.0000			
5.6192			12.6225			-23.6839			-5.4000			83.0000			-164.0000			56.0000			
7.2887			16.5199			-30.4823			-6.6000			93.0000			-165.0000			42.0000			
8.4017			21.5309			-35.0146			-5.0000			103.0000			-164.0000			30.0000			
10.6277			24.3148			-38.4138			-3.4000			112.0000			-162.0000			16.0000			
7.2887			27.0987			-36.7142			-2.3000			119.0000			-159.0000			5.0000			
4.5062			24.8716			-32.1819			-2.8000			125.0000			-156.0000			-7.0000			
-0.5022			22.0877			-21.4177			0.1000			129.0000			-148.0000			-23.0000			
-5.5106			16.5199			-12.9197			-1.9000			134.0000			-141.0000			-38.0000			
-9.4061			20.4174			-8.3875			2.6000			138.0000			-133.0000			-54.0000			
-11.6321			16.5199			-3.8552			1.0000			143.0000			-127.0000			-66.0000			
-14.9710			18.1903			-0.4560			2.7000			147.0000			-121.0000			-77.0000			
-16.6405			17.6335			2.3767			3.3000			147.0000			-116.0000			-86.0000			
-18.8665			18.7471			3.5097			3.3000			148.0000			-109.0000			-96.0000			
-22.2054			19.8606			5.2093			2.8000			147.0000			-101.0000			-102.0000			
-27.2139			26.5419			4.0763			3.4000			144.0000			-94.0000			-111.0000			
-31.6658			31.5529			3.5097			3.3000			143.0000			-87.0000			-118.0000			
-34.4483			35.4503			2.3767			3.3000			139.0000			-80.0000			-124.0000			
-37.7872			39.9045			2.3767			4.4000			136.0000			-71.0000			-129.0000			
-38.9002			42.1316			2.9432			6.1000			130.0000			-60.0000			-137.0000			
-38.3437			39.9045			5.7759			7.3000			126.0000			-50.0000			-144.0000			
-37.7872			38.2342			7.4755			7.9000			119.0000			-35.0000			-153.0000			
-30.5528			21.5309			15.9735			6.9000			113.0000			-23.0000			-160.0000			
-29.9963			18.1903			21.6388			9.8000			101.0000			-6.0000			-167.0000			
-22.7619			7.0548			25.0380			9.3000			91.0000			6.0000			-173.0000			
-21.0924			2.6006			29.0038			10.5000			83.0000			18.0000			-176.0000			
-20.5360			0.3734			30.1368			9.9000			75.0000			31.0000			-178.0000			
-19.4230			-1.2969			30.1368			9.4000			68.0000			43.0000			-179.0000			
-17.1970			-4.6375			31.8364			10.0000			60.0000			54.0000			-180.0000			
-18.8665			-7.4214			34.1026			7.8000			50.0000			62.0000			-179.0000			
-17.7535			-9.0917			35.8022			8.9000			41.0000			70.0000			-179.0000			
-17.7535			-9.6485			35.8022			8.4000			33.0000			80.0000			-177.0000			
-15.5275			-11.8756			38.0683			10.6000			21.0000			88.0000			-173.0000			
-14.4145			-11.8756			39.2014			12.9000			8.0000			97.0000			-171.0000			
-13.8580			-12.9892			39.7679			12.9000			-8.0000			109.0000			-165.0000			
-11.6321			-17.4434			39.7679			10.6000			-22.0000			118.0000			-158.0000			
-8.2931			-19.6705			39.2014			11.2000			-37.0000			127.0000			-152.0000			
-6.0671			-22.4544			38.0683			9.5000			-49.0000			134.0000			-145.0000			
-3.2847			-23.5679			36.9353			10.0000			-61.0000			140.0000			-136.0000			
-0.5022			-24.1247			34.1026			9.4000			-72.0000			144.0000			-126.0000			
2.2803			-25.2382			32.4030			9.4000			-84.0000			147.0000			-114.0000			
5.0627			-27.4653			30.7034			8.3000			-99.0000			147.0000			-99.0000			
7.2887			-30.2492			30.1368			7.1000			-110.0000			147.0000			-85.0000			
7.8452			-30.2492			28.4372			6.0000			-121.0000			147.0000			-73.0000			
9.5147			-30.8060			28.4372			7.1000			-129.0000			148.0000			-65.0000			
11.1842			-33.0331			26.1711			4.3000			-136.0000			148.0000			-53.0000			
13.9666			-35.2602			26.1711			4.8000			-143.0000			146.0000			-41.0000			
15.0796			-34.7034			24.4715			4.8000			-150.0000			143.0000			-30.0000			
16.1926			-35.2602			23.3384			4.2000			-155.0000			138.0000			-17.0000			
18.4186			-36.3738			21.0723			3.1000			-161.0000			133.0000			-3.0000			
16.7491			-35.2602			18.8062			0.2000			-165.0000			127.0000			9.0000			
18.4186			-34.7034			17.1066			0.8000			-167.0000			120.0000			21.0000			
17.8621			-36.3738			16.5400			-1.9000			-169.0000			110.0000			35.0000			
18.9751			-35.2602			13.1408			-3.1000			-169.0000			102.0000			47.0000			
19.5315			-33.0331			12.0078			-1.5000			-171.0000			95.0000			55.0000			
21.2010			-33.0331			10.3082			-1.5000			-172.0000			86.0000			63.0000			
21.2010			-32.4763			8.6086			-2.6000			-172.0000			78.0000			72.0000			
21.2010			-31.9196			6.9090			-3.8000			-170.0000			70.0000			79.0000			
22.3140			-31.9196			5.7759			-3.8000			-169.0000			62.0000			89.0000			
22.8705			-30.8060			4.6428			-3.2000			-166.0000			51.0000			97.0000			
23.9835			-30.2492			2.9432			-3.3000			-162.0000			40.0000			105.0000			
24.5400			-29.6925			0.1105			-5.0000			-155.0000			28.0000			114.0000			
24.5400			-28.0221			-2.1556			-5.6000			-150.0000			16.0000			121.0000			
22.8705			-24.6815			-4.9883			-6.8000			-143.0000			5.0000			127.0000			
23.4270			-27.4653			-4.9883			-9.0000			-135.0000			-9.0000			134.0000			
22.3140			-25.2382			-6.1213			-9.0000			-127.0000			-21.0000			139.0000			
21.7575			-23.5679			-6.6879			-8.4000			-118.0000			-33.0000			143.0000			
20.6445			-22.4544			-6.1213			-7.9000			-109.0000			-44.0000			147.0000			
18.9751			-21.3408			-6.6879			-9.0000			-100.0000			-54.0000			147.0000			
17.8621			-19.1137			-7.2544			-8.5000			-88.0000			-65.0000			146.0000			
16.7491			-18.0002			-8.3875			-9.6000			-77.0000			-75.0000			145.0000			
16.7491			-16.8866			-8.9540			-9.0000			-65.0000			-87.0000			144.0000			
15.6361			-14.6595			-11.2201			-10.2000			-51.0000			-99.0000			143.0000			
14.5231			-11.8756			-12.3532			-9.7000			-39.0000			-109.0000			140.0000			
13.4101			-9.0917			-12.9197			-8.6000			-26.0000			-117.0000			136.0000			
11.1842			-7.9782			-14.0528			-10.8000			-13.0000			-126.0000			131.0000			
10.0712			-5.1943			-14.0528			-9.1000			-1.0000			-133.0000			125.0000			
7.8452			-4.0808			-14.6193			-10.8000			12.0000			-141.0000			118.0000			
7.2887			-2.4104			-14.6193			-9.7000			25.0000			-149.0000			111.0000			
5.6192			-0.1833			-15.1859			-9.7000			37.0000			-154.0000			103.0000			
4.5062			1.4870			-14.6193			-8.6000			50.0000			-159.0000			94.0000			
4.5062			2.6006			-15.7524			-8.6000			61.0000			-162.0000			82.0000			
3.9497			5.9412			-17.4520			-7.5000			72.0000			-163.0000			71.0000			
5.0627			9.8386			-23.1173			-8.2000			83.0000			-165.0000			57.0000			
6.7322			14.2928			-27.0831			-6.0000			94.0000			-165.0000			44.0000			
6.7322			19.3038			-31.0488			-5.0000			105.0000			-164.0000			31.0000			
7.2887			23.2013			-33.3150			-2.8000			113.0000			-163.0000			17.0000			
5.6192			24.8716			-33.3150			-2.8000			120.0000			-159.0000			5.0000			
2.2803			24.3148			-28.2162			-1.6000			126.0000			-156.0000			-6.0000			
-3.8412			18.1903			-14.6193			-0.2000			131.0000			-151.0000			-20.0000			
-6.0671			17.0767			-10.6536			0.3000			136.0000			-143.0000			-37.0000			
-10.5191			17.6335			-6.1213			0.9000			140.0000			-134.0000			-52.0000			
-12.1886			15.4064			-1.5891			1.6000			144.0000			-129.0000			-65.0000			
-14.9710			17.0767			-0.4560			1.6000			146.0000			-122.0000			-75.0000			
-15.5275			16.5199			1.8101			2.8000			148.0000			-115.0000			-86.0000			
-18.3100			17.6335			3.5097			2.8000			149.0000			-110.0000			-95.0000			
-20.5360			19.3038			5.2093			3.9000			147.0000			-103.0000			-104.0000			
-24.9879			23.7580			4.6428			3.4000			145.0000			-94.0000			-110.0000			
-30.5528			29.3258			4.0763			2.8000			141.0000			-87.0000			-117.0000			
-32.7788			33.7800			2.9432			3.9000			140.0000			-79.0000			-124.0000			
-35.5613			37.1207			2.3767			3.9000			135.0000			-70.0000			-130.0000			
-36.6742			39.3478			3.5097			6.1000			131.0000			-59.0000			-137.0000			
-35.5613			35.4503			6.9090			6.7000			126.0000			-48.0000			-145.0000			
-34.4483			33.7800			7.4755			6.8000			121.0000			-34.0000			-156.0000			
-29.9963			22.0877			15.4070			7.4000			113.0000			-22.0000			-161.0000			
-26.1009			16.5199			19.3727			9.7000			101.0000			-6.0000			-168.0000			
-22.2054			5.9412			23.3384			7.0000			92.0000			6.0000			-172.0000			
-20.5360			2.6006			26.7376			8.8000			83.0000			18.0000			-177.0000			
-18.8665			0.3734			28.4372			9.9000			74.0000			31.0000			-179.0000			
-17.1970			-2.9672			29.5703			9.4000			66.0000			41.0000			-181.0000			
-16.6405			-4.0808			30.1368			9.4000			56.0000			51.0000			-181.0000			
-18.3100			-5.7511			31.8364			7.7000			48.0000			60.0000			-181.0000			
-16.6405			-7.4214			32.9695			8.8000			42.0000			71.0000			-179.0000			
-15.5275			-8.5350			34.6691			10.6000			33.0000			80.0000			-175.0000			
-13.8580			-10.2053			35.8022			11.7000			21.0000			90.0000			-173.0000			
-12.7450			-11.8756			36.3687			11.7000			6.0000			100.0000			-169.0000			
-12.7450			-13.5459			36.9353			10.6000			-9.0000			112.0000			-163.0000			
-11.0756			-15.2163			36.9353			10.6000			-22.0000			119.0000			-158.0000			
-7.1801			-18.0002			36.9353			11.7000			-36.0000			128.0000			-150.0000			
-4.3977			-20.7840			34.1026			8.9000			-49.0000			135.0000			-145.0000			
-2.1717			-21.8976			33.5360			9.4000			-62.0000			140.0000			-135.0000			
1.7238			-22.4544			31.2699			10.5000			-72.0000			145.0000			-126.0000			
3.3933			-23.5679			29.5703			9.3000			-85.0000			147.0000			-114.0000			
5.6192			-24.1247			27.8707			9.3000			-97.0000			148.0000			-99.0000			
6.7322			-26.9086			28.4372			8.2000			-110.0000			148.0000			-83.0000			
7.2887			-27.4653			26.1711			5.9000			-120.0000			150.0000			-72.0000			
10.0712			-29.1357			25.0380			5.9000			-131.0000			151.0000			-62.0000			
12.2971			-31.3628			23.9050			4.8000			-136.0000			150.0000			-53.0000			
14.5231			-33.0331			23.9050			5.3000			-143.0000			146.0000			-41.0000			
15.0796			-33.5899			22.7719			4.2000			-149.0000			143.0000			-31.0000			
15.6361			-33.5899			20.5058			2.5000			-156.0000			138.0000			-18.0000			
17.3056			-34.1467			19.3727			2.5000			-161.0000			132.0000			-4.0000			
17.3056			-31.3628			14.8404			0.7000			-165.0000			127.0000			8.0000			
16.7491			-33.0331			14.2739			-2.0000			-170.0000			119.0000			20.0000			
15.6361			-33.0331			15.4070			-1.9000			-170.0000			109.0000			35.0000			
17.8621			-33.5899			14.8404			-0.8000			-170.0000			100.0000			46.0000			
17.3056			-31.3628			12.5743			-1.4000			-172.0000			94.0000			54.0000			
18.9751			-30.8060			9.7416			-2.0000			-171.0000			86.0000			63.0000			
20.6445			-30.2492			7.4755			-2.1000			-172.0000			79.0000			72.0000			
20.0880			-29.1357			4.0763			-4.9000			-170.0000			69.0000			81.0000			
21.2010			-29.1357			4.0763			-3.8000			-169.0000			61.0000			89.0000			
21.7575			-29.1357			2.3767			-5.0000			-165.0000			50.0000			99.0000			
20.6445			-28.0221			1.2436			-6.1000			-161.0000			39.0000			107.0000			
23.4270			-27.4653			-0.4560			-4.4000			-155.0000			28.0000			115.0000			
21.7575			-25.7950			-1.5891			-5.6000			-149.0000			16.0000			122.0000			
21.2010			-23.5679			-6.1213			-8.4000			-142.0000			5.0000			128.0000			
21.2010			-25.2382			-4.9883			-9.0000			-134.0000			-8.0000			135.0000			
21.2010			-23.5679			-5.5548			-7.9000			-126.0000			-21.0000			141.0000			
19.5315			-23.0111			-5.5548			-9.0000			-118.0000			-34.0000			144.0000			
18.4186			-20.7840			-7.2544			-9.6000			-107.0000			-45.0000			147.0000			
17.3056			-18.5569			-6.6879			-7.9000			-99.0000			-55.0000			148.0000			
15.6361			-17.4434			-7.8209			-9.6000			-88.0000			-65.0000			145.0000			
15.0796			-16.3298			-8.9540			-10.2000			-76.0000			-74.0000			145.0000			
12.8536			-15.7731			-9.5205			-12.4000			-64.0000			-87.0000			144.0000			
15.0796			-14.1027			-10.6536			-9.6000			-50.0000			-99.0000			142.0000			
12.2971			-12.4324			-11.7867			-11.9000			-38.0000			-108.0000			141.0000			
11.7406			-8.5350			-12.3532			-9.1000			-25.0000			-117.0000			136.0000			
11.1842			-7.9782			-12.9197			-9.7000			-12.0000			-126.0000			130.0000			
6.7322			-4.6375			-13.4863			-11.3000			0.0000			-133.0000			126.0000			
7.8452			-4.0808			-14.0528			-10.2000			13.0000			-142.0000			118.0000			
3.9497			-1.8537			-13.4863			-11.3000			24.0000			-149.0000			111.0000			
4.5062			-0.7401			-14.6193			-10.8000			38.0000			-156.0000			101.0000			
4.5062			0.3734			-13.4863			-8.6000			50.0000			-160.0000			92.0000			
4.5062			3.1573			-14.0528			-6.3000			60.0000			-163.0000			82.0000			
3.3933			5.3844			-16.3189			-7.5000			72.0000			-164.0000			69.0000			
3.9497			9.2819			-20.8512			-7.6000			84.0000			-166.0000			56.0000			
4.5062			13.7361			-24.8170			-6.5000			94.0000			-166.0000			44.0000			
5.6192			18.1903			-29.3492			-5.5000			103.0000			-165.0000			30.0000			
6.7322			22.0877			-32.1819			-3.3000			111.0000			-162.0000			17.0000			
5.0627			23.7580			-31.6154			-2.7000			119.0000			-159.0000			5.0000			
3.3933			22.6445			-26.5166			-0.4000			125.0000			-156.0000			-6.0000			
-2.1717			17.0767			-14.6193			0.2000			129.0000			-151.0000			-21.0000			
-5.5106			18.7471			-11.7867			1.4000			135.0000			-144.0000			-36.0000			
-9.4061			16.5199			-6.1213			0.9000			140.0000			-136.0000			-51.0000			
-11.0756			15.4064			-2.7221			1.6000			144.0000			-129.0000			-66.0000			
-14.4145			15.9632			0.1105			1.6000			146.0000			-123.0000			-77.0000			
-16.0840			15.4064			3.5097			2.8000			147.0000			-116.0000			-87.0000			
-17.1970			15.4064			5.2093			3.4000			148.0000			-111.0000			-97.0000			
-19.9795			17.0767			5.7759			2.8000			147.0000			-103.0000			-103.0000			
-22.7619			21.5309			4.6428			3.4000			146.0000			-96.0000			-111.0000			
-27.7704			27.6555			2.9432			2.8000			143.0000			-86.0000			-118.0000			
-29.9963			32.6664			2.3767			5.0000			139.0000			-79.0000			-124.0000			
-32.2223			36.0071			1.2436			5.0000			136.0000			-70.0000			-131.0000			
-35.5613			37.1207			1.8101			3.3000			130.0000			-59.0000			-137.0000			
-35.5613			33.2232			6.3424			4.0000			126.0000			-48.0000			-146.0000			
-32.7788			32.6664			8.0420			7.9000			122.0000			-33.0000			-157.0000			
-27.2139			21.5309			14.2739			8.5000			115.0000			-21.0000			-161.0000			
-23.8749			13.7361			19.3727			9.2000			104.0000			-5.0000			-167.0000			
-18.8665			5.3844			23.3384			9.8000			96.0000			8.0000			-171.0000			
-16.6405			2.0438			25.0380			10.4000			86.0000			21.0000			-175.0000			
-17.7535			0.3734			25.6046			8.2000			76.0000			34.0000			-178.0000			
-16.0840			-0.1833			26.1711			9.9000			67.0000			44.0000			-180.0000			
-16.0840			-2.9672			27.3042			8.2000			59.0000			54.0000			-181.0000			
-15.5275			-4.6375			29.5703			9.4000			50.0000			61.0000			-181.0000			
-16.0840			-6.8646			31.8364			8.8000			41.0000			71.0000			-179.0000			
-14.9710			-8.5350			32.4030			8.8000			31.0000			80.0000			-178.0000			
-12.1886			-10.7621			34.1026			11.1000			18.0000			89.0000			-174.0000			
-11.6321			-10.7621			34.1026			11.7000			4.0000			101.0000			-171.0000			
-10.5191			-11.8756			34.6691			12.2000			-11.0000			111.0000			-165.0000			
-8.2931			-13.5459			33.5360			11.6000			-24.0000			119.0000			-159.0000			
-6.0671			-15.7731			33.5360			11.6000			-38.0000			128.0000			-153.0000			
-4.3977			-18.0002			32.4030			10.0000			-50.0000			135.0000			-145.0000			
-1.6152			-20.2273			31.2699			9.4000			-62.0000			141.0000			-137.0000			
1.7238			-21.3408			29.0038			9.3000			-74.0000			145.0000			-127.0000			
5.6192			-21.8976			26.7376			10.4000			-84.0000			148.0000			-115.0000			
6.1757			-23.5679			25.6046			8.2000			-99.0000			149.0000			-100.0000			
6.7322			-25.2382			26.1711			7.6000			-111.0000			148.0000			-84.0000			
8.4017			-25.2382			23.9050			7.0000			-122.0000			149.0000			-73.0000			
9.5147			-26.9086			22.2054			4.8000			-130.0000			150.0000			-63.0000			
11.1842			-28.0221			21.6388			4.7000			-137.0000			149.0000			-54.0000			
13.4101			-29.6925			21.0723			4.7000			-143.0000			147.0000			-42.0000			
14.5231			-30.8060			21.0723			4.7000			-150.0000			144.0000			-30.0000			
15.6361			-31.3628			18.8062			3.0000			-155.0000			140.0000			-17.0000			
15.6361			-32.4763			18.8062			1.9000			-161.0000			134.0000			-3.0000			
16.1926			-29.1357			13.1408			0.2000			-165.0000			127.0000			9.0000			
16.1926			-30.2492			13.1408			-0.9000			-168.0000			120.0000			22.0000			
14.5231			-29.6925			12.5743			-2.5000			-169.0000			111.0000			36.0000			
16.7491			-31.3628			13.1408			-1.4000			-169.0000			102.0000			47.0000			
15.6361			-28.5789			10.3082			-2.6000			-170.0000			94.0000			57.0000			
17.3056			-28.0221			8.6086			-2.1000			-170.0000			88.0000			66.0000			
19.5315			-27.4653			5.7759			-2.1000			-169.0000			79.0000			75.0000			
19.5315			-27.4653			4.0763			-3.8000			-169.0000			70.0000			83.0000			
18.9751			-26.3518			4.0763			-3.3000			-168.0000			62.0000			92.0000			
19.5315			-26.9086			2.3767			-5.0000			-165.0000			51.0000			99.0000			
20.0880			-24.6815			-0.4560			-5.0000			-161.0000			40.0000			107.0000			
20.6445			-25.2382			-1.0225			-5.6000			-155.0000			28.0000			115.0000			
20.0880			-24.1247			-2.1556			-6.1000			-149.0000			16.0000			122.0000			
21.2010			-22.4544			-4.9883			-6.2000			-142.0000			4.0000			129.0000			
19.5315			-21.8976			-5.5548			-7.9000			-134.0000			-10.0000			135.0000			
18.4186			-21.3408			-5.5548			-8.4000			-127.0000			-21.0000			141.0000			
17.3056			-19.6705			-6.1213			-8.4000			-117.0000			-34.0000			144.0000			
16.1926			-19.1137			-6.1213			-9.0000			-108.0000			-46.0000			147.0000			
15.6361			-18.0002			-5.5548			-7.9000			-98.0000			-55.0000			148.0000			
14.5231			-16.8866			-6.1213			-8.4000			-87.0000			-66.0000			146.0000			
13.9666			-14.1027			-8.9540			-9.0000			-75.0000			-76.0000			145.0000			
11.7406			-13.5459			-8.3875			-10.1000			-62.0000			-88.0000			145.0000			
12.8536			-11.3188			-10.0871			-8.5000			-50.0000			-99.0000			144.0000			
11.1842			-10.2053			-10.6536			-9.6000			-37.0000			-110.0000			140.0000			
10.0712			-8.5350			-11.2201			-9.6000			-25.0000			-118.0000			135.0000			
8.4017			-6.3079			-11.7867			-9.6000			-12.0000			-126.0000			130.0000			
4.5062			-3.5240			-11.2201			-10.2000			-1.0000			-134.0000			124.0000			
6.7322			-2.9672			-12.3532			-8.5000			16.0000			-143.0000			119.0000			
4.5062			-2.4104			-12.3532			-10.2000			27.0000			-149.0000			111.0000			
4.5062			-0.7401			-12.9197			-9.1000			38.0000			-155.0000			102.0000			
3.3933			0.3734			-12.3532			-8.5000			51.0000			-159.0000			94.0000			
1.7238			3.1573			-12.3532			-7.4000			61.0000			-162.0000			82.0000			
0.6108			7.0548			-14.0528			-6.3000			74.0000			-163.0000			70.0000			
1.7238			9.8386			-18.0185			-6.4000			84.0000			-164.0000			56.0000			
3.3933			12.6225			-21.4177			-5.3000			96.0000			-166.0000			43.0000			
5.6192			15.9632			-26.5166			-4.9000			105.0000			-164.0000			31.0000			
5.6192			19.8606			-28.7827			-3.3000			113.0000			-164.0000			19.0000			
3.9497			22.0877			-28.7827			-2.7000			120.0000			-161.0000			5.0000			
1.1673			22.0877			-25.3835			-2.1000			127.0000			-157.0000			-6.0000			
-2.1717			17.0767			-14.0528			0.8000			131.0000			-152.0000			-20.0000			
-6.6236			20.4174			-11.7867			2.0000			136.0000			-142.0000			-36.0000			
-9.4061			13.7361			-1.5891			2.7000			140.0000			-136.0000			-50.0000			
-11.0756			14.8496			-0.4560			3.3000			145.0000			-129.0000			-65.0000			
-12.7450			14.2928			1.2436			2.7000			147.0000			-122.0000			-77.0000			
-14.9710			14.2928			2.9432			2.2000			150.0000			-116.0000			-87.0000			
-15.5275			14.8496			4.0763			3.4000			150.0000			-109.0000			-96.0000			
-18.3100			16.5199			5.7759			3.9000			149.0000			-103.0000			-103.0000			
-21.6489			19.8606			6.9090			5.1000			148.0000			-95.0000			-110.0000			
-26.6574			27.0987			3.5097			3.9000			143.0000			-87.0000			-117.0000			
-28.3269			29.8826			2.3767			3.9000			140.0000			-78.0000			-123.0000			
-31.1093			33.7800			1.2436			3.9000			135.0000			-68.0000			-131.0000			
-32.2223			34.8936			3.5097			6.1000			131.0000			-59.0000			-138.0000			
-31.6658			31.5529			6.3424			6.2000			127.0000			-46.0000			-148.0000			
-29.9963			28.2122			8.6086			6.8000			122.0000			-33.0000			-156.0000			
-26.1009			21.5309			13.1408			8.5000			114.0000			-19.0000			-163.0000			
-21.0924			13.1793			18.8062			10.8000			103.0000			-5.0000			-168.0000			
-18.3100			4.8277			21.0723			7.5000			94.0000			8.0000			-173.0000			
-15.5275			2.0438			23.9050			10.4000			85.0000			22.0000			-177.0000			
-14.9710			0.3734			24.4715			9.8000			76.0000			34.0000			-179.0000			
-13.3015			-0.7401			25.0380			10.9000			66.0000			44.0000			-180.0000			
-13.8580			-2.4104			25.6046			9.3000			58.0000			54.0000			-180.0000			
-14.4145			-4.0808			26.7376			8.2000			49.0000			63.0000			-181.0000			
-13.8580			-6.3079			29.5703			9.4000			41.0000			73.0000			-179.0000			
-13.3015			-7.4214			30.7034			9.9000			31.0000			81.0000			-177.0000			
-11.0756			-9.6485			30.7034			9.9000			18.0000			91.0000			-174.0000			
-9.9626			-9.6485			31.2699			11.6000			4.0000			102.0000			-170.0000			
-7.7366			-11.3188			31.2699			12.2000			-10.0000			112.0000			-163.0000			
-5.5106			-11.3188			31.2699			14.4000			-24.0000			121.0000			-158.0000			
-5.5106			-12.9892			30.7034			12.2000			-38.0000			129.0000			-151.0000			
-2.7282			-15.7731			29.5703			11.0000			-50.0000			136.0000			-144.0000			
-0.5022			-18.0002			27.3042			8.8000			-62.0000			141.0000			-136.0000			
2.8368			-19.1137			26.1711			9.8000			-73.0000			146.0000			-126.0000			
5.0627			-20.7840			23.9050			8.1000			-86.0000			148.0000			-114.0000			
6.1757			-20.7840			23.3384			8.7000			-98.0000			149.0000			-99.0000			
6.7322			-21.8976			23.3384			8.1000			-111.0000			149.0000			-84.0000			
7.2887			-21.8976			21.6388			7.0000			-121.0000			150.0000			-73.0000			
10.0712			-24.1247			19.9392			5.8000			-129.0000			151.0000			-63.0000			
11.1842			-25.7950			19.9392			5.3000			-137.0000			151.0000			-52.0000			
12.2971			-27.4653			18.8062			3.6000			-143.0000			148.0000			-41.0000			
14.5231			-27.4653			17.6731			4.7000			-149.0000			145.0000			-28.0000			
13.9666			-26.9086			15.4070			2.4000			-154.0000			141.0000			-17.0000			
15.6361			-28.5789			16.5400			3.5000			-161.0000			134.0000			-2.0000			
14.5231			-27.4653			12.5743			-0.3000			-165.0000			129.0000			10.0000			
14.5231			-28.5789			13.1408			-0.9000			-168.0000			120.0000			23.0000			
12.8536			-26.3518			10.3082			-3.1000			-169.0000			112.0000			37.0000			
15.6361			-27.4653			10.3082			-1.5000			-169.0000			101.0000			49.0000			
15.6361			-25.2382			7.4755			-2.1000			-170.0000			96.0000			56.0000			
16.7491			-25.7950			6.9090			-2.1000			-169.0000			88.0000			66.0000			
17.3056			-24.6815			6.3424			-1.0000			-169.0000			81.0000			74.0000			
16.1926			-24.1247			4.6428			-3.2000			-170.0000			70.0000			82.0000			
16.7491			-24.1247			2.9432			-4.4000			-169.0000			61.0000			91.0000			
16.7491			-23.0111			0.6771			-5.5000			-166.0000			50.0000			99.0000			
16.7491			-23.5679			0.1105			-6.7000			-160.0000			39.0000			107.0000			
18.4186			-23.5679			-0.4560			-5.6000			-155.0000			27.0000			115.0000			
18.4186			-22.4544			-2.7221			-6.7000			-148.0000			16.0000			123.0000			
15.6361			-19.1137			-4.9883			-8.4000			-141.0000			4.0000			129.0000			
16.1926			-19.1137			-4.9883			-7.9000			-133.0000			-9.0000			136.0000			
15.0796			-19.6705			-5.5548			-10.1000			-125.0000			-23.0000			142.0000			
14.5231			-19.1137			-3.8552			-8.4000			-116.0000			-34.0000			145.0000			
13.4101			-18.5569			-3.8552			-9.0000			-107.0000			-46.0000			147.0000			
11.7406			-16.3298			-4.9883			-9.5000			-97.0000			-56.0000			148.0000			
11.1842			-14.6595			-6.6879			-10.1000			-85.0000			-65.0000			146.0000			
11.1842			-13.5459			-6.6879			-9.0000			-74.0000			-76.0000			146.0000			
9.5147			-13.5459			-7.2544			-11.2000			-62.0000			-88.0000			146.0000			
9.5147			-12.9892			-8.9540			-12.4000			-49.0000			-99.0000			144.0000			
8.4017			-10.2053			-8.3875			-10.1000			-36.0000			-108.0000			141.0000			
8.9582			-9.0917			-10.0871			-10.2000			-24.0000			-118.0000			136.0000			
7.8452			-6.8646			-10.0871			-9.1000			-10.0000			-128.0000			131.0000			
3.9497			-4.6375			-9.5205			-10.2000			2.0000			-135.0000			124.0000			
4.5062			-4.0808			-10.0871			-9.6000			15.0000			-142.0000			117.0000			
1.7238			-2.4104			-9.5205			-10.2000			28.0000			-151.0000			111.0000			
1.7238			-1.8537			-9.5205			-9.6000			41.0000			-155.0000			103.0000			
2.8368			-0.7401			-10.6536			-8.5000			52.0000			-159.0000			94.0000			
1.7238			0.9302			-10.6536			-7.9000			63.0000			-162.0000			83.0000			
1.1673			3.7141			-11.7867			-6.9000			75.0000			-163.0000			71.0000			
1.1673			8.1683			-16.3189			-6.9000			85.0000			-164.0000			57.0000			
2.8368			10.9522			-19.7181			-5.9000			98.0000			-165.0000			45.0000			
3.9497			14.2928			-23.6839			-5.4000			106.0000			-165.0000			31.0000			
5.0627			15.9632			-25.3835			-4.3000			114.0000			-162.0000			18.0000			
3.9497			18.7471			-25.9500			-3.2000			121.0000			-159.0000			6.0000			
1.7238			19.3038			-23.1173			-2.0000			128.0000			-156.0000			-6.0000			
-1.6152			15.4064			-14.0528			-0.2000			134.0000			-152.0000			-17.0000			
-4.9541			17.6335			-11.2201			1.4000			138.0000			-143.0000			-34.0000			
-8.8496			9.8386			-1.0225			0.0000			141.0000			-137.0000			-49.0000			
-11.0756			12.6225			0.1105			1.6000			146.0000			-129.0000			-65.0000			
-11.0756			10.9522			2.9432			2.8000			150.0000			-121.0000			-75.0000			
-12.7450			12.6225			2.9432			2.8000			150.0000			-115.0000			-87.0000			
-13.8580			11.5090			4.0763			1.7000			151.0000			-109.0000			-96.0000			
-16.6405			13.7361			6.3424			3.4000			150.0000			-102.0000			-103.0000			
-19.4230			17.0767			6.3424			3.9000			148.0000			-95.0000			-109.0000			
-23.8749			24.3148			3.5097			3.9000			145.0000			-85.0000			-117.0000			
-25.5444			27.6555			1.8101			3.9000			142.0000			-80.0000			-124.0000			
-27.7704			30.9961			0.6771			3.8000			138.0000			-68.0000			-130.0000			
-29.4398			33.2232			1.8101			5.5000			133.0000			-57.0000			-137.0000			
-28.8833			30.4393			5.2093			6.7000			128.0000			-45.0000			-149.0000			
-26.6574			24.3148			8.6086			6.2000			122.0000			-32.0000			-156.0000			
-21.6489			18.1903			12.0078			8.5000			115.0000			-18.0000			-163.0000			
-18.3100			10.3954			17.6731			9.7000			104.0000			-5.0000			-170.0000			
-15.5275			5.3844			18.8062			8.6000			94.0000			9.0000			-174.0000			
-13.8580			3.1573			20.5058			9.8000			85.0000			21.0000			-177.0000			
-12.7450			0.9302			21.0723			9.2000			75.0000			33.0000			-180.0000			
-11.0756			-1.2969			22.2054			9.8000			66.0000			45.0000			-181.0000			
-11.0756			-2.4104			23.9050			10.4000			58.0000			55.0000			-181.0000			
-11.0756			-3.5240			25.6046			11.0000			50.0000			64.0000			-181.0000			
-12.7450			-4.6375			26.1711			8.7000			42.0000			73.0000			-179.0000			
-11.0756			-5.7511			26.7376			9.9000			32.0000			81.0000			-177.0000			
-8.8496			-6.8646			26.7376			11.0000			19.0000			91.0000			-172.0000			
-8.8496			-7.4214			28.4372			12.1000			6.0000			104.0000			-169.0000			
-7.1801			-9.0917			28.4372			12.1000			-10.0000			114.0000			-164.0000			
-4.3977			-10.7621			27.8707			12.7000			-23.0000			122.0000			-158.0000			
-4.3977			-11.8756			26.7376			10.4000			-36.0000			130.0000			-150.0000			
-0.5022			-13.5459			25.6046			11.5000			-49.0000			137.0000			-143.0000			
1.1673			-15.7731			24.4715			9.8000			-60.0000			141.0000			-135.0000			
2.8368			-15.7731			23.3384			10.3000			-73.0000			147.0000			-126.0000			
4.5062			-16.3298			21.0723			9.2000			-85.0000			150.0000			-114.0000			
6.1757			-18.0002			19.9392			8.1000			-98.0000			150.0000			-99.0000			
6.7322			-19.1137			20.5058			8.1000			-110.0000			150.0000			-84.0000			
7.8452			-19.6705			19.3727			7.5000			-120.0000			150.0000			-73.0000			
8.9582			-21.8976			18.2396			5.2000			-129.0000			150.0000			-63.0000			
10.6277			-22.4544			16.5400			4.7000			-136.0000			150.0000			-52.0000			
11.7406			-23.5679			15.9735			4.1000			-141.0000			149.0000			-41.0000			
13.4101			-24.1247			14.8404			4.1000			-148.0000			145.0000			-29.0000			
12.2971			-24.1247			13.1408			1.3000			-154.0000			141.0000			-17.0000			
12.8536			-25.7950			15.4070			2.4000			-159.0000			135.0000			-2.0000			
12.8536			-23.5679			10.8747			0.1000			-164.0000			129.0000			10.0000			
13.4101			-25.7950			10.8747			-1.5000			-166.0000			122.0000			25.0000			
11.7406			-22.4544			8.6086			-2.1000			-167.0000			112.0000			36.0000			
13.4101			-24.6815			9.1751			-2.1000			-168.0000			103.0000			47.0000			
12.2971			-22.4544			7.4755			-2.6000			-169.0000			95.0000			57.0000			
13.9666			-23.0111			8.0420			-1.0000			-170.0000			86.0000			66.0000			
14.5231			-21.3408			5.2093			-1.6000			-171.0000			79.0000			75.0000			
15.0796			-23.0111			3.5097			-4.4000			-169.0000			70.0000			84.0000			
14.5231			-21.3408			2.9432			-3.8000			-167.0000			60.0000			92.0000			
13.9666			-20.7840			1.2436			-5.5000			-163.0000			51.0000			100.0000			
14.5231			-20.2273			-0.4560			-6.1000			-159.0000			40.0000			107.0000			
14.5231			-21.8976			-1.5891			-8.9000			-154.0000			28.0000			116.0000			
15.0796			-20.7840			-0.4560			-6.1000			-147.0000			16.0000			123.0000			
15.0796			-18.5569			-2.7221			-6.2000			-140.0000			4.0000			130.0000			
12.8536			-18.0002			-3.8552			-8.9000			-132.0000			-10.0000			137.0000			
12.2971			-17.4434			-4.4217			-9.5000			-124.0000			-22.0000			142.0000			
12.2971			-16.3298			-3.2887			-7.3000			-116.0000			-34.0000			145.0000			
11.1842			-16.8866			-3.8552			-9.5000			-105.0000			-44.0000			147.0000			
10.6277			-15.7731			-2.7221			-7.8000			-95.0000			-56.0000			148.0000			
9.5147			-14.1027			-4.4217			-9.0000			-84.0000			-66.0000			148.0000			
9.5147			-12.9892			-5.5548			-9.0000			-73.0000			-76.0000			147.0000			
7.8452			-12.4324			-6.1213			-10.7000			-59.0000			-89.0000			147.0000			
8.9582			-11.3188			-7.8209			-10.1000			-46.0000			-100.0000			144.0000			
6.7322			-10.7621			-7.2544			-11.2000			-36.0000			-109.0000			141.0000			
5.0627			-9.0917			-7.2544			-11.2000			-22.0000			-119.0000			136.0000			
5.6192			-7.9782			-8.3875			-10.7000			-9.0000			-127.0000			132.0000			
4.5062			-5.1943			-8.3875			-9.0000			4.0000			-136.0000			125.0000			
3.9497			-4.6375			-8.3875			-9.0000			17.0000			-143.0000			119.0000			
1.1673			-3.5240			-7.8209			-10.1000			30.0000			-149.0000			113.0000			
0.6108			-1.8537			-7.8209			-9.0000			41.0000			-154.0000			103.0000			
1.1673			-0.1833			-8.3875			-7.4000			54.0000			-159.0000			95.0000			
0.6108			-0.1833			-8.9540			-8.5000			65.0000			-162.0000			83.0000			
1.1673			2.6006			-10.0871			-6.3000			77.0000			-164.0000			70.0000			
1.1673			6.4980			-14.0528			-6.3000			88.0000			-165.0000			57.0000			
2.2803			9.2819			-17.4520			-5.8000			99.0000			-165.0000			44.0000			
3.9497			12.6225			-20.8512			-4.2000			108.0000			-164.0000			31.0000			
5.0627			15.4064			-23.6839			-3.2000			116.0000			-163.0000			19.0000			
3.9497			17.0767			-23.6839			-2.6000			124.0000			-159.0000			7.0000			
1.7238			17.0767			-20.2847			-1.4000			128.0000			-157.0000			-6.0000			
-1.6152			13.7361			-12.3532			-0.2000			134.0000			-152.0000			-18.0000			
-4.3977			15.4064			-10.0871			0.9000			139.0000			-145.0000			-35.0000			
-6.6236			8.1683			-0.4560			1.0000			143.0000			-136.0000			-49.0000			
-8.8496			10.3954			0.1105			1.6000			146.0000			-129.0000			-63.0000			
-11.0756			9.8386			3.5097			2.2000			150.0000			-122.0000			-76.0000			
-11.6321			10.9522			4.0763			3.3000			151.0000			-116.0000			-87.0000			
-11.0756			10.9522			4.0763			3.9000			151.0000			-109.0000			-97.0000			
-14.4145			12.6225			5.2093			3.4000			151.0000			-102.0000			-102.0000			
-16.0840			15.4064			5.2093			4.5000			150.0000			-95.0000			-110.0000			
-21.0924			22.0877			3.5097			4.4000			146.0000			-86.0000			-116.0000			
-22.7619			27.6555			0.6771			5.5000			142.0000			-77.0000			-124.0000			
-25.5444			29.8826			0.1105			4.4000			138.0000			-68.0000			-131.0000			
-26.6574			31.5529			1.2436			6.1000			133.0000			-57.0000			-139.0000			
-25.5444			30.4393			2.9432			7.8000			128.0000			-43.0000			-149.0000			
-23.8749			22.0877			6.9090			5.1000			122.0000			-31.0000			-157.0000			
-18.3100			17.6335			10.8747			10.1000			116.0000			-18.0000			-164.0000			
-15.5275			9.8386			14.8404			9.1000			105.0000			-5.0000			-171.0000			
-12.7450			5.3844			17.6731			10.3000			95.0000			8.0000			-176.0000			
-11.0756			3.7141			18.8062			11.4000			85.0000			20.0000			-178.0000			
-11.0756			0.9302			19.9392			9.7000			75.0000			34.0000			-181.0000			
-9.4061			-1.2969			19.3727			8.6000			66.0000			45.0000			-183.0000			
-10.5191			-1.8537			21.0723			8.6000			58.0000			55.0000			-181.0000			
-9.9626			-2.9672			22.7719			9.8000			51.0000			65.0000			-182.0000			
-11.0756			-2.9672			23.9050			9.8000			43.0000			74.0000			-178.0000			
-9.9626			-3.5240			25.0380			11.5000			34.0000			83.0000			-176.0000			
-7.1801			-5.7511			25.0380			12.0000			19.0000			93.0000			-174.0000			
-8.8496			-5.7511			25.6046			10.9000			5.0000			103.0000			-170.0000			
-6.0671			-7.9782			25.6046			11.5000			-9.0000			114.0000			-164.0000			
-3.2847			-9.0917			25.0380			12.6000			-23.0000			123.0000			-157.0000			
-2.7282			-10.7621			24.4715			10.9000			-36.0000			130.0000			-150.0000			
-0.5022			-11.8756			23.3384			10.9000			-48.0000			138.0000			-144.0000			
1.1673			-12.9892			21.6388			9.8000			-59.0000			143.0000			-136.0000			
2.8368			-14.1027			21.0723			9.8000			-72.0000			147.0000			-125.0000			
5.0627			-14.6595			18.8062			9.2000			-84.0000			150.0000			-114.0000			
6.1757			-16.3298			18.2396			8.0000			-97.0000			151.0000			-99.0000			
5.6192			-17.4434			18.2396			6.4000			-109.0000			150.0000			-84.0000			
7.2887			-17.4434			17.6731			7.5000			-120.0000			151.0000			-72.0000			
8.4017			-18.5569			16.5400			6.3000			-129.0000			153.0000			-62.0000			
10.6277			-20.2273			14.8404			5.2000			-135.0000			152.0000			-50.0000			
10.6277			-20.7840			14.2739			4.1000			-142.0000			149.0000			-40.0000			
11.7406			-21.3408			13.1408			3.5000			-147.0000			146.0000			-29.0000			
11.7406			-21.8976			12.0078			1.8000			-154.0000			141.0000			-16.0000			
12.2971			-23.5679			13.1408			1.8000			-159.0000			134.0000			-3.0000			
11.1842			-21.3408			10.3082			0.1000			-163.0000			130.0000			10.0000			
11.7406			-23.0111			10.8747			-0.4000			-167.0000			122.0000			23.0000			
10.6277			-19.6705			8.0420			-1.0000			-168.0000			114.0000			38.0000			
12.8536			-23.0111			8.0420			-2.1000			-169.0000			102.0000			48.0000			
11.1842			-19.6705			5.7759			-2.7000			-169.0000			94.0000			57.0000			
12.8536			-21.3408			6.3424			-2.1000			-170.0000			86.0000			67.0000			
12.2971			-20.2273			4.6428			-3.2000			-170.0000			79.0000			76.0000			
12.8536			-19.6705			4.0763			-2.7000			-168.0000			71.0000			86.0000			
12.8536			-20.2273			2.3767			-4.9000			-167.0000			60.0000			93.0000			
11.7406			-18.5569			1.8101			-5.0000			-163.0000			50.0000			102.0000			
12.2971			-19.1137			-0.4560			-7.2000			-158.0000			40.0000			109.0000			
13.4101			-20.2273			-0.4560			-7.2000			-153.0000			29.0000			116.0000			
12.8536			-19.1137			-1.0225			-7.2000			-146.0000			17.0000			124.0000			
12.2971			-18.0002			-1.5891			-7.2000			-138.0000			4.0000			132.0000			
12.2971			-17.4434			-3.2887			-8.4000			-131.0000			-10.0000			139.0000			
10.6277			-16.3298			-3.2887			-8.9000			-123.0000			-23.0000			143.0000			
10.0712			-15.2163			-2.7221			-7.8000			-113.0000			-34.0000			147.0000			
10.0712			-15.7731			-3.2887			-8.9000			-103.0000			-45.0000			148.0000			
8.9582			-15.2163			-2.7221			-8.9000			-93.0000			-55.0000			149.0000			
7.8452			-14.6595			-2.7221			-9.5000			-82.0000			-66.0000			149.0000			
8.9582			-12.9892			-4.9883			-9.0000			-71.0000			-77.0000			148.0000			
6.7322			-12.9892			-5.5548			-11.8000			-57.0000			-88.0000			148.0000			
7.2887			-11.3188			-6.1213			-10.1000			-45.0000			-100.0000			146.0000			
6.7322			-10.7621			-6.1213			-10.1000			-33.0000			-109.0000			140.0000			
5.0627			-9.6485			-6.1213			-10.7000			-21.0000			-118.0000			137.0000			
5.6192			-7.9782			-7.2544			-9.6000			-5.0000			-126.0000			131.0000			
3.9497			-6.3079			-6.6879			-9.0000			5.0000			-134.0000			125.0000			
2.8368			-5.1943			-7.2544			-9.6000			18.0000			-142.0000			119.0000			
1.1673			-4.0808			-6.6879			-9.6000			31.0000			-150.0000			111.0000			
1.7238			-2.9672			-7.2544			-8.4000			43.0000			-156.0000			104.0000			
0.0543			-1.2969			-7.2544			-8.4000			55.0000			-160.0000			94.0000			
0.6108			-0.1833			-7.8209			-7.4000			66.0000			-161.0000			82.0000			
0.6108			2.0438			-9.5205			-6.8000			77.0000			-164.0000			69.0000			
1.7238			5.3844			-12.9197			-5.8000			88.0000			-165.0000			57.0000			
2.2803			7.6115			-15.7524			-5.8000			99.0000			-165.0000			43.0000			
3.9497			11.5090			-19.1516			-3.7000			109.0000			-165.0000			32.0000			
4.5062			13.7361			-21.4177			-3.1000			117.0000			-163.0000			19.0000			
4.5062			15.9632			-21.4177			-0.9000			124.0000			-160.0000			6.0000			
2.8368			15.9632			-19.1516			-0.3000			130.0000			-156.0000			-7.0000			
-1.6152			13.1793			-12.3532			-0.7000			135.0000			-154.0000			-17.0000			
-3.2847			12.6225			-7.2544			2.0000			141.0000			-145.0000			-33.0000			
-6.6236			7.0548			-0.4560			0.0000			145.0000			-137.0000			-49.0000			
-8.2931			9.8386			0.1105			1.6000			148.0000			-129.0000			-63.0000			
-8.8496			8.7251			3.5097			3.3000			151.0000			-122.0000			-76.0000			
-11.0756			10.3954			3.5097			2.8000			153.0000			-115.0000			-86.0000			
-11.0756			10.3954			4.0763			3.3000			154.0000			-109.0000			-96.0000			
-13.8580			12.0657			4.6428			2.8000			153.0000			-101.0000			-103.0000			
-15.5275			13.7361			4.6428			2.8000			150.0000			-95.0000			-111.0000			
-19.4230			20.4174			2.3767			3.3000			148.0000			-87.0000			-118.0000			
-21.6489			25.9851			0.1105			4.4000			143.0000			-77.0000			-124.0000			
-23.3184			28.7690			-1.0225			4.4000			139.0000			-68.0000			-132.0000			
-24.9879			30.4393			1.2436			6.6000			134.0000			-56.0000			-141.0000			
-23.8749			28.7690			1.2436			6.1000			129.0000			-43.0000			-151.0000			
-21.0924			21.5309			6.3424			6.7000			123.0000			-30.0000			-159.0000			
