-18.2656			-107.2252			123.9184			-1.5000			4.0000			-113.0000			69.0000			
-11.6675			-113.6235			122.2417			-3.0000			13.0000			-117.0000			64.0000			
-1.7702			-117.6952			117.7705			-1.6000			23.0000			-120.0000			62.0000			
9.2267			-120.0218			108.8282			-1.9000			31.0000			-124.0000			57.0000			
18.5741			-118.2768			97.0913			-2.6000			39.0000			-126.0000			52.0000			
26.2719			-112.4602			84.2367			-1.9000			49.0000			-127.0000			45.0000			
35.6193			-113.6235			76.4122			-1.5000			57.0000			-127.0000			40.0000			
46.0664			-115.3685			68.0287			-1.2000			64.0000			-126.0000			31.0000			
53.7642			-114.2052			59.6452			-0.7000			71.0000			-125.0000			25.0000			
61.4621			-114.7868			51.8207			-1.4000			80.0000			-122.0000			17.0000			
69.1599			-115.3685			44.5550			-1.6000			85.0000			-120.0000			8.0000			
77.9575			-117.1135			37.8482			-1.3000			90.0000			-116.0000			0.0000			
90.0541			-120.0218			30.0237			0.0000			96.0000			-112.0000			-7.0000			
99.9513			-121.7668			21.6402			-0.1000			100.0000			-107.0000			-15.0000			
106.5495			-122.3485			13.8157			-1.9000			102.0000			-104.0000			-21.0000			
112.5978			-120.0218			5.9911			-1.4000			107.0000			-96.0000			-30.0000			
115.8969			-115.3685			-2.3924			-1.8000			109.0000			-90.0000			-37.0000			
119.1959			-107.8068			-11.8936			-0.5000			112.0000			-86.0000			-45.0000			
116.9965			-95.5918			-21.9538			-0.5000			113.0000			-79.0000			-53.0000			
113.1476			-83.3769			-30.3372			-0.5000			113.0000			-72.0000			-60.0000			
115.3470			-76.3969			-40.3974			-1.4000			114.0000			-63.0000			-67.0000			
115.8969			-68.2535			-49.3397			-1.6000			111.0000			-53.0000			-73.0000			
113.6975			-57.7836			-56.0465			-0.1000			110.0000			-46.0000			-80.0000			
111.4981			-47.8952			-63.3121			0.2000			108.0000			-36.0000			-85.0000			
112.5978			-41.4969			-71.6956			-0.5000			103.0000			-27.0000			-91.0000			
114.2473			-32.7719			-82.3147			-0.8000			99.0000			-17.0000			-96.0000			
116.9965			-24.0469			-93.4926			-0.5000			95.0000			-9.0000			-100.0000			
119.7458			-18.8119			-101.8761			-0.9000			89.0000			-1.0000			-104.0000			
119.1959			-10.6686			-109.1417			-0.6000			83.0000			10.0000			-108.0000			
116.9965			-2.5253			-113.6129			0.8000			77.0000			19.0000			-111.0000			
108.7489			9.6897			-118.0841			0.3000			70.0000			28.0000			-115.0000			
98.8516			19.5780			-118.0841			0.3000			63.0000			37.0000			-116.0000			
87.3049			28.3030			-114.1718			1.4000			56.0000			46.0000			-119.0000			
79.6070			35.8647			-114.7307			0.7000			49.0000			54.0000			-119.0000			
69.7098			45.1713			-115.2896			-0.4000			39.0000			62.0000			-119.0000			
63.1116			53.3147			-115.8485			0.5000			30.0000			70.0000			-117.0000			
54.3141			59.7130			-113.6129			0.4000			21.0000			76.0000			-116.0000			
47.7159			68.4380			-115.2896			0.8000			11.0000			82.0000			-115.0000			
40.5679			77.7446			-117.5252			0.7000			0.0000			89.0000			-112.0000			
31.7704			88.7963			-120.8786			-0.3000			-8.0000			94.0000			-110.0000			
24.0725			99.8479			-121.9964			1.9000			-18.0000			100.0000			-107.0000			
16.3747			108.5729			-123.6730			1.2000			-27.0000			103.0000			-102.0000			
9.7765			114.3896			-123.1141			1.0000			-36.0000			107.0000			-97.0000			
0.9790			117.2979			-118.6430			-0.3000			-45.0000			110.0000			-93.0000			
-10.0179			120.7879			-108.5828			2.1000			-54.0000			113.0000			-88.0000			
-20.4650			119.6246			-96.2871			2.8000			-63.0000			115.0000			-83.0000			
-27.6130			113.2263			-83.9913			1.6000			-71.0000			117.0000			-78.0000			
-35.8607			114.3896			-77.2846			1.2000			-79.0000			118.0000			-71.0000			
-46.3078			115.5529			-67.2244			2.0000			-87.0000			116.0000			-64.0000			
-53.4558			114.3896			-58.8410			2.0000			-94.0000			114.0000			-55.0000			
-61.7035			114.3896			-51.5753			1.1000			-101.0000			111.0000			-47.0000			
-71.0509			115.5529			-43.1918			1.3000			-107.0000			110.0000			-40.0000			
-79.8484			118.4613			-38.1618			0.4000			-112.0000			105.0000			-31.0000			
-89.7456			121.3696			-30.3372			1.2000			-118.0000			101.0000			-25.0000			
-99.6429			121.9513			-20.8360			1.4000			-122.0000			97.0000			-17.0000			
-106.7909			121.3696			-13.5703			1.0000			-126.0000			92.0000			-9.0000			
-112.2893			119.6246			-6.8635			0.4000			-129.0000			85.0000			-2.0000			
-115.5884			114.3896			2.6377			1.4000			-131.0000			81.0000			7.0000			
-117.7878			104.5013			13.8157			0.5000			-133.0000			74.0000			14.0000			
-115.0386			92.8679			21.6402			-0.5000			-135.0000			68.0000			22.0000			
-112.8392			82.9796			30.5826			0.7000			-136.0000			59.0000			28.0000			
-115.0386			75.9996			40.0838			1.0000			-135.0000			54.0000			35.0000			
-115.0386			66.1113			49.5851			0.6000			-133.0000			44.0000			42.0000			
-113.3890			57.3863			56.8508			0.8000			-131.0000			34.0000			49.0000			
-110.6398			48.6613			62.9986			1.0000			-129.0000			25.0000			54.0000			
-111.7395			40.5180			71.9410			0.7000			-125.0000			15.0000			60.0000			
-115.0386			32.3747			83.1189			0.4000			-121.0000			6.0000			66.0000			
-117.7878			25.9764			92.0613			0.2000			-117.0000			-3.0000			68.0000			
-119.4373			18.9964			101.0036			0.5000			-111.0000			-13.0000			74.0000			
-117.7878			9.1080			109.9460			1.2000			-105.0000			-20.0000			77.0000			
-117.2379			2.7097			113.2994			-1.2000			-99.0000			-30.0000			81.0000			
-107.8906			-8.3419			116.6528			0.4000			-93.0000			-38.0000			83.0000			
-96.3438			-20.5569			116.0939			-0.8000			-87.0000			-48.0000			85.0000			
-85.3469			-28.1186			113.8583			0.3000			-79.0000			-56.0000			88.0000			
-79.2986			-35.6802			114.9761			0.0000			-70.0000			-65.0000			88.0000			
-71.0509			-44.4052			114.9761			-0.4000			-60.0000			-73.0000			87.0000			
-62.8032			-53.1302			115.5350			-0.3000			-51.0000			-80.0000			86.0000			
-54.0056			-59.5286			113.8583			0.3000			-42.0000			-87.0000			85.0000			
-47.4075			-67.0902			114.4172			0.0000			-33.0000			-93.0000			82.0000			
-39.1598			-78.7235			117.7705			-0.1000			-24.0000			-100.0000			80.0000			
-32.0118			-89.7752			121.1239			-0.6000			-12.0000			-106.0000			78.0000			
-25.4136			-97.9185			122.8006			-0.5000			-5.0000			-110.0000			73.0000			
-17.1659			-106.6435			123.9184			0.1000			6.0000			-114.0000			70.0000			
-8.3684			-113.6235			121.1239			-0.8000			14.0000			-118.0000			64.0000			
-0.6705			-117.6952			117.7705			-0.5000			24.0000			-121.0000			60.0000			
9.7765			-119.4402			107.7104			-1.9000			34.0000			-122.0000			56.0000			
21.3233			-117.6952			94.8558			-1.5000			42.0000			-126.0000			51.0000			
28.4713			-113.6235			83.1189			-2.0000			50.0000			-127.0000			45.0000			
36.7190			-114.7868			77.5299			-0.5000			58.0000			-128.0000			39.0000			
46.0664			-114.2052			67.4698			-0.6000			66.0000			-126.0000			31.0000			
54.8639			-114.2052			57.9685			-1.3000			73.0000			-125.0000			24.0000			
62.5618			-115.3685			52.3796			-0.4000			80.0000			-122.0000			15.0000			
70.8095			-115.9502			43.4372			-1.7000			86.0000			-119.0000			8.0000			
79.6070			-117.6952			37.2893			-0.8000			91.0000			-116.0000			-1.0000			
92.2535			-121.7668			28.3470			-1.1000			97.0000			-112.0000			-8.0000			
101.6009			-122.3485			21.0813			0.3000			100.0000			-107.0000			-16.0000			
106.5495			-121.1852			12.6979			-1.9000			103.0000			-102.0000			-24.0000			
112.5978			-118.2768			4.8733			-0.8000			107.0000			-97.0000			-32.0000			
116.4467			-114.2052			-2.9512			-0.7000			111.0000			-89.0000			-39.0000			
117.5464			-104.8985			-14.1292			-1.4000			111.0000			-84.0000			-47.0000			
114.7972			-92.1019			-22.5127			0.1000			114.0000			-77.0000			-53.0000			
115.3470			-82.2135			-32.5728			0.5000			114.0000			-70.0000			-61.0000			
117.5464			-76.9785			-40.3974			0.1000			114.0000			-63.0000			-67.0000			
115.8969			-66.5085			-49.8986			-0.5000			112.0000			-53.0000			-73.0000			
113.6975			-55.4569			-57.7232			0.5000			111.0000			-44.0000			-81.0000			
111.4981			-47.8952			-64.9888			-1.3000			107.0000			-35.0000			-86.0000			
112.0479			-42.0786			-72.2545			-2.2000			103.0000			-26.0000			-91.0000			
114.2473			-31.6086			-83.9913			-1.3000			100.0000			-17.0000			-97.0000			
118.6461			-24.0469			-94.6104			0.0000			94.0000			-7.0000			-101.0000			
120.8455			-17.6486			-102.9938			0.2000			88.0000			1.0000			-105.0000			
119.1959			-9.5053			-109.1417			0.5000			83.0000			10.0000			-109.0000			
116.4467			-0.7803			-115.8485			-0.1000			77.0000			20.0000			-111.0000			
108.7489			10.8530			-118.6430			0.9000			70.0000			28.0000			-115.0000			
98.3018			19.5780			-117.5252			0.3000			63.0000			37.0000			-118.0000			
84.5556			29.4664			-113.6129			0.4000			56.0000			47.0000			-118.0000			
77.9575			38.1913			-116.4074			-0.2000			48.0000			54.0000			-119.0000			
70.8095			45.7530			-116.4074			0.1000			39.0000			62.0000			-119.0000			
62.0119			53.3147			-115.2896			0.0000			29.0000			70.0000			-119.0000			
53.2144			60.8763			-113.6129			0.4000			19.0000			77.0000			-116.0000			
47.7159			69.6013			-116.4074			0.9000			11.0000			84.0000			-116.0000			
40.0181			79.4896			-118.0841			1.4000			-1.0000			90.0000			-112.0000			
31.7704			90.5413			-120.8786			1.4000			-9.0000			95.0000			-110.0000			
22.9728			101.0113			-123.6730			0.3000			-19.0000			100.0000			-106.0000			
16.9245			108.5729			-123.6730			1.8000			-28.0000			104.0000			-102.0000			
8.6768			113.8079			-122.5553			0.0000			-37.0000			107.0000			-98.0000			
-1.2204			118.4613			-116.9663			0.2000			-46.0000			111.0000			-92.0000			
-12.2173			121.3696			-107.4650			1.6000			-54.0000			113.0000			-88.0000			
-21.0149			117.2979			-95.7282			0.5000			-65.0000			116.0000			-82.0000			
-28.7127			112.6446			-82.8735			1.0000			-73.0000			117.0000			-77.0000			
-38.0601			114.3896			-76.7257			-0.3000			-80.0000			116.0000			-71.0000			
-46.3078			115.5529			-67.7833			1.4000			-87.0000			115.0000			-61.0000			
-54.0056			113.2263			-59.3999			-0.1000			-96.0000			114.0000			-53.0000			
-61.7035			113.8079			-51.0164			1.0000			-102.0000			112.0000			-47.0000			
-71.6007			116.1346			-43.7507			0.7000			-108.0000			109.0000			-38.0000			
-79.8484			118.4613			-38.7207			-0.1000			-113.0000			105.0000			-31.0000			
-90.2955			121.9513			-28.6605			2.9000			-119.0000			102.0000			-25.0000			
-100.1927			122.5329			-20.2771			2.0000			-121.0000			95.0000			-17.0000			
-107.3407			121.3696			-13.5703			0.4000			-126.0000			91.0000			-9.0000			
-111.7395			118.4613			-4.6279			2.0000			-130.0000			85.0000			-1.0000			
-115.5884			113.2263			4.8733			2.5000			-132.0000			78.0000			7.0000			
-117.2379			103.9196			14.3746			1.0000			-134.0000			73.0000			15.0000			
-113.9389			91.7046			22.1991			0.0000			-135.0000			67.0000			23.0000			
-112.8392			81.2346			32.2593			0.6000			-136.0000			59.0000			29.0000			
-116.6881			75.4180			41.7605			0.4000			-135.0000			50.0000			36.0000			
-116.1383			66.6930			49.5851			0.1000			-134.0000			41.0000			43.0000			
-113.3890			56.2230			57.4096			0.2000			-132.0000			32.0000			49.0000			
-110.0899			46.9163			64.1164			0.9000			-128.0000			23.0000			54.0000			
-111.7395			40.5180			73.0588			1.8000			-126.0000			14.0000			61.0000			
-114.4887			31.7930			83.6778			0.9000			-120.0000			5.0000			65.0000			
-117.7878			25.3947			92.6202			0.2000			-116.0000			-4.0000			69.0000			
-119.9872			16.6697			102.6803			-0.6000			-110.0000			-13.0000			74.0000			
-119.4373			9.6897			109.3871			-0.3000			-105.0000			-23.0000			77.0000			
-116.1383			2.1280			114.4172			0.4000			-99.0000			-31.0000			81.0000			
-107.3407			-10.6686			118.3294			0.3000			-91.0000			-42.0000			82.0000			
-96.8936			-19.9753			117.7705			0.9000			-86.0000			-49.0000			85.0000			
-84.7970			-28.7003			113.8583			0.3000			-78.0000			-58.0000			88.0000			
-78.1989			-36.8436			113.8583			-1.1000			-70.0000			-66.0000			88.0000			
-69.9512			-45.5686			116.0939			0.5000			-61.0000			-75.0000			86.0000			
-62.8032			-52.5486			115.5350			0.1000			-50.0000			-81.0000			86.0000			
-54.0056			-59.5286			113.2994			-0.2000			-41.0000			-89.0000			86.0000			
-46.8576			-68.8352			114.4172			-1.2000			-31.0000			-94.0000			82.0000			
-38.6099			-79.3052			117.7705			-0.1000			-21.0000			-101.0000			80.0000			
-31.4619			-90.3569			120.5650			-1.2000			-12.0000			-105.0000			78.0000			
-24.8638			-99.6635			123.9184			-0.6000			-3.0000			-110.0000			72.0000			
-16.6161			-107.8068			122.2417			-2.1000			6.0000			-115.0000			69.0000			
-8.9182			-113.0418			120.5650			-1.3000			17.0000			-117.0000			63.0000			
-0.1207			-118.2768			116.0939			-2.3000			25.0000			-121.0000			59.0000			
11.9759			-120.0218			106.0337			-2.0000			34.0000			-123.0000			55.0000			
21.3233			-117.1135			94.2969			-1.4000			43.0000			-126.0000			49.0000			
29.0212			-112.4602			82.0011			-1.4000			52.0000			-129.0000			43.0000			
37.8187			-114.7868			75.8533			-1.1000			60.0000			-126.0000			38.0000			
47.1661			-114.2052			66.9109			-0.1000			66.0000			-126.0000			30.0000			
54.3141			-113.6235			59.6452			0.3000			74.0000			-124.0000			22.0000			
63.1116			-114.2052			51.2618			0.1000			81.0000			-122.0000			15.0000			
71.3593			-115.9502			43.4372			-1.1000			86.0000			-119.0000			6.0000			
81.2565			-117.6952			37.2893			0.8000			91.0000			-115.0000			-1.0000			
92.8033			-121.7668			27.7881			-1.1000			96.0000			-111.0000			-8.0000			
101.0510			-122.9302			19.9635			-1.9000			100.0000			-107.0000			-17.0000			
107.6492			-121.1852			12.6979			-0.8000			104.0000			-100.0000			-25.0000			
112.5978			-118.8585			4.8733			-1.3000			108.0000			-95.0000			-33.0000			
115.3470			-112.4602			-5.7457			-2.8000			110.0000			-91.0000			-40.0000			
117.5464			-103.1535			-14.6881			-0.2000			111.0000			-84.0000			-47.0000			
114.7972			-91.5202			-23.6304			-0.3000			114.0000			-76.0000			-55.0000			
113.6975			-82.7952			-32.0139			-1.1000			114.0000			-69.0000			-62.0000			
115.8969			-75.2335			-41.5152			-0.8000			114.0000			-61.0000			-68.0000			
115.3470			-65.3452			-49.8986			0.1000			112.0000			-53.0000			-76.0000			
113.1476			-56.0386			-58.8410			-1.7000			109.0000			-42.0000			-80.0000			
110.9482			-47.8952			-64.9888			-1.9000			107.0000			-33.0000			-87.0000			
112.0479			-40.9152			-72.2545			-1.1000			103.0000			-25.0000			-93.0000			
113.6975			-29.8636			-85.6680			-1.8000			98.0000			-16.0000			-97.0000			
118.0962			-23.4653			-95.1693			-0.5000			93.0000			-7.0000			-101.0000			
119.7458			-17.6486			-102.9938			-0.8000			87.0000			2.0000			-106.0000			
118.6461			-10.0869			-109.7006			-1.1000			81.0000			12.0000			-109.0000			
115.3470			-0.7803			-115.2896			-0.7000			75.0000			20.0000			-111.0000			
107.0993			10.8530			-117.5252			0.4000			69.0000			29.0000			-115.0000			
97.2021			21.3230			-117.5252			1.0000			62.0000			38.0000			-118.0000			
85.1055			28.8847			-114.1718			-0.1000			55.0000			47.0000			-121.0000			
77.4076			38.1913			-114.7307			0.8000			46.0000			56.0000			-120.0000			
68.6101			46.9163			-114.7307			0.7000			37.0000			63.0000			-120.0000			
60.9122			53.3147			-114.7307			-0.5000			28.0000			71.0000			-118.0000			
53.2144			60.2947			-113.6129			-0.1000			18.0000			77.0000			-117.0000			
46.0664			69.6013			-114.7307			0.9000			7.0000			83.0000			-115.0000			
38.3685			80.0713			-116.9663			1.4000			-1.0000			90.0000			-113.0000			
30.6707			91.1230			-120.3197			1.4000			-10.0000			95.0000			-109.0000			
22.4230			101.0113			-123.1141			0.3000			-20.0000			99.0000			-106.0000			
15.2750			109.1546			-123.1141			1.3000			-29.0000			104.0000			-103.0000			
8.6768			113.8079			-121.4375			1.0000			-38.0000			107.0000			-97.0000			
-0.6705			117.8796			-115.8485			1.3000			-47.0000			111.0000			-92.0000			
-13.8669			120.2063			-105.2294			1.1000			-56.0000			113.0000			-88.0000			
-22.6644			117.2979			-93.4926			1.1000			-65.0000			115.0000			-83.0000			
-29.8124			112.0629			-81.7558			0.4000			-74.0000			116.0000			-76.0000			
-39.1598			114.9713			-75.0490			0.7000			-81.0000			117.0000			-68.0000			
-47.9573			114.3896			-66.1066			0.3000			-89.0000			116.0000			-61.0000			
-54.5555			112.6446			-58.2821			-0.1000			-96.0000			113.0000			-53.0000			
-61.7035			113.8079			-52.1342			0.0000			-103.0000			112.0000			-46.0000			
-71.0509			116.1346			-43.7507			1.3000			-109.0000			107.0000			-38.0000			
-80.3982			119.0429			-38.1618			0.4000			-115.0000			104.0000			-29.0000			
-91.3952			121.3696			-28.1016			1.8000			-119.0000			101.0000			-22.0000			
-100.7426			121.9513			-20.2771			0.9000			-122.0000			95.0000			-15.0000			
-107.3407			121.3696			-11.8936			2.1000			-125.0000			90.0000			-8.0000			
-111.7395			118.4613			-4.0690			2.6000			-128.0000			84.0000			-1.0000			
-114.4887			110.8996			5.4322			1.8000			-131.0000			78.0000			9.0000			
-116.1383			102.1746			14.9335			0.9000			-133.0000			72.0000			16.0000			
-111.7395			89.3780			23.8758			1.5000			-135.0000			66.0000			23.0000			
-112.8392			82.9796			32.2593			2.3000			-135.0000			59.0000			30.0000			
-112.2893			74.2546			42.8783			4.8000			-134.0000			50.0000			38.0000			
-113.9389			66.1113			51.8207			3.9000			-132.0000			42.0000			45.0000			
-111.1896			55.0597			57.9685			1.8000			-128.0000			34.0000			51.0000			
-108.4404			47.4980			65.7931			4.8000			-125.0000			25.0000			58.0000			
-110.0899			40.5180			73.6177			4.0000			-121.0000			16.0000			64.0000			
-111.1896			31.7930			86.4723			7.0000			-115.0000			8.0000			70.0000			
-110.6398			27.7214			99.8858			16.9000			-109.0000			-1.0000			75.0000			
-113.9389			19.5780			104.9159			10.5000			-101.0000			-7.0000			80.0000			
-110.0899			16.6697			110.5049			17.0000			-92.0000			-14.0000			87.0000			
-47.4075			42.8447			186.5149			181.9000			-74.0000			-20.0000			95.0000			
-56.2050			12.0164			123.9184			79.7000			-42.0000			-8.0000			118.0000			
-172.7724			-65.3452			60.7630			-177.3000			-18.0000			3.0000			138.0000			
-95.7939			-10.0869			133.9786			28.0000			-16.0000			-9.0000			135.0000			
-49.6069			-6.5969			135.0964			78.8000			-12.0000			-20.0000			132.0000			
-93.5946			-74.0702			89.2668			-78.3000			-2.0000			-27.0000			132.0000			
-53.4558			-52.5486			120.0061			14.0000			2.0000			-38.0000			127.0000			
-46.3078			-54.8752			118.8883			17.7000			9.0000			-49.0000			124.0000			
-59.5041			-86.2852			101.0036			-44.7000			18.0000			-57.0000			119.0000			
-30.3622			-84.5402			117.2116			2.3000			23.0000			-68.0000			113.0000			
-28.7127			-94.4285			119.4472			-3.6000			30.0000			-77.0000			106.0000			
-32.0118			-112.4602			114.4172			-30.0000			35.0000			-84.0000			98.0000			
-17.1659			-111.8785			123.9184			-5.1000			39.0000			-92.0000			91.0000			
-16.6161			-115.9502			121.6828			-10.8000			42.0000			-100.0000			82.0000			
-10.0179			-123.5118			111.6227			-21.8000			46.0000			-106.0000			75.0000			
8.1270			-121.1852			102.1214			-10.9000			50.0000			-113.0000			66.0000			
16.3747			-120.0218			86.4723			-17.1000			52.0000			-119.0000			56.0000			
27.3716			-120.0218			73.6177			-19.0000			55.0000			-124.0000			47.0000			
38.3685			-121.1852			69.1465			-13.6000			58.0000			-129.0000			36.0000			
43.8670			-120.0218			59.6452			-16.5000			60.0000			-131.0000			24.0000			
52.1147			-119.4402			51.8207			-15.4000			62.0000			-132.0000			12.0000			
60.3624			-120.6035			47.3495			-12.8000			65.0000			-135.0000			-1.0000			
68.0602			-120.6035			37.8482			-14.6000			66.0000			-136.0000			-11.0000			
77.4076			-122.3485			32.2593			-12.6000			65.0000			-136.0000			-23.0000			
87.8547			-124.6751			24.4347			-12.3000			64.0000			-136.0000			-34.0000			
96.6522			-125.8385			17.1690			-12.0000			63.0000			-133.0000			-46.0000			
104.3501			-124.6751			8.2267			-12.1000			63.0000			-132.0000			-56.0000			
110.9482			-121.7668			-0.7157			-11.5000			62.0000			-129.0000			-66.0000			
113.6975			-114.2052			-9.6580			-10.1000			61.0000			-127.0000			-76.0000			
113.1476			-104.3168			-18.0415			-9.2000			61.0000			-123.0000			-87.0000			
112.0479			-90.9385			-27.5427			-6.4000			59.0000			-119.0000			-97.0000			
113.1476			-83.3769			-35.3673			-5.5000			57.0000			-113.0000			-105.0000			
114.7972			-74.0702			-43.1918			-2.4000			54.0000			-106.0000			-113.0000			
113.6975			-64.7635			-52.6931			-3.7000			50.0000			-99.0000			-122.0000			
112.5978			-54.2936			-60.5177			-2.2000			47.0000			-90.0000			-128.0000			
112.0479			-46.7319			-66.6655			-1.3000			43.0000			-81.0000			-134.0000			
113.1476			-39.7519			-74.4901			-1.0000			39.0000			-74.0000			-140.0000			
116.4467			-29.8636			-86.7858			-0.1000			34.0000			-64.0000			-144.0000			
120.2956			-22.8836			-96.8460			0.5000			30.0000			-53.0000			-148.0000			
122.4950			-14.1586			-103.5527			4.7000			24.0000			-45.0000			-152.0000			
120.8455			-6.5969			-109.7006			4.5000			19.0000			-35.0000			-154.0000			
118.6461			3.2914			-114.7307			7.2000			16.0000			-24.0000			-156.0000			
110.3984			13.7614			-116.9663			7.1000			10.0000			-13.0000			-157.0000			
98.8516			24.2314			-114.7307			8.3000			7.0000			-2.0000			-157.0000			
86.2052			32.9563			-110.8184			8.3000			3.0000			9.0000			-157.0000			
79.6070			42.8447			-113.0540			9.3000			-4.0000			19.0000			-154.0000			
72.4590			50.4063			-111.3773			11.4000			-8.0000			29.0000			-150.0000			
63.1116			58.5497			-110.2595			11.4000			-15.0000			40.0000			-147.0000			
54.3141			66.1113			-109.1417			11.2000			-19.0000			50.0000			-142.0000			
48.8156			75.4180			-111.3773			12.8000			-25.0000			60.0000			-137.0000			
41.6676			85.3063			-112.4951			14.4000			-29.0000			69.0000			-130.0000			
32.8701			97.5213			-116.4074			13.9000			-34.0000			78.0000			-124.0000			
25.1722			107.4096			-118.6430			13.9000			-40.0000			87.0000			-117.0000			
18.5741			114.3896			-118.0841			14.8000			-43.0000			95.0000			-108.0000			
11.4261			118.4613			-115.8485			14.0000			-47.0000			103.0000			-101.0000			
0.4291			123.6962			-109.7006			14.4000			-51.0000			110.0000			-92.0000			
-10.0179			124.8596			-99.6405			15.2000			-54.0000			117.0000			-84.0000			
-18.8155			119.6246			-86.2269			14.5000			-58.0000			122.0000			-75.0000			
-28.1629			117.2979			-75.6079			13.5000			-61.0000			127.0000			-64.0000			
-36.9604			120.7879			-69.4600			14.3000			-65.0000			130.0000			-52.0000			
-45.2081			119.0429			-60.5177			13.3000			-67.0000			133.0000			-41.0000			
-51.8062			117.2979			-52.6931			12.8000			-68.0000			136.0000			-30.0000			
-61.1536			118.4613			-45.4274			11.8000			-71.0000			136.0000			-19.0000			
-69.9512			119.6246			-39.2796			10.3000			-73.0000			136.0000			-8.0000			
-78.7487			122.5329			-33.6906			10.0000			-73.0000			136.0000			2.0000			
-90.8453			123.1146			-23.6304			8.6000			-74.0000			133.0000			13.0000			
-99.6429			125.4412			-16.3648			9.4000			-75.0000			132.0000			23.0000			
-106.2410			123.6962			-9.0991			8.3000			-75.0000			130.0000			33.0000			
-110.6398			119.6246			-1.2746			7.7000			-76.0000			126.0000			42.0000			
-115.0386			112.6446			9.3445			6.9000			-76.0000			121.0000			53.0000			
-115.5884			102.7563			17.1690			4.3000			-76.0000			117.0000			62.0000			
-109.5401			88.7963			25.5525			4.8000			-76.0000			112.0000			70.0000			
-112.2893			79.4896			35.6127			2.8000			-75.0000			105.0000			77.0000			
-115.0386			71.3463			44.5550			0.8000			-73.0000			97.0000			84.0000			
-115.5884			64.3663			51.2618			0.0000			-70.0000			88.0000			92.0000			
-112.8392			53.3147			59.0863			-0.4000			-69.0000			78.0000			97.0000			
-112.2893			44.0080			66.3520			-1.9000			-66.0000			69.0000			103.0000			
-115.0386			37.6097			74.1766			-3.2000			-63.0000			60.0000			107.0000			
-116.6881			29.4664			85.3545			-1.8000			-60.0000			49.0000			111.0000			
-119.9872			21.3230			93.7380			-4.9000			-57.0000			39.0000			114.0000			
-121.6367			12.0164			102.1214			-7.4000			-53.0000			28.0000			115.0000			
-121.0869			5.0364			108.2693			-7.7000			-49.0000			17.0000			117.0000			
-117.2379			-3.6886			111.6227			-9.2000			-47.0000			6.0000			118.0000			
-108.9903			-15.3219			115.5350			-8.7000			-42.0000			-6.0000			117.0000			
-97.9933			-26.3736			113.2994			-11.0000			-40.0000			-17.0000			119.0000			
-86.9964			-32.7719			110.5049			-9.2000			-36.0000			-29.0000			116.0000			
-79.2986			-42.6602			111.0638			-10.8000			-31.0000			-40.0000			112.0000			
-72.1506			-51.9669			111.6227			-12.4000			-27.0000			-52.0000			109.0000			
-65.0026			-58.3652			111.0638			-12.3000			-21.0000			-62.0000			105.0000			
-55.6552			-66.5085			109.9460			-12.2000			-17.0000			-73.0000			100.0000			
-47.9573			-76.3969			111.0638			-13.2000			-12.0000			-82.0000			94.0000			
-40.8093			-85.1219			113.2994			-12.6000			-7.0000			-93.0000			88.0000			
-34.2112			-96.7552			116.6528			-14.3000			-3.0000			-102.0000			81.0000			
-26.5133			-106.6435			120.0061			-13.1000			1.0000			-110.0000			72.0000			
-18.8155			-114.7868			119.4472			-14.1000			6.0000			-117.0000			64.0000			
-12.7672			-118.8585			116.6528			-14.9000			10.0000			-124.0000			57.0000			
-0.6705			-122.3485			109.9460			-13.0000			14.0000			-131.0000			49.0000			
11.4261			-123.5118			99.8858			-12.1000			19.0000			-137.0000			40.0000			
19.1239			-120.0218			87.0312			-13.8000			23.0000			-144.0000			30.0000			
28.4713			-116.5318			75.8533			-12.2000			26.0000			-149.0000			22.0000			
38.9184			-120.0218			68.5876			-12.5000			31.0000			-152.0000			12.0000			
46.6162			-118.8585			61.8808			-10.3000			32.0000			-153.0000			1.0000			
52.6645			-117.1135			54.0563			-10.3000			35.0000			-154.0000			-9.0000			
61.4621			-117.6952			46.2317			-9.9000			39.0000			-155.0000			-20.0000			
70.8095			-118.2768			38.9660			-8.5000			41.0000			-154.0000			-30.0000			
81.8064			-122.3485			32.8182			-7.7000			43.0000			-152.0000			-40.0000			
92.2535			-122.3485			24.4347			-5.6000			46.0000			-150.0000			-49.0000			
101.6009			-123.5118			16.0513			-5.8000			47.0000			-147.0000			-59.0000			
109.8485			-122.3485			8.7856			-3.7000			48.0000			-143.0000			-68.0000			
113.6975			-118.2768			1.5199			-3.0000			50.0000			-139.0000			-76.0000			
116.4467			-110.7152			-7.9813			-2.2000			52.0000			-134.0000			-84.0000			
116.9965			-100.8268			-17.4826			-1.3000			54.0000			-129.0000			-93.0000			
113.6975			-88.0302			-25.3071			0.3000			54.0000			-121.0000			-101.0000			
114.7972			-79.8869			-32.5728			2.3000			54.0000			-114.0000			-108.0000			
115.3470			-69.4169			-43.1918			2.7000			54.0000			-105.0000			-113.0000			
116.9965			-61.8552			-52.1342			3.0000			52.0000			-94.0000			-119.0000			
115.8969			-53.1302			-58.8410			3.9000			52.0000			-85.0000			-124.0000			
114.2473			-43.2419			-65.5477			5.4000			49.0000			-75.0000			-128.0000			
115.8969			-35.0986			-74.4901			6.3000			48.0000			-63.0000			-133.0000			
119.1959			-26.9553			-86.2269			6.0000			46.0000			-53.0000			-135.0000			
121.3953			-19.9753			-94.6104			6.8000			44.0000			-41.0000			-137.0000			
121.9452			-11.2503			-101.8761			8.8000			42.0000			-29.0000			-139.0000			
121.9452			-2.5253			-109.1417			10.2000			39.0000			-17.0000			-139.0000			
118.0962			6.1997			-112.4951			11.8000			36.0000			-5.0000			-139.0000			
108.7489			17.2514			-113.6129			12.3000			34.0000			6.0000			-140.0000			
97.7519			28.3030			-112.4951			13.5000			31.0000			18.0000			-139.0000			
87.3049			35.2830			-110.8184			11.7000			28.0000			30.0000			-137.0000			
80.1569			44.5897			-110.8184			13.9000			24.0000			42.0000			-133.0000			
70.8095			53.8963			-110.2595			14.4000			20.0000			54.0000			-129.0000			
62.5618			61.4580			-110.8184			13.2000			15.0000			63.0000			-125.0000			
55.9636			67.8563			-111.3773			12.4000			10.0000			76.0000			-120.0000			
47.7159			77.1630			-111.9362			12.9000			5.0000			86.0000			-114.0000			
38.9184			87.0513			-112.4951			13.4000			-1.0000			95.0000			-106.0000			
31.7704			98.6846			-117.5252			12.9000			-4.0000			104.0000			-100.0000			
25.1722			107.9913			-119.2019			13.9000			-9.0000			113.0000			-93.0000			
16.3747			114.9713			-118.6430			12.7000			-13.0000			119.0000			-85.0000			
9.2267			120.2063			-116.9663			12.4000			-18.0000			127.0000			-77.0000			
-1.7702			123.6962			-109.7006			12.2000			-22.0000			134.0000			-69.0000			
-12.7672			124.2779			-99.0816			12.4000			-25.0000			139.0000			-61.0000			
-22.6644			120.7879			-86.7858			11.3000			-33.0000			143.0000			-54.0000			
-30.9121			118.4613			-77.2846			10.2000			-38.0000			148.0000			-44.0000			
-40.2595			119.6246			-70.0189			9.3000			-41.0000			150.0000			-35.0000			
-47.9573			117.8796			-61.0766			8.8000			-45.0000			151.0000			-24.0000			
-55.6552			117.2979			-54.3698			7.2000			-49.0000			150.0000			-15.0000			
-63.3530			117.8796			-47.6630			6.8000			-54.0000			149.0000			-5.0000			
-72.1506			117.8796			-40.3974			5.3000			-57.0000			148.0000			3.0000			
-83.6973			121.3696			-33.1317			4.5000			-60.0000			147.0000			13.0000			
-93.0447			121.9513			-24.7482			4.1000			-65.0000			143.0000			20.0000			
-102.9419			123.1146			-16.9237			3.2000			-67.0000			139.0000			31.0000			
-110.6398			120.2063			-8.5402			1.0000			-69.0000			133.0000			38.0000			
-115.5884			117.2979			-1.8335			-0.1000			-73.0000			128.0000			46.0000			
-118.3376			110.3179			6.5500			-1.4000			-75.0000			121.0000			54.0000			
-117.2379			99.2663			17.1690			-0.7000			-77.0000			116.0000			61.0000			
-113.3890			85.3063			26.1114			-1.9000			-80.0000			108.0000			68.0000			
-115.5884			78.3263			33.3771			-3.8000			-81.0000			99.0000			73.0000			
-116.6881			67.8563			42.8783			-5.9000			-81.0000			90.0000			79.0000			
-116.6881			59.1313			51.8207			-5.7000			-81.0000			79.0000			84.0000			
-115.5884			49.2430			58.5274			-7.8000			-82.0000			67.0000			87.0000			
-115.0386			42.2630			64.6753			-8.1000			-81.0000			57.0000			92.0000			
-116.6881			35.2830			74.7355			-6.6000			-81.0000			45.0000			95.0000			
-118.8875			25.3947			85.9134			-7.5000			-80.0000			33.0000			97.0000			
-121.6367			18.4147			94.2969			-8.9000			-78.0000			23.0000			98.0000			
-122.1866			9.6897			102.1214			-10.3000			-76.0000			9.0000			99.0000			
-121.0869			2.7097			107.7104			-10.6000			-73.0000			-5.0000			98.0000			
-117.2379			-5.4336			111.6227			-11.0000			-73.0000			-17.0000			98.0000			
-109.5401			-17.6486			113.8583			-13.3000			-70.0000			-28.0000			98.0000			
-96.8936			-28.1186			111.6227			-13.3000			-67.0000			-41.0000			96.0000			
-86.4466			-36.2619			110.5049			-12.1000			-65.0000			-53.0000			94.0000			
-79.8484			-44.9869			111.6227			-13.2000			-60.0000			-65.0000			90.0000			
-71.0509			-53.1302			111.6227			-12.5000			-57.0000			-75.0000			86.0000			
-62.2533			-61.2736			110.5049			-13.0000			-51.0000			-86.0000			83.0000			
-55.1053			-67.6719			111.0638			-11.7000			-46.0000			-97.0000			77.0000			
-47.4075			-77.5602			112.1816			-12.7000			-42.0000			-107.0000			71.0000			
-39.1598			-88.0302			114.4172			-12.7000			-36.0000			-116.0000			64.0000			
-32.5616			-98.5002			118.8883			-12.1000			-31.0000			-125.0000			58.0000			
-24.8638			-106.6435			120.5650			-10.9000			-25.0000			-132.0000			51.0000			
-16.6161			-113.6235			119.4472			-10.7000			-21.0000			-139.0000			45.0000			
-8.3684			-119.4402			117.7705			-10.0000			-15.0000			-146.0000			37.0000			
3.1784			-122.3485			109.9460			-9.2000			-10.0000			-152.0000			29.0000			
13.6255			-122.9302			100.4447			-8.8000			-5.0000			-156.0000			22.0000			
22.4230			-117.6952			87.0312			-8.2000			2.0000			-161.0000			14.0000			
32.8701			-116.5318			77.5299			-6.1000			7.0000			-164.0000			5.0000			
42.2175			-120.0218			71.9410			-5.8000			12.0000			-164.0000			-2.0000			
49.3655			-117.6952			62.4397			-5.8000			17.0000			-164.0000			-11.0000			
56.5135			-115.3685			55.1741			-3.6000			23.0000			-164.0000			-21.0000			
64.2113			-117.6952			48.4673			-5.0000			28.0000			-163.0000			-29.0000			
74.1085			-117.6952			40.0838			-3.5000			34.0000			-160.0000			-37.0000			
85.1055			-120.6035			33.3771			-2.1000			39.0000			-155.0000			-46.0000			
95.5525			-121.7668			24.4347			-1.7000			42.0000			-153.0000			-55.0000			
104.3501			-122.3485			18.2868			0.2000			46.0000			-146.0000			-60.0000			
112.5978			-120.6035			9.9034			1.9000			50.0000			-140.0000			-68.0000			
117.5464			-117.6952			2.0788			1.9000			54.0000			-135.0000			-75.0000			
119.1959			-108.9702			-7.4224			2.8000			57.0000			-129.0000			-82.0000			
118.6461			-99.0818			-15.8059			3.7000			63.0000			-120.0000			-88.0000			
114.7972			-83.9585			-24.7482			6.0000			64.0000			-113.0000			-94.0000			
117.5464			-77.5602			-34.2495			5.7000			67.0000			-102.0000			-98.0000			
117.5464			-68.2535			-43.1918			6.1000			69.0000			-91.0000			-104.0000			
118.6461			-58.3652			-51.0164			9.2000			70.0000			-80.0000			-107.0000			
116.9965			-49.0586			-58.2821			9.6000			69.0000			-69.0000			-111.0000			
115.8969			-40.3336			-65.5477			10.0000			71.0000			-56.0000			-115.0000			
118.6461			-33.9352			-75.0490			9.6000			70.0000			-44.0000			-117.0000			
121.3953			-24.6286			-86.2269			10.5000			70.0000			-34.0000			-119.0000			
123.0449			-16.4853			-95.1693			11.3000			68.0000			-19.0000			-119.0000			
123.5947			-10.0869			-101.3172			12.1000			67.0000			-8.0000			-120.0000			
121.9452			-1.9436			-108.0239			11.9000			65.0000			5.0000			-119.0000			
116.9965			8.5264			-113.0540			12.4000			63.0000			17.0000			-120.0000			
107.6492			19.5780			-114.1718			13.0000			63.0000			30.0000			-119.0000			
96.1024			27.7214			-111.3773			12.4000			60.0000			41.0000			-117.0000			
86.7550			36.4463			-111.9362			11.2000			57.0000			54.0000			-115.0000			
78.5073			46.9163			-113.0540			12.3000			52.0000			65.0000			-111.0000			
70.8095			54.4780			-112.4951			12.7000			48.0000			77.0000			-108.0000			
62.0119			60.8763			-111.3773			11.5000			41.0000			88.0000			-104.0000			
54.3141			69.0196			-111.3773			11.9000			37.0000			98.0000			-98.0000			
45.5165			78.3263			-112.4951			11.3000			31.0000			108.0000			-93.0000			
37.2688			87.6330			-115.2896			9.6000			26.0000			117.0000			-88.0000			
30.6707			98.6846			-119.7608			9.5000			20.0000			123.0000			-81.0000			
22.4230			107.9913			-120.8786			9.5000			14.0000			131.0000			-75.0000			
15.2750			113.8079			-120.8786			8.2000			8.0000			137.0000			-68.0000			
7.5771			118.4613			-118.0841			7.9000			2.0000			143.0000			-62.0000			
-5.0693			122.5329			-110.8184			6.6000			-4.0000			148.0000			-57.0000			
-14.9665			121.9513			-100.7583			6.2000			-11.0000			151.0000			-48.0000			
-23.2142			116.1346			-87.3447			5.5000			-19.0000			156.0000			-41.0000			
-33.1115			114.9713			-78.4024			3.4000			-25.0000			157.0000			-34.0000			
-43.5586			118.4613			-70.0189			4.8000			-32.0000			158.0000			-26.0000			
-51.2564			116.7163			-62.1944			3.2000			-39.0000			156.0000			-18.0000			
-57.3047			114.3896			-54.9287			2.1000			-45.0000			155.0000			-9.0000			
-66.1022			115.5529			-47.6630			1.7000			-50.0000			152.0000			-1.0000			
-75.9995			116.1346			-42.0741			-1.9000			-57.0000			150.0000			6.0000			
-85.3469			119.6246			-35.3673			-1.0000			-62.0000			145.0000			14.0000			
-96.8936			119.6246			-26.4249			-3.6000			-68.0000			140.0000			19.0000			
-105.1413			121.3696			-18.0415			-1.8000			-73.0000			133.0000			26.0000			
-110.6398			118.4613			-11.3347			-3.5000			-79.0000			126.0000			33.0000			
-116.6881			114.3896			-2.9512			-5.2000			-83.0000			119.0000			38.0000			
-119.9872			107.9913			7.1089			-4.8000			-87.0000			111.0000			45.0000			
-118.8875			97.5213			16.6102			-4.7000			-93.0000			103.0000			50.0000			
-113.3890			82.9796			24.4347			-5.9000			-97.0000			94.0000			55.0000			
-116.6881			75.9996			33.3771			-7.3000			-99.0000			84.0000			59.0000			
-117.7878			66.1113			43.4372			-8.2000			-101.0000			72.0000			63.0000			
-117.7878			57.3863			50.7029			-9.6000			-103.0000			61.0000			68.0000			
-115.5884			46.9163			56.8508			-11.8000			-104.0000			49.0000			71.0000			
-114.4887			39.3547			65.2342			-9.9000			-106.0000			36.0000			74.0000			
-117.2379			33.5380			74.1766			-9.5000			-105.0000			25.0000			75.0000			
-120.5370			24.8130			85.3545			-10.3000			-105.0000			12.0000			77.0000			
-122.1866			17.8330			94.2969			-10.0000			-104.0000			-1.0000			77.0000			
-122.1866			9.6897			101.5625			-10.9000			-103.0000			-13.0000			78.0000			
-121.0869			2.7097			108.2693			-10.1000			-101.0000			-27.0000			77.0000			
-115.5884			-6.5969			110.5049			-11.6000			-99.0000			-38.0000			77.0000			
-106.2410			-19.3936			113.8583			-11.7000			-98.0000			-52.0000			76.0000			
-95.2441			-27.5369			111.6227			-11.1000			-94.0000			-64.0000			74.0000			
-85.3469			-35.6802			109.9460			-11.0000			-91.0000			-75.0000			74.0000			
-77.0992			-44.9869			111.6227			-10.4000			-86.0000			-87.0000			72.0000			
-68.8515			-53.1302			112.1816			-9.7000			-81.0000			-97.0000			67.0000			
-60.6038			-60.1102			111.0638			-9.6000			-75.0000			-108.0000			63.0000			
-55.1053			-65.9269			111.6227			-9.4000			-69.0000			-116.0000			58.0000			
-45.2081			-75.8152			113.2994			-7.7000			-63.0000			-125.0000			53.0000			
-36.4105			-86.2852			116.0939			-6.6000			-56.0000			-133.0000			49.0000			
-30.9121			-95.5918			120.0061			-6.4000			-49.0000			-140.0000			43.0000			
-23.2142			-105.4802			121.1239			-7.5000			-44.0000			-146.0000			39.0000			
-14.4167			-111.8785			121.1239			-5.1000			-36.0000			-152.0000			31.0000			
-7.2687			-115.9502			118.8883			-4.3000			-28.0000			-156.0000			26.0000			
4.8279			-119.4402			111.0638			-3.5000			-21.0000			-161.0000			19.0000			
16.3747			-119.4402			100.4447			-2.6000			-13.0000			-165.0000			14.0000			
23.5227			-115.3685			88.1490			-3.6000			-6.0000			-167.0000			10.0000			
33.9698			-113.0418			78.0888			-0.9000			3.0000			-167.0000			1.0000			
43.8670			-114.7868			70.8232			0.0000			11.0000			-167.0000			-6.0000			
52.1147			-114.7868			62.9986			0.3000			19.0000			-165.0000			-13.0000			
58.7128			-113.6235			55.7330			0.8000			24.0000			-162.0000			-20.0000			
65.8609			-113.0418			50.1440			2.9000			34.0000			-161.0000			-27.0000			
75.7581			-114.7868			41.7605			2.7000			41.0000			-156.0000			-33.0000			
87.8547			-118.2768			35.0538			4.6000			47.0000			-150.0000			-40.0000			
97.2021			-118.2768			27.2292			6.1000			52.0000			-145.0000			-46.0000			
105.9996			-119.4402			18.8457			5.4000			58.0000			-136.0000			-53.0000			
113.6975			-117.6952			11.0212			7.0000			65.0000			-129.0000			-58.0000			
117.5464			-114.2052			3.7555			7.0000			71.0000			-122.0000			-63.0000			
120.2956			-106.0618			-6.8635			7.3000			76.0000			-114.0000			-68.0000			
119.7458			-95.0102			-16.3648			8.3000			81.0000			-105.0000			-73.0000			
115.3470			-82.2135			-24.7482			8.3000			86.0000			-95.0000			-78.0000			
116.9965			-75.2335			-32.5728			9.1000			89.0000			-84.0000			-82.0000			
116.4467			-64.7635			-42.6330			9.0000			92.0000			-73.0000			-85.0000			
117.5464			-56.0386			-49.8986			11.6000			93.0000			-60.0000			-90.0000			
116.4467			-46.7319			-57.1643			12.5000			96.0000			-49.0000			-93.0000			
115.8969			-40.3336			-63.8710			11.6000			96.0000			-34.0000			-95.0000			
118.0962			-32.1902			-74.4901			11.4000			96.0000			-24.0000			-97.0000			
120.8455			-23.4653			-85.6680			11.7000			97.0000			-10.0000			-98.0000			
123.0449			-18.2303			-94.0515			10.7000			95.0000			3.0000			-98.0000			
121.9452			-10.0869			-101.8761			9.9000			95.0000			14.0000			-99.0000			
120.8455			-1.3619			-108.5828			10.9000			92.0000			27.0000			-100.0000			
114.2473			8.5264			-113.0540			9.7000			90.0000			39.0000			-99.0000			
103.8002			19.5780			-113.6129			9.7000			86.0000			51.0000			-100.0000			
93.3532			28.3030			-111.9362			9.7000			83.0000			63.0000			-99.0000			
84.5556			37.0280			-111.3773			10.2000			79.0000			74.0000			-97.0000			
75.2082			45.1713			-111.9362			8.4000			73.0000			84.0000			-95.0000			
66.4107			52.7330			-111.3773			7.7000			68.0000			95.0000			-92.0000			
58.7128			60.8763			-111.3773			8.2000			62.0000			103.0000			-87.0000			
52.6645			67.8563			-113.0540			7.4000			54.0000			113.0000			-85.0000			
44.9667			75.4180			-113.6129			6.7000			47.0000			122.0000			-80.0000			
35.6193			86.4696			-115.8485			6.2000			39.0000			129.0000			-76.0000			
27.3716			98.1029			-119.7608			5.7000			31.0000			135.0000			-70.0000			
20.2236			106.2463			-121.9964			4.4000			23.0000			140.0000			-67.0000			
13.0756			111.4813			-120.8786			3.6000			15.0000			144.0000			-59.0000			
4.2781			114.9713			-119.2019			0.0000			8.0000			148.0000			-56.0000			
-7.2687			119.0429			-110.8184			0.9000			-2.0000			153.0000			-51.0000			
-17.1659			117.2979			-99.6405			0.4000			-11.0000			154.0000			-46.0000			
-25.4136			113.2263			-87.3447			0.4000			-19.0000			156.0000			-41.0000			
-34.2112			112.6446			-80.0791			-1.6000			-27.0000			155.0000			-34.0000			
-44.1084			114.3896			-71.6956			-1.4000			-37.0000			154.0000			-29.0000			
-52.9059			113.2263			-62.7533			-2.4000			-45.0000			152.0000			-22.0000			
-60.0539			112.0629			-55.4876			-3.4000			-53.0000			148.0000			-16.0000			
-68.8515			114.3896			-49.8986			-4.3000			-62.0000			143.0000			-10.0000			
-76.5493			114.3896			-43.1918			-5.3000			-69.0000			138.0000			-3.0000			
-88.6459			117.2979			-35.3673			-6.7000			-77.0000			134.0000			1.0000			
-97.9933			117.8796			-26.9838			-7.0000			-84.0000			127.0000			8.0000			
-106.2410			118.4613			-19.1593			-6.9000			-91.0000			120.0000			12.0000			
-112.2893			116.7163			-11.8936			-7.4000			-98.0000			111.0000			19.0000			
-118.8875			113.2263			-3.5101			-9.1000			-104.0000			103.0000			23.0000			
-119.9872			105.0829			7.1089			-7.7000			-112.0000			94.0000			29.0000			
-118.8875			93.4496			16.6102			-8.8000			-117.0000			85.0000			34.0000			
-115.0386			80.6530			25.5525			-8.8000			-121.0000			74.0000			38.0000			
-117.2379			74.8363			33.3771			-9.0000			-125.0000			63.0000			41.0000			
-116.1383			64.3663			42.8783			-8.8000			-127.0000			51.0000			45.0000			
-115.5884			55.0597			50.7029			-9.8000			-129.0000			39.0000			49.0000			
-114.4887			45.1713			57.9685			-11.3000			-130.0000			27.0000			51.0000			
-115.0386			39.3547			64.6753			-11.0000			-131.0000			14.0000			54.0000			
-116.6881			32.9563			74.1766			-9.5000			-131.0000			2.0000			56.0000			
-119.4373			23.6497			86.4723			-9.3000			-130.0000			-10.0000			57.0000			
-121.6367			16.0880			95.4147			-10.1000			-130.0000			-21.0000			59.0000			
-120.5370			9.6897			102.1214			-8.7000			-128.0000			-35.0000			59.0000			
-119.9872			2.7097			108.8282			-8.4000			-125.0000			-47.0000			59.0000			
-113.9389			-8.3419			113.2994			-8.9000			-122.0000			-58.0000			59.0000			
-103.4918			-19.3936			113.8583			-9.0000			-119.0000			-69.0000			60.0000			
-89.7456			-27.5369			111.0638			-6.2000			-115.0000			-81.0000			59.0000			
-83.6973			-36.2619			111.6227			-8.3000			-109.0000			-91.0000			59.0000			
-75.4496			-43.2419			111.6227			-7.0000			-104.0000			-101.0000			57.0000			
-66.6521			-51.3852			112.1816			-5.8000			-97.0000			-111.0000			55.0000			
-57.8546			-57.7836			112.1816			-3.4000			-89.0000			-119.0000			52.0000			
-51.2564			-65.9269			112.7405			-4.4000			-82.0000			-128.0000			48.0000			
-43.0087			-75.2335			114.9761			-3.2000			-73.0000			-134.0000			46.0000			
-35.3109			-85.1219			118.3294			-2.1000			-65.0000			-141.0000			43.0000			
-27.6130			-95.0102			121.6828			-0.9000			-55.0000			-146.0000			38.0000			
-19.3653			-104.3168			122.8006			-0.8000			-47.0000			-150.0000			33.0000			
-11.6675			-110.1335			122.8006			1.0000			-37.0000			-155.0000			29.0000			
-4.5195			-114.7868			120.0061			0.6000			-27.0000			-158.0000			25.0000			
7.0273			-117.6952			111.6227			0.9000			-18.0000			-159.0000			20.0000			
17.4744			-116.5318			99.8858			0.8000			-9.0000			-161.0000			17.0000			
26.8218			-111.2968			86.4723			1.9000			1.0000			-163.0000			13.0000			
36.1692			-110.1335			78.6477			4.6000			12.0000			-162.0000			6.0000			
44.9667			-113.0418			71.3821			3.3000			20.0000			-159.0000			2.0000			
53.7642			-111.8785			62.9986			4.8000			30.0000			-155.0000			-5.0000			
61.4621			-110.7152			55.7330			6.4000			39.0000			-153.0000			-10.0000			
69.7098			-112.4602			49.0262			6.2000			50.0000			-148.0000			-17.0000			
78.5073			-114.2052			42.8783			7.1000			57.0000			-141.0000			-22.0000			
89.5042			-117.1135			35.0538			7.4000			66.0000			-136.0000			-27.0000			
98.8516			-118.2768			26.6703			7.2000			73.0000			-128.0000			-33.0000			
107.6492			-117.1135			18.2868			8.8000			81.0000			-121.0000			-37.0000			
114.2473			-115.9502			10.4623			8.7000			87.0000			-113.0000			-42.0000			
118.6461			-112.4602			2.0788			8.2000			94.0000			-103.0000			-48.0000			
121.3953			-104.3168			-7.4224			9.6000			100.0000			-95.0000			-52.0000			
119.7458			-93.2652			-16.9237			9.5000			106.0000			-85.0000			-56.0000			
114.7972			-79.8869			-26.4249			8.4000			111.0000			-75.0000			-60.0000			
117.5464			-74.0702			-34.8084			8.6000			114.0000			-62.0000			-65.0000			
117.5464			-64.7635			-43.7507			9.0000			116.0000			-51.0000			-68.0000			
116.4467			-55.4569			-51.5753			9.4000			119.0000			-39.0000			-72.0000			
114.2473			-46.1502			-58.2821			9.8000			120.0000			-27.0000			-74.0000			
115.3470			-38.5886			-66.6655			10.0000			120.0000			-15.0000			-77.0000			
117.5464			-31.6086			-77.2846			8.6000			121.0000			-2.0000			-78.0000			
120.2956			-23.4653			-87.9036			8.9000			119.0000			8.0000			-81.0000			
122.4950			-17.6486			-96.8460			8.0000			116.0000			20.0000			-83.0000			
121.3953			-9.5053			-104.1116			7.7000			114.0000			31.0000			-84.0000			
118.6461			-1.9436			-109.7006			7.0000			111.0000			43.0000			-87.0000			
112.0479			9.1080			-115.2896			5.8000			108.0000			54.0000			-86.0000			
102.7005			18.9964			-114.7307			6.9000			104.0000			65.0000			-87.0000			
90.0541			27.7214			-111.9362			5.8000			98.0000			77.0000			-87.0000			
80.7067			35.8647			-113.0540			3.5000			92.0000			86.0000			-87.0000			
73.0089			45.1713			-114.1718			4.0000			85.0000			95.0000			-85.0000			
65.8609			52.1513			-114.7307			3.2000			78.0000			103.0000			-84.0000			
56.5135			59.1313			-113.0540			2.5000			70.0000			111.0000			-82.0000			
49.3655			66.1113			-114.7307			0.7000			59.0000			119.0000			-78.0000			
41.1178			74.8363			-116.9663			-1.0000			50.0000			125.0000			-78.0000			
32.3202			86.4696			-119.2019			-0.4000			40.0000			131.0000			-74.0000			
24.6224			96.3579			-121.9964			-1.0000			31.0000			136.0000			-71.0000			
17.4744			105.0829			-123.6730			-1.1000			20.0000			139.0000			-67.0000			
10.8762			111.4813			-123.6730			-1.3000			10.0000			143.0000			-64.0000			
1.5288			115.5529			-119.7608			-2.6000			1.0000			143.0000			-61.0000			
-10.0179			119.0429			-111.9362			-2.9000			-9.0000			146.0000			-57.0000			
-20.4650			117.2979			-99.6405			-2.8000			-19.0000			148.0000			-54.0000			
-27.0632			110.3179			-86.7858			-3.5000			-30.0000			146.0000			-49.0000			
-37.5102			109.7363			-79.5202			-7.2000			-42.0000			146.0000			-45.0000			
-48.5072			114.3896			-71.1367			-5.2000			-52.0000			142.0000			-39.0000			
-55.1053			111.4813			-62.7533			-6.3000			-61.0000			138.0000			-34.0000			
-62.8032			110.8996			-55.4876			-7.3000			-72.0000			134.0000			-29.0000			
-71.6007			112.6446			-48.2219			-7.1000			-81.0000			128.0000			-23.0000			
-80.3982			114.3896			-41.5152			-7.5000			-90.0000			123.0000			-17.0000			
-91.3952			117.8796			-34.8084			-8.3000			-100.0000			116.0000			-14.0000			
-101.2924			117.8796			-25.3071			-8.7000			-107.0000			109.0000			-8.0000			
-108.9903			119.0429			-18.6004			-8.5000			-115.0000			100.0000			-3.0000			
-113.3890			116.1346			-11.8936			-9.1000			-122.0000			92.0000			2.0000			
-117.2379			111.4813			-1.8335			-7.5000			-128.0000			83.0000			6.0000			
-121.6367			103.3379			9.3445			-8.9000			-133.0000			74.0000			12.0000			
-119.4373			92.8679			17.1690			-9.3000			-141.0000			64.0000			16.0000			
-115.0386			80.0713			26.1114			-8.8000			-144.0000			55.0000			19.0000			
-116.6881			73.0913			36.7305			-6.8000			-148.0000			42.0000			24.0000			
-116.6881			64.3663			45.6728			-6.6000			-150.0000			31.0000			28.0000			
-115.5884			55.6413			52.3796			-7.5000			-152.0000			20.0000			32.0000			
-113.3890			45.7530			59.6452			-7.9000			-153.0000			9.0000			35.0000			
-113.9389			38.7730			67.4698			-7.7000			-152.0000			-3.0000			39.0000			
-115.5884			31.2113			78.0888			-6.2000			-152.0000			-14.0000			41.0000			
-119.4373			23.6497			89.2668			-6.5000			-150.0000			-27.0000			44.0000			
-120.5370			16.0880			98.2091			-6.2000			-146.0000			-37.0000			46.0000			
-119.9872			9.1080			106.5926			-4.2000			-143.0000			-49.0000			47.0000			
-118.3376			2.7097			110.5049			-5.1000			-139.0000			-59.0000			50.0000			
-111.1896			-8.9236			114.9761			-5.1000			-134.0000			-70.0000			51.0000			
-100.1927			-19.9753			116.0939			-4.0000			-129.0000			-81.0000			53.0000			
-88.6459			-28.7003			113.8583			-3.4000			-124.0000			-89.0000			54.0000			
-81.4979			-35.6802			113.8583			-3.3000			-116.0000			-99.0000			54.0000			
-71.6007			-44.4052			114.4172			-1.5000			-108.0000			-107.0000			54.0000			
-62.8032			-51.9669			115.5350			0.7000			-99.0000			-115.0000			51.0000			
-55.6552			-58.3652			113.8583			-0.1000			-90.0000			-122.0000			51.0000			
-49.0570			-64.7635			114.9761			1.1000			-81.0000			-128.0000			50.0000			
-39.1598			-75.8152			117.7705			2.7000			-69.0000			-134.0000			47.0000			
-32.0118			-86.2852			121.6828			3.3000			-58.0000			-138.0000			45.0000			
-25.9635			-95.5918			123.9184			2.3000			-49.0000			-142.0000			43.0000			
-16.0662			-104.3168			124.4773			4.0000			-38.0000			-145.0000			39.0000			
-8.9182			-110.1335			123.9184			4.8000			-26.0000			-148.0000			37.0000			
-1.7702			-114.2052			120.5650			4.5000			-15.0000			-149.0000			34.0000			
10.3264			-117.6952			112.1816			4.8000			-4.0000			-151.0000			30.0000			
21.8732			-117.6952			99.8858			4.0000			8.0000			-152.0000			27.0000			
29.5710			-110.7152			86.4723			5.3000			19.0000			-150.0000			24.0000			
38.3685			-109.5518			79.7655			8.5000			29.0000			-148.0000			19.0000			
48.8156			-111.8785			70.8232			7.7000			40.0000			-145.0000			14.0000			
57.6132			-112.4602			63.5575			8.7000			51.0000			-140.0000			9.0000			
63.6615			-111.2968			56.8508			9.2000			62.0000			-136.0000			4.0000			
72.4590			-111.8785			49.0262			9.6000			71.0000			-130.0000			-1.0000			
81.8064			-113.0418			40.0838			8.8000			79.0000			-124.0000			-6.0000			
92.2535			-117.1135			33.3771			8.5000			89.0000			-116.0000			-10.0000			
101.6009			-118.2768			25.5525			8.8000			97.0000			-110.0000			-16.0000			
108.7489			-117.6952			17.1690			8.2000			104.0000			-102.0000			-20.0000			
114.7972			-117.1135			10.4623			8.1000			111.0000			-94.0000			-25.0000			
118.6461			-111.8785			1.5199			8.2000			118.0000			-85.0000			-30.0000			
120.8455			-103.1535			-9.6580			8.0000			124.0000			-76.0000			-35.0000			
119.1959			-92.1019			-19.1593			7.9000			130.0000			-66.0000			-40.0000			
116.4467			-81.0502			-27.5427			7.8000			133.0000			-57.0000			-44.0000			
118.0962			-74.0702			-37.0440			6.9000			136.0000			-45.0000			-49.0000			
117.5464			-65.3452			-47.1041			5.0000			138.0000			-34.0000			-53.0000			
116.4467			-55.4569			-54.3698			6.6000			138.0000			-23.0000			-57.0000			
114.2473			-47.3136			-61.0766			5.8000			139.0000			-12.0000			-61.0000			
113.6975			-39.7519			-68.3422			5.6000			138.0000			-1.0000			-65.0000			
116.4467			-30.4453			-80.0791			5.9000			136.0000			11.0000			-69.0000			
119.1959			-22.8836			-90.6981			5.6000			133.0000			20.0000			-71.0000			
121.3953			-17.0669			-99.0816			5.2000			129.0000			31.0000			-73.0000			
120.8455			-10.0869			-107.4650			3.2000			126.0000			41.0000			-76.0000			
117.5464			-2.5253			-112.4951			2.5000			121.0000			51.0000			-79.0000			
109.2987			9.1080			-116.4074			2.0000			114.0000			61.0000			-81.0000			
98.8516			19.5780			-116.4074			2.0000			109.0000			71.0000			-83.0000			
87.8547			28.8847			-114.1718			2.5000			102.0000			79.0000			-85.0000			
80.1569			36.4463			-115.2896			1.3000			95.0000			88.0000			-85.0000			
70.8095			44.5897			-115.2896			0.1000			85.0000			95.0000			-85.0000			
62.0119			52.1513			-115.2896			-1.1000			74.0000			102.0000			-85.0000			
53.2144			59.1313			-114.7307			-2.3000			64.0000			109.0000			-85.0000			
48.2658			66.1113			-117.5252			-3.1000			53.0000			116.0000			-83.0000			
39.4682			75.9996			-119.2019			-3.7000			43.0000			120.0000			-82.0000			
30.1208			86.4696			-121.4375			-4.8000			31.0000			125.0000			-81.0000			
21.8732			96.9396			-124.2319			-5.4000			19.0000			127.0000			-78.0000			
14.1753			105.6646			-124.7908			-4.9000			8.0000			130.0000			-77.0000			
7.5771			110.8996			-124.7908			-6.3000			-5.0000			132.0000			-74.0000			
-1.2204			115.5529			-120.8786			-6.5000			-14.0000			131.0000			-71.0000			
-12.7672			117.8796			-110.8184			-5.6000			-27.0000			132.0000			-69.0000			
-22.6644			116.1346			-99.0816			-5.6000			-40.0000			134.0000			-66.0000			
-29.8124			110.3179			-86.2269			-5.7000			-53.0000			132.0000			-63.0000			
-39.7096			111.4813			-80.6380			-8.8000			-62.0000			130.0000			-58.0000			
-47.9573			112.0629			-70.5778			-6.4000			-73.0000			126.0000			-53.0000			
-56.2050			110.8996			-61.6355			-6.9000			-84.0000			121.0000			-50.0000			
-64.4527			111.4813			-54.3698			-7.3000			-94.0000			116.0000			-44.0000			
-74.3499			113.8079			-47.6630			-8.2000			-104.0000			111.0000			-39.0000			
-82.0478			114.9713			-41.5152			-8.5000			-114.0000			105.0000			-34.0000			
-93.5946			118.4613			-32.5728			-7.7000			-123.0000			97.0000			-29.0000			
-102.3921			119.6246			-24.1893			-6.9000			-130.0000			90.0000			-24.0000			
-108.9903			119.0429			-16.3648			-6.3000			-137.0000			82.0000			-18.0000			
-113.3890			116.7163			-9.0991			-5.7000			-143.0000			74.0000			-13.0000			
-118.8875			111.4813			0.4021			-6.9000			-150.0000			67.0000			-9.0000			
-119.4373			102.1746			10.4623			-6.7000			-157.0000			57.0000			-3.0000			
-117.2379			91.1230			19.9635			-6.1000			-161.0000			49.0000			2.0000			
-115.5884			80.0713			28.9059			-6.6000			-165.0000			38.0000			8.0000			
-118.8875			75.4180			38.4071			-5.0000			-166.0000			29.0000			12.0000			
-116.6881			65.5296			47.3495			-3.8000			-167.0000			17.0000			17.0000			
-113.9389			55.0597			55.7330			-3.1000			-167.0000			6.0000			21.0000			
-112.2893			46.3347			62.4397			-3.5000			-167.0000			-4.0000			26.0000			
-112.8392			41.0997			69.1465			-2.5000			-165.0000			-15.0000			30.0000			
-114.4887			32.3747			79.7655			-2.3000			-162.0000			-24.0000			35.0000			
-116.6881			23.6497			91.5024			-1.5000			-159.0000			-34.0000			39.0000			
-118.8875			17.8330			101.0036			0.0000			-153.0000			-44.0000			40.0000			
-118.3376			11.4347			108.2693			1.3000			-148.0000			-54.0000			44.0000			
-115.5884			2.7097			113.8583			0.9000			-143.0000			-62.0000			47.0000			
-108.9903			-8.3419			117.7705			0.4000			-136.0000			-73.0000			50.0000			
-96.8936			-18.2303			118.3294			3.2000			-129.0000			-81.0000			53.0000			
-84.2472			-28.1186			114.9761			2.6000			-121.0000			-90.0000			55.0000			
-78.1989			-36.2619			116.0939			1.6000			-113.0000			-97.0000			57.0000			
-70.5010			-43.2419			116.0939			2.3000			-102.0000			-104.0000			58.0000			
-61.7035			-50.2219			116.0939			4.1000			-92.0000			-110.0000			57.0000			
-51.8062			-57.2019			115.5350			6.5000			-80.0000			-117.0000			58.0000			
-45.2081			-66.5085			116.6528			4.9000			-68.0000			-121.0000			57.0000			
-36.9604			-75.2335			120.0061			7.8000			-56.0000			-126.0000			56.0000			
-30.3622			-85.7035			122.8006			6.7000			-45.0000			-129.0000			55.0000			
-22.6644			-95.5918			125.5951			7.3000			-34.0000			-132.0000			53.0000			
-13.3170			-104.3168			125.5951			7.9000			-22.0000			-133.0000			50.0000			
-7.2687			-110.1335			125.0362			7.6000			-7.0000			-135.0000			48.0000			
1.5288			-114.7868			120.5650			7.3000			5.0000			-136.0000			46.0000			
13.0756			-116.5318			111.0638			7.6000			16.0000			-137.0000			44.0000			
23.5227			-115.3685			98.7680			6.9000			28.0000			-136.0000			42.0000			
32.3202			-108.9702			85.3545			8.7000			40.0000			-134.0000			39.0000			
40.5679			-111.8785			80.8833			9.5000			51.0000			-132.0000			34.0000			
49.9153			-113.0418			70.8232			7.7000			63.0000			-129.0000			29.0000			
57.0633			-111.2968			62.9986			8.7000			74.0000			-124.0000			25.0000			
64.7612			-110.1335			54.6152			9.2000			84.0000			-119.0000			20.0000			
74.6584			-113.0418			46.7906			8.4000			93.0000			-114.0000			14.0000			
82.3562			-114.2052			41.7605			9.9000			104.0000			-108.0000			9.0000			
92.8033			-118.2768			32.8182			7.3000			110.0000			-100.0000			4.0000			
102.7005			-118.8585			23.8758			7.7000			117.0000			-93.0000			-1.0000			
109.2987			-118.2768			16.0513			7.0000			125.0000			-85.0000			-6.0000			
114.7972			-115.9502			8.2267			7.0000			130.0000			-78.0000			-13.0000			
118.6461			-111.8785			-1.8335			4.9000			135.0000			-69.0000			-17.0000			
120.2956			-103.7352			-11.3347			5.2000			141.0000			-61.0000			-22.0000			
117.5464			-90.3569			-20.8360			6.3000			146.0000			-54.0000			-29.0000			
115.3470			-79.8869			-30.8961			4.5000			149.0000			-43.0000			-34.0000			
118.6461			-74.0702			-39.8385			4.7000			148.0000			-35.0000			-40.0000			
118.0962			-66.5085			-47.6630			3.9000			149.0000			-25.0000			-45.0000			
114.7972			-56.0386			-56.6054			2.1000			149.0000			-13.0000			-51.0000			
112.0479			-46.7319			-63.8710			1.4000			146.0000			-4.0000			-56.0000			
112.5978			-40.3336			-71.1367			1.1000			144.0000			5.0000			-61.0000			
115.3470			-31.6086			-81.7558			1.9000			140.0000			16.0000			-66.0000			
117.5464			-24.6286			-93.4926			-0.5000			136.0000			24.0000			-70.0000			
119.7458			-17.6486			-101.8761			0.2000			131.0000			34.0000			-72.0000			
119.1959			-10.6686			-109.1417			-0.6000			125.0000			42.0000			-77.0000			
115.8969			-3.1069			-114.7307			-1.9000			118.0000			52.0000			-80.0000			
107.0993			9.6897			-119.2019			-2.4000			111.0000			59.0000			-84.0000			
97.7519			18.4147			-118.6430			-2.4000			103.0000			67.0000			-87.0000			
85.1055			27.1397			-115.2896			-3.0000			93.0000			76.0000			-91.0000			
76.3079			35.8647			-115.2896			-3.1000			85.0000			83.0000			-93.0000			
69.1599			44.5897			-118.0841			-4.3000			74.0000			88.0000			-93.0000			
62.0119			50.4063			-117.5252			-5.1000			62.0000			95.0000			-95.0000			
53.2144			56.8047			-115.8485			-5.8000			51.0000			101.0000			-94.0000			
44.9667			66.6930			-117.5252			-5.8000			38.0000			105.0000			-94.0000			
37.8187			77.1630			-119.2019			-4.2000			25.0000			109.0000			-94.0000			
29.5710			87.6330			-123.1141			-5.9000			13.0000			112.0000			-94.0000			
21.8732			96.3579			-125.3497			-7.1000			3.0000			113.0000			-92.0000			
13.6255			105.6646			-126.4675			-7.1000			-12.0000			117.0000			-89.0000			
7.5771			110.3179			-124.2319			-6.3000			-25.0000			116.0000			-88.0000			
-3.4198			114.9713			-119.2019			-7.6000			-36.0000			118.0000			-85.0000			
-14.9665			117.2979			-109.7006			-7.3000			-49.0000			119.0000			-84.0000			
-23.2142			115.5529			-97.9638			-5.6000			-61.0000			117.0000			-81.0000			
-29.8124			108.5729			-85.1091			-6.3000			-73.0000			116.0000			-79.0000			
-40.2595			112.0629			-78.4024			-6.6000			-85.0000			113.0000			-74.0000			
-49.6069			112.0629			-68.3422			-5.8000			-95.0000			110.0000			-69.0000			
-56.2050			111.4813			-62.7533			-7.4000			-105.0000			106.0000			-64.0000			
-63.3530			110.8996			-54.3698			-6.8000			-116.0000			101.0000			-58.0000			
-73.2502			112.6446			-45.4274			-6.0000			-126.0000			95.0000			-53.0000			
-81.4979			115.5529			-40.3974			-6.3000			-133.0000			90.0000			-47.0000			
-93.0447			120.2063			-31.4550			-4.2000			-141.0000			82.0000			-41.0000			
-102.3921			119.6246			-21.9538			-4.7000			-147.0000			77.0000			-35.0000			
-108.9903			119.6246			-14.6881			-4.0000			-155.0000			68.0000			-29.0000			
-112.8392			117.2979			-7.9813			-3.5000			-160.0000			60.0000			-22.0000			
-115.5884			111.4813			3.1966			-0.9000			-165.0000			54.0000			-18.0000			
-118.3376			102.1746			13.8157			-2.3000			-169.0000			47.0000			-11.0000			
-115.0386			91.1230			21.6402			-2.2000			-172.0000			39.0000			-5.0000			
-113.9389			81.8163			30.5826			-1.5000			-174.0000			29.0000			1.0000			
-116.1383			74.2546			41.2016			-0.6000			-174.0000			21.0000			7.0000			
-116.1383			65.5296			50.1440			-0.4000			-174.0000			11.0000			12.0000			
-112.8392			55.6413			57.4096			0.2000			-171.0000			1.0000			19.0000			
-110.0899			47.4980			64.6753			2.0000			-169.0000			-7.0000			25.0000			
-111.1896			40.5180			73.6177			2.9000			-167.0000			-17.0000			30.0000			
-112.8392			32.3747			84.2367			3.7000			-162.0000			-26.0000			35.0000			
-116.6881			25.9764			94.2969			3.5000			-156.0000			-35.0000			41.0000			
-117.7878			17.8330			104.3570			4.4000			-149.0000			-43.0000			45.0000			
-117.7878			10.8530			111.0638			4.1000			-142.0000			-51.0000			49.0000			
-115.0386			3.8730			115.5350			4.3000			-135.0000			-60.0000			53.0000			
-105.1413			-8.9236			120.0061			5.9000			-127.0000			-67.0000			57.0000			
-95.2441			-18.2303			119.4472			5.9000			-119.0000			-75.0000			61.0000			
-82.5976			-26.9553			116.0939			6.5000			-111.0000			-82.0000			63.0000			
-75.9995			-33.9352			116.6528			6.7000			-99.0000			-88.0000			66.0000			
-67.2019			-42.6602			116.6528			6.7000			-88.0000			-94.0000			67.0000			
-60.0539			-51.3852			118.3294			6.8000			-75.0000			-101.0000			68.0000			
-51.8062			-57.7836			117.7705			8.1000			-64.0000			-106.0000			70.0000			
-44.6582			-65.3452			118.3294			8.3000			-52.0000			-110.0000			68.0000			
-35.8607			-76.3969			120.5650			8.3000			-39.0000			-112.0000			69.0000			
-28.7127			-87.4485			123.9184			7.7000			-26.0000			-116.0000			69.0000			
-22.6644			-96.7552			127.2718			7.8000			-14.0000			-118.0000			68.0000			
-12.7672			-104.3168			127.2718			10.1000			-1.0000			-119.0000			65.0000			
-6.7189			-110.1335			125.0362			8.1000			12.0000			-121.0000			62.0000			
2.6285			-113.6235			119.4472			8.4000			24.0000			-122.0000			61.0000			
14.7252			-115.9502			109.3871			8.1000			37.0000			-122.0000			59.0000			
23.5227			-114.7868			98.7680			7.5000			49.0000			-120.0000			56.0000			
30.6707			-109.5518			85.3545			6.4000			61.0000			-120.0000			53.0000			
40.5679			-111.2968			78.6477			7.9000			71.0000			-117.0000			47.0000			
49.9153			-111.8785			69.1465			7.1000			82.0000			-113.0000			42.0000			
57.6132			-111.2968			61.8808			8.2000			92.0000			-110.0000			37.0000			
64.2113			-111.8785			55.7330			8.0000			102.0000			-105.0000			33.0000			
73.0089			-113.6235			46.2317			5.6000			111.0000			-100.0000			27.0000			
83.4559			-116.5318			39.5249			6.4000			119.0000			-94.0000			20.0000			
93.9030			-119.4402			30.0237			4.4000			126.0000			-89.0000			14.0000			
102.7005			-120.6035			22.7580			4.8000			132.0000			-82.0000			7.0000			
109.8485			-118.8585			13.2568			4.2000			137.0000			-76.0000			2.0000			
114.2473			-117.1135			5.4322			2.5000			141.0000			-69.0000			-5.0000			
116.9965			-111.2968			-4.0690			1.6000			147.0000			-62.0000			-11.0000			
117.5464			-101.9902			-13.5703			1.9000			149.0000			-55.0000			-19.0000			
115.8969			-90.3569			-22.5127			3.0000			152.0000			-48.0000			-27.0000			
114.7972			-82.7952			-32.0139			0.0000			154.0000			-40.0000			-31.0000			
116.9965			-75.2335			-40.3974			1.3000			152.0000			-32.0000			-38.0000			
116.4467			-65.9269			-50.4575			0.0000			151.0000			-22.0000			-45.0000			
114.2473			-55.4569			-59.3999			-0.6000			148.0000			-13.0000			-51.0000			
112.0479			-48.4769			-64.9888			-1.4000			145.0000			-4.0000			-58.0000			
111.4981			-41.4969			-73.9312			-3.9000			140.0000			5.0000			-65.0000			
113.6975			-31.6086			-86.2269			-4.1000			136.0000			13.0000			-70.0000			
117.5464			-25.2103			-95.1693			-2.8000			129.0000			21.0000			-75.0000			
119.1959			-19.9753			-103.5527			-4.3000			121.0000			29.0000			-80.0000			
117.5464			-10.6686			-111.3773			-4.4000			115.0000			36.0000			-85.0000			
114.7972			-1.9436			-116.9663			-4.1000			106.0000			44.0000			-89.0000			
105.9996			7.9447			-120.3197			-6.3000			98.0000			51.0000			-94.0000			
95.5525			18.9964			-119.2019			-4.6000			89.0000			58.0000			-98.0000			
82.9061			27.7214			-116.4074			-5.7000			79.0000			66.0000			-102.0000			
75.7581			35.2830			-117.5252			-6.4000			67.0000			72.0000			-103.0000			
68.6101			43.4263			-118.0841			-6.0000			57.0000			77.0000			-105.0000			
59.8125			51.5697			-118.0841			-6.6000			44.0000			84.0000			-107.0000			
51.5648			59.7130			-117.5252			-6.2000			31.0000			88.0000			-108.0000			
46.0664			66.6930			-118.0841			-5.3000			19.0000			91.0000			-108.0000			
37.8187			76.5813			-120.3197			-5.9000			5.0000			95.0000			-108.0000			
27.9215			88.7963			-123.6730			-6.9000			-8.0000			98.0000			-107.0000			
20.7735			98.1029			-125.3497			-6.4000			-19.0000			99.0000			-106.0000			
13.6255			106.2463			-125.9086			-6.0000			-33.0000			101.0000			-105.0000			
6.4775			112.0629			-123.6730			-5.1000			-44.0000			102.0000			-102.0000			
-3.4198			116.7163			-118.6430			-5.3000			-57.0000			103.0000			-101.0000			
-15.5164			117.2979			-107.4650			-5.6000			-69.0000			104.0000			-97.0000			
-24.8638			114.9713			-95.7282			-5.6000			-81.0000			104.0000			-94.0000			
-32.5616			110.8996			-83.9913			-5.6000			-93.0000			102.0000			-91.0000			
-40.8093			114.9713			-78.9613			-4.8000			-103.0000			99.0000			-86.0000			
-49.0570			113.2263			-67.2244			-3.0000			-113.0000			96.0000			-80.0000			
-56.7549			112.0629			-59.3999			-4.0000			-122.0000			93.0000			-75.0000			
-65.5524			113.8079			-52.1342			-3.8000			-130.0000			88.0000			-69.0000			
-72.7004			116.1346			-45.9863			-2.5000			-139.0000			85.0000			-62.0000			
-81.4979			118.4613			-38.7207			-1.7000			-146.0000			79.0000			-56.0000			
-93.0447			121.3696			-28.6605			-0.3000			-152.0000			74.0000			-49.0000			
-102.9419			121.9513			-20.8360			-1.8000			-158.0000			67.0000			-42.0000			
-108.9903			121.3696			-12.4525			0.0000			-162.0000			60.0000			-34.0000			
-112.8392			119.0429			-4.6279			1.5000			-166.0000			55.0000			-28.0000			
-117.2379			112.6446			7.1089			2.5000			-170.0000			50.0000			-20.0000			
-117.2379			102.7563			15.4924			1.0000			-173.0000			43.0000			-13.0000			
-112.8392			90.5413			24.4347			2.1000			-174.0000			36.0000			-6.0000			
-113.3890			82.9796			34.4949			4.0000			-175.0000			28.0000			2.0000			
-116.1383			75.4180			43.4372			2.7000			-172.0000			20.0000			7.0000			
-115.5884			67.8563			50.7029			2.9000			-170.0000			12.0000			16.0000			
-112.2893			56.8047			60.7630			5.2000			-167.0000			4.0000			22.0000			
-110.6398			48.6613			67.4698			5.4000			-163.0000			-4.0000			29.0000			
-112.2893			44.0080			75.8533			7.5000			-158.0000			-13.0000			37.0000			
-112.8392			34.1197			87.0312			8.3000			-153.0000			-20.0000			42.0000			
-115.5884			24.8130			97.6502			6.8000			-145.0000			-28.0000			48.0000			
-116.6881			18.4147			106.0337			7.7000			-137.0000			-35.0000			52.0000			
-116.6881			12.0164			112.1816			7.5000			-129.0000			-43.0000			58.0000			
-113.3890			3.2914			117.7705			7.6000			-122.0000			-49.0000			63.0000			
-105.1413			-8.3419			121.6828			8.2000			-113.0000			-57.0000			69.0000			
-93.5946			-18.2303			119.4472			7.6000			-103.0000			-65.0000			72.0000			
-82.0478			-25.2103			116.0939			8.8000			-93.0000			-70.0000			76.0000			
-74.8998			-34.5169			117.7705			8.3000			-82.0000			-77.0000			79.0000			
-67.2019			-42.6602			118.3294			8.4000			-70.0000			-82.0000			81.0000			
-58.4044			-50.2219			117.2116			8.5000			-56.0000			-87.0000			81.0000			
-50.1567			-58.3652			117.2116			8.6000			-44.0000			-92.0000			82.0000			
-43.0087			-67.6719			118.8883			8.2000			-31.0000			-95.0000			83.0000			
-36.4105			-77.5602			121.1239			7.1000			-19.0000			-99.0000			82.0000			
-29.8124			-88.0302			124.4773			6.6000			-5.0000			-102.0000			81.0000			
-19.9152			-99.0818			126.1540			7.1000			6.0000			-104.0000			79.0000			
-12.2173			-105.4802			125.0362			7.3000			19.0000			-105.0000			78.0000			
-6.1690			-111.2968			124.4773			7.0000			31.0000			-106.0000			75.0000			
4.2781			-115.3685			118.3294			7.2000			42.0000			-109.0000			73.0000			
15.8248			-118.2768			107.1515			4.7000			54.0000			-109.0000			70.0000			
25.1722			-114.2052			94.2969			5.2000			66.0000			-110.0000			67.0000			
32.8701			-110.1335			83.1189			5.8000			76.0000			-108.0000			62.0000			
41.6676			-115.9502			76.9710			2.6000			87.0000			-105.0000			57.0000			
49.3655			-113.0418			67.4698			3.7000			96.0000			-102.0000			52.0000			
56.5135			-111.8785			59.0863			3.7000			105.0000			-100.0000			45.0000			
64.7612			-113.0418			52.3796			4.0000			112.0000			-96.0000			39.0000			
74.1085			-114.7868			43.4372			2.7000			122.0000			-92.0000			32.0000			
82.9061			-118.2768			37.8482			2.4000			127.0000			-88.0000			25.0000			
94.4529			-121.1852			27.7881			1.0000			133.0000			-84.0000			18.0000			
103.2504			-122.3485			19.4046			0.3000			136.0000			-77.0000			11.0000			
109.8485			-121.7668			10.4623			-1.4000			140.0000			-73.0000			3.0000			
114.2473			-118.2768			3.1966			-0.8000			143.0000			-67.0000			-5.0000			
117.5464			-112.4602			-7.4224			-2.3000			146.0000			-62.0000			-13.0000			
118.0962			-104.3168			-16.3648			-2.5000			149.0000			-55.0000			-21.0000			
113.1476			-90.3569			-24.7482			-1.9000			149.0000			-49.0000			-29.0000			
113.6975			-81.6319			-34.8084			-2.7000			148.0000			-43.0000			-36.0000			
116.9965			-74.6519			-44.8685			-2.5000			146.0000			-34.0000			-45.0000			
116.4467			-67.6719			-52.1342			-3.3000			144.0000			-26.0000			-51.0000			
113.6975			-56.6202			-61.0766			-3.9000			140.0000			-19.0000			-58.0000			
111.4981			-47.8952			-69.4600			-5.8000			136.0000			-9.0000			-66.0000			
111.4981			-41.4969			-77.2846			-7.2000			129.0000			-3.0000			-73.0000			
114.2473			-33.9352			-88.4625			-8.1000			124.0000			5.0000			-79.0000			
117.5464			-26.3736			-96.8460			-5.6000			116.0000			12.0000			-84.0000			
118.0962			-18.2303			-106.9061			-7.0000			107.0000			20.0000			-91.0000			
116.9965			-10.6686			-113.0540			-6.7000			99.0000			27.0000			-97.0000			
113.6975			-1.9436			-118.0841			-6.3000			89.0000			34.0000			-102.0000			
106.5495			9.6897			-120.8786			-4.6000			81.0000			40.0000			-106.0000			
95.0027			18.9964			-119.2019			-5.1000			71.0000			47.0000			-111.0000			
82.3562			26.5580			-116.4074			-7.4000			61.0000			53.0000			-114.0000			
75.2082			35.8647			-118.0841			-7.0000			49.0000			59.0000			-117.0000			
67.5104			45.1713			-117.5252			-4.8000			37.0000			65.0000			-119.0000			
59.8125			51.5697			-118.0841			-6.6000			24.0000			69.0000			-121.0000			
52.1147			59.1313			-117.5252			-6.2000			12.0000			73.0000			-120.0000			
42.7673			68.4380			-118.0841			-6.8000			-1.0000			78.0000			-121.0000			
35.6193			79.4896			-120.3197			-5.2000			-12.0000			83.0000			-120.0000			
27.9215			89.3780			-123.1141			-5.8000			-25.0000			86.0000			-120.0000			
20.7735			99.2663			-125.3497			-5.2000			-37.0000			87.0000			-117.0000			
13.0756			107.4096			-125.3497			-4.8000			-50.0000			91.0000			-115.0000			
5.3778			112.6446			-122.5553			-4.5000			-61.0000			91.0000			-113.0000			
-4.5195			116.7163			-116.4074			-4.2000			-73.0000			92.0000			-110.0000			
-15.5164			119.6246			-106.3472			-2.2000			-83.0000			94.0000			-106.0000			
-24.3139			115.5529			-92.3748			-1.1000			-94.0000			94.0000			-103.0000			
-33.1115			110.8996			-81.1969			-3.4000			-105.0000			94.0000			-98.0000			
-42.4589			115.5529			-75.6079			-2.5000			-114.0000			91.0000			-92.0000			
-50.1567			115.5529			-65.5477			-0.1000			-123.0000			90.0000			-85.0000			
-56.7549			113.8079			-57.7232			-0.6000			-131.0000			87.0000			-78.0000			
-63.9029			114.3896			-50.4575			0.0000			-138.0000			83.0000			-71.0000			
-74.3499			114.9713			-41.5152			-0.8000			-145.0000			80.0000			-65.0000			
-83.6973			120.2063			-36.4851			0.0000			-150.0000			78.0000			-57.0000			
-93.0447			121.9513			-25.8660			3.0000			-155.0000			72.0000			-49.0000			
-101.8423			123.1146			-18.6004			2.6000			-159.0000			67.0000			-41.0000			
-108.9903			121.9513			-9.6580			3.3000			-162.0000			62.0000			-33.0000			
-113.9389			119.6246			-1.8335			3.8000			-165.0000			57.0000			-25.0000			
-115.5884			112.0629			8.2267			4.6000			-167.0000			52.0000			-17.0000			
-117.2379			102.7563			18.2868			3.8000			-167.0000			46.0000			-7.0000			
-112.2893			91.1230			26.6703			5.5000			-167.0000			41.0000			-1.0000			
-113.3890			82.3980			35.6127			4.6000			-166.0000			33.0000			8.0000			
-113.9389			74.2546			46.2317			6.5000			-164.0000			27.0000			17.0000			
-115.5884			66.6930			54.6152			5.7000			-161.0000			19.0000			25.0000			
-112.2893			57.3863			61.8808			6.9000			-156.0000			12.0000			31.0000			
-110.0899			49.2430			69.1465			8.2000			-151.0000			4.0000			39.0000			
-111.7395			41.6813			79.2066			9.1000			-145.0000			-4.0000			47.0000			
-113.3890			32.9563			89.8257			9.3000			-138.0000			-11.0000			53.0000			
-115.5884			26.5580			98.7680			9.7000			-131.0000			-17.0000			60.0000			
-116.6881			17.2514			106.5926			7.1000			-122.0000			-26.0000			65.0000			
-116.6881			10.2714			113.8583			7.4000			-113.0000			-31.0000			70.0000			
-113.3890			2.1280			118.3294			7.0000			-104.0000			-38.0000			76.0000			
-104.0416			-9.5053			121.6828			8.1000			-95.0000			-45.0000			82.0000			
-92.4949			-19.3936			119.4472			7.5000			-86.0000			-52.0000			86.0000			
-82.0478			-27.5369			117.2116			7.6000			-74.0000			-59.0000			89.0000			
-73.8001			-35.6802			117.2116			7.7000			-63.0000			-65.0000			92.0000			
-66.1022			-44.4052			117.7705			7.2000			-52.0000			-69.0000			92.0000			
-57.8546			-53.7119			118.3294			6.7000			-38.0000			-75.0000			94.0000			
-50.1567			-60.6919			117.2116			6.3000			-26.0000			-80.0000			95.0000			
-43.5586			-68.2535			118.3294			6.5000			-15.0000			-83.0000			94.0000			
-33.1115			-79.3052			118.8883			6.4000			-2.0000			-88.0000			93.0000			
-27.6130			-90.9385			123.9184			5.3000			10.0000			-92.0000			91.0000			
-20.4650			-100.2452			126.1540			5.4000			20.0000			-94.0000			89.0000			
-11.6675			-107.8068			124.4773			5.0000			32.0000			-95.0000			87.0000			
-5.0693			-112.4602			121.6828			4.1000			43.0000			-97.0000			83.0000			
4.2781			-117.6952			116.6528			3.2000			53.0000			-99.0000			81.0000			
16.3747			-119.4402			107.1515			4.0000			65.0000			-101.0000			77.0000			
26.2719			-115.9502			93.7380			4.0000			75.0000			-102.0000			73.0000			
33.4199			-113.0418			81.4422			1.8000			85.0000			-102.0000			68.0000			
42.2175			-115.9502			76.4122			2.6000			93.0000			-102.0000			61.0000			
51.0150			-114.7868			66.3520			2.5000			101.0000			-100.0000			55.0000			
57.6132			-114.7868			58.5274			1.3000			109.0000			-97.0000			47.0000			
64.7612			-116.5318			50.7029			-1.0000			116.0000			-95.0000			38.0000			
73.5587			-115.9502			42.8783			0.4000			122.0000			-92.0000			32.0000			
84.0058			-120.0218			35.0538			-0.9000			127.0000			-89.0000			24.0000			
95.0027			-122.9302			27.2292			-0.6000			130.0000			-85.0000			15.0000			
103.2504			-124.0935			18.2868			-2.5000			134.0000			-79.0000			7.0000			
109.8485			-122.9302			9.3445			-3.7000			136.0000			-75.0000			-1.0000			
114.7972			-120.0218			1.5199			-3.7000			138.0000			-70.0000			-9.0000			
116.9965			-113.6235			-7.4224			-4.0000			139.0000			-66.0000			-18.0000			
116.4467			-103.7352			-18.0415			-5.3000			140.0000			-60.0000			-27.0000			
113.1476			-89.7752			-28.1016			-4.7000			140.0000			-55.0000			-35.0000			
114.2473			-82.7952			-35.3673			-3.9000			138.0000			-50.0000			-45.0000			
114.7972			-74.0702			-44.8685			-4.1000			134.0000			-41.0000			-52.0000			
115.3470			-64.7635			-54.9287			-4.3000			129.0000			-34.0000			-61.0000			
113.6975			-57.2019			-62.7533			-6.2000			125.0000			-27.0000			-68.0000			
111.4981			-49.6402			-69.4600			-7.5000			121.0000			-20.0000			-77.0000			
112.0479			-42.0786			-77.8435			-7.8000			114.0000			-12.0000			-84.0000			
114.2473			-30.4453			-89.5803			-5.7000			107.0000			-6.0000			-91.0000			
116.9965			-24.6286			-99.0816			-6.7000			100.0000			1.0000			-96.0000			
118.0962			-17.6486			-105.7883			-5.3000			91.0000			9.0000			-103.0000			
116.9965			-9.5053			-113.6129			-6.1000			82.0000			15.0000			-109.0000			
113.6975			-0.7803			-118.6430			-5.7000			72.0000			22.0000			-113.0000			
104.3501			9.6897			-119.7608			-5.7000			64.0000			29.0000			-118.0000			
93.3532			20.7414			-118.6430			-4.5000			54.0000			37.0000			-124.0000			
81.8064			30.6297			-117.5252			-5.0000			44.0000			41.0000			-126.0000			
75.2082			37.0280			-118.0841			-5.8000			32.0000			48.0000			-128.0000			
66.9605			45.1713			-118.0841			-5.9000			21.0000			54.0000			-130.0000			
58.1630			55.0597			-117.5252			-4.2000			9.0000			59.0000			-130.0000			
50.4652			62.0396			-116.9663			-4.4000			-3.0000			65.0000			-130.0000			
43.8670			69.6013			-119.2019			-5.7000			-15.0000			69.0000			-130.0000			
35.0695			81.2346			-119.7608			-3.4000			-27.0000			74.0000			-130.0000			
26.2719			94.0313			-122.5553			-2.2000			-38.0000			77.0000			-128.0000			
20.7735			102.1746			-124.7908			-1.8000			-49.0000			80.0000			-125.0000			
13.6255			109.1546			-124.2319			-1.4000			-60.0000			82.0000			-122.0000			
5.9276			114.9713			-121.9964			-1.0000			-71.0000			86.0000			-119.0000			
-5.6192			119.6246			-116.4074			-2.4000			-81.0000			87.0000			-115.0000			
-16.0662			119.0429			-104.6705			-1.6000			-92.0000			90.0000			-110.0000			
-24.8638			116.1346			-92.3748			-1.1000			-99.0000			91.0000			-106.0000			
-34.2112			114.9713			-81.1969			-0.4000			-108.0000			91.0000			-100.0000			
-42.4589			117.8796			-73.9312			1.4000			-116.0000			90.0000			-93.0000			
-49.6069			116.1346			-64.4299			2.1000			-124.0000			89.0000			-86.0000			
-56.7549			114.3896			-56.0465			1.5000			-131.0000			87.0000			-78.0000			
-65.5524			117.2979			-49.3397			2.4000			-137.0000			85.0000			-70.0000			
-73.8001			118.4613			-42.6330			2.0000			-142.0000			83.0000			-61.0000			
-83.1475			121.3696			-35.3673			2.8000			-147.0000			79.0000			-52.0000			
-94.1444			122.5329			-24.7482			3.6000			-150.0000			75.0000			-44.0000			
-103.4918			124.2779			-17.4826			3.3000			-152.0000			71.0000			-36.0000			
-109.5401			123.6962			-9.6580			4.5000			-155.0000			68.0000			-28.0000			
-114.4887			120.7879			-0.7157			5.5000			-157.0000			63.0000			-18.0000			
-117.7878			113.2263			9.3445			4.7000			-157.0000			59.0000			-9.0000			
-115.5884			103.3379			18.2868			6.0000			-157.0000			54.0000			1.0000			
-110.6398			90.5413			27.2292			7.1000			-156.0000			48.0000			9.0000			
-113.3890			82.3980			37.2893			6.2000			-154.0000			43.0000			18.0000			
-114.4887			74.2546			46.7906			6.5000			-150.0000			36.0000			26.0000			
-113.9389			66.1113			54.6152			6.7000			-146.0000			29.0000			36.0000			
-112.2893			55.0597			63.5575			6.3000			-141.0000			23.0000			43.0000			
-111.7395			47.4980			71.9410			7.7000			-135.0000			14.0000			51.0000			
-113.9389			42.2630			78.6477			6.9000			-128.0000			8.0000			59.0000			
-114.4887			32.9563			89.8257			8.2000			-122.0000			-1.0000			65.0000			
-116.1383			23.6497			100.4447			7.9000			-115.0000			-7.0000			71.0000			
-117.7878			15.5064			107.1515			4.8000			-105.0000			-13.0000			77.0000			
-116.1383			9.1080			112.7405			5.7000			-98.0000			-21.0000			83.0000			
-112.8392			0.9647			118.3294			6.4000			-89.0000			-29.0000			87.0000			
-103.4918			-11.2503			121.1239			6.3000			-79.0000			-35.0000			92.0000			
-91.3952			-19.9753			118.8883			7.5000			-71.0000			-42.0000			96.0000			
-81.4979			-29.2819			116.0939			5.3000			-60.0000			-47.0000			99.0000			
-73.8001			-38.5886			117.7705			5.3000			-49.0000			-54.0000			102.0000			
-66.1022			-46.7319			118.3294			5.4000			-38.0000			-61.0000			103.0000			
-57.8546			-54.8752			116.6528			3.9000			-26.0000			-67.0000			103.0000			
-49.6069			-62.4369			116.0939			4.0000			-15.0000			-73.0000			103.0000			
-42.4589			-71.7435			116.6528			2.4000			-2.0000			-77.0000			102.0000			
-34.7610			-81.6319			120.0061			3.6000			8.0000			-82.0000			100.0000			
-27.6130			-92.6835			122.2417			1.9000			19.0000			-86.0000			98.0000			
-19.9152			-101.9902			124.4773			2.5000			28.0000			-89.0000			95.0000			
-12.2173			-109.5518			122.8006			1.0000			39.0000			-93.0000			92.0000			
-5.6192			-114.7868			121.6828			1.2000			49.0000			-95.0000			87.0000			
4.8279			-118.8585			114.9761			0.9000			59.0000			-98.0000			83.0000			
16.3747			-120.0218			103.7981			0.1000			69.0000			-100.0000			78.0000			
25.1722			-115.3685			91.5024			1.3000			76.0000			-103.0000			73.0000			
33.9698			-113.6235			79.7655			0.1000			85.0000			-104.0000			66.0000			
43.3172			-117.6952			72.4999			-1.8000			94.0000			-103.0000			60.0000			
49.9153			-117.1135			64.6753			-2.5000			100.0000			-101.0000			51.0000			
55.9636			-115.3685			56.8508			-2.5000			107.0000			-101.0000			43.0000			
65.3110			-116.5318			48.4673			-2.7000			111.0000			-99.0000			34.0000			
73.5587			-117.6952			40.0838			-4.0000			117.0000			-97.0000			26.0000			
82.9061			-122.3485			34.4949			-4.9000			120.0000			-94.0000			17.0000			
93.3532			-122.9302			24.4347			-5.1000			123.0000			-91.0000			9.0000			
103.2504			-124.0935			16.0513			-4.7000			125.0000			-87.0000			-1.0000			
109.2987			-122.3485			7.1089			-5.9000			127.0000			-83.0000			-10.0000			
113.6975			-118.8585			0.4021			-4.7000			127.0000			-78.0000			-18.0000			
116.9965			-113.0418			-9.0991			-5.1000			128.0000			-75.0000			-28.0000			
116.4467			-102.5718			-19.1593			-5.2000			128.0000			-69.0000			-38.0000			
111.4981			-90.3569			-27.5427			-6.4000			128.0000			-65.0000			-46.0000			
113.1476			-82.7952			-35.9262			-5.5000			123.0000			-59.0000			-55.0000			
113.6975			-73.4885			-45.9863			-5.7000			120.0000			-51.0000			-65.0000			
114.2473			-64.7635			-54.9287			-5.4000			116.0000			-44.0000			-72.0000			
112.5978			-55.4569			-63.3121			-6.1000			110.0000			-38.0000			-81.0000			
111.4981			-46.7319			-70.0189			-5.2000			104.0000			-30.0000			-89.0000			
112.5978			-39.7519			-78.9613			-6.1000			98.0000			-23.0000			-96.0000			
115.8969			-32.1902			-90.6981			-6.9000			91.0000			-17.0000			-101.0000			
117.5464			-24.6286			-98.5227			-5.6000			83.0000			-10.0000			-108.0000			
117.5464			-15.9036			-106.9061			-5.2000			75.0000			-2.0000			-115.0000			
116.4467			-7.7603			-114.1718			-5.4000			67.0000			4.0000			-118.0000			
112.0479			0.9647			-118.0841			-5.0000			59.0000			12.0000			-124.0000			
103.8002			12.0164			-119.2019			-3.3000			50.0000			20.0000			-128.0000			
93.3532			21.3230			-118.0841			-3.4000			41.0000			28.0000			-133.0000			
82.3562			30.6297			-115.2896			-2.2000			31.0000			34.0000			-135.0000			
73.5587			39.3547			-116.4074			-3.4000			20.0000			41.0000			-137.0000			
66.4107			47.4980			-117.5252			-3.6000			10.0000			46.0000			-136.0000			
58.7128			56.2230			-116.4074			-1.4000			-1.0000			52.0000			-136.0000			
51.5648			63.2030			-116.4074			-1.6000			-13.0000			59.0000			-136.0000			
42.2175			71.9280			-116.4074			-2.2000			-23.0000			64.0000			-135.0000			
34.5196			83.5613			-118.0841			0.0000			-34.0000			70.0000			-133.0000			
27.3716			94.6129			-121.4375			0.5000			-45.0000			73.0000			-130.0000			
20.7735			103.3379			-123.6730			0.4000			-55.0000			78.0000			-128.0000			
13.6255			110.3179			-123.6730			0.2000			-63.0000			80.0000			-123.0000			
5.3778			116.1346			-120.3197			1.1000			-73.0000			84.0000			-118.0000			
-6.7189			119.0429			-113.0540			-0.7000			-81.0000			87.0000			-113.0000			
-14.9665			120.2063			-104.1116			1.1000			-90.0000			90.0000			-108.0000			
-23.7641			116.1346			-90.1392			2.2000			-98.0000			93.0000			-104.0000			
-33.6613			114.3896			-78.4024			2.3000			-106.0000			93.0000			-97.0000			
-43.0087			118.4613			-72.2545			3.1000			-113.0000			94.0000			-88.0000			
-50.7066			117.8796			-63.8710			3.3000			-120.0000			93.0000			-79.0000			
-56.7549			115.5529			-55.4876			3.3000			-125.0000			91.0000			-72.0000			
-65.5524			117.8796			-47.6630			4.6000			-129.0000			91.0000			-62.0000			
-73.8001			119.0429			-39.8385			5.4000			-134.0000			88.0000			-53.0000			
-84.2472			122.5329			-33.6906			4.5000			-138.0000			86.0000			-45.0000			
-93.5946			123.6962			-24.1893			5.9000			-139.0000			83.0000			-35.0000			
-102.3921			124.2779			-16.3648			5.5000			-141.0000			81.0000			-26.0000			
-109.5401			123.6962			-7.9813			6.1000			-142.0000			75.0000			-17.0000			
-113.9389			119.6246			-0.1568			5.5000			-143.0000			71.0000			-7.0000			
-116.1383			111.4813			10.4623			5.8000			-145.0000			67.0000			2.0000			
-115.5884			101.5929			19.4046			5.4000			-144.0000			63.0000			11.0000			
-110.6398			88.7963			27.7881			5.9000			-143.0000			58.0000			21.0000			
-112.2893			81.8163			37.2893			6.8000			-140.0000			52.0000			30.0000			
-113.3890			71.9280			47.3495			5.8000			-136.0000			45.0000			37.0000			
-114.4887			64.3663			55.1741			5.0000			-130.0000			38.0000			47.0000			
-112.2893			55.0597			62.9986			5.7000			-126.0000			32.0000			55.0000			
-111.1896			45.7530			70.8232			5.3000			-122.0000			25.0000			63.0000			
-113.9389			39.9363			78.6477			4.6000			-115.0000			15.0000			69.0000			
-115.5884			30.6297			90.9435			5.9000			-109.0000			10.0000			75.0000			
-116.1383			23.0680			99.3269			6.2000			-101.0000			1.0000			81.0000			
-117.2379			15.5064			106.5926			4.8000			-93.0000			-5.0000			87.0000			
-117.2379			8.5264			113.2994			4.5000			-84.0000			-13.0000			92.0000			
-110.6398			-1.3619			117.2116			5.2000			-77.0000			-20.0000			95.0000			
-101.8423			-14.1586			119.4472			3.4000			-69.0000			-28.0000			99.0000			
-91.9450			-21.7203			117.7705			4.1000			-58.0000			-37.0000			103.0000			
-82.5976			-30.4453			115.5350			2.4000			-50.0000			-43.0000			106.0000			
-73.8001			-40.3336			116.6528			2.5000			-41.0000			-50.0000			107.0000			
-64.4527			-49.6402			116.6528			2.5000			-29.0000			-57.0000			107.0000			
-57.8546			-57.2019			115.5350			0.4000			-19.0000			-64.0000			107.0000			
-51.2564			-62.4369			114.9761			1.2000			-10.0000			-70.0000			106.0000			
-43.0087			-72.9069			116.0939			0.1000			1.0000			-75.0000			104.0000			
-33.6613			-83.9585			118.3294			0.7000			12.0000			-81.0000			101.0000			
-27.6130			-93.8468			121.1239			-0.3000			21.0000			-85.0000			100.0000			
-19.9152			-103.7352			122.8006			-0.8000			30.0000			-91.0000			94.0000			
-11.6675			-110.7152			121.6828			-0.6000			40.0000			-94.0000			90.0000			
-6.1690			-116.5318			120.0061			-2.6000			48.0000			-97.0000			84.0000			
5.9276			-119.4402			111.6227			-1.8000			56.0000			-101.0000			79.0000			
18.0242			-120.0218			101.5625			-0.4000			65.0000			-104.0000			74.0000			
25.1722			-116.5318			89.2668			-2.0000			73.0000			-107.0000			68.0000			
33.4199			-115.3685			78.6477			-3.3000			79.0000			-108.0000			61.0000			
43.3172			-117.1135			70.8232			-2.9000			86.0000			-109.0000			54.0000			
51.0150			-116.5318			61.8808			-3.6000			92.0000			-107.0000			45.0000			
57.0633			-117.6952			54.6152			-6.0000			98.0000			-108.0000			36.0000			
65.3110			-118.2768			47.3495			-5.6000			102.0000			-105.0000			27.0000			
74.6584			-118.2768			38.9660			-4.6000			106.0000			-104.0000			17.0000			
85.6553			-122.9302			31.7004			-5.5000			109.0000			-101.0000			8.0000			
95.0027			-122.9302			22.1991			-5.7000			111.0000			-98.0000			-1.0000			
103.2504			-123.5118			14.9335			-5.3000			113.0000			-95.0000			-10.0000			
110.3984			-122.3485			5.9911			-5.9000			114.0000			-92.0000			-20.0000			
114.2473			-120.0218			-0.1568			-5.9000			116.0000			-87.0000			-29.0000			
115.8969			-113.6235			-10.2169			-7.9000			115.0000			-83.0000			-39.0000			
115.3470			-100.8268			-21.3949			-6.8000			114.0000			-79.0000			-47.0000			
112.0479			-88.0302			-30.3372			-6.3000			114.0000			-74.0000			-57.0000			
113.6975			-82.2135			-38.1618			-6.6000			109.0000			-69.0000			-66.0000			
114.2473			-71.7435			-47.6630			-5.1000			106.0000			-61.0000			-74.0000			
113.6975			-61.2736			-57.1643			-4.7000			102.0000			-55.0000			-83.0000			
113.1476			-54.2936			-63.8710			-5.0000			97.0000			-46.0000			-90.0000			
112.0479			-46.1502			-70.0189			-4.1000			91.0000			-38.0000			-98.0000			
113.6975			-38.0069			-80.0791			-4.3000			86.0000			-31.0000			-105.0000			
116.9965			-29.2819			-91.8159			-4.0000			79.0000			-24.0000			-111.0000			
119.1959			-23.4653			-100.1994			-4.4000			72.0000			-17.0000			-117.0000			
118.0962			-14.1586			-106.3472			-2.4000			65.0000			-8.0000			-121.0000			
116.9965			-6.5969			-113.6129			-3.2000			57.0000			-1.0000			-125.0000			
112.5978			2.7097			-117.5252			-2.2000			49.0000			6.0000			-129.0000			
102.7005			13.1797			-119.2019			-3.3000			41.0000			16.0000			-134.0000			
90.6039			24.8130			-116.4074			-0.9000			34.0000			23.0000			-137.0000			
81.8064			33.5380			-116.9663			-1.6000			24.0000			31.0000			-138.0000			
74.1085			41.0997			-116.4074			-1.1000			15.0000			38.0000			-141.0000			
65.8609			49.2430			-115.8485			-0.7000			5.0000			45.0000			-139.0000			
57.6132			58.5497			-114.7307			1.4000			-5.0000			52.0000			-138.0000			
51.5648			64.9480			-115.8485			0.6000			-15.0000			58.0000			-137.0000			
44.4168			73.0913			-116.4074			1.1000			-25.0000			65.0000			-135.0000			
34.5196			85.8880			-117.5252			2.8000			-33.0000			72.0000			-131.0000			
27.3716			96.3579			-121.4375			2.2000			-44.0000			76.0000			-128.0000			
20.7735			105.0829			-123.1141			2.7000			-52.0000			80.0000			-123.0000			
13.0756			112.0629			-121.9964			3.1000			-61.0000			85.0000			-119.0000			
4.8279			117.8796			-118.6430			4.0000			-68.0000			89.0000			-114.0000			
-6.1690			120.7879			-111.3773			3.2000			-77.0000			92.0000			-109.0000			
-14.9665			120.2063			-101.3172			3.9000			-84.0000			96.0000			-102.0000			
-24.8638			116.1346			-86.7858			4.4000			-92.0000			98.0000			-97.0000			
-34.7610			116.1346			-77.8435			3.5000			-98.0000			100.0000			-89.0000			
-42.4589			119.0429			-70.5778			6.0000			-104.0000			101.0000			-81.0000			
-50.1567			116.7163			-61.0766			5.4000			-111.0000			100.0000			-72.0000			
-58.9542			116.7163			-52.6931			5.0000			-115.0000			100.0000			-62.0000			
-66.1022			119.0429			-47.1041			5.8000			-120.0000			99.0000			-54.0000			
-73.8001			120.2063			-39.2796			7.1000			-123.0000			97.0000			-44.0000			
-85.8967			121.9513			-30.8961			5.1000			-126.0000			94.0000			-35.0000			
-96.3438			124.2779			-21.9538			5.9000			-128.0000			92.0000			-26.0000			
-103.4918			124.8596			-15.2470			6.1000			-130.0000			87.0000			-15.0000			
-108.9903			121.9513			-7.4224			5.5000			-130.0000			85.0000			-7.0000			
-115.0386			119.0429			2.0788			6.0000			-131.0000			81.0000			3.0000			
-116.6881			112.0629			11.5801			6.9000			-132.0000			77.0000			13.0000			
-115.5884			100.4296			20.5224			5.3000			-132.0000			71.0000			22.0000			
-111.1896			87.0513			30.5826			6.4000			-130.0000			67.0000			30.0000			
-114.4887			80.6530			38.9660			5.1000			-127.0000			61.0000			39.0000			
-115.0386			71.9280			47.9084			4.7000			-124.0000			53.0000			46.0000			
-112.8392			62.0396			55.7330			4.9000			-119.0000			47.0000			55.0000			
-111.7395			51.5697			64.1164			3.9000			-116.0000			39.0000			64.0000			
-112.8392			45.7530			71.3821			4.2000			-111.0000			31.0000			71.0000			
-115.0386			38.7730			79.7655			3.4000			-105.0000			23.0000			77.0000			
-117.2379			27.7214			91.5024			1.9000			-99.0000			15.0000			82.0000			
-118.3376			21.3230			99.8858			2.8000			-92.0000			8.0000			88.0000			
-118.3376			14.9247			107.7104			4.3000			-85.0000			-2.0000			92.0000			
-117.7878			6.1997			113.2994			1.7000			-78.0000			-8.0000			96.0000			
-111.1896			-4.2703			117.2116			1.7000			-71.0000			-17.0000			101.0000			
-101.8423			-15.9036			120.0061			2.2000			-63.0000			-26.0000			104.0000			
-90.8453			-24.6286			116.6528			1.1000			-56.0000			-34.0000			105.0000			
-80.9481			-33.9352			114.9761			0.0000			-46.0000			-42.0000			107.0000			
-73.8001			-43.2419			117.2116			0.1000			-39.0000			-50.0000			109.0000			
-66.1022			-50.2219			116.6528			0.3000			-28.0000			-57.0000			108.0000			
-56.7549			-57.2019			113.8583			0.0000			-19.0000			-65.0000			105.0000			
-50.1567			-66.5085			114.4172			-2.2000			-10.0000			-71.0000			104.0000			
-42.4589			-76.3969			116.0939			-2.7000			-1.0000			-78.0000			101.0000			
-34.7610			-86.2852			117.7705			-3.2000			9.0000			-84.0000			98.0000			
-27.0632			-96.7552			120.0061			-3.8000			18.0000			-90.0000			94.0000			
-18.2656			-106.6435			122.2417			-2.6000			25.0000			-95.0000			89.0000			
-12.7672			-111.8785			121.1239			-3.5000			33.0000			-99.0000			85.0000			
-5.0693			-117.1135			118.8883			-3.2000			42.0000			-103.0000			79.0000			
7.5771			-121.7668			110.5049			-3.6000			49.0000			-108.0000			73.0000			
16.9245			-121.1852			99.8858			-4.3000			58.0000			-110.0000			68.0000			
24.6224			-115.3685			87.0312			-3.7000			65.0000			-114.0000			60.0000			
33.9698			-115.9502			77.5299			-4.4000			71.0000			-115.0000			53.0000			
44.9667			-119.4402			69.7054			-4.7000			76.0000			-116.0000			45.0000			
51.5648			-117.6952			61.8808			-4.2000			83.0000			-116.0000			37.0000			
58.1630			-115.9502			54.0563			-3.7000			87.0000			-116.0000			27.0000			
66.9605			-118.2768			45.6728			-5.6000			92.0000			-115.0000			17.0000			
75.2082			-120.0218			38.9660			-5.8000			97.0000			-113.0000			8.0000			
85.1055			-124.0935			32.8182			-6.1000			98.0000			-110.0000			-2.0000			
95.0027			-123.5118			23.3169			-5.1000			101.0000			-109.0000			-10.0000			
103.8002			-124.6751			14.3746			-6.5000			102.0000			-105.0000			-21.0000			
109.8485			-122.9302			7.6678			-5.4000			103.0000			-101.0000			-30.0000			
114.2473			-119.4402			-0.1568			-5.3000			104.0000			-96.0000			-38.0000			
116.9965			-111.2968			-11.3347			-5.6000			104.0000			-91.0000			-48.0000			
115.3470			-100.8268			-19.7182			-5.1000			103.0000			-88.0000			-57.0000			
110.9482			-87.4485			-27.5427			-4.0000			103.0000			-82.0000			-67.0000			
113.1476			-79.8869			-37.0440			-3.7000			100.0000			-75.0000			-75.0000			
114.2473			-70.5802			-47.6630			-3.9000			97.0000			-68.0000			-83.0000			
114.2473			-62.4369			-54.9287			-3.1000			92.0000			-60.0000			-89.0000			
110.3984			-52.5486			-61.0766			-3.2000			89.0000			-51.0000			-98.0000			
110.9482			-42.6602			-68.3422			0.0000			84.0000			-44.0000			-105.0000			
113.6975			-37.4252			-78.9613			-2.6000			79.0000			-36.0000			-110.0000			
117.5464			-29.8636			-89.0214			-1.3000			73.0000			-27.0000			-115.0000			
118.6461			-21.7203			-98.5227			-1.5000			65.0000			-19.0000			-121.0000			
118.0962			-12.4136			-105.7883			0.0000			60.0000			-11.0000			-125.0000			
116.4467			-6.0153			-110.8184			-0.3000			53.0000			-1.0000			-128.0000			
110.3984			5.0364			-115.8485			-0.4000			46.0000			7.0000			-131.0000			
101.0510			17.2514			-116.4074			1.8000			39.0000			14.0000			-136.0000			
88.9544			25.9764			-115.2896			-0.3000			31.0000			23.0000			-137.0000			
80.1569			34.7013			-114.1718			0.6000			23.0000			32.0000			-139.0000			
71.9092			43.4263			-114.1718			1.1000			15.0000			41.0000			-138.0000			
64.7612			52.1513			-114.7307			2.1000			6.0000			48.0000			-137.0000			
57.0633			57.9680			-114.1718			0.8000			-2.0000			57.0000			-135.0000			
50.4652			65.5296			-113.6129			2.3000			-12.0000			63.0000			-133.0000			
41.1178			76.5813			-114.1718			3.5000			-20.0000			70.0000			-130.0000			
33.9698			88.2146			-118.6430			3.5000			-30.0000			77.0000			-127.0000			
27.3716			96.9396			-120.8786			3.4000			-38.0000			83.0000			-123.0000			
20.2236			106.2463			-122.5553			3.9000			-45.0000			87.0000			-118.0000			
13.0756			112.0629			-121.4375			3.7000			-54.0000			91.0000			-113.0000			
4.8279			119.0429			-117.5252			6.3000			-61.0000			96.0000			-107.0000			
-6.1690			121.3696			-110.8184			4.3000			-69.0000			101.0000			-102.0000			
-16.0662			120.2063			-99.0816			5.0000			-76.0000			104.0000			-95.0000			
-24.3139			115.5529			-85.6680			5.5000			-83.0000			109.0000			-89.0000			
-32.5616			114.9713			-77.8435			4.5000			-89.0000			108.0000			-79.0000			
-44.1084			117.8796			-68.9011			4.8000			-95.0000			109.0000			-72.0000			
-51.2564			118.4613			-62.1944			5.0000			-101.0000			109.0000			-62.0000			
-57.8546			118.4613			-54.9287			5.6000			-104.0000			109.0000			-54.0000			
-66.1022			118.4613			-47.1041			5.2000			-109.0000			107.0000			-43.0000			
-75.4496			119.0429			-38.7207			4.8000			-113.0000			107.0000			-35.0000			
-86.4466			123.6962			-32.5728			4.6000			-115.0000			104.0000			-26.0000			
-95.2441			124.8596			-24.7482			4.8000			-119.0000			100.0000			-16.0000			
-102.3921			124.8596			-16.9237			5.5000			-119.0000			95.0000			-7.0000			
-108.4404			121.9513			-8.5402			4.9000			-121.0000			93.0000			3.0000			
-113.3890			117.8796			0.4021			4.8000			-121.0000			88.0000			11.0000			
-115.0386			109.7363			10.4623			5.1000			-123.0000			84.0000			20.0000			
-114.4887			98.1029			20.5224			4.1000			-122.0000			78.0000			30.0000			
-110.6398			86.4696			27.7881			3.6000			-122.0000			73.0000			37.0000			
-112.8392			80.0713			37.2893			4.5000			-119.0000			66.0000			46.0000			
-112.2893			69.6013			47.3495			4.6000			-116.0000			59.0000			54.0000			
-112.8392			60.8763			54.0563			2.0000			-113.0000			50.0000			61.0000			
-110.6398			52.1513			60.2041			1.7000			-109.0000			42.0000			70.0000			
-111.1896			44.5897			68.0287			1.4000			-105.0000			35.0000			75.0000			
-113.9389			35.2830			78.6477			0.0000			-100.0000			25.0000			80.0000			
-116.1383			27.1397			89.8257			0.8000			-94.0000			17.0000			86.0000			
-118.3376			20.7414			97.6502			0.0000			-90.0000			9.0000			90.0000			
-117.7878			12.5980			104.9159			-0.2000			-83.0000			-1.0000			95.0000			
-115.5884			4.4547			110.5049			-0.6000			-76.0000			-10.0000			97.0000			
-108.4404			-6.5969			114.4172			-0.6000			-69.0000			-18.0000			101.0000			
-97.9933			-19.3936			115.5350			-1.8000			-63.0000			-27.0000			103.0000			
-86.9964			-26.9553			113.2994			-0.6000			-56.0000			-36.0000			105.0000			
-79.8484			-34.5169			112.7405			-1.6000			-49.0000			-45.0000			105.0000			
-71.6007			-43.8236			113.8583			-1.5000			-39.0000			-53.0000			105.0000			
-62.8032			-53.1302			113.2994			-2.6000			-31.0000			-61.0000			105.0000			
-55.6552			-60.1102			113.2994			-2.4000			-23.0000			-70.0000			101.0000			
-50.1567			-67.0902			113.2994			-3.9000			-14.0000			-77.0000			100.0000			
-40.8093			-77.5602			114.4172			-3.9000			-6.0000			-84.0000			98.0000			
-32.0118			-89.1935			117.2116			-3.9000			4.0000			-90.0000			92.0000			
-25.9635			-97.9185			120.0061			-3.8000			10.0000			-96.0000			88.0000			
-18.2656			-107.2252			120.5650			-4.9000			20.0000			-101.0000			83.0000			
-10.0179			-114.2052			120.0061			-4.2000			27.0000			-106.0000			78.0000			
