64.1388			-17.0619			-45.7912			1.2000			111.0000			-36.0000			-87.0000			
63.0105			-13.6398			-49.6956			-0.3000			107.0000			-26.0000			-92.0000			
64.1388			-10.7880			-53.0422			0.3000			103.0000			-17.0000			-98.0000			
61.8823			-5.6548			-56.9465			-0.7000			97.0000			-7.0000			-103.0000			
59.6258			-1.0920			-58.6198			0.0000			89.0000			2.0000			-107.0000			
56.2410			4.6115			-60.2931			0.5000			84.0000			12.0000			-111.0000			
55.1127			6.3226			-61.4087			0.0000			79.0000			21.0000			-114.0000			
50.5997			11.4557			-61.4087			0.6000			71.0000			30.0000			-117.0000			
45.5225			20.0110			-63.0820			2.4000			63.0000			39.0000			-119.0000			
39.8812			26.2849			-66.9863			-0.8000			55.0000			48.0000			-121.0000			
37.0606			30.2774			-67.5441			-0.2000			45.0000			58.0000			-121.0000			
34.2399			31.4181			-65.8708			-0.2000			36.0000			65.0000			-120.0000			
31.4193			34.2698			-65.3130			0.3000			27.0000			72.0000			-120.0000			
25.7780			38.8326			-65.3130			-0.6000			17.0000			79.0000			-117.0000			
20.1367			41.1141			-61.9664			-0.7000			7.0000			86.0000			-115.0000			
16.1878			45.1065			-61.4087			-0.1000			-3.0000			93.0000			-112.0000			
13.3671			47.3879			-60.2931			0.4000			-14.0000			97.0000			-109.0000			
8.8541			47.9583			-57.5043			-0.6000			-22.0000			101.0000			-104.0000			
3.7769			49.6693			-53.5999			-0.1000			-31.0000			104.0000			-99.0000			
-0.1720			51.9508			-51.9266			-0.1000			-41.0000			108.0000			-93.0000			
-2.4285			51.9508			-49.1378			0.3000			-50.0000			110.0000			-89.0000			
-8.6339			51.9508			-43.0024			0.3000			-59.0000			114.0000			-83.0000			
-18.2241			57.6543			-39.0980			0.3000			-69.0000			116.0000			-76.0000			
-23.8654			58.7950			-36.3092			-1.3000			-78.0000			116.0000			-69.0000			
-23.8654			59.9357			-36.3092			-0.2000			-85.0000			115.0000			-62.0000			
-27.8144			59.3653			-31.8471			-0.2000			-93.0000			113.0000			-53.0000			
-31.1991			58.7950			-27.9427			-0.3000			-100.0000			111.0000			-44.0000			
-36.8404			56.5136			-20.6918			-1.0000			-106.0000			109.0000			-36.0000			
-38.5328			55.3729			-16.7874			0.0000			-112.0000			105.0000			-28.0000			
-42.4817			54.2322			-12.8830			-1.1000			-118.0000			102.0000			-19.0000			
-45.3024			55.3729			-10.0942			0.0000			-122.0000			97.0000			-10.0000			
-49.2513			54.2322			-5.0743			0.0000			-126.0000			92.0000			-2.0000			
-50.9437			49.0990			1.6189			-0.2000			-129.0000			86.0000			8.0000			
-52.0719			45.6769			4.9655			-1.4000			-132.0000			81.0000			16.0000			
-50.3795			42.2548			8.3121			0.1000			-135.0000			74.0000			25.0000			
-52.0719			37.6919			15.5630			1.1000			-137.0000			67.0000			34.0000			
-57.7132			35.4105			22.2562			0.0000			-138.0000			60.0000			41.0000			
-61.0980			33.6995			27.2761			-0.1000			-135.0000			52.0000			51.0000			
-61.6621			30.8477			30.6227			-0.1000			-135.0000			43.0000			57.0000			
-62.7904			27.9960			35.0848			0.2000			-132.0000			34.0000			65.0000			
-65.6110			24.5738			39.5470			-1.4000			-129.0000			26.0000			71.0000			
-63.3545			16.0186			46.7979			-0.5000			-127.0000			16.0000			79.0000			
-63.3545			13.1668			50.1445			0.0000			-123.0000			7.0000			85.0000			
-63.9187			9.7447			53.4911			-0.6000			-119.0000			-2.0000			90.0000			
-62.2263			5.1819			56.8377			-0.2000			-112.0000			-12.0000			95.0000			
-59.4056			0.0487			58.5110			-0.8000			-106.0000			-21.0000			96.0000			
-56.0208			-5.0845			60.7421			-0.3000			-101.0000			-31.0000			101.0000			
-56.0208			-6.7955			61.8576			-0.9000			-94.0000			-39.0000			105.0000			
-49.8154			-11.3584			60.7421			-0.4000			-86.0000			-49.0000			108.0000			
-45.3024			-19.9136			64.0887			-1.1000			-78.0000			-57.0000			110.0000			
-39.6611			-26.7579			66.3197			0.0000			-71.0000			-67.0000			111.0000			
-37.4046			-29.6096			66.3197			-0.6000			-61.0000			-75.0000			111.0000			
-33.4556			-30.7503			65.2042			0.9000			-53.0000			-83.0000			111.0000			
-30.0709			-34.7428			65.7620			0.9000			-42.0000			-91.0000			109.0000			
-26.1220			-38.7353			64.6464			-0.2000			-33.0000			-97.0000			108.0000			
-20.4807			-41.0167			61.8576			0.3000			-22.0000			-104.0000			105.0000			
-15.9676			-43.8684			60.7421			0.9000			-13.0000			-109.0000			103.0000			
-13.1470			-46.7202			60.1843			0.3000			-3.0000			-114.0000			99.0000			
-9.7622			-48.4313			57.3955			-0.7000			6.0000			-120.0000			95.0000			
-3.5568			-49.5720			54.0489			0.9000			16.0000			-123.0000			90.0000			
-0.1720			-51.8534			50.7023			-1.3000			26.0000			-126.0000			85.0000			
2.0845			-51.2830			49.0290			-0.1000			35.0000			-129.0000			79.0000			
8.2900			-51.8534			44.0091			0.4000			44.0000			-132.0000			73.0000			
19.0084			-58.1272			39.5470			0.4000			53.0000			-133.0000			66.0000			
24.0856			-58.6976			36.2004			1.5000			61.0000			-133.0000			60.0000			
23.5215			-59.8383			36.2004			-0.1000			71.0000			-133.0000			51.0000			
27.4704			-59.2680			32.2960			0.4000			76.0000			-131.0000			43.0000			
31.9834			-58.6976			27.8339			1.1000			84.0000			-129.0000			35.0000			
35.9323			-55.2755			20.5829			1.2000			91.0000			-126.0000			26.0000			
38.1888			-56.4162			18.3519			0.1000			97.0000			-124.0000			16.0000			
42.1377			-54.7051			13.3320			0.7000			102.0000			-120.0000			9.0000			
44.9584			-55.2755			9.9854			-0.3000			107.0000			-115.0000			0.0000			
48.3432			-54.1348			5.5232			-0.2000			110.0000			-110.0000			-9.0000			
51.7279			-49.0016			-1.7277			1.0000			113.0000			-104.0000			-17.0000			
51.1638			-46.1499			-5.0743			0.0000			115.0000			-99.0000			-25.0000			
50.5997			-41.5870			-8.4209			0.5000			118.0000			-92.0000			-34.0000			
52.2921			-37.5946			-16.2296			-1.5000			121.0000			-85.0000			-42.0000			
57.9334			-34.7428			-22.3650			0.8000			120.0000			-78.0000			-52.0000			
61.3182			-33.0317			-26.8272			1.4000			120.0000			-70.0000			-59.0000			
61.8823			-30.7503			-31.2893			-0.1000			118.0000			-62.0000			-67.0000			
63.0105			-27.8986			-35.1937			0.0000			115.0000			-53.0000			-75.0000			
65.2671			-24.4765			-40.2136			0.5000			114.0000			-43.0000			-81.0000			
63.5747			-16.4915			-46.3490			0.7000			111.0000			-34.0000			-88.0000			
64.1388			-14.2101			-49.6956			0.2000			106.0000			-25.0000			-94.0000			
64.1388			-9.6473			-53.0422			1.4000			101.0000			-15.0000			-99.0000			
62.4464			-5.6548			-56.3888			0.4000			95.0000			-7.0000			-103.0000			
59.6258			-0.5217			-58.6198			0.4000			90.0000			3.0000			-107.0000			
56.2410			4.6115			-60.8509			0.0000			83.0000			14.0000			-111.0000			
56.2410			6.3226			-61.9664			0.5000			76.0000			22.0000			-115.0000			
50.0356			11.4557			-61.4087			0.0000			69.0000			31.0000			-118.0000			
44.9584			20.0110			-64.1975			0.7000			62.0000			41.0000			-119.0000			
39.8812			26.8552			-66.4285			0.3000			52.0000			50.0000			-120.0000			
37.6247			30.2774			-66.9863			0.9000			44.0000			58.0000			-121.0000			
34.2399			30.8477			-65.3130			-0.2000			36.0000			63.0000			-121.0000			
30.2910			34.8402			-65.8708			-0.7000			25.0000			72.0000			-119.0000			
24.6497			39.4030			-64.1975			-0.1000			14.0000			80.0000			-117.0000			
20.1367			41.1141			-61.4087			-0.1000			5.0000			87.0000			-114.0000			
16.1878			44.5362			-60.2931			0.4000			-5.0000			92.0000			-112.0000			
12.8030			46.2472			-59.1776			-0.1000			-14.0000			97.0000			-108.0000			
8.8541			47.9583			-56.3888			0.4000			-23.0000			101.0000			-103.0000			
2.6487			49.6693			-52.4844			-0.1000			-33.0000			105.0000			-98.0000			
-0.7361			51.3804			-50.2533			0.3000			-42.0000			109.0000			-93.0000			
-2.9926			51.3804			-48.5800			-0.1000			-51.0000			112.0000			-88.0000			
-9.7622			51.9508			-42.4446			-0.2000			-61.0000			115.0000			-82.0000			
-19.9165			59.3653			-39.6558			-0.2000			-70.0000			115.0000			-75.0000			
-24.4296			59.3653			-35.7514			-0.8000			-78.0000			116.0000			-69.0000			
-23.8654			60.5060			-35.7514			0.8000			-86.0000			115.0000			-60.0000			
-28.3785			58.7950			-31.8471			-1.4000			-94.0000			113.0000			-51.0000			
-32.8915			58.7950			-27.3849			-1.4000			-101.0000			111.0000			-43.0000			
-36.2763			55.9432			-19.5762			0.0000			-108.0000			109.0000			-35.0000			
-39.6611			55.3729			-16.2296			-0.5000			-113.0000			106.0000			-27.0000			
-43.0459			54.2322			-12.3253			-1.1000			-117.0000			103.0000			-19.0000			
-45.8665			54.2322			-8.9787			-0.6000			-123.0000			97.0000			-9.0000			
-48.6872			53.6618			-4.5165			0.4000			-126.0000			91.0000			-1.0000			
-51.5078			48.5286			2.7344			-0.2000			-129.0000			85.0000			8.0000			
-50.9437			45.1065			5.5232			-0.3000			-133.0000			79.0000			17.0000			
-51.5078			40.5437			9.9854			-0.9000			-134.0000			73.0000			25.0000			
-53.2002			36.5512			16.6786			0.0000			-137.0000			68.0000			35.0000			
-58.2774			33.6995			23.9295			-0.6000			-137.0000			60.0000			43.0000			
-61.0980			33.1291			28.9494			0.9000			-136.0000			51.0000			50.0000			
-62.2263			30.8477			31.7382			0.3000			-134.0000			43.0000			58.0000			
-64.4828			26.8552			35.0848			-2.5000			-132.0000			32.0000			65.0000			
-65.6110			23.4331			41.2203			-0.9000			-129.0000			25.0000			72.0000			
-63.3545			15.4482			47.3557			-0.5000			-127.0000			16.0000			79.0000			
-63.3545			13.1668			50.7023			0.5000			-122.0000			5.0000			85.0000			
-63.9187			9.7447			52.9333			-1.2000			-118.0000			-3.0000			90.0000			
-61.6621			4.6115			57.3955			0.3000			-111.0000			-13.0000			95.0000			
-59.4056			-0.5217			58.5110			-1.4000			-106.0000			-22.0000			99.0000			
-56.5850			-4.5141			60.7421			-0.3000			-100.0000			-31.0000			101.0000			
-54.3285			-7.3659			61.2998			-0.3000			-93.0000			-40.0000			104.0000			
-49.2513			-11.9287			60.7421			-0.4000			-85.0000			-49.0000			108.0000			
-45.3024			-21.0543			65.2042			-1.1000			-79.0000			-59.0000			111.0000			
-39.0969			-28.4689			66.3197			-1.2000			-70.0000			-68.0000			111.0000			
-36.2763			-30.7503			66.8775			-0.1000			-61.0000			-76.0000			111.0000			
-34.0198			-31.3207			65.7620			0.4000			-51.0000			-84.0000			111.0000			
-30.0709			-35.8835			65.7620			-0.1000			-41.0000			-90.0000			108.0000			
-24.4296			-39.8760			64.0887			-0.2000			-32.0000			-98.0000			109.0000			
-19.9165			-41.5870			60.7421			-0.7000			-21.0000			-105.0000			105.0000			
-15.4035			-45.0091			60.7421			0.3000			-13.0000			-111.0000			102.0000			
-12.5828			-47.2906			59.6265			-0.2000			-2.0000			-115.0000			99.0000			
-8.6339			-48.4313			56.8377			-0.2000			7.0000			-120.0000			94.0000			
-2.4285			-49.5720			52.9333			0.9000			17.0000			-124.0000			89.0000			
0.3921			-52.4237			51.2600			-0.7000			27.0000			-127.0000			83.0000			
2.6487			-50.7127			47.9134			-0.1000			36.0000			-129.0000			77.0000			
9.4182			-52.4237			43.4513			0.4000			45.0000			-131.0000			72.0000			
20.1367			-59.2680			39.5470			0.4000			53.0000			-133.0000			65.0000			
24.6497			-59.2680			35.0848			0.4000			62.0000			-133.0000			58.0000			
24.0856			-60.4087			36.2004			-0.1000			70.0000			-131.0000			50.0000			
28.0345			-59.2680			31.7382			0.5000			78.0000			-131.0000			42.0000			
32.5475			-58.1272			26.1606			0.5000			85.0000			-130.0000			34.0000			
35.9323			-55.2755			20.0252			0.6000			92.0000			-126.0000			25.0000			
38.7530			-55.2755			17.7941			1.2000			97.0000			-124.0000			16.0000			
42.7019			-54.7051			11.6587			-0.3000			103.0000			-120.0000			8.0000			
46.0867			-54.1348			9.4276			1.3000			106.0000			-115.0000			-1.0000			
48.9073			-52.9941			4.9655			0.8000			110.0000			-109.0000			-9.0000			
50.5997			-48.4313			-2.2855			-0.1000			114.0000			-103.0000			-19.0000			
50.0356			-45.0091			-5.0743			0.0000			116.0000			-97.0000			-26.0000			
51.1638			-39.8760			-9.5364			1.7000			119.0000			-92.0000			-35.0000			
54.5486			-37.0242			-16.2296			1.2000			120.0000			-85.0000			-43.0000			
59.0616			-34.7428			-22.9228			1.3000			120.0000			-78.0000			-52.0000			
62.4464			-33.0317			-28.5005			0.9000			121.0000			-69.0000			-60.0000			
62.4464			-30.7503			-31.8471			-0.1000			119.0000			-60.0000			-68.0000			
64.1388			-27.3282			-35.1937			1.6000			116.0000			-51.0000			-75.0000			
65.2671			-22.1951			-42.4446			0.6000			114.0000			-42.0000			-82.0000			
63.0105			-15.3508			-46.9067			0.7000			110.0000			-32.0000			-88.0000			
64.7029			-13.6398			-49.6956			1.3000			106.0000			-24.0000			-95.0000			
63.5747			-10.2177			-54.1577			-0.8000			102.0000			-15.0000			-99.0000			
61.8823			-5.0845			-56.9465			-0.1000			94.0000			-5.0000			-104.0000			
59.0616			1.1894			-59.1776			1.0000			90.0000			4.0000			-108.0000			
56.8051			4.0412			-60.2931			0.5000			83.0000			14.0000			-111.0000			
54.5486			6.8929			-61.4087			0.0000			76.0000			23.0000			-114.0000			
49.4714			13.1668			-62.5242			0.1000			68.0000			33.0000			-118.0000			
45.5225			21.7221			-65.8708			1.3000			61.0000			43.0000			-120.0000			
39.8812			27.9960			-66.9863			0.8000			54.0000			50.0000			-121.0000			
37.0606			30.2774			-68.1018			-0.7000			43.0000			58.0000			-121.0000			
34.8041			31.9884			-65.8708			0.9000			35.0000			67.0000			-120.0000			
30.2910			35.9809			-66.4285			-0.1000			23.0000			74.0000			-119.0000			
24.6497			39.9734			-65.3130			-0.6000			14.0000			81.0000			-116.0000			
19.5726			41.1141			-61.4087			-0.7000			3.0000			87.0000			-114.0000			
15.6236			45.1065			-60.2931			0.4000			-6.0000			94.0000			-112.0000			
12.8030			46.8176			-59.7354			-0.1000			-16.0000			98.0000			-107.0000			
8.2900			49.0990			-56.3888			1.0000			-25.0000			102.0000			-102.0000			
2.0845			49.6693			-52.4844			-0.7000			-33.0000			105.0000			-97.0000			
-0.1720			51.9508			-49.6956			2.0000			-43.0000			109.0000			-92.0000			
-3.5568			50.2397			-47.4645			-0.7000			-54.0000			111.0000			-87.0000			
-10.8905			53.0915			-42.4446			-0.2000			-62.0000			114.0000			-80.0000			
-19.9165			58.7950			-39.6558			-0.7000			-70.0000			115.0000			-75.0000			
-23.8654			59.9357			-36.3092			-0.2000			-79.0000			115.0000			-68.0000			
-24.9937			59.9357			-34.6359			0.3000			-88.0000			113.0000			-59.0000			
-29.5067			58.7950			-31.2893			-2.0000			-94.0000			113.0000			-51.0000			
-32.8915			58.2246			-25.7116			-0.3000			-102.0000			111.0000			-42.0000			
-36.8404			54.8025			-18.4607			-0.4000			-108.0000			109.0000			-34.0000			
-40.2252			55.3729			-14.5563			0.5000			-114.0000			105.0000			-25.0000			
-43.0459			54.2322			-11.7675			-0.5000			-120.0000			101.0000			-17.0000			
-45.3024			54.8025			-8.4209			1.0000			-123.0000			97.0000			-8.0000			
-49.2513			52.5211			-3.4010			-0.1000			-127.0000			90.0000			0.0000			
-51.5078			47.9583			2.7344			-0.8000			-130.0000			85.0000			10.0000			
-50.9437			44.5362			5.5232			-0.8000			-133.0000			79.0000			18.0000			
-50.3795			39.4030			11.1009			0.1000			-136.0000			72.0000			28.0000			
-54.3285			36.5512			17.2363			-0.5000			-137.0000			66.0000			36.0000			
-59.4056			34.8402			24.4873			0.0000			-137.0000			59.0000			43.0000			
-61.0980			32.5588			28.9494			0.4000			-137.0000			50.0000			52.0000			
-62.7904			29.7070			32.8538			-0.2000			-134.0000			42.0000			59.0000			
-63.3545			27.4256			36.2004			0.2000			-132.0000			33.0000			66.0000			
-65.0469			22.2924			42.3358			-0.4000			-129.0000			23.0000			72.0000			
-62.2263			14.3075			47.9134			0.0000			-126.0000			13.0000			79.0000			
-64.4828			13.7371			50.7023			0.0000			-122.0000			4.0000			84.0000			
-63.3545			9.1743			53.4911			-0.6000			-116.0000			-5.0000			90.0000			
-61.0980			4.0412			56.8377			-0.2000			-112.0000			-13.0000			95.0000			
-58.8415			-1.0920			59.6265			-0.2000			-105.0000			-22.0000			98.0000			
-56.5850			-5.0845			61.2998			-0.3000			-99.0000			-33.0000			101.0000			
-53.7643			-7.3659			60.7421			-0.3000			-93.0000			-42.0000			105.0000			
-48.1230			-14.2101			60.7421			-1.5000			-85.0000			-52.0000			107.0000			
-44.7382			-22.1951			66.3197			-0.6000			-78.0000			-60.0000			111.0000			
-39.0969			-27.8986			66.8775			-0.1000			-68.0000			-69.0000			111.0000			
-36.2763			-31.3207			66.8775			-0.7000			-59.0000			-78.0000			111.0000			
-33.4556			-32.4614			65.2042			-0.7000			-50.0000			-85.0000			110.0000			
-29.5067			-36.4539			65.7620			-0.2000			-41.0000			-91.0000			110.0000			
-23.8654			-39.8760			64.0887			0.3000			-30.0000			-99.0000			107.0000			
-18.7883			-41.5870			61.2998			0.9000			-21.0000			-105.0000			104.0000			
-15.9676			-45.0091			60.1843			-0.7000			-10.0000			-110.0000			103.0000			
-12.5828			-47.2906			60.1843			0.3000			-1.0000			-116.0000			97.0000			
-6.9415			-49.0016			56.8377			0.9000			9.0000			-120.0000			92.0000			
-1.3003			-50.7127			51.8178			-0.1000			18.0000			-124.0000			88.0000			
0.9563			-51.8534			51.2600			0.3000			28.0000			-127.0000			83.0000			
3.7769			-50.1423			47.3557			0.9000			37.0000			-130.0000			77.0000			
11.1106			-52.4237			41.7780			0.4000			47.0000			-133.0000			71.0000			
20.7008			-58.1272			40.1047			2.6000			56.0000			-132.0000			64.0000			
22.9573			-60.4087			36.2004			-1.2000			63.0000			-134.0000			58.0000			
24.6497			-59.8383			35.6426			0.4000			71.0000			-132.0000			50.0000			
29.1628			-59.8383			31.7382			1.0000			78.0000			-129.0000			41.0000			
32.5475			-58.1272			26.1606			0.5000			86.0000			-129.0000			33.0000			
36.4964			-54.1348			20.5829			2.9000			93.0000			-126.0000			24.0000			
39.8812			-54.7051			16.6786			1.8000			98.0000			-123.0000			16.0000			
43.2660			-54.7051			11.6587			0.2000			103.0000			-118.0000			6.0000			
46.0867			-54.7051			9.4276			0.8000			107.0000			-114.0000			-1.0000			
49.4714			-52.9941			3.8499			0.3000			111.0000			-108.0000			-10.0000			
50.5997			-47.8609			-2.2855			0.4000			114.0000			-102.0000			-19.0000			
49.4714			-45.0091			-5.0743			-0.6000			117.0000			-97.0000			-28.0000			
50.5997			-39.3056			-9.5364			1.7000			119.0000			-90.0000			-36.0000			
54.5486			-36.4539			-17.3452			0.7000			121.0000			-84.0000			-44.0000			
59.6258			-34.7428			-23.4806			1.4000			122.0000			-76.0000			-53.0000			
61.8823			-33.6021			-27.9427			0.3000			119.0000			-68.0000			-61.0000			
63.0105			-29.6096			-31.2893			2.1000			119.0000			-60.0000			-69.0000			
63.5747			-27.8986			-36.3092			-0.6000			116.0000			-49.0000			-75.0000			
65.2671			-22.1951			-41.8869			1.1000			112.0000			-41.0000			-82.0000			
61.8823			-14.2101			-47.4645			0.2000			111.0000			-33.0000			-89.0000			
65.2671			-12.4991			-50.8111			1.9000			106.0000			-23.0000			-95.0000			
63.5747			-9.0769			-54.1577			0.3000			102.0000			-13.0000			-99.0000			
61.3182			-3.3734			-56.9465			0.9000			94.0000			-3.0000			-105.0000			
58.4975			1.7597			-59.1776			1.0000			88.0000			6.0000			-108.0000			
57.3692			4.0412			-60.8509			0.5000			81.0000			14.0000			-112.0000			
54.5486			6.8929			-61.4087			0.0000			75.0000			25.0000			-116.0000			
48.9073			13.7371			-61.9664			0.6000			69.0000			35.0000			-119.0000			
43.8301			21.7221			-65.8708			-0.3000			59.0000			43.0000			-120.0000			
38.1888			27.9960			-66.9863			-0.8000			51.0000			52.0000			-121.0000			
38.1888			30.2774			-66.9863			1.4000			42.0000			60.0000			-121.0000			
33.6758			31.4181			-65.3130			-0.2000			33.0000			67.0000			-120.0000			
29.7269			35.9809			-65.8708			-0.1000			23.0000			75.0000			-118.0000			
24.6497			39.9734			-64.1975			0.4000			13.0000			81.0000			-117.0000			
19.0084			42.2548			-60.8509			0.4000			3.0000			87.0000			-115.0000			
15.6236			45.1065			-60.2931			0.4000			-8.0000			95.0000			-112.0000			
12.2389			46.8176			-58.6198			0.4000			-16.0000			98.0000			-107.0000			
7.1617			48.5286			-56.3888			-0.6000			-26.0000			102.0000			-101.0000			
0.9563			50.8100			-51.9266			-0.1000			-36.0000			105.0000			-97.0000			
-1.8644			51.3804			-50.8111			-1.2000			-43.0000			109.0000			-91.0000			
-4.1209			50.8100			-46.9067			-0.2000			-54.0000			111.0000			-87.0000			
-10.8905			52.5211			-41.8869			-0.2000			-64.0000			114.0000			-81.0000			
-19.9165			58.2246			-38.5403			-0.2000			-71.0000			116.0000			-74.0000			
-24.4296			59.9357			-36.3092			-0.8000			-80.0000			116.0000			-67.0000			
-24.9937			59.9357			-35.7514			-0.8000			-87.0000			115.0000			-58.0000			
-28.9426			59.9357			-30.1738			0.8000			-95.0000			113.0000			-49.0000			
-33.4556			58.7950			-25.1539			0.1000			-102.0000			111.0000			-41.0000			
-36.8404			55.3729			-17.9029			0.6000			-109.0000			107.0000			-33.0000			
-40.7893			54.8025			-13.9986			0.0000			-116.0000			105.0000			-25.0000			
-43.0459			54.8025			-10.6520			1.1000			-120.0000			100.0000			-15.0000			
-46.4306			55.3729			-7.8631			1.0000			-124.0000			95.0000			-8.0000			
-50.3795			52.5211			-2.8432			-0.6000			-127.0000			90.0000			2.0000			
-52.0719			47.9583			2.7344			-1.3000			-129.0000			85.0000			11.0000			
-50.3795			43.9658			6.6388			0.2000			-133.0000			79.0000			19.0000			
-50.3795			39.9734			11.1009			0.6000			-135.0000			72.0000			28.0000			
-54.3285			37.1216			17.7941			0.5000			-137.0000			66.0000			37.0000			
-58.8415			33.6995			25.0450			0.0000			-135.0000			58.0000			46.0000			
-61.0980			33.1291			28.9494			0.9000			-135.0000			51.0000			53.0000			
-61.6621			30.2774			32.8538			1.4000			-134.0000			41.0000			62.0000			
-63.3545			27.4256			36.2004			0.2000			-129.0000			33.0000			70.0000			
-65.0469			21.7221			41.7780			-1.5000			-125.0000			23.0000			77.0000			
-61.0980			13.7371			47.3557			0.0000			-121.0000			15.0000			84.0000			
-63.3545			12.5964			50.7023			0.0000			-117.0000			7.0000			90.0000			
-59.9697			9.7447			54.0489			3.8000			-111.0000			-1.0000			96.0000			
-57.7132			4.0412			56.8377			3.1000			-101.0000			-9.0000			102.0000			
-61.0980			-4.5141			55.1644			-10.4000			-91.0000			-14.0000			111.0000			
-30.6350			-29.6096			78.0328			17.7000			-70.0000			-16.0000			121.0000			
-49.8154			2.3301			37.8737			-9.6000			-41.0000			-4.0000			147.0000			
-66.1752			-10.2177			67.4352			-8.9000			-27.0000			-2.0000			162.0000			
-34.0198			-37.5946			66.8775			-4.7000			-15.0000			-6.0000			167.0000			
-37.4046			-34.1725			66.3197			-5.2000			-5.0000			-13.0000			169.0000			
-40.2252			-31.8910			66.3197			-5.7000			-1.0000			-27.0000			163.0000			
-39.0969			-32.4614			66.3197			-5.2000			7.0000			-34.0000			162.0000			
-29.5067			-37.0242			64.6464			-1.8000			15.0000			-45.0000			158.0000			
-21.0448			-40.4463			63.5309			2.0000			19.0000			-57.0000			151.0000			
-17.6600			-45.0091			62.4154			-0.2000			27.0000			-66.0000			145.0000			
-13.7111			-47.2906			60.1843			-0.8000			34.0000			-77.0000			138.0000			
-12.5828			-46.7202			60.1843			0.8000			38.0000			-86.0000			130.0000			
-9.7622			-48.4313			57.9532			-0.2000			43.0000			-94.0000			121.0000			
-2.4285			-50.1423			52.9333			0.3000			47.0000			-100.0000			113.0000			
2.0845			-50.7127			50.7023			2.0000			50.0000			-109.0000			102.0000			
4.9052			-50.7127			46.7979			0.9000			54.0000			-116.0000			91.0000			
11.1106			-51.8534			42.8936			2.1000			57.0000			-122.0000			81.0000			
16.7519			-54.1348			38.9892			1.6000			60.0000			-129.0000			68.0000			
22.9573			-58.6976			36.2004			0.4000			64.0000			-134.0000			57.0000			
25.7780			-60.4087			35.6426			1.0000			66.0000			-138.0000			43.0000			
29.7269			-59.8383			30.6227			0.5000			68.0000			-140.0000			30.0000			
32.5475			-57.5569			26.1606			1.1000			71.0000			-143.0000			16.0000			
36.4964			-54.1348			19.4674			1.8000			71.0000			-145.0000			4.0000			
39.8812			-53.5644			14.4475			0.7000			72.0000			-146.0000			-10.0000			
43.2660			-54.1348			11.6587			0.7000			71.0000			-146.0000			-23.0000			
47.2149			-54.1348			8.8698			1.9000			71.0000			-146.0000			-36.0000			
49.4714			-51.2830			3.8499			2.0000			70.0000			-144.0000			-49.0000			
49.4714			-46.7202			-2.2855			0.4000			69.0000			-142.0000			-60.0000			
50.0356			-43.2981			-5.0743			1.6000			68.0000			-138.0000			-73.0000			
50.5997			-38.7353			-11.2097			0.6000			66.0000			-135.0000			-83.0000			
53.9845			-37.0242			-17.3452			-0.3000			63.0000			-130.0000			-95.0000			
58.4975			-33.6021			-24.0383			0.8000			63.0000			-126.0000			-105.0000			
62.4464			-33.0317			-28.5005			0.9000			60.0000			-119.0000			-115.0000			
63.0105			-29.6096			-33.5204			-0.1000			56.0000			-112.0000			-124.0000			
64.1388			-26.7579			-36.8670			0.5000			52.0000			-105.0000			-132.0000			
65.2671			-21.6247			-43.5602			0.0000			47.0000			-96.0000			-140.0000			
61.8823			-13.6398			-47.4645			0.7000			44.0000			-87.0000			-146.0000			
65.2671			-11.9287			-51.9266			1.4000			41.0000			-76.0000			-153.0000			
62.4464			-8.5066			-54.7155			-0.7000			34.0000			-69.0000			-157.0000			
60.1899			-3.3734			-57.5043			-0.6000			29.0000			-58.0000			-161.0000			
57.9334			1.7597			-59.7354			0.0000			25.0000			-47.0000			-163.0000			
56.8051			4.0412			-61.4087			-0.5000			19.0000			-37.0000			-165.0000			
53.4203			8.0336			-61.9664			-0.5000			15.0000			-26.0000			-166.0000			
47.7790			14.3075			-62.5242			-0.4000			11.0000			-14.0000			-167.0000			
43.8301			22.8628			-66.4285			0.2000			6.0000			-3.0000			-166.0000			
38.1888			28.5663			-66.9863			-0.2000			-1.0000			9.0000			-164.0000			
35.9323			30.2774			-67.5441			-1.3000			-5.0000			20.0000			-161.0000			
32.5475			31.9884			-65.3130			-0.7000			-11.0000			31.0000			-157.0000			
29.1628			36.5512			-65.3130			0.4000			-17.0000			41.0000			-150.0000			
23.5215			39.4030			-63.6397			-0.7000			-22.0000			54.0000			-145.0000			
19.5726			41.6844			-61.4087			-0.1000			-27.0000			64.0000			-137.0000			
15.0595			44.5362			-60.8509			-1.2000			-32.0000			73.0000			-130.0000			
11.6747			46.8176			-59.7354			-1.2000			-36.0000			82.0000			-122.0000			
7.1617			48.5286			-56.9465			-1.2000			-41.0000			91.0000			-113.0000			
-0.1720			49.6693			-51.3689			-1.8000			-44.0000			99.0000			-103.0000			
-1.8644			50.8100			-50.8111			-1.8000			-49.0000			107.0000			-93.0000			
-5.2492			49.6693			-46.9067			-2.4000			-53.0000			115.0000			-82.0000			
-12.5828			52.5211			-40.7713			-0.8000			-57.0000			121.0000			-71.0000			
-19.9165			55.9432			-37.9825			-1.9000			-60.0000			125.0000			-60.0000			
-23.3013			59.3653			-36.3092			-0.2000			-63.0000			131.0000			-49.0000			
-24.9937			59.3653			-35.1937			-0.8000			-65.0000			134.0000			-35.0000			
-30.6350			59.3653			-30.7315			-2.0000			-69.0000			137.0000			-22.0000			
-34.5839			57.0839			-24.0383			-1.5000			-70.0000			139.0000			-10.0000			
-36.8404			54.8025			-18.4607			-0.4000			-73.0000			139.0000			2.0000			
-41.3535			54.2322			-13.9986			-1.1000			-74.0000			139.0000			15.0000			
-44.7382			53.6618			-10.0942			-1.1000			-74.0000			138.0000			27.0000			
-48.1230			55.3729			-7.3054			0.0000			-75.0000			137.0000			38.0000			
-50.3795			51.9508			-2.2855			-0.7000			-75.0000			133.0000			50.0000			
-51.5078			46.8176			3.2922			-1.3000			-75.0000			130.0000			61.0000			
-51.5078			43.3955			7.1965			-0.9000			-77.0000			126.0000			72.0000			
-52.0719			38.8326			12.7742			-0.4000			-76.0000			123.0000			83.0000			
-56.0208			35.9809			19.4674			-0.5000			-76.0000			117.0000			92.0000			
-60.5339			33.6995			25.6028			-1.2000			-75.0000			110.0000			102.0000			
-63.9187			32.5588			30.6227			-0.7000			-73.0000			103.0000			110.0000			
-63.3545			29.7070			33.4115			-0.2000			-71.0000			94.0000			119.0000			
-65.0469			26.8552			36.2004			-1.9000			-67.0000			85.0000			125.0000			
-65.6110			20.5814			44.0091			-1.0000			-65.0000			75.0000			131.0000			
-61.6621			13.7371			47.3557			-0.5000			-62.0000			65.0000			138.0000			
-64.4828			12.0261			51.8178			-0.6000			-60.0000			54.0000			141.0000			
-62.7904			8.0336			55.1644			0.4000			-57.0000			44.0000			144.0000			
-60.5339			2.3301			57.9532			-0.2000			-53.0000			33.0000			147.0000			
-57.7132			-3.3734			60.1843			-0.9000			-49.0000			22.0000			149.0000			
-56.0208			-5.0845			60.7421			-0.3000			-45.0000			10.0000			149.0000			
-52.0719			-9.0769			61.2998			0.1000			-41.0000			-3.0000			149.0000			
-47.5589			-14.7805			62.4154			0.0000			-37.0000			-14.0000			148.0000			
-41.9176			-23.3358			65.2042			0.0000			-33.0000			-27.0000			147.0000			
-36.8404			-27.8986			66.3197			1.5000			-29.0000			-39.0000			145.0000			
-35.1480			-30.1800			66.3197			0.9000			-25.0000			-50.0000			140.0000			
-31.7633			-31.8910			64.0887			0.4000			-19.0000			-63.0000			134.0000			
-27.8144			-36.4539			65.2042			0.9000			-14.0000			-74.0000			129.0000			
-22.1731			-41.0167			63.5309			0.3000			-9.0000			-85.0000			125.0000			
-19.9165			-42.7277			62.9731			0.3000			-4.0000			-96.0000			117.0000			
-15.4035			-46.1499			61.8576			0.3000			-1.0000			-105.0000			108.0000			
-11.4546			-47.2906			59.0688			0.3000			4.0000			-114.0000			99.0000			
-6.9415			-49.0016			56.2799			0.3000			9.0000			-124.0000			89.0000			
-0.1720			-50.1423			51.2600			0.9000			14.0000			-130.0000			81.0000			
2.0845			-50.7127			50.1445			1.5000			17.0000			-139.0000			70.0000			
4.9052			-50.7127			46.2401			0.4000			22.0000			-146.0000			60.0000			
12.8030			-53.5644			40.6625			-0.1000			25.0000			-152.0000			49.0000			
19.5726			-56.9865			37.3159			-0.1000			30.0000			-157.0000			39.0000			
22.9573			-59.2680			36.2004			-0.1000			34.0000			-161.0000			28.0000			
25.2138			-58.6976			35.0848			1.5000			38.0000			-164.0000			15.0000			
30.2910			-59.2680			30.0649			1.0000			40.0000			-165.0000			4.0000			
34.2399			-56.9865			23.3717			0.6000			44.0000			-166.0000			-9.0000			
36.4964			-53.5644			18.3519			1.2000			47.0000			-166.0000			-19.0000			
40.4454			-53.5644			13.8897			0.7000			50.0000			-165.0000			-31.0000			
43.8301			-54.1348			10.5431			0.2000			52.0000			-163.0000			-41.0000			
47.7790			-54.1348			7.1965			0.8000			52.0000			-161.0000			-53.0000			
50.5997			-51.8534			1.6189			0.3000			55.0000			-157.0000			-63.0000			
50.5997			-47.2906			-3.4010			0.0000			56.0000			-152.0000			-74.0000			
50.0356			-43.2981			-7.3054			-0.5000			59.0000			-147.0000			-84.0000			
51.1638			-38.7353			-12.3253			0.0000			58.0000			-141.0000			-93.0000			
54.5486			-35.3132			-19.5762			-0.3000			60.0000			-135.0000			-101.0000			
59.6258			-33.0317			-25.7116			0.8000			60.0000			-128.0000			-109.0000			
62.4464			-33.0317			-29.6160			-0.1000			60.0000			-119.0000			-117.0000			
62.4464			-27.8986			-34.0781			0.4000			58.0000			-108.0000			-123.0000			
63.5747			-26.1875			-38.5403			-1.1000			58.0000			-98.0000			-129.0000			
65.2671			-19.9136			-44.6757			0.6000			56.0000			-87.0000			-134.0000			
60.7540			-13.6398			-48.0223			-0.9000			54.0000			-76.0000			-140.0000			
64.7029			-11.9287			-52.4844			0.2000			51.0000			-66.0000			-141.0000			
62.4464			-7.3659			-54.7155			0.3000			49.0000			-54.0000			-145.0000			
60.1899			-1.6624			-58.6198			0.0000			49.0000			-41.0000			-145.0000			
57.3692			2.3301			-60.8509			-1.1000			44.0000			-29.0000			-146.0000			
56.2410			4.6115			-61.4087			-0.5000			40.0000			-17.0000			-146.0000			
52.8562			8.6040			-61.9664			-0.5000			38.0000			-4.0000			-147.0000			
47.2149			14.8778			-63.0820			-0.9000			35.0000			10.0000			-145.0000			
42.1377			22.8628			-66.4285			-1.4000			32.0000			23.0000			-143.0000			
37.0606			29.1367			-66.9863			-0.7000			27.0000			34.0000			-139.0000			
35.9323			29.7070			-66.9863			-1.3000			23.0000			47.0000			-133.0000			
32.5475			32.5588			-65.3130			-0.1000			18.0000			60.0000			-129.0000			
28.0345			36.5512			-65.8708			-1.2000			14.0000			71.0000			-124.0000			
22.3932			41.1141			-64.1975			-0.6000			8.0000			81.0000			-117.0000			
20.7008			42.2548			-63.6397			-0.6000			3.0000			92.0000			-109.0000			
15.6236			45.1065			-61.9664			-1.2000			-1.0000			101.0000			-101.0000			
11.1106			47.3879			-58.6198			-0.1000			-5.0000			111.0000			-92.0000			
6.5976			49.6693			-56.3888			-0.1000			-10.0000			118.0000			-85.0000			
0.3921			50.2397			-51.3689			-0.7000			-14.0000			126.0000			-74.0000			
-1.3003			49.6693			-50.2533			-1.8000			-20.0000			134.0000			-66.0000			
-6.3774			51.3804			-46.3490			-1.3000			-25.0000			140.0000			-55.0000			
-13.1470			53.6618			-40.7713			-0.2000			-30.0000			146.0000			-46.0000			
-19.3524			55.3729			-36.8670			-0.8000			-35.0000			150.0000			-36.0000			
-22.7372			59.3653			-36.3092			0.3000			-39.0000			152.0000			-26.0000			
-25.5578			58.7950			-35.1937			-1.9000			-43.0000			154.0000			-14.0000			
-30.0709			59.3653			-29.6160			-0.3000			-49.0000			155.0000			-3.0000			
-35.1480			56.5136			-22.9228			-1.5000			-52.0000			154.0000			7.0000			
-37.4046			54.2322			-17.9029			-1.0000			-57.0000			153.0000			17.0000			
-40.7893			54.2322			-13.4408			0.0000			-61.0000			152.0000			28.0000			
-44.1741			54.8025			-11.2097			-0.5000			-64.0000			149.0000			39.0000			
-48.1230			54.2322			-6.7476			-0.6000			-67.0000			145.0000			46.0000			
-50.9437			50.8100			-0.6122			-0.7000			-69.0000			140.0000			57.0000			
-50.3795			47.3879			3.8499			0.8000			-72.0000			134.0000			66.0000			
-51.5078			43.3955			7.1965			-0.9000			-74.0000			128.0000			74.0000			
-52.0719			38.2623			13.3320			-0.4000			-78.0000			121.0000			83.0000			
-56.0208			35.4105			20.0252			-0.5000			-80.0000			113.0000			89.0000			
-59.4056			33.1291			26.1606			-0.1000			-81.0000			104.0000			97.0000			
-62.2263			33.1291			30.6227			1.5000			-82.0000			95.0000			103.0000			
-63.3545			29.1367			33.4115			-0.8000			-81.0000			83.0000			109.0000			
-65.0469			25.7145			38.4314			-0.9000			-80.0000			73.0000			114.0000			
-65.0469			19.4407			44.5669			-1.0000			-80.0000			61.0000			117.0000			
-62.2263			13.1668			49.0290			0.0000			-79.0000			49.0000			121.0000			
-65.0469			10.8854			52.3756			-1.7000			-81.0000			36.0000			124.0000			
-62.7904			6.8929			55.7222			-0.1000			-77.0000			24.0000			125.0000			
-59.9697			2.3301			57.3955			-0.2000			-75.0000			11.0000			126.0000			
-56.5850			-3.3734			59.6265			-0.3000			-73.0000			-1.0000			126.0000			
-56.5850			-4.5141			60.7421			-0.3000			-71.0000			-14.0000			126.0000			
-52.0719			-9.6473			61.2998			-0.4000			-67.0000			-28.0000			124.0000			
-46.9948			-16.4915			62.9731			-0.5000			-66.0000			-41.0000			123.0000			
-41.9176			-23.9061			66.3197			0.4000			-63.0000			-54.0000			119.0000			
-36.8404			-29.6096			66.3197			-0.1000			-58.0000			-67.0000			118.0000			
-35.1480			-30.1800			66.3197			0.9000			-54.0000			-78.0000			112.0000			
-32.3274			-32.4614			64.6464			-0.1000			-49.0000			-90.0000			106.0000			
-27.2502			-37.0242			64.6464			0.3000			-45.0000			-101.0000			101.0000			
-22.1731			-41.5870			63.5309			-0.2000			-39.0000			-112.0000			95.0000			
-19.9165			-43.2981			64.0887			0.8000			-34.0000			-123.0000			88.0000			
-15.4035			-46.1499			61.8576			0.3000			-30.0000			-131.0000			81.0000			
-9.7622			-47.2906			58.5110			1.4000			-23.0000			-140.0000			71.0000			
-6.3774			-48.4313			55.7222			0.9000			-17.0000			-147.0000			63.0000			
-0.1720			-50.1423			51.2600			0.9000			-13.0000			-155.0000			55.0000			
2.0845			-51.2830			49.5867			0.3000			-7.0000			-161.0000			47.0000			
6.0334			-51.2830			45.1246			-0.1000			-1.0000			-167.0000			39.0000			
14.4954			-53.5644			40.6625			1.5000			5.0000			-172.0000			30.0000			
19.5726			-56.4162			37.8737			1.0000			11.0000			-175.0000			20.0000			
22.3932			-59.8383			36.7581			-0.6000			16.0000			-176.0000			10.0000			
25.7780			-59.2680			35.0848			1.5000			22.0000			-177.0000			-1.0000			
30.8551			-59.2680			30.0649			1.6000			28.0000			-177.0000			-10.0000			
34.2399			-56.4162			23.3717			1.1000			32.0000			-175.0000			-20.0000			
37.0606			-54.7051			17.2363			-0.4000			38.0000			-173.0000			-29.0000			
40.4454			-54.1348			13.8897			0.1000			44.0000			-170.0000			-39.0000			
43.8301			-54.1348			11.1009			0.7000			48.0000			-166.0000			-47.0000			
47.2149			-54.1348			6.6388			-0.2000			52.0000			-161.0000			-56.0000			
50.5997			-50.7127			-0.0544			-0.1000			55.0000			-154.0000			-65.0000			
50.0356			-47.2906			-2.8432			0.0000			60.0000			-149.0000			-72.0000			
49.4714			-42.7277			-7.3054			-0.5000			63.0000			-142.0000			-79.0000			
51.1638			-38.1649			-12.8830			0.1000			67.0000			-133.0000			-87.0000			
55.1127			-34.7428			-20.1340			0.2000			70.0000			-125.0000			-93.0000			
59.0616			-33.6021			-26.2694			-0.8000			73.0000			-116.0000			-98.0000			
60.7540			-32.4614			-29.6160			-1.3000			74.0000			-105.0000			-105.0000			
61.3182			-28.4689			-34.0781			-1.2000			75.0000			-92.0000			-108.0000			
63.5747			-25.0468			-37.9825			0.5000			75.0000			-81.0000			-113.0000			
63.5747			-18.2026			-44.1179			1.2000			76.0000			-68.0000			-117.0000			
59.6258			-13.6398			-48.0223			-2.0000			77.0000			-56.0000			-120.0000			
63.5747			-11.3584			-53.0422			-0.8000			76.0000			-43.0000			-122.0000			
61.3182			-6.7955			-55.2732			-0.7000			74.0000			-30.0000			-122.0000			
59.6258			-1.6624			-57.5043			0.4000			73.0000			-17.0000			-122.0000			
56.2410			3.4708			-60.2931			-0.5000			71.0000			-3.0000			-122.0000			
55.6769			4.6115			-61.4087			-1.1000			69.0000			10.0000			-121.0000			
51.7279			9.7447			-60.8509			0.6000			68.0000			24.0000			-121.0000			
46.0867			17.1593			-63.0820			0.1000			64.0000			36.0000			-119.0000			
42.1377			24.0035			-66.4285			-0.2000			61.0000			50.0000			-115.0000			
37.0606			28.5663			-66.4285			-0.8000			57.0000			62.0000			-113.0000			
34.8041			30.2774			-65.3130			-0.2000			53.0000			75.0000			-108.0000			
31.9834			32.5588			-64.7553			-0.2000			46.0000			86.0000			-104.0000			
26.9062			37.6919			-65.3130			-0.7000			41.0000			95.0000			-97.0000			
22.3932			40.5437			-63.0820			-0.1000			35.0000			106.0000			-91.0000			
20.1367			43.3955			-64.7553			-1.2000			29.0000			116.0000			-84.0000			
14.4954			45.6769			-60.8509			-0.6000			24.0000			125.0000			-78.0000			
10.5465			47.3879			-58.0621			-0.1000			17.0000			132.0000			-71.0000			
4.9052			49.0990			-55.2732			-1.2000			12.0000			139.0000			-64.0000			
0.3921			50.8100			-51.9266			-0.7000			4.0000			146.0000			-55.0000			
-1.8644			50.2397			-49.6956			-1.3000			-1.0000			151.0000			-48.0000			
-6.3774			51.3804			-44.6757			0.3000			-8.0000			155.0000			-41.0000			
-14.8394			54.2322			-39.6558			-0.2000			-16.0000			158.0000			-33.0000			
-19.3524			57.0839			-37.4247			0.3000			-22.0000			160.0000			-24.0000			
-22.7372			59.3653			-36.3092			0.3000			-29.0000			162.0000			-16.0000			
-26.1220			59.9357			-33.5204			0.2000			-36.0000			161.0000			-6.0000			
-30.0709			59.9357			-29.0582			0.8000			-43.0000			161.0000			2.0000			
-34.5839			57.0839			-22.3650			0.1000			-49.0000			157.0000			11.0000			
-36.8404			54.8025			-16.7874			1.1000			-56.0000			154.0000			19.0000			
-41.3535			54.2322			-13.4408			-0.5000			-63.0000			150.0000			27.0000			
-44.1741			54.8025			-10.6520			0.0000			-67.0000			145.0000			35.0000			
-47.5589			54.2322			-6.1898			0.4000			-73.0000			138.0000			43.0000			
-50.9437			50.8100			-0.0544			-0.1000			-77.0000			132.0000			49.0000			
-50.9437			47.3879			4.4077			0.8000			-82.0000			124.0000			58.0000			
-50.3795			42.8251			6.6388			-0.9000			-87.0000			117.0000			63.0000			
-51.5078			38.2623			13.3320			0.0000			-93.0000			107.0000			70.0000			
-56.0208			35.4105			21.6985			1.0000			-97.0000			98.0000			75.0000			
-59.4056			33.1291			25.6028			-0.6000			-98.0000			87.0000			82.0000			
-61.6621			31.4181			30.0649			-0.1000			-102.0000			76.0000			85.0000			
-62.7904			29.1367			33.9693			0.3000			-102.0000			63.0000			89.0000			
-64.4828			26.2849			38.4314			0.2000			-105.0000			51.0000			93.0000			
-64.4828			18.8703			45.6824			0.0000			-105.0000			38.0000			97.0000			
-61.0980			12.5964			49.0290			0.5000			-105.0000			25.0000			99.0000			
-63.9187			11.4557			53.4911			1.0000			-105.0000			12.0000			100.0000			
-62.2263			6.3226			55.7222			-0.1000			-106.0000			-1.0000			103.0000			
-59.4056			1.1894			57.9532			-0.2000			-103.0000			-14.0000			101.0000			
-55.4567			-3.9438			60.7421			1.3000			-101.0000			-28.0000			100.0000			
-56.0208			-4.5141			60.1843			-0.3000			-99.0000			-41.0000			99.0000			
-50.9437			-9.0769			61.2998			1.2000			-98.0000			-54.0000			99.0000			
-45.8665			-18.2026			62.9731			-1.1000			-94.0000			-66.0000			97.0000			
-41.3535			-25.0468			66.3197			0.0000			-89.0000			-79.0000			95.0000			
-36.8404			-29.0393			66.8775			1.0000			-86.0000			-92.0000			92.0000			
-34.0198			-30.7503			65.7620			0.9000			-80.0000			-103.0000			88.0000			
-31.7633			-33.6021			65.7620			0.4000			-74.0000			-113.0000			83.0000			
-26.6861			-37.5946			65.2042			0.9000			-68.0000			-124.0000			78.0000			
-20.4807			-40.4463			62.4154			1.4000			-62.0000			-133.0000			73.0000			
-19.3524			-43.8684			64.0887			0.8000			-55.0000			-142.0000			68.0000			
-14.8394			-46.1499			61.8576			0.8000			-49.0000			-149.0000			61.0000			
-9.7622			-47.2906			58.5110			1.4000			-42.0000			-157.0000			55.0000			
-4.1209			-50.1423			55.7222			1.4000			-33.0000			-163.0000			47.0000			
-0.7361			-51.2830			51.2600			-0.7000			-26.0000			-167.0000			41.0000			
2.0845			-51.8534			49.5867			-0.1000			-18.0000			-172.0000			36.0000			
7.1617			-51.2830			44.5669			0.4000			-10.0000			-176.0000			27.0000			
15.6236			-55.2755			40.1047			0.4000			-2.0000			-178.0000			22.0000			
20.7008			-57.5569			37.3159			0.4000			5.0000			-179.0000			15.0000			
22.9573			-60.4087			37.3159			-0.1000			14.0000			-181.0000			6.0000			
26.3421			-59.8383			34.5271			1.0000			21.0000			-178.0000			-2.0000			
31.4193			-60.4087			29.5072			0.5000			30.0000			-175.0000			-11.0000			
35.3682			-56.9865			22.2562			0.6000			37.0000			-172.0000			-18.0000			
37.0606			-54.1348			17.7941			0.7000			45.0000			-168.0000			-26.0000			
41.0095			-54.7051			13.3320			-0.3000			52.0000			-163.0000			-33.0000			
44.3943			-54.7051			9.9854			-0.3000			58.0000			-157.0000			-40.0000			
47.7790			-54.1348			7.1965			0.8000			63.0000			-150.0000			-46.0000			
50.0356			-50.1423			-0.0544			-0.1000			70.0000			-142.0000			-52.0000			
50.5997			-47.2906			-3.9588			-0.6000			75.0000			-134.0000			-59.0000			
50.0356			-42.7277			-7.3054			0.0000			82.0000			-125.0000			-65.0000			
51.7279			-37.0242			-13.4408			1.2000			87.0000			-116.0000			-69.0000			
56.2410			-34.7428			-21.2495			0.2000			91.0000			-107.0000			-75.0000			
59.0616			-33.6021			-26.2694			-0.8000			95.0000			-95.0000			-80.0000			
61.8823			-31.8910			-30.1738			-0.1000			97.0000			-82.0000			-84.0000			
61.8823			-27.8986			-34.6359			-0.6000			99.0000			-70.0000			-87.0000			
63.5747			-25.6172			-39.0980			-1.1000			102.0000			-57.0000			-91.0000			
64.1388			-17.6322			-45.2334			1.2000			102.0000			-44.0000			-93.0000			
60.7540			-11.9287			-49.1378			-0.3000			103.0000			-31.0000			-97.0000			
63.5747			-10.7880			-53.5999			-0.8000			103.0000			-18.0000			-97.0000			
60.7540			-6.2252			-55.8310			-1.3000			103.0000			-5.0000			-98.0000			
58.4975			-0.5217			-58.0621			0.0000			101.0000			9.0000			-98.0000			
56.2410			4.0412			-60.2931			0.0000			98.0000			22.0000			-97.0000			
55.1127			4.6115			-61.4087			-1.6000			96.0000			36.0000			-98.0000			
50.5997			10.3150			-61.4087			-0.4000			92.0000			48.0000			-98.0000			
45.5225			18.3000			-63.6397			0.1000			89.0000			59.0000			-96.0000			
41.0095			25.7145			-66.9863			-0.2000			85.0000			71.0000			-95.0000			
37.6247			29.1367			-67.5441			-0.7000			80.0000			84.0000			-91.0000			
34.2399			30.2774			-65.8708			-1.3000			73.0000			95.0000			-87.0000			
31.4193			33.6995			-65.3130			-0.1000			67.0000			105.0000			-84.0000			
26.9062			38.2623			-65.3130			-0.1000			59.0000			114.0000			-81.0000			
21.2649			40.5437			-62.5242			-0.7000			52.0000			123.0000			-76.0000			
20.1367			43.9658			-63.0820			1.0000			43.0000			131.0000			-71.0000			
14.4954			46.2472			-61.4087			-0.6000			37.0000			137.0000			-66.0000			
9.4182			47.9583			-57.5043			-0.1000			29.0000			143.0000			-60.0000			
4.3410			49.6693			-54.1577			-0.1000			19.0000			148.0000			-54.0000			
0.3921			51.9508			-51.9266			0.4000			11.0000			151.0000			-49.0000			
-2.4285			51.3804			-49.6956			-0.7000			3.0000			155.0000			-42.0000			
-6.9415			51.9508			-44.1179			0.8000			-7.0000			157.0000			-36.0000			
-15.4035			55.3729			-39.6558			0.3000			-16.0000			158.0000			-32.0000			
-21.6089			58.2246			-36.8670			-0.2000			-25.0000			160.0000			-25.0000			
-22.7372			60.5060			-37.4247			0.3000			-35.0000			158.0000			-18.0000			
-27.2502			60.5060			-32.9626			0.2000			-43.0000			156.0000			-10.0000			
-31.1991			59.3653			-28.5005			-0.3000			-51.0000			153.0000			-4.0000			
-34.5839			57.0839			-21.8073			0.6000			-61.0000			148.0000			4.0000			
-37.9687			55.3729			-16.2296			1.1000			-69.0000			143.0000			10.0000			
-41.9176			55.3729			-11.7675			1.6000			-77.0000			138.0000			17.0000			
-44.1741			54.8025			-10.0942			0.5000			-84.0000			130.0000			22.0000			
-48.6872			54.2322			-5.0743			0.4000			-90.0000			123.0000			29.0000			
-51.5078			50.2397			1.0611			-0.2000			-98.0000			115.0000			34.0000			
-51.5078			47.3879			4.9655			0.8000			-104.0000			104.0000			40.0000			
-51.5078			42.2548			8.8698			-0.3000			-110.0000			97.0000			45.0000			
-52.0719			38.2623			14.4475			0.6000			-116.0000			86.0000			49.0000			
-56.5850			34.8402			22.2562			0.5000			-121.0000			75.0000			55.0000			
-61.0980			33.6995			27.2761			-0.1000			-124.0000			64.0000			59.0000			
-62.2263			32.5588			30.6227			0.9000			-127.0000			51.0000			63.0000			
-62.2263			27.4256			34.5271			-0.2000			-129.0000			39.0000			67.0000			
-65.6110			25.1442			40.1047			-0.3000			-130.0000			25.0000			71.0000			
-64.4828			17.7296			45.6824			-1.0000			-131.0000			14.0000			72.0000			
-61.6621			12.0261			49.5867			0.0000			-131.0000			0.0000			75.0000			
-64.4828			11.4557			53.4911			0.4000			-131.0000			-12.0000			77.0000			
-62.2263			5.7522			55.7222			-0.7000			-131.0000			-25.0000			77.0000			
-58.8415			0.0487			59.0688			0.2000			-128.0000			-37.0000			78.0000			
-56.0208			-5.0845			60.7421			-0.3000			-126.0000			-50.0000			79.0000			
-56.5850			-5.0845			61.2998			-0.3000			-123.0000			-62.0000			79.0000			
-50.3795			-10.7880			61.2998			0.1000			-119.0000			-75.0000			79.0000			
-45.3024			-19.9136			64.6464			-0.5000			-115.0000			-85.0000			78.0000			
-40.7893			-26.7579			66.3197			-1.2000			-110.0000			-97.0000			78.0000			
-37.4046			-29.0393			66.3197			-0.1000			-103.0000			-108.0000			76.0000			
-34.0198			-30.1800			65.7620			1.5000			-97.0000			-119.0000			74.0000			
-30.6350			-34.7428			65.2042			-0.1000			-89.0000			-128.0000			70.0000			
-26.1220			-38.7353			65.7620			0.9000			-81.0000			-137.0000			66.0000			
-20.4807			-41.0167			62.9731			1.4000			-73.0000			-146.0000			62.0000			
-18.2241			-44.4388			62.9731			0.3000			-63.0000			-151.0000			59.0000			
-13.7111			-46.7202			60.7421			0.3000			-54.0000			-156.0000			55.0000			
-9.1981			-47.2906			57.3955			0.9000			-46.0000			-162.0000			50.0000			
-4.1209			-49.5720			53.4911			-0.1000			-36.0000			-165.0000			45.0000			
-0.1720			-51.8534			51.2600			-0.7000			-26.0000			-168.0000			42.0000			
2.0845			-51.2830			49.0290			-0.1000			-16.0000			-170.0000			35.0000			
7.7258			-51.2830			44.0091			0.4000			-6.0000			-173.0000			30.0000			
17.3160			-57.5569			38.9892			-1.2000			5.0000			-174.0000			25.0000			
22.9573			-59.8383			37.3159			0.4000			14.0000			-172.0000			19.0000			
24.6497			-61.5494			36.7581			-0.1000			26.0000			-171.0000			15.0000			
27.4704			-59.8383			32.8538			0.4000			33.0000			-167.0000			6.0000			
31.9834			-59.8383			28.9494			1.0000			44.0000			-163.0000			2.0000			
35.9323			-56.9865			21.6985			0.6000			53.0000			-159.0000			-5.0000			
37.0606			-54.7051			16.6786			-0.9000			62.0000			-153.0000			-12.0000			
42.1377			-54.7051			12.7742			0.2000			71.0000			-147.0000			-17.0000			
44.9584			-55.2755			10.5431			0.2000			79.0000			-139.0000			-22.0000			
48.9073			-54.1348			6.0810			0.8000			85.0000			-131.0000			-29.0000			
51.7279			-50.1423			-1.1699			0.4000			92.0000			-122.0000			-33.0000			
51.1638			-46.7202			-4.5165			0.0000			99.0000			-113.0000			-38.0000			
50.0356			-41.5870			-8.4209			0.0000			106.0000			-103.0000			-42.0000			
52.2921			-37.5946			-14.5563			0.1000			111.0000			-93.0000			-49.0000			
57.3692			-34.7428			-21.8073			0.8000			118.0000			-83.0000			-53.0000			
59.6258			-32.4614			-27.3849			-0.2000			121.0000			-71.0000			-57.0000			
62.4464			-31.3207			-30.7315			0.4000			124.0000			-59.0000			-62.0000			
63.0105			-27.8986			-35.1937			0.0000			124.0000			-47.0000			-65.0000			
64.1388			-24.4765			-40.2136			-0.5000			127.0000			-34.0000			-69.0000			
64.1388			-16.4915			-46.9067			0.7000			128.0000			-22.0000			-73.0000			
61.8823			-12.4991			-49.1378			0.2000			127.0000			-8.0000			-74.0000			
63.0105			-9.6473			-53.5999			-0.2000			126.0000			4.0000			-76.0000			
61.8823			-5.6548			-57.5043			-1.2000			125.0000			17.0000			-78.0000			
59.0616			-0.5217			-58.0621			0.4000			121.0000			29.0000			-79.0000			
55.6769			4.6115			-60.2931			0.0000			119.0000			40.0000			-81.0000			
55.6769			5.1819			-61.4087			-0.5000			115.0000			53.0000			-81.0000			
50.5997			10.8854			-60.8509			0.6000			109.0000			63.0000			-82.0000			
44.9584			20.0110			-64.1975			0.7000			105.0000			76.0000			-82.0000			
40.4454			26.2849			-66.9863			-0.2000			98.0000			85.0000			-81.0000			
37.6247			29.7070			-67.5441			-0.2000			91.0000			95.0000			-79.0000			
34.8041			30.8477			-65.3130			0.3000			83.0000			104.0000			-78.0000			
31.4193			35.4105			-65.3130			1.5000			74.0000			113.0000			-75.0000			
26.3421			39.4030			-65.3130			0.4000			65.0000			120.0000			-74.0000			
21.8291			41.6844			-63.0820			0.4000			55.0000			127.0000			-71.0000			
18.4443			43.9658			-62.5242			-0.1000			45.0000			132.0000			-68.0000			
13.3671			47.3879			-60.8509			0.0000			36.0000			138.0000			-65.0000			
9.9823			47.3879			-57.5043			-0.1000			26.0000			142.0000			-62.0000			
4.3410			49.0990			-53.0422			0.4000			14.0000			145.0000			-57.0000			
-0.1720			51.9508			-51.3689			0.4000			4.0000			149.0000			-53.0000			
-1.8644			51.3804			-49.6956			-0.1000			-6.0000			149.0000			-49.0000			
-6.9415			51.9508			-44.1179			0.8000			-16.0000			151.0000			-45.0000			
-17.6600			57.6543			-39.0980			0.8000			-29.0000			149.0000			-41.0000			
-21.6089			60.5060			-36.8670			2.0000			-40.0000			149.0000			-36.0000			
-23.8654			61.0764			-37.4247			-0.2000			-51.0000			145.0000			-30.0000			
-27.2502			59.9357			-32.4048			0.2000			-60.0000			140.0000			-25.0000			
-31.7633			59.9357			-27.3849			0.7000			-71.0000			137.0000			-18.0000			
-36.2763			57.0839			-20.6918			0.1000			-81.0000			131.0000			-13.0000			
-37.9687			54.8025			-16.2296			0.6000			-90.0000			126.0000			-8.0000			
-42.4817			54.8025			-12.8830			-0.5000			-99.0000			119.0000			-2.0000			
-45.3024			54.8025			-8.9787			0.5000			-107.0000			111.0000			3.0000			
-49.8154			54.8025			-5.0743			0.0000			-114.0000			102.0000			9.0000			
-51.5078			49.6693			2.7344			0.8000			-122.0000			93.0000			13.0000			
-52.0719			47.3879			5.5232			0.8000			-129.0000			83.0000			19.0000			
-50.9437			42.2548			8.8698			0.1000			-135.0000			74.0000			23.0000			
-52.0719			36.5512			16.1208			0.6000			-141.0000			63.0000			30.0000			
-57.7132			34.8402			23.3717			0.5000			-145.0000			53.0000			34.0000			
-61.0980			33.6995			28.3916			0.9000			-149.0000			43.0000			39.0000			
-62.2263			31.4181			31.7382			0.9000			-151.0000			30.0000			43.0000			
-62.7904			27.4256			36.2004			0.8000			-153.0000			18.0000			47.0000			
-65.6110			25.1442			41.2203			0.7000			-153.0000			6.0000			50.0000			
-64.4828			17.1593			47.3557			0.0000			-154.0000			-7.0000			54.0000			
-62.2263			12.5964			49.5867			0.0000			-153.0000			-19.0000			58.0000			
-63.9187			9.7447			53.4911			-0.6000			-151.0000			-31.0000			60.0000			
-61.6621			4.6115			56.8377			-0.2000			-147.0000			-41.0000			62.0000			
-58.8415			0.0487			58.5110			-0.2000			-145.0000			-53.0000			66.0000			
-56.0208			-4.5141			61.2998			0.7000			-140.0000			-65.0000			65.0000			
-55.4567			-6.2252			61.8576			0.1000			-135.0000			-75.0000			68.0000			
-51.5078			-10.7880			61.8576			-0.4000			-130.0000			-86.0000			69.0000			
-44.7382			-19.9136			64.6464			0.0000			-124.0000			-97.0000			70.0000			
-39.6611			-27.3282			66.8775			-0.1000			-117.0000			-107.0000			71.0000			
-36.8404			-30.1800			67.4352			0.4000			-109.0000			-115.0000			70.0000			
-34.0198			-30.7503			65.7620			0.9000			-100.0000			-122.0000			68.0000			
-30.6350			-35.3132			65.2042			-0.7000			-90.0000			-130.0000			67.0000			
-25.5578			-39.3056			64.6464			-0.2000			-80.0000			-137.0000			67.0000			
-21.0448			-41.5870			62.4154			-0.2000			-70.0000			-143.0000			64.0000			
-16.5318			-44.4388			61.8576			0.8000			-58.0000			-149.0000			63.0000			
-12.5828			-47.2906			59.6265			-0.2000			-49.0000			-152.0000			59.0000			
-9.1981			-49.0016			57.3955			-0.8000			-37.0000			-156.0000			56.0000			
-3.5568			-50.7127			53.4911			-0.7000			-25.0000			-158.0000			52.0000			
0.9563			-52.9941			51.2600			-0.7000			-15.0000			-160.0000			50.0000			
3.2128			-51.8534			48.4712			-0.1000			-2.0000			-161.0000			46.0000			
8.2900			-51.8534			44.0091			0.4000			10.0000			-161.0000			43.0000			
19.5726			-58.1272			39.5470			0.9000			21.0000			-161.0000			38.0000			
24.0856			-59.8383			35.6426			-0.1000			32.0000			-158.0000			36.0000			
24.0856			-60.4087			36.2004			-0.1000			44.0000			-154.0000			30.0000			
26.9062			-59.8383			32.8538			0.0000			55.0000			-150.0000			25.0000			
32.5475			-58.6976			26.7183			0.5000			66.0000			-145.0000			19.0000			
35.9323			-56.9865			20.0252			-1.0000			75.0000			-139.0000			14.0000			
38.7530			-55.8458			18.3519			1.2000			86.0000			-133.0000			8.0000			
41.5736			-55.2755			12.7742			-0.9000			95.0000			-126.0000			2.0000			
44.3943			-55.2755			9.4276			-1.4000			103.0000			-118.0000			-3.0000			
49.4714			-53.5644			4.9655			0.8000			110.0000			-109.0000			-7.0000			
51.7279			-49.0016			-1.7277			1.0000			118.0000			-101.0000			-13.0000			
50.5997			-46.7202			-4.5165			-0.6000			124.0000			-91.0000			-18.0000			
51.1638			-42.1574			-9.5364			-0.5000			129.0000			-82.0000			-24.0000			
52.8562			-37.0242			-15.1141			0.7000			136.0000			-72.0000			-29.0000			
56.8051			-34.1725			-22.9228			-0.2000			139.0000			-62.0000			-33.0000			
60.7540			-33.0317			-27.3849			0.3000			143.0000			-51.0000			-39.0000			
62.4464			-30.7503			-31.2893			0.4000			143.0000			-38.0000			-44.0000			
62.4464			-27.3282			-35.1937			0.0000			146.0000			-28.0000			-47.0000			
64.1388			-23.9061			-40.7713			-0.5000			146.0000			-16.0000			-52.0000			
63.5747			-15.9212			-46.3490			1.3000			145.0000			-4.0000			-57.0000			
63.5747			-13.6398			-49.1378			0.7000			142.0000			6.0000			-61.0000			
63.0105			-10.2177			-53.5999			-0.8000			141.0000			17.0000			-65.0000			
61.8823			-5.0845			-55.8310			0.9000			136.0000			28.0000			-67.0000			
58.4975			0.6190			-58.0621			1.0000			132.0000			40.0000			-69.0000			
56.2410			4.6115			-60.8509			0.0000			127.0000			51.0000			-73.0000			
55.1127			6.3226			-61.4087			0.0000			122.0000			60.0000			-75.0000			
50.5997			12.0261			-61.4087			1.2000			115.0000			71.0000			-77.0000			
44.9584			20.0110			-64.1975			0.7000			108.0000			79.0000			-80.0000			
39.3171			26.8552			-66.4285			-0.2000			99.0000			88.0000			-80.0000			
37.6247			29.7070			-66.9863			0.3000			91.0000			96.0000			-79.0000			
34.8041			30.8477			-65.8708			-0.2000			79.0000			104.0000			-81.0000			
31.4193			34.8402			-65.8708			0.3000			69.0000			111.0000			-81.0000			
24.6497			39.4030			-64.7553			-0.7000			58.0000			116.0000			-79.0000			
20.1367			41.6844			-61.4087			0.4000			47.0000			122.0000			-78.0000			
16.7519			43.9658			-60.8509			-0.1000			34.0000			127.0000			-76.0000			
13.3671			46.8176			-59.1776			1.0000			24.0000			131.0000			-74.0000			
8.2900			48.5286			-56.3888			0.4000			12.0000			132.0000			-71.0000			
3.7769			50.2397			-53.5999			0.4000			-1.0000			133.0000			-68.0000			
0.3921			51.9508			-51.9266			0.4000			-12.0000			134.0000			-67.0000			
-2.9926			51.9508			-49.1378			-0.1000			-24.0000			135.0000			-64.0000			
-8.0698			51.9508			-43.5602			0.3000			-36.0000			135.0000			-60.0000			
-18.7883			58.7950			-38.5403			1.4000			-49.0000			133.0000			-57.0000			
-22.7372			59.9357			-35.1937			2.0000			-60.0000			130.0000			-52.0000			
-23.8654			60.5060			-35.7514			0.8000			-72.0000			125.0000			-49.0000			
-27.8144			59.3653			-31.8471			-0.2000			-83.0000			123.0000			-44.0000			
-31.7633			59.3653			-26.8272			0.7000			-94.0000			118.0000			-38.0000			
-35.7122			57.0839			-19.5762			1.7000			-105.0000			112.0000			-32.0000			
-38.5328			55.9432			-16.2296			1.1000			-114.0000			105.0000			-28.0000			
-42.4817			55.9432			-12.3253			1.1000			-123.0000			98.0000			-22.0000			
-45.3024			55.9432			-9.5364			1.1000			-131.0000			91.0000			-17.0000			
-49.8154			53.6618			-4.5165			-0.6000			-138.0000			80.0000			-11.0000			
-51.5078			49.0990			1.6189			-0.7000			-145.0000			73.0000			-4.0000			
-50.9437			45.6769			4.9655			-0.3000			-151.0000			64.0000			2.0000			
-50.3795			41.6844			9.9854			1.2000			-157.0000			55.0000			6.0000			
-53.2002			37.1216			15.0053			-1.0000			-162.0000			45.0000			11.0000			
-56.5850			34.2698			23.3717			1.0000			-165.0000			36.0000			17.0000			
-61.0980			32.5588			28.3916			-0.1000			-168.0000			24.0000			22.0000			
-62.2263			30.8477			31.1805			-0.1000			-169.0000			14.0000			29.0000			
-63.3545			27.4256			35.0848			-0.8000			-169.0000			3.0000			34.0000			
-64.4828			24.0035			40.6625			0.1000			-168.0000			-8.0000			39.0000			
-62.7904			16.5889			47.3557			1.1000			-166.0000			-19.0000			43.0000			
-63.9187			13.7371			50.1445			0.0000			-164.0000			-30.0000			48.0000			
-63.3545			9.7447			52.9333			-0.6000			-161.0000			-40.0000			53.0000			
-61.0980			4.0412			56.8377			-0.2000			-155.0000			-50.0000			57.0000			
-58.8415			-0.5217			58.5110			-0.8000			-150.0000			-59.0000			59.0000			
-56.5850			-3.9438			60.1843			-0.3000			-144.0000			-70.0000			63.0000			
-54.3285			-6.7955			61.2998			0.1000			-137.0000			-78.0000			66.0000			
-49.8154			-11.9287			61.8576			0.1000			-130.0000			-88.0000			69.0000			
-44.7382			-21.0543			64.6464			-1.1000			-122.0000			-97.0000			72.0000			
-38.5328			-27.3282			65.7620			0.0000			-113.0000			-104.0000			75.0000			
-36.8404			-29.6096			67.4352			0.9000			-103.0000			-112.0000			74.0000			
-34.0198			-31.3207			65.2042			-0.1000			-92.0000			-118.0000			76.0000			
-30.6350			-35.8835			65.7620			-0.7000			-81.0000			-125.0000			75.0000			
-23.8654			-39.3056			64.0887			0.9000			-69.0000			-129.0000			75.0000			
-19.3524			-42.1574			61.8576			0.3000			-56.0000			-134.0000			75.0000			
-15.4035			-43.8684			60.7421			1.4000			-45.0000			-138.0000			74.0000			
-12.5828			-46.7202			59.6265			0.3000			-33.0000			-140.0000			72.0000			
-6.9415			-47.8609			56.2799			1.4000			-19.0000			-143.0000			70.0000			
-1.8644			-50.1423			52.9333			0.9000			-7.0000			-144.0000			67.0000			
0.3921			-51.8534			51.8178			0.3000			5.0000			-144.0000			65.0000			
3.2128			-50.7127			49.0290			1.5000			19.0000			-145.0000			63.0000			
9.9823			-52.4237			42.8936			0.4000			31.0000			-144.0000			60.0000			
20.7008			-59.8383			39.5470			0.4000			44.0000			-142.0000			56.0000			
24.0856			-59.2680			35.6426			0.4000			55.0000			-139.0000			52.0000			
24.6497			-60.9790			35.0848			-1.2000			67.0000			-135.0000			47.0000			
28.0345			-59.8383			32.2960			0.4000			78.0000			-131.0000			43.0000			
31.9834			-58.6976			27.2761			0.5000			89.0000			-126.0000			38.0000			
37.0606			-55.2755			19.4674			1.2000			99.0000			-120.0000			31.0000			
39.8812			-56.4162			17.2363			0.7000			108.0000			-114.0000			26.0000			
43.2660			-55.8458			12.7742			0.1000			116.0000			-107.0000			21.0000			
44.9584			-55.2755			8.8698			-1.4000			123.0000			-100.0000			15.0000			
49.4714			-54.1348			3.8499			-0.8000			131.0000			-91.0000			10.0000			
51.1638			-48.4313			-2.2855			0.4000			137.0000			-83.0000			3.0000			
51.7279			-46.1499			-4.5165			1.0000			143.0000			-74.0000			-3.0000			
50.5997			-41.0167			-10.0942			-0.5000			148.0000			-66.0000			-9.0000			
53.9845			-36.4539			-15.6719			1.8000			153.0000			-58.0000			-15.0000			
57.3692			-34.1725			-22.9228			0.2000			155.0000			-49.0000			-22.0000			
61.3182			-32.4614			-27.9427			0.9000			156.0000			-37.0000			-27.0000			
61.8823			-30.1800			-31.8471			-0.1000			155.0000			-27.0000			-34.0000			
63.0105			-27.3282			-34.6359			1.0000			156.0000			-18.0000			-40.0000			
64.1388			-22.1951			-40.7713			1.1000			153.0000			-6.0000			-45.0000			
62.4464			-15.3508			-46.3490			0.7000			151.0000			4.0000			-52.0000			
64.1388			-13.6398			-50.8111			-0.3000			148.0000			14.0000			-58.0000			
63.0105			-10.7880			-53.5999			-1.3000			144.0000			23.0000			-62.0000			
61.3182			-3.9438			-56.9465			0.4000			139.0000			31.0000			-66.0000			
58.4975			1.7597			-58.6198			1.6000			132.0000			41.0000			-70.0000			
56.2410			4.0412			-60.2931			0.0000			125.0000			51.0000			-73.0000			
54.5486			6.8929			-60.8509			0.5000			118.0000			58.0000			-79.0000			
48.3432			13.7371			-60.8509			1.2000			110.0000			68.0000			-81.0000			
44.3943			21.1517			-65.3130			0.2000			100.0000			76.0000			-85.0000			
39.3171			27.4256			-65.8708			0.8000			90.0000			82.0000			-87.0000			
36.4964			30.2774			-66.4285			0.3000			79.0000			89.0000			-89.0000			
33.6758			30.8477			-64.7553			-0.2000			67.0000			94.0000			-91.0000			
30.2910			35.4105			-65.3130			0.3000			55.0000			100.0000			-91.0000			
24.6497			39.4030			-64.1975			-0.1000			43.0000			105.0000			-90.0000			
19.5726			41.6844			-60.8509			0.4000			30.0000			109.0000			-91.0000			
16.7519			44.5362			-60.8509			0.4000			17.0000			113.0000			-91.0000			
13.3671			45.6769			-59.7354			-0.6000			4.0000			115.0000			-89.0000			
7.7258			48.5286			-55.2732			0.9000			-8.0000			115.0000			-87.0000			
2.6487			49.6693			-51.3689			0.9000			-21.0000			117.0000			-85.0000			
0.3921			50.8100			-51.3689			-0.1000			-34.0000			117.0000			-84.0000			
-2.4285			50.8100			-47.4645			0.9000			-47.0000			118.0000			-81.0000			
-10.3263			52.5211			-40.7713			1.4000			-59.0000			116.0000			-79.0000			
-19.3524			58.2246			-38.5403			0.3000			-70.0000			116.0000			-76.0000			
-23.3013			59.3653			-35.7514			0.3000			-82.0000			111.0000			-71.0000			
-23.8654			59.9357			-35.1937			0.8000			-94.0000			109.0000			-65.0000			
-28.3785			58.7950			-30.1738			0.2000			-105.0000			105.0000			-60.0000			
-32.3274			57.6543			-25.1539			0.1000			-115.0000			99.0000			-55.0000			
-36.2763			55.9432			-18.4607			1.2000			-124.0000			94.0000			-50.0000			
-39.0969			56.5136			-14.5563			2.8000			-134.0000			88.0000			-43.0000			
-43.0459			54.8025			-11.2097			0.5000			-143.0000			81.0000			-37.0000			
-45.3024			54.8025			-8.9787			0.5000			-150.0000			72.0000			-31.0000			
-49.8154			53.6618			-2.8432			1.0000			-155.0000			66.0000			-24.0000			
-52.0719			48.5286			3.8499			0.3000			-162.0000			59.0000			-18.0000			
-50.9437			45.1065			5.5232			-0.3000			-166.0000			50.0000			-10.0000			
-50.9437			41.1141			10.5431			0.7000			-170.0000			43.0000			-3.0000			
-53.7643			36.5512			17.7941			0.5000			-173.0000			34.0000			3.0000			
-58.2774			34.2698			24.4873			0.4000			-175.0000			26.0000			10.0000			
-61.6621			33.6995			28.9494			0.9000			-177.0000			17.0000			17.0000			
-62.2263			30.2774			32.2960			0.3000			-175.0000			7.0000			23.0000			
-62.2263			27.4256			36.2004			1.3000			-173.0000			-2.0000			30.0000			
-64.4828			23.4331			42.3358			1.2000			-171.0000			-14.0000			37.0000			
-62.2263			14.8778			47.3557			0.0000			-167.0000			-22.0000			43.0000			
-64.4828			13.7371			51.2600			0.5000			-163.0000			-31.0000			49.0000			
-63.3545			9.7447			53.4911			-0.1000			-158.0000			-40.0000			54.0000			
-61.0980			4.0412			56.2799			-0.7000			-153.0000			-49.0000			60.0000			
-58.8415			-1.0920			59.6265			-0.2000			-145.0000			-57.0000			65.0000			
-56.5850			-4.5141			60.1843			-0.9000			-137.0000			-65.0000			69.0000			
-54.8926			-6.2252			60.7421			-0.3000			-129.0000			-73.0000			74.0000			
-48.6872			-13.6398			61.2998			-1.0000			-120.0000			-80.0000			78.0000			
-43.6100			-22.1951			64.6464			-1.1000			-110.0000			-88.0000			82.0000			
-37.9687			-27.3282			66.3197			1.0000			-100.0000			-95.0000			84.0000			
-37.4046			-29.6096			66.3197			-0.6000			-88.0000			-100.0000			87.0000			
-33.4556			-30.7503			64.6464			0.4000			-75.0000			-106.0000			87.0000			
-29.5067			-35.8835			65.2042			-0.1000			-64.0000			-112.0000			89.0000			
-23.8654			-39.3056			62.9731			-0.2000			-50.0000			-115.0000			89.0000			
-19.3524			-41.5870			61.2998			0.3000			-37.0000			-119.0000			89.0000			
-15.9676			-45.0091			60.7421			-0.2000			-25.0000			-123.0000			89.0000			
-12.0187			-46.7202			59.6265			0.8000			-11.0000			-124.0000			88.0000			
-6.9415			-48.4313			55.7222			0.3000			1.0000			-125.0000			87.0000			
-1.8644			-50.7127			51.2600			-1.3000			15.0000			-126.0000			86.0000			
0.9563			-51.8534			50.1445			-0.7000			26.0000			-128.0000			83.0000			
3.7769			-50.7127			47.3557			0.4000			40.0000			-127.0000			80.0000			
11.1106			-52.9941			41.7780			-0.1000			52.0000			-127.0000			78.0000			
20.7008			-58.6976			37.3159			-0.6000			65.0000			-125.0000			73.0000			
24.0856			-59.8383			35.0848			-0.6000			76.0000			-122.0000			69.0000			
24.6497			-60.4087			35.0848			-0.6000			87.0000			-118.0000			63.0000			
29.1628			-59.8383			30.6227			0.0000			97.0000			-114.0000			57.0000			
32.5475			-58.1272			25.0450			-0.5000			108.0000			-110.0000			52.0000			
36.4964			-55.2755			18.3519			-0.4000			118.0000			-105.0000			46.0000			
39.8812			-55.2755			15.5630			0.1000			126.0000			-100.0000			39.0000			
43.2660			-54.7051			11.1009			-0.3000			134.0000			-93.0000			31.0000			
46.0867			-55.2755			8.3121			-0.8000			138.0000			-86.0000			26.0000			
49.4714			-52.4237			2.7344			-0.2000			144.0000			-79.0000			20.0000			
51.1638			-47.8609			-2.8432			0.4000			148.0000			-73.0000			12.0000			
51.1638			-44.4388			-6.1898			0.5000			154.0000			-66.0000			4.0000			
51.7279			-40.4463			-11.2097			0.0000			157.0000			-58.0000			-4.0000			
55.1127			-36.4539			-18.4607			0.1000			159.0000			-50.0000			-11.0000			
58.4975			-33.0317			-25.1539			0.3000			160.0000			-42.0000			-19.0000			
61.8823			-33.6021			-29.6160			-1.3000			159.0000			-33.0000			-27.0000			
63.0105			-29.6096			-32.9626			0.4000			158.0000			-24.0000			-34.0000			
63.5747			-26.1875			-36.3092			1.0000			155.0000			-16.0000			-41.0000			
64.7029			-21.0543			-43.0024			0.6000			153.0000			-8.0000			-47.0000			
62.4464			-13.0694			-47.4645			1.9000			149.0000			2.0000			-55.0000			
65.2671			-13.0694			-51.3689			0.8000			144.0000			11.0000			-61.0000			
63.5747			-8.5066			-54.1577			0.9000			137.0000			19.0000			-68.0000			
61.3182			-2.8031			-56.3888			2.1000			130.0000			26.0000			-74.0000			
58.4975			2.3301			-59.1776			1.6000			122.0000			35.0000			-79.0000			
56.2410			5.1819			-60.8509			0.5000			114.0000			42.0000			-85.0000			
53.9845			8.6040			-61.9664			0.6000			105.0000			50.0000			-89.0000			
49.4714			14.3075			-60.8509			2.9000			96.0000			57.0000			-95.0000			
43.2660			22.8628			-65.8708			0.2000			86.0000			63.0000			-99.0000			
37.6247			29.1367			-65.3130			1.4000			74.0000			70.0000			-101.0000			
36.4964			30.8477			-66.4285			0.9000			62.0000			76.0000			-103.0000			
33.6758			31.9884			-65.3130			0.3000			49.0000			82.0000			-105.0000			
29.7269			35.9809			-64.7553			0.9000			37.0000			86.0000			-107.0000			
24.0856			40.5437			-63.0820			1.5000			23.0000			90.0000			-108.0000			
19.5726			42.8251			-61.4087			0.9000			10.0000			94.0000			-108.0000			
16.7519			44.5362			-61.4087			-0.1000			-3.0000			96.0000			-108.0000			
12.8030			45.6769			-58.0621			0.4000			-17.0000			99.0000			-106.0000			
7.1617			49.0990			-54.7155			1.5000			-29.0000			99.0000			-105.0000			
2.0845			50.2397			-50.8111			1.5000			-41.0000			100.0000			-102.0000			
-0.1720			50.8100			-50.2533			0.3000			-53.0000			102.0000			-100.0000			
-2.9926			50.8100			-46.3490			1.4000			-66.0000			102.0000			-97.0000			
-10.3263			52.5211			-40.2136			1.9000			-77.0000			100.0000			-94.0000			
-19.3524			58.2246			-37.4247			1.4000			-90.0000			100.0000			-90.0000			
-22.7372			59.3653			-35.7514			0.8000			-101.0000			97.0000			-85.0000			
-24.4296			59.9357			-35.1937			0.3000			-111.0000			95.0000			-79.0000			
-28.3785			59.9357			-30.1738			1.3000			-122.0000			90.0000			-73.0000			
-32.3274			57.6543			-24.5961			0.7000			-131.0000			86.0000			-66.0000			
-36.2763			54.8025			-17.3452			1.1000			-138.0000			81.0000			-60.0000			
-39.6611			55.3729			-12.8830			2.8000			-147.0000			76.0000			-53.0000			
-43.0459			55.3729			-11.2097			1.1000			-153.0000			71.0000			-45.0000			
-45.8665			54.8025			-7.8631			1.0000			-158.0000			64.0000			-39.0000			
-49.8154			52.5211			-1.7277			0.9000			-163.0000			57.0000			-31.0000			
-51.5078			47.9583			3.8499			0.3000			-168.0000			51.0000			-22.0000			
-50.3795			44.5362			6.0810			0.2000			-171.0000			45.0000			-14.0000			
-51.5078			39.9734			11.6587			0.1000			-174.0000			38.0000			-6.0000			
-53.7643			37.1216			19.4674			2.8000			-177.0000			31.0000			3.0000			
-58.8415			34.2698			25.6028			1.0000			-177.0000			24.0000			11.0000			
-61.6621			33.1291			28.9494			0.4000			-175.0000			16.0000			19.0000			
-63.3545			30.2774			33.4115			0.3000			-172.0000			8.0000			26.0000			
-63.9187			27.4256			37.3159			0.8000			-169.0000			-1.0000			36.0000			
-64.4828			22.2924			44.5669			2.3000			-165.0000			-8.0000			43.0000			
-62.2263			13.7371			47.3557			-1.1000			-159.0000			-17.0000			51.0000			
-65.0469			13.7371			51.8178			0.5000			-155.0000			-24.0000			57.0000			
-64.4828			9.7447			54.6066			-0.1000			-148.0000			-32.0000			63.0000			
-61.0980			4.0412			56.2799			-0.7000			-139.0000			-40.0000			70.0000			
-57.7132			-1.6624			59.6265			0.2000			-131.0000			-48.0000			76.0000			
-56.5850			-5.0845			60.7421			-0.9000			-123.0000			-54.0000			83.0000			
-53.7643			-7.3659			61.2998			0.1000			-113.0000			-61.0000			87.0000			
-47.5589			-14.7805			61.8576			-0.4000			-103.0000			-69.0000			92.0000			
-43.0459			-22.1951			66.3197			1.0000			-92.0000			-75.0000			97.0000			
-37.4046			-28.4689			66.3197			0.4000			-81.0000			-81.0000			100.0000			
-36.2763			-29.6096			66.8775			0.9000			-69.0000			-87.0000			103.0000			
-33.4556			-31.3207			65.2042			0.4000			-56.0000			-90.0000			105.0000			
-28.9426			-35.8835			65.2042			0.3000			-43.0000			-96.0000			106.0000			
-23.3013			-40.4463			63.5309			-0.2000			-30.0000			-101.0000			107.0000			
-19.3524			-41.5870			61.8576			0.9000			-17.0000			-104.0000			107.0000			
-15.4035			-45.0091			61.2998			0.8000			-4.0000			-106.0000			107.0000			
-12.5828			-47.2906			59.6265			-0.2000			9.0000			-108.0000			105.0000			
-6.9415			-48.4313			55.7222			0.3000			21.0000			-111.0000			103.0000			
-0.7361			-50.1423			50.7023			-0.1000			34.0000			-111.0000			100.0000			
0.9563			-51.8534			50.1445			-0.7000			47.0000			-112.0000			99.0000			
3.7769			-51.2830			46.7979			-0.7000			58.0000			-113.0000			95.0000			
11.6747			-52.9941			40.1047			-1.2000			70.0000			-113.0000			91.0000			
20.1367			-57.5569			36.7581			-0.6000			81.0000			-111.0000			86.0000			
24.0856			-59.2680			36.2004			1.0000			91.0000			-110.0000			81.0000			
24.6497			-60.4087			35.6426			-0.1000			102.0000			-107.0000			74.0000			
30.2910			-59.8383			30.6227			1.0000			111.0000			-104.0000			67.0000			
34.2399			-57.5569			23.9295			0.6000			120.0000			-100.0000			60.0000			
37.0606			-55.8458			18.3519			-0.4000			128.0000			-97.0000			53.0000			
41.0095			-54.7051			15.0053			1.3000			134.0000			-92.0000			46.0000			
44.3943			-54.7051			10.5431			0.2000			140.0000			-87.0000			37.0000			
47.2149			-54.1348			7.7543			0.8000			144.0000			-81.0000			29.0000			
50.5997			-51.8534			2.1766			0.9000			148.0000			-76.0000			21.0000			
51.1638			-47.2906			-3.4010			0.4000			153.0000			-70.0000			12.0000			
50.5997			-43.8684			-6.1898			0.5000			153.0000			-65.0000			4.0000			
52.2921			-39.3056			-11.2097			1.7000			156.0000			-58.0000			-5.0000			
55.6769			-36.4539			-19.0185			0.2000			158.0000			-52.0000			-14.0000			
59.0616			-33.6021			-25.7116			-0.2000			156.0000			-45.0000			-23.0000			
63.0105			-32.4614			-29.0582			1.4000			154.0000			-38.0000			-33.0000			
63.0105			-28.4689			-34.0781			0.4000			151.0000			-29.0000			-41.0000			
64.1388			-26.7579			-37.4247			0.0000			148.0000			-22.0000			-49.0000			
65.2671			-21.0543			-44.1179			0.0000			143.0000			-14.0000			-58.0000			
62.4464			-12.4991			-46.9067			3.0000			137.0000			-6.0000			-65.0000			
65.2671			-11.9287			-51.9266			1.4000			132.0000			2.0000			-73.0000			
63.0105			-7.3659			-53.5999			2.0000			124.0000			8.0000			-81.0000			
60.7540			-2.8031			-57.5043			0.4000			115.0000			15.0000			-86.0000			
57.9334			2.9005			-59.7354			1.0000			107.0000			23.0000			-92.0000			
55.6769			5.1819			-61.4087			-0.5000			97.0000			31.0000			-99.0000			
53.9845			8.6040			-60.2931			2.2000			88.0000			37.0000			-105.0000			
47.2149			15.4482			-61.9664			0.6000			76.0000			43.0000			-109.0000			
43.2660			24.0035			-66.4285			0.8000			66.0000			51.0000			-114.0000			
38.1888			29.7070			-66.4285			1.4000			55.0000			55.0000			-117.0000			
36.4964			31.4181			-66.9863			0.9000			43.0000			61.0000			-119.0000			
33.6758			32.5588			-64.7553			1.4000			30.0000			66.0000			-122.0000			
29.1628			37.1216			-65.3130			0.9000			17.0000			71.0000			-122.0000			
23.5215			39.9734			-63.0820			0.4000			4.0000			75.0000			-123.0000			
20.1367			42.2548			-60.8509			1.5000			-9.0000			79.0000			-124.0000			
15.0595			45.1065			-60.8509			-0.6000			-21.0000			83.0000			-122.0000			
12.2389			46.8176			-58.6198			0.4000			-34.0000			85.0000			-121.0000			
7.7258			49.0990			-55.8310			1.0000			-46.0000			86.0000			-117.0000			
1.5204			50.2397			-50.2533			1.5000			-57.0000			88.0000			-116.0000			
0.3921			51.3804			-49.6956			2.0000			-68.0000			88.0000			-113.0000			
-3.5568			51.3804			-45.7912			2.0000			-81.0000			89.0000			-109.0000			
-12.0187			53.0915			-40.7713			0.3000			-92.0000			91.0000			-105.0000			
-18.7883			56.5136			-36.3092			1.4000			-103.0000			89.0000			-99.0000			
-22.1731			59.3653			-36.3092			0.8000			-112.0000			87.0000			-94.0000			
-24.9937			59.9357			-34.6359			0.3000			-121.0000			86.0000			-86.0000			
-28.9426			59.9357			-30.1738			0.8000			-130.0000			83.0000			-79.0000			
-32.8915			57.6543			-22.9228			1.8000			-138.0000			80.0000			-71.0000			
-36.2763			54.8025			-18.4607			0.0000			-145.0000			77.0000			-62.0000			
-40.2252			54.8025			-12.8830			1.6000			-151.0000			72.0000			-54.0000			
-43.0459			54.2322			-10.6520			0.5000			-156.0000			69.0000			-46.0000			
-45.8665			54.2322			-7.8631			0.5000			-159.0000			63.0000			-38.0000			
-49.2513			51.3804			-0.6122			1.5000			-163.0000			58.0000			-27.0000			
-50.9437			47.9583			3.2922			0.3000			-165.0000			52.0000			-19.0000			
-50.3795			43.9658			6.6388			0.2000			-169.0000			48.0000			-10.0000			
-50.9437			39.4030			12.2164			0.6000			-169.0000			42.0000			-1.0000			
-54.8926			35.9809			19.4674			0.5000			-167.0000			36.0000			9.0000			
-58.8415			34.2698			26.1606			1.5000			-168.0000			30.0000			19.0000			
-61.0980			33.6995			28.9494			1.5000			-164.0000			22.0000			28.0000			
-62.2263			30.2774			33.4115			1.4000			-162.0000			16.0000			37.0000			
-64.4828			27.4256			37.3159			0.2000			-158.0000			8.0000			46.0000			
-64.4828			21.7221			44.0091			1.2000			-152.0000			1.0000			54.0000			
-61.0980			13.7371			46.7979			-0.5000			-147.0000			-6.0000			63.0000			
-64.4828			13.1668			52.9333			1.6000			-138.0000			-13.0000			71.0000			
-62.7904			9.1743			54.0489			0.4000			-131.0000			-20.0000			79.0000			
-59.9697			4.0412			56.2799			0.3000			-123.0000			-28.0000			85.0000			
-57.1491			-2.8031			59.6265			-0.3000			-114.0000			-34.0000			91.0000			
-56.0208			-4.5141			61.2998			0.7000			-105.0000			-41.0000			96.0000			
-53.7643			-7.3659			60.7421			-0.3000			-96.0000			-48.0000			103.0000			
-47.5589			-14.7805			61.8576			-0.4000			-85.0000			-55.0000			108.0000			
-41.9176			-23.3358			66.3197			1.0000			-74.0000			-61.0000			113.0000			
-37.4046			-28.4689			66.3197			0.4000			-63.0000			-67.0000			116.0000			
-36.2763			-29.6096			65.2042			-0.6000			-50.0000			-72.0000			118.0000			
-33.4556			-31.3207			65.2042			0.4000			-38.0000			-78.0000			120.0000			
-27.8144			-37.0242			65.2042			0.3000			-25.0000			-82.0000			120.0000			
-22.7372			-39.8760			63.5309			0.9000			-13.0000			-86.0000			121.0000			
-19.3524			-41.5870			61.8576			0.9000			-1.0000			-91.0000			119.0000			
-15.4035			-46.1499			61.8576			0.3000			12.0000			-94.0000			118.0000			
-12.0187			-46.1499			57.3955			-0.7000			23.0000			-97.0000			118.0000			
-6.9415			-48.4313			55.7222			0.3000			35.0000			-99.0000			113.0000			
-0.1720			-50.1423			50.7023			0.3000			47.0000			-100.0000			111.0000			
1.5204			-51.2830			49.5867			-0.1000			58.0000			-102.0000			108.0000			
4.9052			-50.7127			45.6824			-0.1000			70.0000			-105.0000			103.0000			
12.8030			-52.9941			40.1047			0.0000			79.0000			-105.0000			96.0000			
20.1367			-56.9865			37.3159			0.4000			89.0000			-105.0000			92.0000			
23.5215			-59.8383			36.2004			-0.1000			99.0000			-104.0000			85.0000			
24.6497			-59.2680			35.0848			0.4000			109.0000			-102.0000			77.0000			
30.2910			-59.8383			30.6227			1.0000			116.0000			-100.0000			69.0000			
34.2399			-56.9865			23.3717			0.6000			123.0000			-98.0000			61.0000			
37.0606			-54.7051			18.3519			0.7000			129.0000			-95.0000			52.0000			
40.4454			-54.1348			14.4475			0.7000			135.0000			-92.0000			43.0000			
44.3943			-54.1348			10.5431			0.7000			139.0000			-88.0000			34.0000			
47.7790			-54.1348			7.7543			1.3000			141.0000			-84.0000			25.0000			
50.0356			-51.2830			2.1766			0.9000			144.0000			-79.0000			15.0000			
51.1638			-47.2906			-3.4010			0.4000			147.0000			-75.0000			5.0000			
51.1638			-43.8684			-6.7476			0.5000			146.0000			-69.0000			-4.0000			
51.1638			-38.1649			-11.7675			1.2000			148.0000			-65.0000			-15.0000			
55.1127			-34.7428			-19.5762			0.7000			148.0000			-59.0000			-24.0000			
59.6258			-33.0317			-25.1539			1.4000			147.0000			-53.0000			-35.0000			
63.5747			-33.0317			-29.0582			1.4000			143.0000			-46.0000			-45.0000			
63.5747			-29.0393			-34.0781			0.4000			139.0000			-39.0000			-54.0000			
64.1388			-26.1875			-37.9825			0.0000			133.0000			-33.0000			-63.0000			
64.7029			-19.3433			-44.6757			0.6000			128.0000			-25.0000			-71.0000			
61.8823			-13.0694			-48.0223			0.7000			122.0000			-19.0000			-79.0000			
65.2671			-12.4991			-52.4844			0.2000			117.0000			-11.0000			-88.0000			
62.4464			-7.3659			-54.1577			0.9000			108.0000			-4.0000			-95.0000			
60.1899			-2.2327			-56.9465			1.0000			99.0000			3.0000			-102.0000			
56.8051			4.0412			-59.1776			1.6000			89.0000			10.0000			-109.0000			
55.1127			6.3226			-60.2931			1.1000			79.0000			18.0000			-113.0000			
51.7279			9.1743			-60.8509			0.0000			71.0000			23.0000			-120.0000			
47.7790			15.4482			-63.0820			0.1000			60.0000			30.0000			-124.0000			
42.1377			24.5738			-65.8708			0.8000			49.0000			37.0000			-128.0000			
36.4964			30.2774			-65.8708			0.9000			39.0000			44.0000			-132.0000			
35.9323			30.8477			-65.8708			0.9000			25.0000			49.0000			-134.0000			
33.6758			32.5588			-64.7553			1.4000			15.0000			54.0000			-135.0000			
27.4704			37.6919			-64.1975			0.9000			2.0000			60.0000			-136.0000			
22.3932			41.1141			-62.5242			0.9000			-11.0000			64.0000			-134.0000			
20.1367			42.8251			-62.5242			0.4000			-23.0000			69.0000			-134.0000			
16.1878			45.6769			-60.2931			1.5000			-35.0000			73.0000			-132.0000			
11.1106			46.8176			-57.5043			0.4000			-45.0000			76.0000			-129.0000			
6.5976			49.6693			-54.7155			1.5000			-57.0000			79.0000			-127.0000			
2.0845			49.6693			-51.3689			0.3000			-68.0000			81.0000			-121.0000			
-1.3003			51.3804			-49.1378			0.9000			-78.0000			82.0000			-118.0000			
-5.2492			51.3804			-45.2334			0.9000			-88.0000			86.0000			-114.0000			
-12.0187			54.2322			-40.2136			2.0000			-98.0000			87.0000			-108.0000			
-18.2241			56.5136			-36.8670			1.4000			-108.0000			87.0000			-101.0000			
-22.7372			59.9357			-35.7514			1.4000			-116.0000			87.0000			-94.0000			
-24.9937			59.9357			-35.1937			-0.2000			-124.0000			85.0000			-84.0000			
-29.5067			59.3653			-29.6160			0.2000			-130.0000			83.0000			-77.0000			
-33.4556			57.0839			-22.9228			0.7000			-137.0000			81.0000			-69.0000			
-36.8404			53.6618			-16.7874			0.0000			-143.0000			80.0000			-59.0000			
-40.2252			54.8025			-13.4408			1.1000			-147.0000			76.0000			-50.0000			
-42.4817			54.2322			-10.6520			1.1000			-151.0000			72.0000			-40.0000			
-47.5589			53.6618			-6.7476			-0.6000			-154.0000			68.0000			-30.0000			
-49.8154			51.3804			-0.6122			0.9000			-156.0000			63.0000			-21.0000			
-50.3795			47.3879			4.4077			1.4000			-157.0000			61.0000			-10.0000			
-50.3795			43.3955			7.7543			0.7000			-157.0000			56.0000			1.0000			
-51.5078			39.4030			12.7742			0.6000			-159.0000			51.0000			11.0000			
-55.4567			36.5512			20.0252			1.1000			-157.0000			47.0000			21.0000			
-58.2774			34.2698			26.7183			2.7000			-155.0000			39.0000			31.0000			
-62.7904			33.6995			29.5072			0.4000			-152.0000			33.0000			41.0000			
-63.3545			29.7070			33.4115			-0.2000			-147.0000			26.0000			51.0000			
-63.9187			26.2849			38.4314			0.7000			-143.0000			19.0000			60.0000			
-64.4828			20.0110			45.1246			0.6000			-137.0000			13.0000			70.0000			
-61.0980			13.7371			47.3557			0.0000			-129.0000			6.0000			77.0000			
-65.0469			13.1668			52.9333			1.0000			-124.0000			-1.0000			86.0000			
-62.7904			8.0336			55.1644			0.4000			-116.0000			-7.0000			92.0000			
-59.9697			2.3301			57.3955			-0.2000			-106.0000			-15.0000			99.0000			
-56.5850			-3.3734			60.1843			0.2000			-97.0000			-22.0000			105.0000			
-56.5850			-4.5141			60.7421			-0.3000			-89.0000			-29.0000			111.0000			
-52.0719			-8.5066			60.7421			0.1000			-79.0000			-36.0000			117.0000			
-46.9948			-15.9212			62.9731			0.0000			-69.0000			-43.0000			121.0000			
-42.4817			-23.3358			65.2042			-0.6000			-58.0000			-49.0000			125.0000			
-36.8404			-29.0393			66.3197			0.4000			-48.0000			-57.0000			128.0000			
-35.7122			-30.1800			66.3197			0.4000			-35.0000			-62.0000			128.0000			
-33.4556			-32.4614			65.7620			-0.1000			-24.0000			-68.0000			129.0000			
-27.8144			-37.5946			65.2042			-0.2000			-12.0000			-74.0000			130.0000			
-22.1731			-40.4463			62.4154			-0.2000			-1.0000			-79.0000			130.0000			
-19.3524			-42.1574			62.9731			1.4000			12.0000			-84.0000			128.0000			
-14.8394			-45.5795			60.7421			0.3000			21.0000			-88.0000			125.0000			
-10.8905			-46.7202			57.3955			-0.2000			32.0000			-92.0000			123.0000			
-5.8133			-48.4313			54.6066			0.3000			42.0000			-94.0000			118.0000			
-0.7361			-49.5720			50.7023			0.3000			54.0000			-97.0000			113.0000			
2.0845			-51.2830			49.5867			0.3000			65.0000			-99.0000			108.0000			
6.0334			-51.2830			45.1246			-0.1000			72.0000			-103.0000			104.0000			
14.4954			-53.5644			39.5470			0.4000			83.0000			-104.0000			97.0000			
20.1367			-56.4162			37.3159			1.0000			91.0000			-106.0000			90.0000			
23.5215			-58.6976			36.7581			1.5000			99.0000			-105.0000			82.0000			
25.7780			-59.2680			33.9693			0.4000			105.0000			-105.0000			73.0000			
30.2910			-59.8383			28.9494			-0.5000			111.0000			-104.0000			63.0000			
34.2399			-56.4162			22.2562			0.0000			118.0000			-102.0000			54.0000			
37.0606			-52.9941			17.2363			1.3000			124.0000			-101.0000			44.0000			
41.0095			-52.9941			13.3320			1.3000			128.0000			-98.0000			35.0000			
43.8301			-55.2755			10.5431			-0.9000			131.0000			-95.0000			26.0000			
47.7790			-54.1348			7.1965			0.8000			133.0000			-91.0000			15.0000			
50.5997			-49.5720			-0.0544			0.9000			135.0000			-88.0000			6.0000			
51.1638			-46.7202			-3.9588			0.4000			136.0000			-84.0000			-7.0000			
50.5997			-42.1574			-7.8631			0.5000			136.0000			-80.0000			-17.0000			
51.7279			-37.5946			-13.4408			0.6000			136.0000			-74.0000			-27.0000			
56.2410			-35.3132			-20.1340			0.7000			134.0000			-69.0000			-38.0000			
59.6258			-32.4614			-26.2694			0.9000			132.0000			-65.0000			-49.0000			
63.5747			-32.4614			-30.1738			0.9000			128.0000			-57.0000			-58.0000			
63.0105			-27.8986			-34.0781			1.0000			123.0000			-52.0000			-68.0000			
64.7029			-25.0468			-39.0980			0.5000			119.0000			-44.0000			-78.0000			
65.2671			-18.2026			-45.2334			1.8000			112.0000			-38.0000			-86.0000			
61.3182			-12.4991			-48.0223			0.8000			107.0000			-31.0000			-95.0000			
65.2671			-10.2177			-53.0422			2.0000			99.0000			-24.0000			-103.0000			
62.4464			-6.2252			-55.8310			0.3000			92.0000			-16.0000			-109.0000			
59.6258			-1.0920			-58.0621			0.4000			83.0000			-9.0000			-115.0000			
56.8051			5.1819			-59.7354			2.2000			74.0000			-2.0000			-121.0000			
55.6769			5.7522			-60.8509			0.5000			65.0000			6.0000			-127.0000			
52.8562			10.8854			-60.8509			2.8000			56.0000			13.0000			-132.0000			
46.6508			17.7296			-63.0820			1.3000			47.0000			20.0000			-137.0000			
42.1377			24.5738			-65.3130			1.4000			36.0000			28.0000			-139.0000			
36.4964			30.2774			-66.4285			0.3000			25.0000			34.0000			-142.0000			
34.8041			31.4181			-65.3130			0.9000			16.0000			40.0000			-142.0000			
32.5475			33.6995			-65.3130			0.9000			3.0000			47.0000			-143.0000			
28.0345			37.6919			-64.1975			1.5000			-8.0000			53.0000			-142.0000			
21.8291			41.6844			-62.5242			0.9000			-19.0000			59.0000			-141.0000			
20.1367			43.9658			-62.5242			1.5000			-30.0000			65.0000			-139.0000			
15.6236			45.6769			-60.2931			1.0000			-40.0000			69.0000			-137.0000			
10.5465			47.3879			-56.9465			0.9000			-50.0000			74.0000			-132.0000			
6.0334			49.6693			-54.1577			1.5000			-61.0000			77.0000			-127.0000			
0.9563			50.2397			-51.3689			-0.1000			-70.0000			79.0000			-123.0000			
-1.8644			50.8100			-49.1378			-0.1000			-79.0000			83.0000			-118.0000			
-6.3774			50.8100			-44.6757			-0.2000			-88.0000			87.0000			-112.0000			
-14.2752			54.2322			-38.5403			1.4000			-97.0000			88.0000			-105.0000			
-18.7883			57.0839			-36.3092			1.9000			-105.0000			89.0000			-97.0000			
-23.3013			58.7950			-36.3092			-0.8000			-112.0000			91.0000			-88.0000			
-25.5578			59.3653			-31.8471			1.9000			-118.0000			89.0000			-80.0000			
-29.5067			58.7950			-28.5005			0.7000			-124.0000			89.0000			-69.0000			
-34.0198			55.9432			-21.2495			0.6000			-130.0000			88.0000			-60.0000			
-36.2763			54.2322			-17.3452			0.6000			-134.0000			85.0000			-50.0000			
-40.7893			54.2322			-12.3253			1.1000			-138.0000			84.0000			-41.0000			
-43.0459			54.8025			-10.6520			1.1000			-141.0000			81.0000			-30.0000			
-47.5589			54.2322			-6.7476			0.0000			-143.0000			77.0000			-20.0000			
-50.3795			50.8100			1.0611			1.4000			-144.0000			73.0000			-8.0000			
-50.9437			47.3879			4.4077			0.8000			-144.0000			70.0000			3.0000			
-50.3795			42.2548			7.7543			-0.3000			-144.0000			66.0000			13.0000			
-52.0719			38.2623			15.0053			1.1000			-145.0000			62.0000			23.0000			
-56.0208			35.4105			21.1407			0.5000			-143.0000			57.0000			35.0000			
-59.9697			33.6995			26.7183			0.4000			-141.0000			50.0000			45.0000			
-62.7904			31.4181			30.6227			-0.7000			-137.0000			45.0000			55.0000			
-62.7904			29.1367			34.5271			0.8000			-132.0000			38.0000			63.0000			
-65.0469			26.8552			38.9892			0.7000			-128.0000			30.0000			73.0000			
-64.4828			18.8703			45.6824			0.0000			-121.0000			24.0000			82.0000			
-61.0980			12.5964			49.0290			0.5000			-115.0000			17.0000			91.0000			
-64.4828			12.0261			52.9333			0.4000			-109.0000			9.0000			99.0000			
-62.2263			6.8929			56.2799			0.9000			-101.0000			3.0000			103.0000			
-59.9697			1.7597			58.5110			0.3000			-94.0000			-6.0000			111.0000			
-56.5850			-4.5141			60.7421			-0.3000			-85.0000			-12.0000			118.0000			
-56.0208			-5.0845			61.2998			0.1000			-75.0000			-20.0000			122.0000			
-52.0719			-8.5066			61.2998			0.7000			-67.0000			-27.0000			126.0000			
-46.4306			-16.4915			62.9731			0.0000			-57.0000			-35.0000			130.0000			
-41.9176			-23.9061			66.3197			0.4000			-49.0000			-43.0000			133.0000			
-37.4046			-28.4689			66.3197			0.4000			-38.0000			-49.0000			135.0000			
-34.5839			-29.6096			65.2042			1.0000			-27.0000			-58.0000			135.0000			
-32.3274			-33.6021			65.2042			-0.7000			-18.0000			-64.0000			134.0000			
-27.8144			-37.0242			64.6464			-0.1000			-6.0000			-70.0000			135.0000			
-21.6089			-40.4463			61.8576			-0.1000			4.0000			-77.0000			132.0000			
-19.3524			-43.8684			63.5309			0.3000			14.0000			-81.0000			129.0000			
-14.8394			-46.1499			60.1843			-0.8000			24.0000			-88.0000			126.0000			
-10.8905			-46.1499			57.3955			0.3000			34.0000			-92.0000			122.0000			
-6.3774			-47.8609			54.6066			0.3000			45.0000			-97.0000			116.0000			
0.3921			-50.1423			51.2600			1.5000			53.0000			-100.0000			111.0000			
2.0845			-51.2830			49.0290			-0.1000			61.0000			-103.0000			105.0000			
6.5976			-50.1423			44.5669			1.0000			70.0000			-108.0000			99.0000			
15.6236			-54.1348			40.1047			1.5000			79.0000			-109.0000			92.0000			
20.1367			-56.4162			36.2004			0.0000			86.0000			-111.0000			84.0000			
22.9573			-59.2680			36.7581			0.4000			92.0000			-112.0000			75.0000			
26.9062			-59.2680			33.4115			1.0000			99.0000			-112.0000			64.0000			
30.8551			-59.2680			28.3916			0.0000			104.0000			-111.0000			55.0000			
34.8041			-56.4162			21.6985			0.0000			110.0000			-111.0000			43.0000			
38.1888			-52.9941			17.2363			2.4000			113.0000			-110.0000			34.0000			
41.5736			-53.5644			12.7742			0.7000			118.0000			-107.0000			24.0000			
44.3943			-54.1348			10.5431			0.7000			119.0000			-105.0000			13.0000			
47.7790			-52.9941			5.5232			0.3000			121.0000			-101.0000			3.0000			
50.5997			-49.0016			-1.1699			0.4000			123.0000			-98.0000			-8.0000			
51.1638			-46.7202			-3.9588			0.4000			123.0000			-94.0000			-18.0000			
50.5997			-41.5870			-7.8631			1.1000			124.0000			-92.0000			-29.0000			
51.7279			-37.0242			-13.9986			0.7000			123.0000			-86.0000			-39.0000			
56.8051			-34.1725			-21.2495			1.3000			120.0000			-81.0000			-49.0000			
60.1899			-33.0317			-26.8272			0.3000			118.0000			-75.0000			-61.0000			
61.8823			-31.3207			-29.6160			0.9000			115.0000			-68.0000			-70.0000			
63.0105			-26.7579			-35.1937			1.0000			111.0000			-62.0000			-80.0000			
65.2671			-25.0468			-39.0980			1.1000			105.0000			-54.0000			-89.0000			
63.5747			-17.0619			-46.3490			0.1000			100.0000			-47.0000			-98.0000			
61.8823			-11.3584			-49.6956			0.8000			94.0000			-40.0000			-105.0000			
63.5747			-10.2177			-53.0422			0.3000			87.0000			-32.0000			-112.0000			
61.8823			-6.2252			-56.3888			-0.7000			80.0000			-25.0000			-119.0000			
59.6258			-0.5217			-57.5043			1.6000			72.0000			-17.0000			-125.0000			
55.6769			5.1819			-60.8509			0.0000			63.0000			-9.0000			-130.0000			
55.6769			5.7522			-60.2931			1.1000			55.0000			-1.0000			-135.0000			
51.7279			10.3150			-61.9664			0.0000			47.0000			8.0000			-139.0000			
46.0867			17.7296			-63.0820			0.7000			39.0000			16.0000			-142.0000			
41.5736			25.7145			-65.3130			1.9000			30.0000			23.0000			-145.0000			
36.4964			29.7070			-66.9863			-0.7000			20.0000			31.0000			-146.0000			
33.6758			31.9884			-65.8708			-0.1000			9.0000			38.0000			-146.0000			
31.4193			33.6995			-65.3130			-0.1000			-1.0000			45.0000			-145.0000			
26.9062			38.2623			-64.1975			0.9000			-10.0000			53.0000			-142.0000			
21.2649			40.5437			-62.5242			-0.7000			-20.0000			60.0000			-140.0000			
19.0084			43.9658			-61.9664			1.0000			-30.0000			66.0000			-138.0000			
14.4954			45.6769			-59.7354			0.4000			-40.0000			71.0000			-134.0000			
9.9823			47.3879			-56.3888			0.9000			-49.0000			75.0000			-129.0000			
5.4693			49.0990			-53.5999			0.9000			-58.0000			81.0000			-124.0000			
0.9563			50.8100			-50.8111			0.9000			-66.0000			85.0000			-117.0000			
-2.4285			51.3804			-48.0223			0.9000			-74.0000			89.0000			-111.0000			
-6.9415			50.8100			-43.5602			0.3000			-82.0000			93.0000			-104.0000			
-14.8394			54.2322			-39.0980			0.2000			-90.0000			95.0000			-97.0000			
-19.9165			56.5136			-36.3092			0.2000			-97.0000			96.0000			-89.0000			
-23.3013			58.2246			-36.3092			-1.3000			-103.0000			97.0000			-79.0000			
-25.5578			59.3653			-32.4048			1.3000			-110.0000			97.0000			-69.0000			
-30.6350			58.7950			-27.9427			0.2000			-115.0000			98.0000			-60.0000			
-34.0198			55.3729			-20.1340			1.2000			-119.0000			97.0000			-49.0000			
-37.9687			54.2322			-18.4607			-2.1000			-123.0000			95.0000			-38.0000			
-40.7893			54.8025			-13.4408			0.5000			-126.0000			93.0000			-28.0000			
-43.0459			54.8025			-10.6520			1.1000			-129.0000			91.0000			-17.0000			
-47.5589			53.6618			-5.0743			1.0000			-130.0000			88.0000			-6.0000			
-50.9437			49.6693			1.0611			-0.2000			-130.0000			84.0000			5.0000			
-50.9437			46.2472			4.4077			-0.2000			-131.0000			81.0000			15.0000			
-49.8154			41.6844			8.3121			0.1000			-133.0000			76.0000			26.0000			
-51.5078			37.6919			15.0053			1.1000			-132.0000			73.0000			37.0000			
-56.0208			35.4105			22.2562			1.6000			-130.0000			67.0000			45.0000			
-58.8415			33.1291			27.2761			1.5000			-128.0000			62.0000			58.0000			
-61.6621			31.4181			30.6227			0.3000			-125.0000			55.0000			66.0000			
-62.7904			27.9960			34.5271			-0.2000			-121.0000			46.0000			75.0000			
-64.4828			26.2849			37.8737			-0.3000			-115.0000			40.0000			84.0000			
-63.3545			17.7296			45.1246			-0.5000			-111.0000			32.0000			92.0000			
-61.6621			12.5964			49.0290			0.0000			-105.0000			24.0000			101.0000			
-63.9187			11.4557			52.3756			0.0000			-99.0000			16.0000			108.0000			
-62.2263			6.8929			55.1644			-0.1000			-91.0000			9.0000			112.0000			
-59.4056			1.1894			57.9532			-0.2000			-84.0000			-1.0000			118.0000			
-56.0208			-3.3734			59.6265			0.2000			-78.0000			-8.0000			124.0000			
-56.0208			-4.5141			60.1843			-0.3000			-70.0000			-17.0000			127.0000			
-50.9437			-10.2177			61.2998			0.1000			-62.0000			-25.0000			131.0000			
-45.8665			-17.6322			63.5309			0.0000			-54.0000			-34.0000			132.0000			
-41.3535			-24.4765			65.2042			-0.6000			-45.0000			-42.0000			137.0000			
-37.4046			-28.4689			66.8775			1.0000			-36.0000			-49.0000			137.0000			
-34.0198			-30.1800			65.7620			1.5000			-25.0000			-57.0000			135.0000			
-31.1991			-33.0317			64.6464			0.4000			-17.0000			-65.0000			132.0000			
-27.2502			-37.0242			64.6464			0.3000			-6.0000			-73.0000			132.0000			
-20.4807			-39.8760			61.8576			1.5000			3.0000			-80.0000			129.0000			
-17.6600			-43.2981			60.7421			-0.2000			12.0000			-86.0000			125.0000			
-14.2752			-45.5795			59.0688			-0.7000			20.0000			-92.0000			121.0000			
-9.1981			-46.1499			56.2799			0.9000			29.0000			-97.0000			116.0000			
-4.1209			-48.4313			52.9333			0.3000			38.0000			-102.0000			109.0000			
-0.1720			-49.5720			50.7023			0.9000			46.0000			-107.0000			104.0000			
2.0845			-50.7127			49.0290			0.3000			55.0000			-110.0000			96.0000			
7.7258			-50.7127			44.5669			1.5000			63.0000			-115.0000			90.0000			
16.1878			-55.2755			40.1047			1.0000			70.0000			-118.0000			83.0000			
22.3932			-57.5569			36.2004			1.0000			76.0000			-120.0000			74.0000			
23.5215			-59.2680			36.7581			1.0000			82.0000			-121.0000			65.0000			
26.9062			-59.2680			32.8538			0.4000			89.0000			-121.0000			54.0000			
31.9834			-58.6976			28.3916			1.6000			94.0000			-121.0000			44.0000			
35.3682			-56.4162			21.6985			0.6000			97.0000			-120.0000			33.0000			
38.1888			-54.7051			17.7941			1.2000			103.0000			-119.0000			23.0000			
42.1377			-54.1348			12.7742			0.7000			105.0000			-117.0000			12.0000			
44.3943			-54.7051			11.1009			0.7000			108.0000			-115.0000			-1.0000			
48.3432			-53.5644			5.5232			0.2000			109.0000			-112.0000			-9.0000			
50.5997			-49.0016			-1.7277			-0.1000			110.0000			-107.0000			-20.0000			
51.1638			-46.1499			-3.9588			1.0000			110.0000			-104.0000			-31.0000			
50.5997			-41.5870			-7.8631			1.1000			111.0000			-100.0000			-41.0000			
51.7279			-37.5946			-15.1141			-0.9000			111.0000			-95.0000			-51.0000			
57.3692			-34.1725			-21.2495			1.9000			110.0000			-90.0000			-61.0000			
60.1899			-33.0317			-26.8272			0.3000			107.0000			-83.0000			-71.0000			
61.3182			-31.3207			-30.1738			-0.1000			103.0000			-77.0000			-81.0000			
61.8823			-26.7579			-34.6359			0.4000			100.0000			-69.0000			-89.0000			
64.1388			-23.3358			-39.6558			1.1000			95.0000			-61.0000			-98.0000			
64.1388			-17.0619			-45.2334			1.8000			91.0000			-53.0000			-106.0000			
61.8823			-12.4991			-49.1378			0.2000			86.0000			-45.0000			-113.0000			
