5.7764			-17.6633			8.0764			-3.8000			230.0000			-546.0000			1252.0000			
9.0771			-17.0879			6.4289			-1.5000			247.0000			-565.0000			1225.0000			
10.1774			-17.0879			4.7815			-2.1000			264.0000			-582.0000			1190.0000			
12.3779			-17.0879			2.0358			-2.6000			276.0000			-597.0000			1148.0000			
14.0283			-18.2388			2.5850			-1.6000			287.0000			-608.0000			1100.0000			
15.6787			-18.8142			1.4867			-1.6000			295.0000			-616.0000			1047.0000			
16.7789			-18.2388			0.3884			-1.0000			302.0000			-620.0000			987.0000			
16.7789			-15.9370			-1.8081			-0.9000			306.0000			-620.0000			923.0000			
17.8792			-13.0598			-5.6521			-0.8000			310.0000			-613.0000			850.0000			
19.5296			-13.0598			-7.2995			-0.8000			311.0000			-602.0000			772.0000			
21.1800			-13.0598			-8.9469			-0.8000			310.0000			-588.0000			689.0000			
23.3805			-11.9089			-10.5944			0.8000			310.0000			-572.0000			603.0000			
23.9306			-12.4843			-12.2418			-0.8000			306.0000			-552.0000			516.0000			
25.5810			-11.9089			-13.3401			0.3000			300.0000			-529.0000			423.0000			
24.4807			-8.4562			-14.9875			1.0000			290.0000			-502.0000			327.0000			
23.3805			-5.5790			-16.0858			1.7000			279.0000			-470.0000			230.0000			
23.9306			-6.1544			-17.1840			0.5000			267.0000			-435.0000			130.0000			
25.0309			-5.5790			-18.2823			1.1000			255.0000			-400.0000			30.0000			
26.6813			-5.0036			-18.8315			2.8000			242.0000			-364.0000			-69.0000			
26.6813			-5.0036			-19.9297			1.7000			228.0000			-329.0000			-167.0000			
25.5810			-4.4281			-19.9297			1.2000			213.0000			-291.0000			-265.0000			
22.8304			-1.5509			-19.9297			1.3000			195.0000			-250.0000			-361.0000			
20.0797			3.0527			-19.3806			3.7000			172.0000			-203.0000			-456.0000			
19.5296			4.7790			-21.5771			2.7000			148.0000			-157.0000			-549.0000			
21.1800			3.6281			-22.1263			2.6000			124.0000			-110.0000			-638.0000			
21.7301			4.2035			-23.2246			2.7000			102.0000			-66.0000			-723.0000			
22.2802			5.9299			-24.3228			3.8000			82.0000			-23.0000			-803.0000			
20.0797			7.6562			-23.2246			4.5000			58.0000			19.0000			-877.0000			
16.7789			7.0808			-21.5771			2.2000			31.0000			64.0000			-947.0000			
14.5784			10.5334			-21.5771			3.5000			1.0000			112.0000			-1010.0000			
12.3779			11.6843			-21.0280			3.0000			-27.0000			159.0000			-1069.0000			
12.3779			12.2598			-21.5771			3.0000			-52.0000			203.0000			-1123.0000			
12.3779			12.8352			-21.0280			4.1000			-75.0000			247.0000			-1169.0000			
11.2776			13.4106			-20.4789			4.2000			-98.0000			285.0000			-1209.0000			
9.6273			13.4106			-19.9297			3.1000			-120.0000			323.0000			-1243.0000			
5.2262			13.9861			-16.0858			3.1000			-144.0000			360.0000			-1268.0000			
3.5758			13.9861			-14.4383			3.1000			-169.0000			397.0000			-1285.0000			
0.2751			16.8633			-13.8892			3.2000			-193.0000			432.0000			-1294.0000			
-1.9255			16.8633			-12.7909			2.1000			-216.0000			462.0000			-1298.0000			
-1.3753			18.0142			-13.8892			2.7000			-234.0000			491.0000			-1295.0000			
-4.1260			18.5896			-11.1435			3.3000			-249.0000			516.0000			-1283.0000			
-6.3265			17.4387			-7.8487			3.2000			-265.0000			539.0000			-1263.0000			
-7.9769			16.2879			-5.6521			2.6000			-281.0000			555.0000			-1235.0000			
-10.7275			16.8633			-4.5538			1.5000			-297.0000			572.0000			-1199.0000			
-12.3779			16.8633			-2.9064			1.5000			-310.0000			586.0000			-1157.0000			
-14.0283			18.5896			-2.3573			2.2000			-322.0000			595.0000			-1109.0000			
-15.1285			18.5896			-2.3573			1.1000			-329.0000			602.0000			-1057.0000			
-16.2288			17.4387			-1.2590			0.0000			-335.0000			607.0000			-997.0000			
-17.3291			15.7124			2.0358			0.4000			-339.0000			607.0000			-932.0000			
-17.3291			12.8352			6.4289			1.9000			-342.0000			600.0000			-859.0000			
-20.6298			13.9861			8.0764			1.4000			-342.0000			589.0000			-781.0000			
-21.1800			11.6843			9.1746			-0.3000			-343.0000			574.0000			-697.0000			
-23.3805			11.6843			10.8221			-0.8000			-341.0000			558.0000			-612.0000			
-24.4807			12.8352			11.9203			0.2000			-339.0000			540.0000			-524.0000			
-25.0309			11.6843			13.5678			0.2000			-331.0000			516.0000			-431.0000			
-24.4807			8.2316			15.2152			-1.0000			-323.0000			489.0000			-337.0000			
-23.9306			7.0808			15.2152			-1.6000			-311.0000			456.0000			-238.0000			
-23.9306			5.9299			16.3135			-1.6000			-300.0000			421.0000			-138.0000			
-25.0309			5.9299			17.9609			-1.1000			-288.0000			386.0000			-38.0000			
-26.6813			5.9299			19.0591			-1.6000			-275.0000			352.0000			60.0000			
-26.6813			5.3544			19.6083			-1.7000			-262.0000			317.0000			159.0000			
-26.1311			4.7790			19.6083			-1.7000			-247.0000			279.0000			257.0000			
-22.2802			0.7509			19.6083			-1.9000			-227.0000			239.0000			354.0000			
-20.6298			-2.1263			19.6083			-3.1000			-206.0000			193.0000			447.0000			
-20.0797			-5.0036			21.8048			-3.2000			-181.0000			146.0000			542.0000			
-19.5296			-4.4281			22.3540			-1.6000			-159.0000			98.0000			629.0000			
-22.2802			-5.0036			23.4523			-3.8000			-136.0000			55.0000			714.0000			
-21.7301			-5.0036			24.0014			-2.7000			-116.0000			13.0000			793.0000			
-18.9795			-7.3053			24.0014			-2.2000			-92.0000			-30.0000			867.0000			
-16.7789			-8.4562			21.2557			-3.9000			-65.0000			-76.0000			939.0000			
-14.0283			-10.1825			20.7066			-3.4000			-37.0000			-124.0000			1002.0000			
-12.9280			-11.3334			20.7066			-3.5000			-7.0000			-169.0000			1059.0000			
-12.9280			-12.4843			21.8048			-3.6000			19.0000			-215.0000			1111.0000			
-12.9280			-13.0598			22.3540			-3.6000			42.0000			-255.0000			1160.0000			
-11.8278			-12.4843			21.2557			-3.0000			64.0000			-294.0000			1198.0000			
-9.6273			-13.0598			19.0591			-3.6000			86.0000			-333.0000			1233.0000			
-5.2262			-14.2106			15.7643			-3.6000			111.0000			-369.0000			1257.0000			
-3.0257			-14.2106			15.2152			-2.0000			136.0000			-405.0000			1273.0000			
0.2751			-15.9370			13.5678			-2.0000			161.0000			-440.0000			1283.0000			
1.3753			-17.6633			13.0186			-3.2000			182.0000			-471.0000			1285.0000			
1.9255			-18.2388			13.0186			-3.2000			199.0000			-500.0000			1284.0000			
3.5758			-17.6633			11.9203			-2.1000			215.0000			-527.0000			1271.0000			
5.7764			-17.0879			8.0764			-3.2000			232.0000			-549.0000			1252.0000			
7.9769			-16.5124			5.8798			-2.6000			248.0000			-567.0000			1221.0000			
10.7275			-18.2388			4.2324			-3.2000			264.0000			-583.0000			1186.0000			
11.8278			-17.0879			2.5850			-2.6000			276.0000			-597.0000			1143.0000			
13.4782			-18.2388			2.0358			-2.7000			288.0000			-609.0000			1096.0000			
14.5784			-18.8142			2.0358			-2.2000			297.0000			-617.0000			1043.0000			
16.7789			-17.6633			0.3884			-0.4000			301.0000			-620.0000			983.0000			
16.7789			-15.9370			-1.8081			-0.9000			305.0000			-621.0000			918.0000			
17.8792			-13.0598			-6.2013			-1.3000			310.0000			-614.0000			844.0000			
20.0797			-13.0598			-7.2995			-0.2000			310.0000			-602.0000			766.0000			
21.1800			-12.4843			-8.9469			-0.2000			311.0000			-587.0000			683.0000			
23.3805			-11.9089			-11.1435			0.3000			308.0000			-570.0000			599.0000			
24.4807			-13.0598			-11.6926			-0.2000			306.0000			-551.0000			509.0000			
26.1311			-11.9089			-13.3401			0.8000			298.0000			-527.0000			415.0000			
23.9306			-9.0317			-14.9875			0.0000			289.0000			-499.0000			320.0000			
23.9306			-6.1544			-16.0858			1.6000			278.0000			-466.0000			223.0000			
23.9306			-6.1544			-16.6349			1.1000			266.0000			-431.0000			122.0000			
25.5810			-5.0036			-18.8315			1.7000			253.0000			-397.0000			23.0000			
26.1311			-5.5790			-18.2823			2.2000			241.0000			-362.0000			-77.0000			
26.6813			-5.0036			-19.3806			2.2000			228.0000			-326.0000			-176.0000			
26.1311			-3.8527			-20.4789			1.7000			211.0000			-290.0000			-273.0000			
22.8304			-0.9754			-19.3806			2.4000			193.0000			-247.0000			-368.0000			
20.0797			2.4772			-19.3806			3.1000			171.0000			-201.0000			-464.0000			
19.5296			5.3544			-22.1263			2.7000			146.0000			-153.0000			-557.0000			
20.6298			4.2035			-23.2246			1.6000			123.0000			-108.0000			-645.0000			
21.1800			4.7790			-23.2246			2.7000			101.0000			-63.0000			-729.0000			
21.7301			5.3544			-24.3228			2.7000			79.0000			-21.0000			-809.0000			
19.5296			7.0808			-24.3228			2.2000			55.0000			23.0000			-883.0000			
16.7789			8.2316			-21.5771			3.4000			29.0000			70.0000			-952.0000			
14.0283			10.5334			-21.5771			2.9000			-1.0000			116.0000			-1016.0000			
12.3779			11.1089			-21.0280			2.4000			-29.0000			162.0000			-1073.0000			
12.3779			12.8352			-22.1263			3.0000			-54.0000			207.0000			-1125.0000			
11.8278			12.8352			-21.5771			3.0000			-78.0000			248.0000			-1173.0000			
10.7275			12.2598			-21.0280			1.9000			-99.0000			287.0000			-1212.0000			
9.6273			12.8352			-19.9297			2.5000			-121.0000			325.0000			-1244.0000			
5.7764			14.5615			-16.6349			3.7000			-145.0000			363.0000			-1270.0000			
3.0257			14.5615			-14.9875			2.5000			-171.0000			398.0000			-1287.0000			
0.2751			16.2879			-13.8892			2.6000			-195.0000			433.0000			-1295.0000			
-1.9255			17.4387			-12.2418			3.2000			-217.0000			464.0000			-1298.0000			
-2.4756			18.0142			-13.3401			2.1000			-234.0000			493.0000			-1294.0000			
-3.5758			18.0142			-11.1435			3.2000			-251.0000			519.0000			-1282.0000			
-6.8766			16.8633			-8.9469			1.0000			-266.0000			539.0000			-1261.0000			
-8.5270			17.4387			-6.2013			2.7000			-282.0000			558.0000			-1233.0000			
-10.7275			18.0142			-4.5538			2.7000			-298.0000			574.0000			-1196.0000			
-11.8278			16.8633			-3.4556			1.5000			-312.0000			588.0000			-1154.0000			
-14.5784			18.0142			-2.3573			1.0000			-322.0000			598.0000			-1105.0000			
-15.6787			18.5896			-0.7099			2.1000			-330.0000			604.0000			-1052.0000			
-15.6787			18.0142			-0.1607			2.1000			-336.0000			608.0000			-992.0000			
-16.7789			15.1370			2.0358			0.3000			-339.0000			606.0000			-927.0000			
-17.3291			12.8352			6.4289			1.9000			-343.0000			598.0000			-853.0000			
-20.0797			13.4106			8.0764			1.4000			-343.0000			587.0000			-775.0000			
-21.7301			12.8352			9.1746			0.2000			-343.0000			573.0000			-692.0000			
-23.3805			11.6843			10.8221			-0.8000			-341.0000			557.0000			-606.0000			
-25.5810			13.4106			12.4695			0.2000			-339.0000			538.0000			-517.0000			
-25.5810			11.1089			14.1169			-0.3000			-331.0000			515.0000			-425.0000			
-23.3805			7.6562			14.6660			-1.0000			-322.0000			486.0000			-329.0000			
-23.9306			7.0808			15.7643			-1.0000			-310.0000			453.0000			-231.0000			
-23.9306			5.9299			16.3135			-1.6000			-299.0000			419.0000			-131.0000			
-25.0309			5.3544			17.9609			-1.7000			-288.0000			384.0000			-33.0000			
-26.6813			6.5053			17.9609			-2.2000			-276.0000			350.0000			69.0000			
-26.6813			5.3544			19.6083			-1.7000			-261.0000			313.0000			166.0000			
-26.1311			4.2035			19.6083			-2.3000			-245.0000			276.0000			265.0000			
-21.1800			0.1754			19.0591			-1.9000			-226.0000			235.0000			359.0000			
-21.1800			-1.5509			19.6083			-3.1000			-204.0000			188.0000			455.0000			
-20.0797			-5.0036			21.8048			-3.2000			-179.0000			141.0000			546.0000			
-20.0797			-5.0036			22.3540			-2.7000			-157.0000			95.0000			635.0000			
-22.2802			-3.2772			23.4523			-2.1000			-136.0000			51.0000			719.0000			
-21.7301			-6.1544			24.0014			-3.8000			-115.0000			9.0000			798.0000			
-18.4293			-7.3053			22.9031			-2.8000			-91.0000			-33.0000			874.0000			
-16.7789			-7.8808			20.7066			-3.9000			-63.0000			-81.0000			942.0000			
-14.0283			-10.7580			21.2557			-3.5000			-33.0000			-126.0000			1005.0000			
-12.9280			-11.3334			21.2557			-2.9000			-6.0000			-173.0000			1063.0000			
-13.4782			-12.4843			20.7066			-5.2000			19.0000			-217.0000			1116.0000			
-12.3779			-12.4843			21.2557			-3.6000			43.0000			-258.0000			1163.0000			
-11.8278			-13.0598			21.2557			-3.6000			66.0000			-298.0000			1201.0000			
-8.5270			-13.0598			19.0591			-2.5000			88.0000			-335.0000			1233.0000			
-5.2262			-13.0598			15.2152			-3.0000			113.0000			-372.0000			1259.0000			
-3.0257			-14.2106			14.1169			-3.1000			138.0000			-408.0000			1276.0000			
-0.2751			-16.5124			13.0186			-3.7000			162.0000			-443.0000			1284.0000			
1.3753			-17.6633			13.0186			-3.2000			183.0000			-473.0000			1285.0000			
2.4756			-18.2388			13.0186			-2.7000			202.0000			-502.0000			1282.0000			
3.5758			-17.6633			11.3712			-2.7000			218.0000			-527.0000			1270.0000			
5.2262			-16.5124			8.6255			-2.6000			234.0000			-550.0000			1252.0000			
8.5270			-16.5124			6.4289			-1.5000			250.0000			-568.0000			1220.0000			
10.7275			-17.0879			4.2324			-2.1000			265.0000			-584.0000			1183.0000			
12.3779			-17.0879			2.5850			-2.1000			278.0000			-598.0000			1142.0000			
14.5784			-18.8142			2.0358			-2.2000			289.0000			-610.0000			1093.0000			
15.6787			-18.8142			1.4867			-1.6000			297.0000			-616.0000			1039.0000			
16.7789			-17.6633			-0.7099			-1.5000			302.0000			-621.0000			979.0000			
16.7789			-16.5124			-2.3573			-2.0000			307.0000			-619.0000			912.0000			
18.4293			-12.4843			-5.6521			0.2000			310.0000			-612.0000			839.0000			
19.5296			-12.4843			-7.8487			-0.8000			311.0000			-601.0000			759.0000			
21.7301			-13.6352			-9.4961			-1.4000			310.0000			-586.0000			677.0000			
23.9306			-11.9089			-11.1435			0.8000			310.0000			-569.0000			591.0000			
25.5810			-12.4843			-13.3401			-0.2000			304.0000			-550.0000			502.0000			
25.0309			-11.3334			-13.8892			-0.1000			298.0000			-526.0000			410.0000			
23.3805			-7.8808			-15.5366			0.0000			289.0000			-497.0000			314.0000			
23.9306			-6.7299			-16.0858			1.1000			277.0000			-464.0000			216.0000			
24.4807			-5.0036			-16.6349			2.8000			265.0000			-429.0000			117.0000			
24.4807			-6.1544			-18.2823			0.0000			252.0000			-394.0000			17.0000			
26.1311			-5.5790			-19.3806			1.1000			239.0000			-359.0000			-84.0000			
27.7815			-4.4281			-20.4789			2.8000			226.0000			-323.0000			-182.0000			
25.5810			-3.8527			-20.4789			1.2000			210.0000			-286.0000			-280.0000			
21.7301			-0.4000			-19.3806			1.9000			191.0000			-244.0000			-375.0000			
20.6298			3.0527			-19.9297			3.7000			169.0000			-197.0000			-470.0000			
20.6298			5.9299			-21.5771			4.9000			144.0000			-150.0000			-563.0000			
20.6298			4.2035			-23.2246			1.6000			121.0000			-103.0000			-650.0000			
21.7301			4.2035			-23.2246			2.7000			99.0000			-61.0000			-734.0000			
21.1800			5.9299			-24.3228			2.7000			79.0000			-17.0000			-813.0000			
19.5296			8.2316			-23.7737			3.9000			55.0000			26.0000			-885.0000			
15.6787			8.2316			-22.1263			1.7000			27.0000			72.0000			-919.0000			
14.0283			9.9580			-22.1263			1.8000			-2.0000			119.0000			-952.0000			
12.3779			11.6843			-22.1263			1.9000			-31.0000			167.0000			-983.0000			
11.8278			13.4106			-22.6754			2.5000			-57.0000			209.0000			-1012.0000			
11.8278			12.2598			-22.6754			1.4000			-80.0000			251.0000			-1037.0000			
10.1774			13.4106			-22.6754			0.9000			-102.0000			290.0000			-1057.0000			
9.6273			12.8352			-20.4789			1.9000			-123.0000			329.0000			-1073.0000			
4.6761			13.9861			-17.1840			1.4000			-148.0000			365.0000			-1083.0000			
2.4756			13.9861			-15.5366			0.9000			-173.0000			402.0000			-1086.0000			
0.8252			16.2879			-14.9875			2.1000			-198.0000			436.0000			-1084.0000			
-1.9255			17.4387			-14.4383			1.0000			-218.0000			466.0000			-1077.0000			
-2.4756			18.0142			-14.4383			1.0000			-237.0000			495.0000			-1065.0000			
-4.1260			18.0142			-13.3401			0.5000			-252.0000			520.0000			-1046.0000			
-6.8766			16.8633			-10.0452			0.0000			-268.0000			540.0000			-1019.0000			
-8.5270			16.8633			-7.2995			1.0000			-284.0000			560.0000			-987.0000			
-11.2776			16.8633			-5.6521			0.0000			-298.0000			575.0000			-948.0000			
-12.9280			16.8633			-3.4556			0.4000			-312.0000			587.0000			-905.0000			
-14.0283			18.0142			-4.0047			0.0000			-322.0000			597.0000			-859.0000			
-16.2288			18.0142			-2.3573			-0.5000			-330.0000			604.0000			-807.0000			
-16.2288			18.5896			-1.8081			0.5000			-335.0000			607.0000			-751.0000			
-17.3291			14.5615			1.4867			-1.2000			-340.0000			606.0000			-691.0000			
-17.8792			12.2598			5.8798			0.2000			-342.0000			599.0000			-625.0000			
-20.0797			13.4106			6.4289			-0.2000			-344.0000			587.0000			-554.0000			
-22.2802			12.2598			8.6255			-1.3000			-344.0000			571.0000			-481.0000			
-23.3805			12.2598			10.8221			-0.3000			-342.0000			555.0000			-406.0000			
-25.5810			12.2598			11.9203			-1.4000			-338.0000			537.0000			-329.0000			
-25.5810			11.1089			13.0186			-1.4000			-332.0000			512.0000			-251.0000			
-23.9306			8.8071			13.5678			-1.5000			-321.0000			484.0000			-170.0000			
-23.9306			5.9299			15.2152			-2.7000			-310.0000			451.0000			-88.0000			
-24.4807			5.9299			16.3135			-2.2000			-299.0000			416.0000			-5.0000			
-25.5810			6.5053			17.4117			-1.6000			-286.0000			380.0000			77.0000			
-26.1311			4.7790			18.5100			-2.8000			-274.0000			346.0000			157.0000			
-26.6813			4.7790			19.6083			-2.2000			-260.0000			311.0000			236.0000			
-26.1311			4.2035			19.6083			-2.3000			-245.0000			272.0000			314.0000			
-21.7301			-0.4000			19.0591			-3.0000			-225.0000			232.0000			391.0000			
-20.6298			-1.5509			19.6083			-2.5000			-203.0000			186.0000			465.0000			
-21.1800			-5.5790			22.3540			-4.4000			-177.0000			138.0000			537.0000			
-20.6298			-3.8527			22.9031			-1.5000			-156.0000			91.0000			605.0000			
-22.2802			-3.8527			24.0014			-2.1000			-133.0000			48.0000			669.0000			
-21.7301			-6.7299			24.5505			-3.9000			-112.0000			7.0000			727.0000			
-18.4293			-6.1544			22.9031			-1.6000			-88.0000			-37.0000			783.0000			
-16.2288			-7.8808			22.3540			-1.7000			-61.0000			-83.0000			831.0000			
-14.0283			-10.7580			22.9031			-1.8000			-31.0000			-129.0000			878.0000			
-12.3779			-11.3334			22.3540			-1.3000			-3.0000			-175.0000			917.0000			
-12.3779			-11.3334			22.9031			-0.8000			23.0000			-219.0000			953.0000			
-12.3779			-13.0598			22.3540			-3.0000			46.0000			-261.0000			984.0000			
-11.8278			-13.6352			22.9031			-2.5000			68.0000			-300.0000			1008.0000			
-9.6273			-13.0598			20.1574			-2.5000			89.0000			-337.0000			1028.0000			
-5.2262			-13.6352			16.8626			-2.0000			115.0000			-374.0000			1039.0000			
-2.4756			-14.2106			16.3135			-0.3000			139.0000			-410.0000			1044.0000			
-0.2751			-17.0879			15.7643			-1.6000			165.0000			-445.0000			1043.0000			
0.8252			-17.6633			14.1169			-2.7000			185.0000			-477.0000			1038.0000			
2.4756			-18.8142			14.6660			-1.6000			203.0000			-505.0000			1025.0000			
4.1260			-18.2388			11.9203			-2.1000			219.0000			-529.0000			1007.0000			
5.7764			-17.0879			9.7238			-1.5000			235.0000			-551.0000			983.0000			
7.9769			-16.5124			6.9781			-1.5000			250.0000			-569.0000			951.0000			
10.7275			-17.6633			5.8798			-1.0000			267.0000			-585.0000			914.0000			
12.9280			-16.5124			4.7815			1.1000			279.0000			-600.0000			871.0000			
14.0283			-18.2388			3.6833			-0.5000			289.0000			-611.0000			825.0000			
15.1285			-18.8142			3.1341			-0.5000			297.0000			-618.0000			775.0000			
16.7789			-17.6633			1.4867			0.6000			303.0000			-620.0000			719.0000			
16.7789			-15.3615			-1.2590			0.1000			306.0000			-619.0000			659.0000			
17.3291			-12.4843			-4.0047			0.8000			311.0000			-611.0000			593.0000			
19.5296			-13.0598			-7.2995			-0.8000			310.0000			-600.0000			524.0000			
21.7301			-13.0598			-8.3978			0.2000			311.0000			-584.0000			452.0000			
23.3805			-11.9089			-10.0452			1.4000			309.0000			-568.0000			377.0000			
24.4807			-12.4843			-11.1435			0.8000			304.0000			-548.0000			302.0000			
24.4807			-11.9089			-12.7909			-0.2000			298.0000			-524.0000			223.0000			
23.9306			-7.3053			-14.4383			2.1000			288.0000			-493.0000			144.0000			
23.9306			-6.1544			-14.9875			2.7000			276.0000			-461.0000			61.0000			
25.0309			-6.1544			-16.6349			2.2000			264.0000			-426.0000			-21.0000			
25.0309			-6.1544			-17.1840			1.6000			252.0000			-392.0000			-101.0000			
26.1311			-6.1544			-18.2823			1.6000			239.0000			-356.0000			-182.0000			
26.6813			-5.0036			-19.9297			1.7000			224.0000			-321.0000			-260.0000			
25.5810			-3.8527			-19.9297			1.7000			210.0000			-283.0000			-337.0000			
21.1800			-0.4000			-19.3806			1.3000			191.0000			-240.0000			-413.0000			
20.6298			2.4772			-19.9297			3.1000			167.0000			-194.0000			-486.0000			
20.0797			5.3544			-22.1263			3.2000			143.0000			-146.0000			-557.0000			
20.6298			4.7790			-23.2246			2.1000			119.0000			-101.0000			-624.0000			
21.7301			4.2035			-24.3228			1.6000			99.0000			-57.0000			-688.0000			
21.1800			5.3544			-24.8720			1.6000			78.0000			-15.0000			-747.0000			
18.4293			7.0808			-23.7737			1.7000			53.0000			30.0000			-801.0000			
15.6787			9.3825			-22.1263			2.9000			24.0000			75.0000			-850.0000			
14.0283			10.5334			-22.6754			1.8000			-5.0000			124.0000			-895.0000			
12.3779			11.6843			-22.1263			1.9000			-33.0000			169.0000			-935.0000			
12.3779			12.2598			-22.1263			2.5000			-57.0000			213.0000			-970.0000			
12.3779			13.4106			-22.6754			3.1000			-81.0000			254.0000			-999.0000			
10.7275			13.4106			-22.1263			2.0000			-103.0000			293.0000			-1023.0000			
9.0771			12.8352			-19.9297			1.9000			-124.0000			331.0000			-1042.0000			
5.2262			14.5615			-16.0858			3.6000			-149.0000			368.0000			-1053.0000			
1.9255			14.5615			-15.5366			0.9000			-173.0000			403.0000			-1057.0000			
0.2751			16.2879			-14.9875			1.5000			-199.0000			438.0000			-1055.0000			
-1.3753			16.8633			-14.4383			1.0000			-219.0000			469.0000			-1049.0000			
-2.4756			18.5896			-14.9875			1.1000			-237.0000			497.0000			-1037.0000			
-4.6761			18.5896			-13.3401			0.5000			-252.0000			521.0000			-1019.0000			
-6.3265			16.8633			-9.4961			1.0000			-268.0000			543.0000			-994.0000			
-8.5270			16.8633			-6.7504			1.5000			-284.0000			559.0000			-961.0000			
-11.2776			18.5896			-5.6521			1.6000			-300.0000			576.0000			-924.0000			
-13.4782			16.8633			-4.0047			-0.6000			-313.0000			589.0000			-882.0000			
-14.0283			18.0142			-4.0047			0.0000			-323.0000			598.0000			-836.0000			
-16.2288			18.5896			-2.3573			0.0000			-331.0000			606.0000			-786.0000			
-16.7789			18.0142			-1.2590			0.0000			-336.0000			608.0000			-731.0000			
-16.7789			13.9861			2.0358			-0.7000			-340.0000			606.0000			-671.0000			
-17.8792			12.8352			5.3307			0.2000			-342.0000			598.0000			-606.0000			
-20.6298			13.4106			6.9781			-0.2000			-344.0000			586.0000			-537.0000			
-22.8304			12.8352			9.7238			-0.2000			-343.0000			570.0000			-465.0000			
-23.9306			12.8352			10.8221			-0.2000			-341.0000			554.0000			-392.0000			
-25.5810			12.8352			11.3712			-1.3000			-337.0000			535.0000			-316.0000			
-25.5810			11.1089			13.5678			-0.9000			-330.0000			510.0000			-238.0000			
-24.4807			7.6562			14.6660			-2.1000			-321.0000			481.0000			-158.0000			
-23.9306			5.9299			15.2152			-2.7000			-310.0000			448.0000			-78.0000			
-23.9306			5.9299			16.3135			-1.6000			-297.0000			414.0000			5.0000			
-26.1311			5.3544			17.9609			-2.8000			-286.0000			379.0000			85.0000			
-26.6813			5.9299			18.5100			-2.2000			-273.0000			344.0000			164.0000			
-26.6813			5.3544			19.6083			-1.7000			-260.0000			309.0000			242.0000			
-25.0309			4.2035			19.6083			-1.2000			-242.0000			271.0000			318.0000			
-21.1800			-0.4000			20.1574			-1.4000			-224.0000			228.0000			393.0000			
-21.1800			-2.1263			20.7066			-2.6000			-201.0000			183.0000			466.0000			
-20.6298			-5.0036			21.2557			-4.3000			-175.0000			134.0000			538.0000			
-20.6298			-6.1544			23.4523			-3.3000			-153.0000			87.0000			604.0000			
-22.2802			-3.8527			24.0014			-2.1000			-132.0000			44.0000			666.0000			
-22.2802			-5.5790			25.0997			-2.7000			-111.0000			3.0000			723.0000			
-18.4293			-7.8808			23.4523			-2.8000			-87.0000			-41.0000			779.0000			
-16.2288			-7.8808			22.3540			-1.7000			-59.0000			-87.0000			828.0000			
-13.4782			-10.1825			21.8048			-1.8000			-30.0000			-133.0000			871.0000			
-13.4782			-11.9089			22.3540			-3.0000			-1.0000			-180.0000			911.0000			
-13.4782			-13.6352			22.9031			-4.2000			24.0000			-223.0000			943.0000			
-11.8278			-13.6352			23.4523			-2.0000			47.0000			-264.0000			975.0000			
-10.7275			-13.0598			22.3540			-1.4000			70.0000			-303.0000			998.0000			
-9.6273			-13.0598			20.1574			-2.5000			92.0000			-341.0000			1016.0000			
-4.1260			-13.6352			16.3135			-1.4000			116.0000			-377.0000			1027.0000			
-1.9255			-15.3615			15.7643			-1.5000			141.0000			-414.0000			1032.0000			
0.2751			-15.9370			15.2152			-0.4000			165.0000			-448.0000			1031.0000			
0.8252			-17.6633			15.2152			-1.6000			187.0000			-479.0000			1023.0000			
1.9255			-18.2388			14.6660			-1.6000			204.0000			-507.0000			1011.0000			
4.6761			-17.6633			13.0186			0.0000			220.0000			-531.0000			991.0000			
5.7764			-17.0879			10.2729			-1.0000			236.0000			-553.0000			966.0000			
9.0771			-17.0879			7.5272			-0.4000			252.0000			-571.0000			934.0000			
10.1774			-18.2388			6.4289			-1.6000			268.0000			-587.0000			897.0000			
12.9280			-16.5124			4.7815			1.1000			280.0000			-601.0000			854.0000			
14.0283			-17.6633			3.6833			0.0000			290.0000			-611.0000			809.0000			
15.1285			-18.8142			3.1341			-0.5000			297.0000			-618.0000			759.0000			
16.7789			-17.0879			0.9376			0.6000			303.0000			-620.0000			705.0000			
16.7789			-15.9370			-0.7099			0.1000			306.0000			-619.0000			645.0000			
17.8792			-13.0598			-4.0047			0.8000			311.0000			-611.0000			580.0000			
21.1800			-11.9089			-7.2995			1.9000			310.0000			-597.0000			511.0000			
22.2802			-13.0598			-8.3978			0.8000			311.0000			-583.0000			439.0000			
24.4807			-12.4843			-10.0452			1.9000			308.0000			-566.0000			367.0000			
25.5810			-12.4843			-11.1435			1.9000			305.0000			-547.0000			292.0000			
25.5810			-11.3334			-13.3401			0.9000			297.0000			-521.0000			215.0000			
23.9306			-7.3053			-13.8892			2.7000			287.0000			-492.0000			136.0000			
22.8304			-6.7299			-15.5366			0.5000			275.0000			-458.0000			55.0000			
23.9306			-5.5790			-16.6349			1.7000			263.0000			-424.0000			-25.0000			
25.5810			-5.0036			-17.7332			2.8000			250.0000			-389.0000			-105.0000			
25.5810			-6.7299			-18.2823			0.5000			238.0000			-354.0000			-185.0000			
26.6813			-4.4281			-19.9297			2.3000			223.0000			-318.0000			-262.0000			
25.5810			-3.8527			-19.9297			1.7000			208.0000			-280.0000			-338.0000			
21.7301			0.7509			-19.3806			3.0000			188.0000			-237.0000			-413.0000			
20.0797			1.9018			-20.4789			1.4000			166.0000			-190.0000			-486.0000			
20.0797			4.7790			-22.6754			2.1000			141.0000			-143.0000			-556.0000			
19.5296			5.9299			-22.6754			2.7000			119.0000			-97.0000			-623.0000			
21.1800			4.2035			-24.3228			1.0000			95.0000			-53.0000			-686.0000			
21.1800			5.3544			-24.8720			1.6000			76.0000			-11.0000			-743.0000			
18.9795			7.6562			-23.7737			2.8000			51.0000			34.0000			-797.0000			
15.6787			8.8071			-22.6754			1.8000			22.0000			79.0000			-845.0000			
13.4782			10.5334			-22.1263			1.8000			-8.0000			126.0000			-889.0000			
12.3779			12.2598			-22.6754			1.9000			-34.0000			173.0000			-929.0000			
12.3779			12.8352			-23.7737			1.4000			-59.0000			216.0000			-964.0000			
11.2776			13.4106			-22.6754			2.0000			-82.0000			258.0000			-992.0000			
10.7275			12.8352			-21.5771			1.9000			-105.0000			296.0000			-1016.0000			
8.5270			13.4106			-19.9297			2.0000			-126.0000			333.0000			-1034.0000			
4.6761			14.5615			-16.6349			2.6000			-151.0000			370.0000			-1045.0000			
0.8252			14.5615			-14.9875			0.3000			-175.0000			406.0000			-1049.0000			
0.8252			15.7124			-15.5366			0.9000			-199.0000			441.0000			-1047.0000			
-1.9255			17.4387			-14.9875			0.5000			-220.0000			470.0000			-1040.0000			
-3.5758			18.5896			-14.4383			0.5000			-239.0000			499.0000			-1028.0000			
-4.6761			18.0142			-12.2418			1.0000			-253.0000			523.0000			-1009.0000			
-6.8766			17.4387			-8.9469			1.6000			-270.0000			544.0000			-983.0000			
-8.5270			16.8633			-6.7504			1.5000			-286.0000			561.0000			-950.0000			
-11.8278			17.4387			-6.2013			-0.5000			-301.0000			575.0000			-912.0000			
-12.9280			16.8633			-3.4556			0.4000			-313.0000			589.0000			-870.0000			
-15.1285			18.5896			-4.0047			-0.5000			-323.0000			597.0000			-825.0000			
-16.7789			18.0142			-2.3573			-1.1000			-331.0000			604.0000			-774.0000			
-16.7789			18.0142			-1.2590			0.0000			-337.0000			606.0000			-720.0000			
-17.3291			15.1370			1.4867			-0.7000			-340.0000			606.0000			-660.0000			
-18.4293			11.6843			4.7815			-1.9000			-342.0000			597.0000			-595.0000			
-20.0797			13.4106			6.9781			0.3000			-345.0000			584.0000			-526.0000			
-22.8304			12.2598			9.1746			-1.3000			-343.0000			569.0000			-454.0000			
-23.9306			12.2598			10.8221			-0.8000			-341.0000			553.0000			-381.0000			
-25.0309			12.2598			11.9203			-0.8000			-337.0000			532.0000			-307.0000			
-25.5810			9.3825			14.1169			-2.0000			-329.0000			508.0000			-229.0000			
-24.4807			8.8071			14.6660			-1.0000			-319.0000			479.0000			-150.0000			
-23.9306			5.9299			15.2152			-2.7000			-308.0000			445.0000			-69.0000			
-25.0309			6.5053			16.3135			-2.2000			-297.0000			411.0000			12.0000			
-26.1311			7.0808			17.4117			-1.6000			-284.0000			375.0000			92.0000			
-26.6813			4.7790			17.9609			-3.9000			-272.0000			341.0000			169.0000			
-26.6813			5.3544			19.6083			-1.7000			-258.0000			304.0000			249.0000			
-25.5810			3.6281			19.6083			-2.3000			-241.0000			266.0000			324.0000			
-20.6298			-0.4000			19.6083			-1.4000			-222.0000			225.0000			399.0000			
-20.0797			-0.9754			20.7066			-0.3000			-198.0000			179.0000			471.0000			
-20.6298			-6.1544			22.9031			-3.8000			-174.0000			131.0000			543.0000			
-20.6298			-5.5790			22.9031			-3.3000			-153.0000			85.0000			607.0000			
-22.2802			-3.2772			24.0014			-1.5000			-131.0000			42.0000			671.0000			
-21.1800			-6.7299			25.0997			-2.8000			-109.0000			-1.0000			728.0000			
-18.4293			-6.7299			24.0014			-1.1000			-84.0000			-44.0000			783.0000			
-15.1285			-9.0317			22.3540			-1.8000			-57.0000			-90.0000			831.0000			
-13.4782			-10.1825			21.8048			-1.8000			-27.0000			-137.0000			875.0000			
-13.4782			-11.9089			22.9031			-2.4000			1.0000			-183.0000			914.0000			
-12.3779			-13.0598			22.3540			-3.0000			26.0000			-226.0000			948.0000			
-12.3779			-12.4843			22.9031			-1.9000			50.0000			-268.0000			978.0000			
-11.2776			-13.6352			21.8048			-3.1000			71.0000			-307.0000			1014.0000			
-8.5270			-13.0598			19.0591			-2.5000			93.0000			-343.0000			1057.0000			
-5.2262			-13.6352			15.7643			-3.1000			118.0000			-380.0000			1094.0000			
-0.8252			-15.3615			14.6660			-1.5000			143.0000			-415.0000			1118.0000			
-0.8252			-15.9370			15.2152			-1.5000			169.0000			-450.0000			1136.0000			
1.3753			-18.2388			13.5678			-3.2000			189.0000			-481.0000			1148.0000			
3.0257			-18.8142			13.5678			-2.2000			205.0000			-508.0000			1151.0000			
3.5758			-17.6633			11.3712			-2.7000			222.0000			-533.0000			1146.0000			
6.3265			-17.6633			8.6255			-2.7000			238.0000			-554.0000			1131.0000			
8.5270			-15.9370			6.4289			-0.9000			253.0000			-572.0000			1107.0000			
11.2776			-18.2388			4.7815			-2.1000			270.0000			-588.0000			1076.0000			
12.3779			-17.0879			3.1341			-1.5000			281.0000			-601.0000			1039.0000			
13.4782			-18.8142			3.1341			-2.2000			291.0000			-612.0000			995.0000			
15.6787			-18.2388			1.4867			-1.0000			299.0000			-618.0000			946.0000			
16.7789			-18.2388			-0.1607			-1.6000			303.0000			-621.0000			887.0000			
16.7789			-15.3615			-2.3573			-0.9000			307.0000			-619.0000			825.0000			
18.4293			-11.9089			-4.5538			1.9000			310.0000			-610.0000			755.0000			
20.0797			-11.9089			-7.8487			0.3000			311.0000			-596.0000			678.0000			
21.7301			-12.4843			-10.0452			-0.8000			310.0000			-581.0000			598.0000			
23.9306			-12.4843			-11.1435			0.2000			308.0000			-564.0000			516.0000			
24.4807			-11.3334			-12.7909			0.3000			303.0000			-544.0000			430.0000			
25.0309			-10.7580			-13.3401			0.9000			296.0000			-519.0000			340.0000			
22.8304			-7.8808			-14.9875			0.0000			287.0000			-490.0000			245.0000			
23.3805			-7.3053			-16.0858			0.0000			275.0000			-457.0000			149.0000			
24.4807			-5.0036			-17.7332			1.7000			264.0000			-423.0000			53.0000			
25.5810			-6.1544			-18.2823			1.1000			251.0000			-387.0000			-46.0000			
26.1311			-6.1544			-18.8315			1.1000			238.0000			-352.0000			-143.0000			
26.1311			-3.8527			-19.9297			2.3000			223.0000			-315.0000			-238.0000			
25.5810			-2.7018			-19.9297			2.9000			207.0000			-277.0000			-332.0000			
21.1800			0.1754			-19.3806			1.9000			187.0000			-234.0000			-428.0000			
20.0797			2.4772			-19.9297			2.6000			164.0000			-187.0000			-520.0000			
20.0797			4.7790			-21.0280			3.8000			140.0000			-139.0000			-609.0000			
20.0797			5.3544			-22.6754			2.7000			115.0000			-94.0000			-695.0000			
21.7301			3.6281			-23.2246			2.1000			95.0000			-50.0000			-776.0000			
21.1800			6.5053			-24.8720			2.8000			73.0000			-9.0000			-852.0000			
17.8792			8.2316			-22.6754			3.4000			49.0000			36.0000			-925.0000			
15.6787			8.8071			-21.0280			3.4000			21.0000			83.0000			-990.0000			
13.4782			11.1089			-21.5771			3.0000			-9.0000			129.0000			-1051.0000			
11.8278			11.6843			-21.5771			1.9000			-35.0000			175.0000			-1106.0000			
12.3779			12.2598			-22.1263			2.5000			-60.0000			219.0000			-1156.0000			
11.2776			13.4106			-22.1263			2.5000			-84.0000			258.0000			-1199.0000			
10.7275			13.4106			-21.0280			3.1000			-106.0000			298.0000			-1235.0000			
8.5270			13.4106			-18.8315			3.1000			-128.0000			337.0000			-1266.0000			
4.6761			14.5615			-14.9875			4.2000			-153.0000			374.0000			-1287.0000			
0.8252			15.1370			-13.8892			2.0000			-178.0000			409.0000			-1300.0000			
-0.2751			16.8633			-13.3401			3.2000			-202.0000			443.0000			-1306.0000			
-1.9255			16.8633			-13.3401			1.5000			-222.0000			472.0000			-1306.0000			
-2.4756			18.0142			-12.7909			2.7000			-239.0000			500.0000			-1299.0000			
-4.6761			18.0142			-10.5944			2.7000			-255.0000			524.0000			-1284.0000			
-6.8766			16.2879			-7.8487			1.5000			-271.0000			545.0000			-1260.0000			
-9.6273			16.2879			-5.1030			1.5000			-287.0000			562.0000			-1228.0000			
-11.8278			18.5896			-4.0047			2.7000			-302.0000			577.0000			-1190.0000			
-12.9280			17.4387			-2.3573			2.1000			-315.0000			590.0000			-1145.0000			
-15.1285			18.0142			-1.8081			1.0000			-324.0000			599.0000			-1094.0000			
-16.2288			19.1651			-1.2590			1.6000			-331.0000			606.0000			-1039.0000			
-16.7789			18.0142			0.9376			2.1000			-337.0000			609.0000			-978.0000			
-17.8792			14.5615			3.6833			0.3000			-341.0000			606.0000			-909.0000			
-18.4293			12.2598			6.4289			0.2000			-343.0000			597.0000			-833.0000			
-20.6298			11.6843			8.6255			-0.3000			-344.0000			583.0000			-753.0000			
-22.2802			13.4106			9.7238			0.8000			-344.0000			568.0000			-669.0000			
-25.0309			12.2598			11.9203			-0.8000			-341.0000			552.0000			-583.0000			
-25.0309			11.1089			13.0186			-0.9000			-337.0000			532.0000			-492.0000			
-25.0309			11.1089			14.1169			0.1000			-329.0000			507.0000			-399.0000			
-24.4807			7.0808			15.2152			-2.1000			-319.0000			477.0000			-303.0000			
-23.9306			5.9299			15.7643			-2.2000			-307.0000			444.0000			-203.0000			
-25.0309			6.5053			17.4117			-1.1000			-295.0000			409.0000			-103.0000			
-26.1311			5.9299			18.5100			-1.6000			-284.0000			374.0000			-4.0000			
-27.2314			5.9299			18.5100			-2.7000			-271.0000			338.0000			95.0000			
-27.2314			4.7790			19.6083			-2.8000			-257.0000			303.0000			194.0000			
-25.5810			3.6281			20.1574			-1.7000			-240.0000			266.0000			291.0000			
-21.1800			-0.4000			19.6083			-1.9000			-220.0000			221.0000			387.0000			
-20.0797			-3.2772			20.1574			-3.2000			-197.0000			175.0000			481.0000			
-21.1800			-5.0036			22.3540			-3.8000			-173.0000			127.0000			572.0000			
-21.1800			-5.0036			22.9031			-3.2000			-151.0000			81.0000			659.0000			
-22.8304			-4.4281			23.4523			-3.8000			-129.0000			38.0000			742.0000			
-21.7301			-6.1544			24.0014			-3.8000			-108.0000			-3.0000			820.0000			
-17.8792			-8.4562			22.9031			-3.4000			-82.0000			-47.0000			894.0000			
-16.2288			-8.4562			21.2557			-3.4000			-53.0000			-94.0000			961.0000			
-14.5784			-11.9089			20.7066			-5.7000			-25.0000			-140.0000			1021.0000			
-11.8278			-11.9089			20.7066			-3.0000			3.0000			-185.0000			1079.0000			
-13.4782			-12.4843			21.8048			-4.1000			28.0000			-230.0000			1128.0000			
-11.8278			-13.6352			21.2557			-4.2000			51.0000			-270.0000			1173.0000			
-11.2776			-13.6352			20.7066			-4.2000			73.0000			-308.0000			1211.0000			
-9.0771			-13.0598			18.5100			-3.6000			95.0000			-346.0000			1242.0000			
-3.5758			-14.2106			15.2152			-2.5000			119.0000			-382.0000			1263.0000			
-1.3753			-14.2106			14.6660			-0.9000			144.0000			-418.0000			1276.0000			
0.2751			-17.6633			14.1169			-3.2000			169.0000			-452.0000			1284.0000			
1.3753			-17.6633			13.0186			-3.2000			188.0000			-482.0000			1284.0000			
2.4756			-18.8142			13.0186			-3.3000			207.0000			-510.0000			1276.0000			
5.2262			-17.6633			10.8221			-1.6000			223.0000			-536.0000			1262.0000			
6.3265			-16.5124			7.5272			-2.6000			239.0000			-556.0000			1239.0000			
8.5270			-16.5124			5.8798			-2.1000			253.0000			-573.0000			1207.0000			
11.2776			-17.6633			3.6833			-2.7000			270.0000			-588.0000			1169.0000			
12.9280			-17.0879			2.0358			-2.1000			282.0000			-602.0000			1121.0000			
14.5784			-18.2388			2.5850			-1.0000			292.0000			-611.0000			1075.0000			
15.6787			-18.8142			1.4867			-1.6000			299.0000			-617.0000			1017.0000			
16.7789			-17.6633			-0.1607			-1.0000			304.0000			-620.0000			955.0000			
16.7789			-14.2106			-3.4556			-0.8000			307.0000			-618.0000			888.0000			
18.4293			-13.0598			-4.5538			0.8000			309.0000			-609.0000			813.0000			
20.6298			-11.9089			-7.8487			0.8000			311.0000			-597.0000			732.0000			
22.8304			-12.4843			-9.4961			0.8000			310.0000			-581.0000			649.0000			
24.4807			-13.6352			-11.1435			-0.3000			309.0000			-563.0000			562.0000			
25.0309			-11.9089			-12.7909			0.3000			303.0000			-543.0000			473.0000			
25.0309			-10.7580			-14.4383			-0.1000			298.0000			-518.0000			379.0000			
23.3805			-6.7299			-15.5366			1.1000			285.0000			-489.0000			282.0000			
22.8304			-6.7299			-16.0858			0.0000			275.0000			-454.0000			184.0000			
23.9306			-6.1544			-17.1840			0.5000			262.0000			-419.0000			84.0000			
25.5810			-5.0036			-18.8315			1.7000			249.0000			-384.0000			-17.0000			
26.1311			-6.1544			-18.8315			1.1000			237.0000			-349.0000			-115.0000			
26.1311			-5.5790			-19.9297			0.6000			223.0000			-312.0000			-213.0000			
24.4807			-2.7018			-19.9297			1.8000			206.0000			-274.0000			-310.0000			
20.6298			0.1754			-19.3806			1.4000			185.0000			-230.0000			-406.0000			
20.0797			1.3263			-20.4789			0.9000			163.0000			-184.0000			-500.0000			
20.0797			4.2035			-21.5771			2.6000			137.0000			-135.0000			-590.0000			
21.1800			5.9299			-23.2246			3.8000			115.0000			-91.0000			-677.0000			
21.7301			4.2035			-24.3228			1.6000			95.0000			-47.0000			-760.0000			
20.6298			5.9299			-23.7737			2.7000			71.0000			-5.0000			-838.0000			
17.8792			8.2316			-22.6754			3.4000			47.0000			40.0000			-910.0000			
15.6787			9.3825			-21.5771			3.4000			18.0000			86.0000			-977.0000			
12.3779			10.5334			-21.0280			1.8000			-11.0000			133.0000			-1038.0000			
12.9280			12.2598			-22.1263			3.0000			-39.0000			179.0000			-1094.0000			
11.8278			12.8352			-22.1263			2.5000			-62.0000			222.0000			-1144.0000			
11.2776			13.9861			-21.5771			3.6000			-85.0000			263.0000			-1187.0000			
10.1774			13.9861			-21.0280			3.1000			-108.0000			302.0000			-1224.0000			
7.9769			12.8352			-18.2823			2.5000			-130.0000			340.0000			-1255.0000			
4.1260			13.9861			-14.9875			3.1000			-154.0000			376.0000			-1276.0000			
0.2751			15.1370			-13.3401			2.0000			-179.0000			412.0000			-1289.0000			
0.2751			15.7124			-13.3401			2.6000			-203.0000			444.0000			-1296.0000			
-1.3753			17.4387			-13.3401			2.7000			-222.0000			475.0000			-1296.0000			
-3.5758			18.5896			-12.7909			2.2000			-240.0000			502.0000			-1289.0000			
-4.1260			18.0142			-10.5944			3.2000			-257.0000			527.0000			-1274.0000			
-7.9769			16.8633			-7.2995			1.5000			-273.0000			548.0000			-1250.0000			
-9.6273			16.8633			-5.1030			2.1000			-288.0000			563.0000			-1218.0000			
-12.3779			18.5896			-3.4556			2.7000			-303.0000			579.0000			-1179.0000			
-14.0283			17.4387			-2.3573			1.0000			-314.0000			591.0000			-1134.0000			
-15.1285			18.5896			-2.3573			1.1000			-325.0000			601.0000			-1084.0000			
-16.2288			18.5896			-0.7099			1.6000			-331.0000			605.0000			-1028.0000			
-16.7789			16.8633			0.3884			0.4000			-337.0000			607.0000			-967.0000			
-17.8792			14.5615			3.6833			0.3000			-341.0000			605.0000			-899.0000			
-18.4293			12.2598			5.3307			-0.8000			-342.0000			595.0000			-823.0000			
-21.1800			13.4106			8.6255			0.8000			-344.0000			582.0000			-742.0000			
-21.7301			11.1089			10.2729			-0.3000			-343.0000			568.0000			-658.0000			
-24.4807			11.6843			11.3712			-1.4000			-341.0000			551.0000			-572.0000			
-26.1311			13.4106			11.9203			-0.8000			-336.0000			529.0000			-481.0000			
-25.5810			10.5334			14.1169			-0.9000			-328.0000			505.0000			-388.0000			
-23.9306			6.5053			15.2152			-2.2000			-318.0000			474.0000			-293.0000			
-23.9306			5.9299			15.7643			-2.2000			-307.0000			440.0000			-193.0000			
-24.4807			5.3544			17.4117			-1.7000			-295.0000			407.0000			-93.0000			
-26.6813			7.0808			17.9609			-1.6000			-283.0000			371.0000			7.0000			
-26.6813			5.3544			19.0591			-2.2000			-270.0000			336.0000			107.0000			
-27.2314			4.2035			20.1574			-2.8000			-255.0000			301.0000			203.0000			
-24.4807			3.0527			19.6083			-1.8000			-240.0000			262.0000			301.0000			
-20.6298			-1.5509			19.6083			-2.5000			-219.0000			219.0000			397.0000			
-20.6298			-1.5509			20.7066			-1.4000			-195.0000			171.0000			490.0000			
-21.1800			-5.0036			21.2557			-4.9000			-171.0000			123.0000			581.0000			
-20.6298			-6.7299			22.9031			-4.4000			-149.0000			78.0000			667.0000			
-22.8304			-3.8527			24.0014			-2.6000			-128.0000			36.0000			751.0000			
-21.1800			-6.1544			24.0014			-3.3000			-106.0000			-7.0000			827.0000			
-18.4293			-7.3053			21.8048			-3.9000			-81.0000			-51.0000			901.0000			
-16.2288			-8.4562			21.2557			-3.4000			-51.0000			-97.0000			968.0000			
-13.4782			-11.3334			21.8048			-2.9000			-23.0000			-143.0000			1028.0000			
-12.9280			-11.3334			20.7066			-3.5000			5.0000			-189.0000			1084.0000			
-12.9280			-13.0598			22.3540			-3.6000			28.0000			-232.0000			1135.0000			
-11.8278			-12.4843			21.8048			-2.5000			52.0000			-272.0000			1178.0000			
-11.8278			-13.0598			20.7066			-4.1000			74.0000			-312.0000			1215.0000			
-7.9769			-13.6352			18.5100			-3.1000			97.0000			-348.0000			1242.0000			
-4.1260			-13.6352			15.2152			-2.5000			121.0000			-386.0000			1267.0000			
-0.2751			-15.9370			13.5678			-2.6000			147.0000			-422.0000			1280.0000			
-0.2751			-16.5124			13.5678			-3.2000			171.0000			-455.0000			1285.0000			
0.8252			-18.2388			13.0186			-4.3000			191.0000			-485.0000			1284.0000			
3.5758			-18.8142			13.0186			-2.2000			208.0000			-513.0000			1279.0000			
4.1260			-17.6633			10.8221			-2.7000			224.0000			-537.0000			1263.0000			
5.7764			-17.0879			8.0764			-3.2000			239.0000			-557.0000			1239.0000			
8.5270			-17.0879			5.3307			-3.2000			256.0000			-575.0000			1205.0000			
11.2776			-17.6633			3.6833			-2.7000			270.0000			-590.0000			1167.0000			
12.9280			-17.6633			2.5850			-2.1000			282.0000			-603.0000			1121.0000			
13.4782			-18.8142			2.5850			-2.7000			292.0000			-613.0000			1071.0000			
15.1285			-18.2388			1.4867			-1.6000			299.0000			-619.0000			1015.0000			
16.7789			-17.6633			-0.7099			-1.5000			305.0000			-621.0000			953.0000			
17.3291			-14.2106			-2.9064			0.2000			308.0000			-618.0000			883.0000			
17.3291			-12.4843			-4.5538			0.2000			311.0000			-609.0000			810.0000			
21.1800			-11.3334			-8.3978			1.4000			311.0000			-595.0000			727.0000			
22.2802			-13.0598			-10.5944			-1.3000			310.0000			-580.0000			644.0000			
23.9306			-13.0598			-11.1435			-0.2000			309.0000			-562.0000			557.0000			
24.4807			-11.3334			-13.3401			-0.1000			303.0000			-542.0000			466.0000			
24.4807			-10.1825			-14.4383			-0.1000			295.0000			-516.0000			373.0000			
23.3805			-7.8808			-15.5366			0.0000			284.0000			-486.0000			277.0000			
23.3805			-6.7299			-16.6349			0.0000			273.0000			-452.0000			177.0000			
23.3805			-5.0036			-17.7332			0.6000			261.0000			-417.0000			77.0000			
25.0309			-5.5790			-18.8315			0.6000			248.0000			-381.0000			-24.0000			
26.6813			-6.1544			-18.8315			1.6000			236.0000			-346.0000			-122.0000			
26.1311			-5.0036			-19.3806			1.7000			221.0000			-309.0000			-220.0000			
24.4807			-2.7018			-19.9297			1.8000			204.0000			-271.0000			-316.0000			
20.6298			0.7509			-19.9297			1.4000			184.0000			-227.0000			-412.0000			
19.5296			1.9018			-21.0280			0.3000			161.0000			-180.0000			-506.0000			
20.0797			4.2035			-21.5771			2.6000			136.0000			-132.0000			-596.0000			
20.6298			5.3544			-23.2246			2.7000			113.0000			-87.0000			-683.0000			
21.1800			3.6281			-23.7737			1.0000			94.0000			-45.0000			-766.0000			
20.6298			5.9299			-24.3228			2.2000			71.0000			-3.0000			-843.0000			
17.8792			8.2316			-22.1263			3.9000			44.0000			43.0000			-915.0000			
15.1285			8.8071			-21.5771			2.3000			16.0000			88.0000			-981.0000			
12.9280			11.1089			-21.0280			3.0000			-13.0000			136.0000			-1042.0000			
11.8278			12.2598			-21.5771			2.5000			-40.0000			182.0000			-1098.0000			
12.3779			12.2598			-21.5771			3.0000			-65.0000			226.0000			-1147.0000			
11.2776			12.2598			-21.5771			1.9000			-87.0000			266.0000			-1191.0000			
11.2776			13.4106			-19.9297			4.7000			-109.0000			304.0000			-1227.0000			
7.9769			13.4106			-17.7332			3.6000			-132.0000			341.0000			-1256.0000			
3.5758			14.5615			-14.9875			3.1000			-157.0000			379.0000			-1277.0000			
0.2751			15.7124			-12.7909			3.1000			-181.0000			415.0000			-1290.0000			
0.2751			16.2879			-13.3401			3.2000			-205.0000			447.0000			-1296.0000			
-1.9255			17.4387			-12.7909			2.7000			-226.0000			477.0000			-1296.0000			
-4.1260			18.5896			-12.7909			1.6000			-242.0000			504.0000			-1289.0000			
-4.6761			17.4387			-10.5944			2.1000			-258.0000			527.0000			-1273.0000			
-7.4267			16.2879			-7.8487			1.0000			-274.0000			548.0000			-1248.0000			
-9.6273			16.8633			-5.1030			2.1000			-289.0000			565.0000			-1216.0000			
-11.8278			18.5896			-2.9064			3.8000			-304.0000			579.0000			-1177.0000			
-14.0283			17.4387			-2.3573			1.0000			-317.0000			592.0000			-1131.0000			
-15.1285			18.5896			-2.3573			1.1000			-326.0000			601.0000			-1081.0000			
-16.2288			18.0142			-1.2590			0.5000			-333.0000			607.0000			-1024.0000			
-16.7789			17.4387			0.9376			1.5000			-337.0000			608.0000			-963.0000			
-16.7789			13.9861			3.6833			0.8000			-341.0000			605.0000			-893.0000			
-18.4293			13.4106			6.4289			1.4000			-343.0000			595.0000			-818.0000			
-20.6298			12.2598			9.1746			0.8000			-343.0000			582.0000			-737.0000			
-23.3805			12.8352			10.8221			0.2000			-342.0000			567.0000			-652.0000			
-24.4807			12.8352			11.3712			-0.2000			-339.0000			550.0000			-565.0000			
-26.1311			11.1089			13.0186			-2.0000			-336.0000			528.0000			-476.0000			
-25.5810			9.9580			15.2152			-0.4000			-328.0000			503.0000			-381.0000			
-23.9306			7.6562			14.6660			-1.6000			-317.0000			473.0000			-285.0000			
-23.9306			5.3544			16.3135			-2.2000			-305.0000			439.0000			-185.0000			
-24.4807			5.9299			16.8626			-1.6000			-293.0000			404.0000			-86.0000			
-26.1311			5.9299			18.5100			-1.6000			-281.0000			369.0000			14.0000			
-27.2314			5.9299			18.5100			-2.7000			-270.0000			334.0000			112.0000			
-27.2314			4.2035			19.6083			-3.4000			-254.0000			297.0000			211.0000			
-25.0309			1.9018			19.6083			-3.5000			-237.0000			258.0000			307.0000			
-21.7301			-0.4000			19.6083			-2.5000			-217.0000			216.0000			403.0000			
-20.6298			-3.2772			20.7066			-3.2000			-193.0000			169.0000			495.0000			
-20.6298			-4.4281			21.2557			-3.8000			-170.0000			120.0000			587.0000			
-21.1800			-5.5790			24.0014			-2.7000			-147.0000			76.0000			675.0000			
-22.2802			-4.4281			24.0014			-2.7000			-126.0000			34.0000			757.0000			
-21.1800			-6.7299			24.5505			-3.3000			-105.0000			-9.0000			832.0000			
-18.4293			-8.4562			22.3540			-4.5000			-79.0000			-54.0000			907.0000			
-15.1285			-9.0317			21.2557			-2.8000			-49.0000			-100.0000			970.0000			
-14.0283			-10.7580			20.7066			-4.0000			-21.0000			-146.0000			1032.0000			
-12.9280			-13.0598			21.2557			-4.7000			7.0000			-192.0000			1087.0000			
-12.9280			-11.3334			21.8048			-2.4000			32.0000			-235.0000			1135.0000			
-11.8278			-13.0598			21.2557			-3.6000			55.0000			-275.0000			1181.0000			
-10.7275			-13.6352			20.7066			-3.6000			76.0000			-315.0000			1215.0000			
-7.9769			-13.6352			17.9609			-3.6000			99.0000			-351.0000			1246.0000			
-4.1260			-14.2106			14.1169			-4.2000			124.0000			-388.0000			1266.0000			
-0.8252			-16.5124			14.1169			-3.2000			149.0000			-423.0000			1280.0000			
-0.2751			-16.5124			14.1169			-2.6000			171.0000			-457.0000			1287.0000			
1.9255			-18.2388			13.0186			-3.2000			191.0000			-487.0000			1286.0000			
2.4756			-18.2388			12.4695			-3.2000			209.0000			-514.0000			1277.0000			
4.6761			-18.2388			10.2729			-3.2000			225.0000			-538.0000			1260.0000			
7.9769			-16.5124			6.9781			-1.5000			241.0000			-559.0000			1236.0000			
9.0771			-17.0879			5.3307			-2.6000			257.0000			-575.0000			1201.0000			
11.8278			-17.6633			2.5850			-3.2000			272.0000			-592.0000			1163.0000			
13.4782			-17.6633			2.5850			-1.5000			284.0000			-603.0000			1117.0000			
14.5784			-18.8142			2.0358			-2.2000			292.0000			-613.0000			1068.0000			
15.1285			-18.2388			1.4867			-1.6000			300.0000			-619.0000			1010.0000			
16.7789			-18.8142			-0.7099			-2.7000			305.0000			-621.0000			948.0000			
17.3291			-13.6352			-3.4556			0.2000			308.0000			-617.0000			879.0000			
18.4293			-13.0598			-5.6521			-0.2000			309.0000			-607.0000			804.0000			
20.0797			-11.9089			-7.8487			0.3000			311.0000			-594.0000			721.0000			
22.8304			-11.9089			-11.1435			-0.2000			310.0000			-579.0000			638.0000			
23.9306			-13.0598			-11.1435			-0.2000			308.0000			-561.0000			552.0000			
25.5810			-11.3334			-13.3401			0.9000			303.0000			-540.0000			460.0000			
24.4807			-9.6071			-14.4383			0.4000			295.0000			-514.0000			366.0000			
22.8304			-7.3053			-14.9875			0.5000			283.0000			-483.0000			270.0000			
23.3805			-6.1544			-17.1840			0.0000			272.0000			-449.0000			170.0000			
24.4807			-6.1544			-17.7332			0.5000			261.0000			-414.0000			70.0000			
25.5810			-5.0036			-18.8315			1.7000			247.0000			-378.0000			-29.0000			
26.1311			-6.1544			-19.3806			0.5000			235.0000			-344.0000			-129.0000			
26.6813			-5.0036			-19.9297			1.7000			220.0000			-306.0000			-226.0000			
23.9306			-1.5509			-19.9297			2.4000			204.0000			-269.0000			-324.0000			
20.6298			0.7509			-19.3806			1.9000			182.0000			-224.0000			-419.0000			
20.6298			2.4772			-21.0280			2.0000			158.0000			-177.0000			-513.0000			
20.0797			4.2035			-22.1263			2.1000			134.0000			-129.0000			-603.0000			
21.1800			5.3544			-23.2246			3.3000			111.0000			-83.0000			-689.0000			
21.7301			4.7790			-24.3228			2.1000			90.0000			-41.0000			-772.0000			
20.0797			7.0808			-24.3228			2.8000			69.0000			2.0000			-848.0000			
17.3291			7.6562			-22.1263			2.8000			43.0000			47.0000			-920.0000			
14.5784			9.9580			-21.5771			2.9000			14.0000			93.0000			-985.0000			
13.4782			10.5334			-21.0280			2.9000			-15.0000			140.0000			-1046.0000			
11.8278			12.2598			-21.5771			2.5000			-42.0000			185.0000			-1101.0000			
11.8278			12.2598			-21.5771			2.5000			-65.0000			228.0000			-1151.0000			
11.8278			13.4106			-22.1263			3.1000			-90.0000			269.0000			-1193.0000			
9.6273			13.9861			-21.0280			2.5000			-110.0000			306.0000			-1230.0000			
7.4267			13.4106			-17.7332			3.1000			-133.0000			344.0000			-1258.0000			
3.0257			13.9861			-14.9875			2.0000			-158.0000			383.0000			-1279.0000			
-0.2751			16.2879			-12.7909			3.2000			-183.0000			416.0000			-1291.0000			
-0.8252			16.2879			-13.8892			1.5000			-207.0000			450.0000			-1297.0000			
-1.9255			17.4387			-13.8892			1.6000			-226.0000			479.0000			-1296.0000			
-4.1260			19.1651			-12.2418			2.7000			-243.0000			507.0000			-1288.0000			
-5.2262			18.0142			-9.4961			3.2000			-260.0000			531.0000			-1271.0000			
-7.9769			16.8633			-7.8487			1.0000			-275.0000			550.0000			-1246.0000			
-10.1774			16.2879			-5.1030			1.0000			-290.0000			564.0000			-1212.0000			
-11.8278			18.5896			-3.4556			3.3000			-305.0000			581.0000			-1173.0000			
-14.0283			18.0142			-1.8081			2.1000			-317.0000			593.0000			-1128.0000			
-15.1285			18.5896			-2.3573			1.1000			-326.0000			602.0000			-1076.0000			
-16.2288			18.5896			-0.7099			1.6000			-333.0000			606.0000			-1020.0000			
-17.3291			16.8633			2.0358			1.5000			-338.0000			608.0000			-958.0000			
-17.8792			13.9861			4.2324			0.3000			-341.0000			604.0000			-889.0000			
-18.4293			12.2598			5.8798			-0.2000			-343.0000			594.0000			-812.0000			
-21.1800			12.2598			9.1746			0.2000			-344.0000			580.0000			-730.0000			
-23.9306			12.8352			10.2729			-0.8000			-343.0000			564.0000			-645.0000			
-25.0309			12.2598			11.9203			-0.8000			-342.0000			546.0000			-559.0000			
-25.0309			12.2598			13.5678			0.7000			-335.0000			527.0000			-468.0000			
-24.4807			9.9580			14.1169			-0.4000			-327.0000			500.0000			-374.0000			
-23.3805			7.0808			15.2152			-1.0000			-316.0000			470.0000			-277.0000			
-23.9306			6.5053			16.3135			-1.1000			-305.0000			434.0000			-177.0000			
-25.0309			4.2035			17.4117			-3.4000			-293.0000			401.0000			-79.0000			
-26.1311			6.5053			18.5100			-1.1000			-281.0000			366.0000			22.0000			
-27.7815			5.9299			19.6083			-2.2000			-269.0000			332.0000			121.0000			
-26.6813			4.2035			20.1574			-2.3000			-253.0000			295.0000			217.0000			
-25.0309			2.4772			19.6083			-2.9000			-237.0000			257.0000			315.0000			
-21.1800			-2.1263			19.6083			-3.7000			-215.0000			211.0000			410.0000			
-20.0797			-3.2772			21.2557			-2.1000			-192.0000			165.0000			504.0000			
-21.1800			-2.7018			21.8048			-2.0000			-168.0000			117.0000			594.0000			
-21.7301			-5.5790			22.9031			-4.4000			-145.0000			72.0000			681.0000			
-22.2802			-4.4281			24.5505			-2.1000			-124.0000			30.0000			762.0000			
-21.1800			-7.3053			24.0014			-4.4000			-102.0000			-13.0000			838.0000			
-17.8792			-7.8808			22.3540			-3.4000			-77.0000			-58.0000			910.0000			
-15.6787			-8.4562			21.2557			-2.8000			-47.0000			-104.0000			975.0000			
-14.5784			-11.9089			21.2557			-5.2000			-18.0000			-151.0000			1037.0000			
-12.3779			-11.9089			21.8048			-2.4000			8.0000			-195.0000			1092.0000			
-13.4782			-11.9089			21.2557			-4.1000			33.0000			-238.0000			1141.0000			
-12.3779			-13.6352			20.7066			-5.3000			54.0000			-278.0000			1183.0000			
-11.2776			-13.6352			20.1574			-4.7000			77.0000			-317.0000			1220.0000			
-7.4267			-13.6352			17.4117			-3.6000			101.0000			-355.0000			1247.0000			
-3.5758			-14.2106			15.2152			-2.5000			126.0000			-392.0000			1268.0000			
-0.2751			-17.0879			13.0186			-4.3000			151.0000			-427.0000			1281.0000			
-0.2751			-15.9370			13.5678			-2.6000			174.0000			-459.0000			1285.0000			
0.8252			-17.0879			13.5678			-2.6000			193.0000			-489.0000			1286.0000			
2.4756			-18.2388			11.9203			-3.8000			211.0000			-517.0000			1275.0000			
5.2262			-17.0879			9.7238			-2.1000			226.0000			-540.0000			1259.0000			
6.8766			-17.6633			8.0764			-2.7000			243.0000			-559.0000			1235.0000			
9.6273			-16.5124			5.3307			-1.5000			259.0000			-577.0000			1199.0000			
11.2776			-17.0879			2.5850			-3.2000			273.0000			-591.0000			1161.0000			
12.3779			-17.6633			2.5850			-2.6000			284.0000			-604.0000			1113.0000			
14.0283			-18.8142			2.0358			-2.7000			293.0000			-614.0000			1064.0000			
15.1285			-18.8142			0.9376			-2.7000			301.0000			-619.0000			1007.0000			
16.7789			-17.0879			-1.2590			-1.5000			306.0000			-620.0000			943.0000			
16.7789			-14.2106			-4.5538			-1.9000			308.0000			-617.0000			873.0000			
17.8792			-13.0598			-5.1030			-0.2000			311.0000			-606.0000			796.0000			
20.0797			-11.3334			-8.9469			-0.2000			311.0000			-592.0000			716.0000			
22.2802			-11.9089			-11.1435			-0.7000			310.0000			-577.0000			631.0000			
23.9306			-13.6352			-11.1435			-0.8000			308.0000			-559.0000			543.0000			
24.4807			-11.9089			-13.3401			-0.7000			303.0000			-538.0000			454.0000			
24.4807			-9.6071			-14.4383			0.4000			292.0000			-511.0000			359.0000			
22.8304			-7.3053			-14.9875			0.5000			283.0000			-481.0000			261.0000			
23.3805			-6.1544			-16.6349			0.5000			272.0000			-446.0000			163.0000			
24.4807			-5.5790			-17.7332			1.1000			260.0000			-411.0000			63.0000			
25.5810			-5.0036			-19.3806			1.1000			247.0000			-375.0000			-38.0000			
26.1311			-6.7299			-19.3806			0.0000			233.0000			-340.0000			-136.0000			
26.6813			-5.0036			-19.3806			2.2000			219.0000			-305.0000			-234.0000			
23.3805			-2.7018			-19.9297			0.7000			202.0000			-265.0000			-331.0000			
20.0797			1.9018			-19.9297			2.0000			180.0000			-220.0000			-427.0000			
20.0797			3.0527			-21.5771			1.5000			157.0000			-173.0000			-520.0000			
20.0797			3.6281			-22.1263			1.5000			133.0000			-126.0000			-610.0000			
20.6298			5.3544			-23.7737			2.2000			110.0000			-80.0000			-696.0000			
21.7301			4.7790			-24.3228			2.1000			89.0000			-38.0000			-778.0000			
20.0797			6.5053			-23.7737			2.8000			67.0000			5.0000			-853.0000			
17.8792			8.2316			-22.1263			3.9000			40.0000			50.0000			-925.0000			
14.5784			9.3825			-21.0280			2.9000			12.0000			96.0000			-990.0000			
13.4782			11.6843			-21.5771			3.5000			-17.0000			144.0000			-1051.0000			
12.3779			12.2598			-21.5771			3.0000			-44.0000			189.0000			-1106.0000			
11.8278			12.8352			-21.5771			3.0000			-69.0000			232.0000			-1155.0000			
11.2776			12.8352			-21.0280			3.0000			-91.0000			271.0000			-1197.0000			
10.1774			13.9861			-20.4789			3.6000			-113.0000			310.0000			-1232.0000			
6.8766			13.4106			-17.7332			2.5000			-135.0000			347.0000			-1260.0000			
3.5758			13.9861			-15.5366			2.0000			-160.0000			385.0000			-1280.0000			
-0.8252			16.2879			-13.3401			2.1000			-185.0000			421.0000			-1291.0000			
-0.8252			16.2879			-13.8892			1.5000			-209.0000			452.0000			-1297.0000			
-1.3753			18.0142			-13.8892			2.7000			-227.0000			482.0000			-1296.0000			
-3.5758			19.1651			-11.1435			4.4000			-244.0000			508.0000			-1287.0000			
-5.2262			18.0142			-9.4961			3.2000			-260.0000			531.0000			-1270.0000			
-7.4267			16.8633			-7.2995			2.1000			-277.0000			551.0000			-1244.0000			
-10.1774			16.8633			-4.5538			2.1000			-291.0000			567.0000			-1210.0000			
-12.3779			18.0142			-2.9064			2.7000			-306.0000			582.0000			-1170.0000			
-14.0283			18.0142			-2.3573			1.6000			-318.0000			594.0000			-1124.0000			
-15.6787			19.1651			-1.8081			1.6000			-327.0000			602.0000			-1073.0000			
-16.2288			18.0142			-0.7099			1.0000			-333.0000			607.0000			-1016.0000			
-17.3291			16.2879			2.0358			0.9000			-338.0000			607.0000			-953.0000			
-17.3291			14.5615			4.2324			1.4000			-341.0000			603.0000			-883.0000			
-18.4293			13.4106			6.4289			1.4000			-343.0000			592.0000			-806.0000			
-21.1800			11.6843			8.6255			-0.8000			-344.0000			580.0000			-724.0000			
-23.3805			12.2598			9.7238			-1.4000			-342.0000			564.0000			-639.0000			
-24.4807			12.8352			11.9203			0.2000			-339.0000			546.0000			-552.0000			
-25.5810			12.2598			13.0186			-0.3000			-335.0000			524.0000			-461.0000			
-24.4807			8.8071			14.6660			-1.0000			-326.0000			499.0000			-366.0000			
-24.4807			7.0808			15.2152			-2.1000			-317.0000			467.0000			-271.0000			
-23.9306			5.9299			16.3135			-1.6000			-305.0000			434.0000			-171.0000			
-24.4807			4.2035			17.4117			-2.8000			-292.0000			398.0000			-71.0000			
-26.1311			5.9299			18.5100			-1.6000			-280.0000			363.0000			28.0000			
-27.7815			5.9299			19.0591			-2.7000			-267.0000			329.0000			128.0000			
-27.2314			4.7790			19.6083			-2.8000			-252.0000			292.0000			225.0000			
-23.9306			1.9018			19.6083			-2.4000			-235.0000			254.0000			322.0000			
-21.1800			-2.1263			20.7066			-2.6000			-214.0000			208.0000			417.0000			
-20.0797			-2.7018			20.7066			-2.0000			-190.0000			161.0000			511.0000			
-20.0797			-3.2772			21.8048			-1.5000			-165.0000			113.0000			601.0000			
-21.1800			-5.5790			22.3540			-4.4000			-145.0000			68.0000			687.0000			
-22.8304			-4.4281			24.0014			-3.2000			-124.0000			26.0000			769.0000			
-21.7301			-6.7299			24.0014			-4.4000			-100.0000			-17.0000			845.0000			
-17.8792			-8.4562			21.2557			-5.0000			-74.0000			-61.0000			915.0000			
-15.1285			-9.6071			20.7066			-4.0000			-45.0000			-107.0000			981.0000			
-14.5784			-11.3334			20.7066			-5.1000			-17.0000			-154.0000			1041.0000			
-13.4782			-11.9089			21.8048			-3.5000			10.0000			-199.0000			1095.0000			
-12.9280			-12.4843			21.8048			-3.6000			35.0000			-241.0000			1143.0000			
-11.8278			-12.4843			20.7066			-3.6000			57.0000			-282.0000			1187.0000			
-10.1774			-13.0598			20.7066			-2.5000			78.0000			-320.0000			1223.0000			
-6.8766			-13.6352			17.4117			-3.1000			102.0000			-357.0000			1250.0000			
-3.5758			-14.2106			15.2152			-2.5000			127.0000			-393.0000			1270.0000			
-0.2751			-16.5124			13.0186			-3.7000			153.0000			-429.0000			1281.0000			
0.2751			-16.5124			13.5678			-2.6000			175.0000			-461.0000			1287.0000			
1.3753			-17.6633			13.0186			-3.2000			194.0000			-491.0000			1285.0000			
3.5758			-18.8142			11.9203			-3.3000			211.0000			-518.0000			1275.0000			
4.6761			-18.2388			9.7238			-3.8000			227.0000			-542.0000			1256.0000			
7.4267			-17.0879			6.9781			-2.6000			243.0000			-560.0000			1235.0000			
10.1774			-17.0879			4.7815			-2.1000			259.0000			-577.0000			1204.0000			
12.3779			-17.6633			3.1341			-2.1000			274.0000			-593.0000			1162.0000			
13.4782			-17.6633			3.1341			-1.0000			286.0000			-605.0000			1118.0000			
15.6787			-18.2388			2.0358			-0.5000			294.0000			-615.0000			1067.0000			
16.2288			-17.6633			1.4867			0.0000			301.0000			-619.0000			1009.0000			
16.2288			-17.0879			-0.7099			-1.5000			306.0000			-620.0000			947.0000			
17.3291			-14.2106			-4.5538			-1.4000			310.0000			-617.0000			878.0000			
18.4293			-13.6352			-5.1030			-0.3000			311.0000			-606.0000			801.0000			
20.6298			-12.4843			-7.8487			0.2000			311.0000			-592.0000			719.0000			
22.8304			-11.3334			-11.1435			0.3000			310.0000			-576.0000			636.0000			
23.9306			-13.0598			-11.1435			-0.2000			308.0000			-558.0000			547.0000			
25.5810			-11.9089			-13.8892			-0.2000			302.0000			-534.0000			458.0000			
24.4807			-9.6071			-14.4383			0.4000			293.0000			-510.0000			363.0000			
23.9306			-7.8808			-16.0858			0.0000			284.0000			-478.0000			267.0000			
23.3805			-6.1544			-16.0858			1.1000			271.0000			-444.0000			167.0000			
24.4807			-6.1544			-17.7332			0.5000			259.0000			-410.0000			68.0000			
25.5810			-5.5790			-18.8315			1.1000			247.0000			-374.0000			-33.0000			
26.1311			-6.1544			-19.3806			0.5000			232.0000			-339.0000			-131.0000			
26.1311			-5.0036			-19.9297			1.1000			218.0000			-302.0000			-229.0000			
23.3805			-1.5509			-19.9297			1.8000			202.0000			-262.0000			-326.0000			
20.6298			1.9018			-19.9297			2.5000			179.0000			-217.0000			-421.0000			
18.9795			3.0527			-21.0280			0.9000			155.0000			-169.0000			-514.0000			
20.0797			3.6281			-22.1263			1.5000			131.0000			-122.0000			-606.0000			
21.7301			4.7790			-22.6754			3.8000			108.0000			-78.0000			-693.0000			
21.7301			4.7790			-23.7737			2.7000			88.0000			-34.0000			-774.0000			
20.0797			6.5053			-24.3228			2.2000			65.0000			9.0000			-850.0000			
17.3291			8.2316			-21.5771			3.9000			38.0000			54.0000			-922.0000			
14.5784			9.3825			-21.5771			2.3000			11.0000			100.0000			-988.0000			
13.4782			11.1089			-21.5771			3.0000			-19.0000			147.0000			-1049.0000			
12.3779			12.8352			-22.6754			2.5000			-47.0000			191.0000			-1103.0000			
12.3779			12.2598			-22.1263			2.5000			-69.0000			234.0000			-1152.0000			
11.2776			13.4106			-21.0280			3.6000			-91.0000			274.0000			-1195.0000			
9.0771			13.4106			-21.0280			1.4000			-115.0000			312.0000			-1230.0000			
6.3265			13.4106			-17.7332			2.0000			-137.0000			349.0000			-1259.0000			
3.0257			13.9861			-14.9875			2.0000			-162.0000			387.0000			-1279.0000			
0.2751			16.2879			-13.3401			3.2000			-187.0000			423.0000			-1292.0000			
-0.8252			16.2879			-13.8892			1.5000			-210.0000			455.0000			-1297.0000			
-1.9255			17.4387			-13.8892			1.6000			-229.0000			484.0000			-1296.0000			
-3.5758			18.0142			-11.6926			2.7000			-246.0000			511.0000			-1288.0000			
-5.2262			17.4387			-9.4961			2.7000			-261.0000			533.0000			-1271.0000			
-7.9769			16.8633			-6.7504			2.1000			-277.0000			552.0000			-1246.0000			
-10.1774			16.8633			-4.5538			2.1000			-293.0000			568.0000			-1212.0000			
-12.3779			16.8633			-3.4556			1.0000			-308.0000			583.0000			-1172.0000			
-13.4782			17.4387			-2.3573			1.6000			-319.0000			593.0000			-1126.0000			
-15.6787			18.5896			-2.3573			0.5000			-327.0000			601.0000			-1075.0000			
-16.2288			18.0142			-1.2590			0.5000			-334.0000			607.0000			-1019.0000			
-16.7789			16.8633			0.9376			1.0000			-338.0000			607.0000			-957.0000			
-17.8792			13.9861			3.6833			-0.2000			-341.0000			602.0000			-887.0000			
-19.5296			12.2598			6.4289			-0.8000			-343.0000			592.0000			-810.0000			
-21.1800			11.1089			9.1746			-0.8000			-344.0000			579.0000			-729.0000			
-23.3805			11.6843			10.8221			-0.8000			-343.0000			562.0000			-643.0000			
-25.0309			12.8352			11.9203			-0.2000			-340.0000			543.0000			-557.0000			
-25.0309			11.1089			13.0186			-0.9000			-335.0000			523.0000			-465.0000			
-24.4807			9.3825			14.6660			-0.4000			-327.0000			495.0000			-372.0000			
-23.9306			7.0808			15.2152			-1.6000			-314.0000			464.0000			-275.0000			
-23.9306			5.9299			15.7643			-2.2000			-303.0000			430.0000			-176.0000			
-25.0309			4.7790			17.4117			-2.8000			-290.0000			395.0000			-76.0000			
-25.5810			5.9299			18.5100			-1.1000			-280.0000			359.0000			25.0000			
-26.6813			5.9299			19.6083			-1.1000			-266.0000			324.0000			123.0000			
-26.1311			3.6281			19.6083			-2.8000			-251.0000			288.0000			220.0000			
-24.4807			2.4772			19.6083			-2.3000			-234.0000			249.0000			317.0000			
-20.6298			-2.1263			20.1574			-2.6000			-213.0000			204.0000			413.0000			
-19.5296			-3.8527			21.8048			-1.5000			-188.0000			158.0000			505.0000			
-20.6298			-3.8527			21.8048			-2.6000			-164.0000			110.0000			597.0000			
-21.7301			-5.5790			23.4523			-3.8000			-143.0000			65.0000			683.0000			
-22.2802			-5.0036			24.0014			-3.2000			-122.0000			23.0000			764.0000			
-20.6298			-6.7299			24.5505			-2.8000			-99.0000			-20.0000			841.0000			
-16.7789			-7.8808			21.8048			-2.8000			-71.0000			-65.0000			912.0000			
-16.2288			-9.0317			20.7066			-4.5000			-43.0000			-111.0000			978.0000			
-13.4782			-11.3334			20.1574			-4.6000			-14.0000			-157.0000			1039.0000			
-13.4782			-13.0598			21.8048			-4.7000			13.0000			-202.0000			1092.0000			
-12.9280			-12.4843			22.3540			-3.0000			36.0000			-245.0000			1142.0000			
-11.2776			-12.4843			20.7066			-3.0000			59.0000			-284.0000			1186.0000			
-10.1774			-13.0598			19.6083			-3.6000			80.0000			-322.0000			1219.0000			
-6.8766			-14.2106			16.8626			-4.2000			104.0000			-360.0000			1250.0000			
-4.1260			-14.2106			15.2152			-3.1000			128.0000			-397.0000			1271.0000			
-0.8252			-17.0879			13.5678			-4.3000			153.0000			-432.0000			1280.0000			
0.8252			-16.5124			13.0186			-2.6000			175.0000			-464.0000			1287.0000			
1.3753			-18.8142			13.5678			-3.8000			196.0000			-494.0000			1284.0000			
3.5758			-18.8142			13.0186			-2.2000			212.0000			-520.0000			1276.0000			
5.2262			-17.6633			9.7238			-2.7000			228.0000			-544.0000			1260.0000			
6.8766			-17.6633			7.5272			-3.2000			245.0000			-562.0000			1235.0000			
10.1774			-16.5124			4.7815			-1.5000			261.0000			-579.0000			1202.0000			
11.8278			-17.6633			3.1341			-2.7000			274.0000			-595.0000			1159.0000			
13.4782			-18.2388			2.0358			-2.7000			286.0000			-607.0000			1114.0000			
15.1285			-18.2388			2.0358			-1.0000			295.0000			-615.0000			1062.0000			
15.1285			-18.2388			1.4867			-1.6000			301.0000			-620.0000			1005.0000			
16.7789			-15.9370			-1.2590			-0.4000			305.0000			-620.0000			943.0000			
17.3291			-13.6352			-4.5538			-0.8000			310.0000			-615.0000			871.0000			
18.9795			-14.2106			-6.2013			-1.4000			310.0000			-605.0000			796.0000			
20.6298			-11.9089			-7.8487			0.8000			312.0000			-592.0000			713.0000			
22.2802			-11.3334			-10.5944			0.3000			311.0000			-575.0000			628.0000			
24.4807			-13.6352			-11.1435			-0.3000			307.0000			-557.0000			542.0000			
24.4807			-11.9089			-13.3401			-0.7000			302.0000			-535.0000			451.0000			
23.9306			-9.6071			-15.5366			-1.2000			292.0000			-508.0000			357.0000			
23.3805			-6.7299			-15.5366			1.1000			282.0000			-476.0000			260.0000			
23.9306			-6.1544			-16.6349			1.1000			269.0000			-442.0000			159.0000			
24.4807			-6.1544			-18.2823			0.0000			259.0000			-407.0000			59.0000			
26.1311			-5.0036			-19.3806			1.7000			245.0000			-371.0000			-39.0000			
25.5810			-6.1544			-19.3806			0.0000			231.0000			-335.0000			-138.0000			
25.5810			-4.4281			-19.9297			1.2000			215.0000			-298.0000			-236.0000			
23.3805			-2.1263			-19.9297			1.3000			199.0000			-258.0000			-333.0000			
20.0797			1.9018			-19.9297			2.0000			177.0000			-213.0000			-430.0000			
18.9795			4.2035			-21.5771			1.5000			153.0000			-165.0000			-522.0000			
20.0797			3.0527			-22.1263			0.9000			128.0000			-119.0000			-613.0000			
21.1800			4.7790			-23.7737			2.1000			106.0000			-74.0000			-698.0000			
22.2802			5.9299			-23.7737			4.4000			86.0000			-32.0000			-779.0000			
20.0797			5.9299			-24.3228			1.6000			62.0000			10.0000			-855.0000			
16.7789			7.6562			-22.1263			2.3000			35.0000			55.0000			-927.0000			
14.5784			8.8071			-19.9297			3.4000			8.0000			104.0000			-992.0000			
13.4782			11.1089			-21.5771			3.0000			-21.0000			150.0000			-1052.0000			
11.8278			13.4106			-21.5771			3.6000			-48.0000			195.0000			-1107.0000			
11.8278			13.4106			-21.5771			3.6000			-71.0000			238.0000			-1156.0000			
11.2776			13.4106			-21.5771			3.1000			-95.0000			278.0000			-1198.0000			
10.1774			13.4106			-20.4789			3.1000			-116.0000			315.0000			-1233.0000			
5.7764			13.9861			-17.1840			2.5000			-140.0000			353.0000			-1262.0000			
3.5758			13.4106			-15.5366			1.4000			-164.0000			390.0000			-1281.0000			
-0.2751			16.8633			-12.7909			3.7000			-190.0000			424.0000			-1292.0000			
-0.8252			16.8633			-13.3401			2.6000			-212.0000			457.0000			-1297.0000			
-1.3753			17.4387			-13.3401			2.7000			-230.0000			485.0000			-1296.0000			
-3.5758			18.5896			-12.7909			2.2000			-246.0000			513.0000			-1287.0000			
-5.7764			17.4387			-9.4961			2.1000			-263.0000			534.0000			-1270.0000			
-8.5270			17.4387			-6.7504			2.1000			-278.0000			553.0000			-1244.0000			
-10.1774			16.2879			-5.1030			1.0000			-294.0000			568.0000			-1209.0000			
-12.3779			18.0142			-3.4556			2.1000			-308.0000			583.0000			-1170.0000			
-14.5784			18.0142			-2.3573			1.0000			-320.0000			595.0000			-1124.0000			
-16.2288			18.5896			-1.8081			0.5000			-327.0000			603.0000			-1072.0000			
-16.2288			18.0142			-1.8081			0.0000			-334.0000			607.0000			-1015.0000			
-17.8792			16.8633			1.4867			0.4000			-339.0000			606.0000			-952.0000			
-17.3291			13.9861			4.2324			0.8000			-342.0000			601.0000			-881.0000			
-20.0797			13.9861			6.4289			0.3000			-343.0000			591.0000			-805.0000			
-21.7301			11.1089			8.6255			-1.9000			-345.0000			577.0000			-723.0000			
-23.3805			11.6843			10.8221			-0.8000			-343.0000			562.0000			-638.0000			
-25.0309			13.4106			11.3712			-0.2000			-340.0000			543.0000			-550.0000			
-25.5810			12.2598			13.0186			-0.3000			-333.0000			521.0000			-459.0000			
-24.4807			7.6562			14.1169			-2.7000			-325.0000			494.0000			-365.0000			
-23.3805			7.0808			15.2152			-1.0000			-314.0000			462.0000			-268.0000			
-23.9306			7.0808			16.3135			-0.5000			-301.0000			427.0000			-169.0000			
-25.0309			4.7790			17.4117			-2.8000			-290.0000			392.0000			-69.0000			
-26.1311			5.9299			18.5100			-1.6000			-278.0000			359.0000			31.0000			
-26.6813			5.9299			19.0591			-1.6000			-265.0000			323.0000			130.0000			
-26.1311			4.7790			19.6083			-1.7000			-250.0000			287.0000			228.0000			
-23.9306			2.4772			19.6083			-1.8000			-233.0000			248.0000			324.0000			
-20.6298			-3.2772			20.1574			-3.7000			-211.0000			202.0000			420.0000			
-19.5296			-4.4281			21.8048			-2.1000			-189.0000			154.0000			512.0000			
-20.0797			-3.2772			21.8048			-1.5000			-164.0000			108.0000			603.0000			
-21.7301			-5.5790			23.4523			-3.8000			-142.0000			63.0000			687.0000			
-22.2802			-5.5790			24.0014			-3.8000			-121.0000			20.0000			771.0000			
-20.0797			-7.3053			23.4523			-3.9000			-99.0000			-23.0000			847.0000			
-16.7789			-7.8808			21.2557			-3.4000			-70.0000			-68.0000			917.0000			
-14.5784			-10.1825			20.7066			-4.0000			-40.0000			-114.0000			981.0000			
-14.0283			-11.9089			21.8048			-4.1000			-13.0000			-161.0000			1041.0000			
-13.4782			-12.4843			21.8048			-4.1000			13.0000			-205.0000			1097.0000			
-12.3779			-12.4843			21.2557			-3.6000			37.0000			-247.0000			1144.0000			
-11.2776			-12.4843			21.2557			-2.5000			60.0000			-288.0000			1188.0000			
-10.7275			-13.6352			20.7066			-3.6000			83.0000			-325.0000			1223.0000			
-6.3265			-14.2106			17.4117			-3.1000			106.0000			-363.0000			1251.0000			
-4.1260			-13.6352			14.6660			-3.0000			130.0000			-400.0000			1269.0000			
-0.8252			-17.0879			13.0186			-4.8000			156.0000			-433.0000			1280.0000			
0.2751			-17.0879			13.0186			-3.7000			179.0000			-466.0000			1288.0000			
1.3753			-18.8142			13.0186			-4.4000			196.0000			-496.0000			1284.0000			
3.5758			-18.8142			11.9203			-3.3000			214.0000			-522.0000			1276.0000			
5.2262			-17.6633			9.1746			-3.2000			229.0000			-545.0000			1258.0000			
7.9769			-17.0879			6.4289			-2.6000			246.0000			-564.0000			1231.0000			
10.1774			-17.0879			4.7815			-2.1000			262.0000			-580.0000			1196.0000			
11.2776			-16.5124			3.1341			-2.1000			275.0000			-596.0000			1158.0000			
13.4782			-18.2388			2.0358			-2.7000			286.0000			-606.0000			1110.0000			
14.5784			-18.8142			2.0358			-2.2000			295.0000			-615.0000			1057.0000			
15.6787			-17.6633			0.3884			-1.5000			302.0000			-619.0000			1000.0000			
16.7789			-16.5124			-1.2590			-0.9000			306.0000			-620.0000			937.0000			
17.3291			-13.6352			-4.5538			-0.8000			310.0000			-614.0000			867.0000			
18.9795			-13.6352			-6.7504			-1.4000			309.0000			-603.0000			790.0000			
20.6298			-11.9089			-8.9469			-0.2000			311.0000			-589.0000			708.0000			
22.8304			-11.9089			-10.5944			0.3000			310.0000			-572.0000			623.0000			
25.0309			-13.6352			-11.1435			0.2000			306.0000			-554.0000			536.0000			
25.5810			-11.9089			-12.7909			0.8000			301.0000			-532.0000			444.0000			
23.9306			-7.8808			-14.9875			1.0000			292.0000			-505.0000			349.0000			
22.8304			-6.7299			-15.5366			0.5000			280.0000			-473.0000			253.0000			
23.3805			-6.1544			-17.1840			0.0000			268.0000			-437.0000			153.0000			
25.5810			-5.5790			-18.2823			1.7000			257.0000			-404.0000			53.0000			
26.1311			-5.5790			-18.8315			1.7000			244.0000			-369.0000			-46.0000			
26.6813			-5.5790			-19.3806			1.7000			231.0000			-333.0000			-145.0000			
26.1311			-5.0036			-19.9297			1.1000			215.0000			-297.0000			-243.0000			
22.8304			-0.9754			-20.4789			1.3000			197.0000			-255.0000			-340.0000			
19.5296			3.0527			-20.4789			2.0000			175.0000			-209.0000			-436.0000			
18.9795			3.6281			-22.1263			0.4000			151.0000			-163.0000			-529.0000			
20.0797			4.2035			-22.6754			1.6000			128.0000			-116.0000			-618.0000			
21.7301			4.7790			-23.7737			2.7000			106.0000			-71.0000			-704.0000			
21.1800			5.9299			-24.8720			2.2000			84.0000			-27.0000			-785.0000			
19.5296			7.0808			-24.8720			1.7000			61.0000			14.0000			-861.0000			
16.7789			7.6562			-22.6754			1.7000			34.0000			60.0000			-931.0000			
13.4782			9.9580			-21.0280			2.4000			5.0000			108.0000			-996.0000			
13.4782			11.1089			-21.0280			3.5000			-24.0000			154.0000			-1056.0000			
12.9280			12.8352			-22.1263			3.6000			-50.0000			199.0000			-1110.0000			
11.8278			13.4106			-22.1263			3.1000			-73.0000			240.0000			-1159.0000			
10.7275			13.4106			-22.1263			2.0000			-95.0000			280.0000			-1201.0000			
9.6273			13.9861			-21.0280			2.5000			-117.0000			319.0000			-1236.0000			
5.7764			14.5615			-17.1840			3.1000			-141.0000			355.0000			-1263.0000			
3.5758			13.9861			-14.9875			2.5000			-165.0000			393.0000			-1282.0000			
0.2751			15.7124			-13.3401			2.6000			-191.0000			427.0000			-1293.0000			
-0.8252			16.8633			-13.8892			2.1000			-212.0000			459.0000			-1297.0000			
-1.9255			18.0142			-13.8892			2.1000			-231.0000			488.0000			-1295.0000			
-4.1260			18.5896			-12.2418			2.2000			-248.0000			514.0000			-1285.0000			
-5.7764			17.4387			-9.4961			2.1000			-264.0000			536.0000			-1268.0000			
-7.9769			17.4387			-6.7504			2.7000			-280.0000			554.0000			-1241.0000			
-11.2776			17.4387			-5.1030			1.0000			-295.0000			570.0000			-1207.0000			
-12.3779			17.4387			-2.3573			2.7000			-309.0000			584.0000			-1166.0000			
-14.0283			18.5896			-1.8081			2.7000			-321.0000			595.0000			-1119.0000			
-15.6787			19.1651			-2.9064			0.5000			-329.0000			604.0000			-1067.0000			
-16.7789			17.4387			-0.7099			0.0000			-335.0000			607.0000			-1010.0000			
-17.3291			16.2879			1.4867			0.4000			-339.0000			607.0000			-947.0000			
-17.8792			13.4106			5.8798			1.4000			-343.0000			601.0000			-876.0000			
-19.5296			13.9861			6.4289			0.8000			-344.0000			591.0000			-798.0000			
-21.7301			11.1089			8.6255			-1.9000			-344.0000			575.0000			-717.0000			
-23.3805			12.2598			10.8221			-0.3000			-343.0000			559.0000			-632.0000			
-25.5810			12.8352			11.9203			-0.8000			-339.0000			541.0000			-544.0000			
-25.5810			11.1089			13.0186			-1.4000			-334.0000			519.0000			-452.0000			
-24.4807			8.2316			14.1169			-2.1000			-325.0000			493.0000			-358.0000			
-23.9306			7.6562			15.2152			-1.0000			-314.0000			460.0000			-261.0000			
-24.4807			5.9299			17.4117			-1.1000			-302.0000			426.0000			-161.0000			
-25.5810			5.9299			16.8626			-2.7000			-290.0000			391.0000			-61.0000			
-26.1311			5.3544			18.5100			-2.2000			-278.0000			357.0000			38.0000			
-27.7815			5.3544			19.6083			-2.8000			-265.0000			319.0000			137.0000			
-26.1311			4.7790			19.6083			-1.7000			-249.0000			283.0000			235.0000			
-22.8304			0.7509			19.6083			-2.4000			-231.0000			243.0000			331.0000			
-21.1800			-2.1263			20.1574			-3.1000			-209.0000			197.0000			427.0000			
-19.5296			-5.0036			21.2557			-3.2000			-185.0000			150.0000			519.0000			
-21.1800			-3.8527			21.8048			-3.2000			-161.0000			103.0000			609.0000			
-22.8304			-4.4281			22.3540			-4.9000			-140.0000			59.0000			694.0000			
-21.7301			-5.5790			24.0014			-3.3000			-119.0000			17.0000			776.0000			
-20.0797			-6.7299			24.0014			-2.8000			-96.0000			-26.0000			851.0000			
-16.7789			-7.8808			21.8048			-2.8000			-69.0000			-70.0000			922.0000			
-14.0283			-9.6071			20.1574			-3.4000			-40.0000			-117.0000			986.0000			
-13.4782			-11.3334			21.2557			-3.5000			-11.0000			-164.0000			1048.0000			
-12.3779			-13.0598			21.8048			-3.6000			16.0000			-209.0000			1101.0000			
-12.9280			-12.4843			21.8048			-3.6000			39.0000			-250.0000			1150.0000			
-11.8278			-12.4843			21.2557			-3.0000			62.0000			-289.0000			1190.0000			
-10.1774			-13.0598			19.6083			-3.6000			84.0000			-328.0000			1225.0000			
-5.7764			-14.2106			16.8626			-3.1000			107.0000			-366.0000			1251.0000			
-3.5758			-14.2106			14.1169			-3.6000			134.0000			-401.0000			1271.0000			
-0.8252			-15.9370			13.5678			-3.1000			159.0000			-436.0000			1284.0000			
0.8252			-17.0879			13.0186			-3.2000			181.0000			-469.0000			1285.0000			
1.3753			-17.6633			13.0186			-3.2000			199.0000			-497.0000			1283.0000			
3.0257			-18.8142			11.9203			-3.8000			215.0000			-523.0000			1274.0000			
5.7764			-17.0879			9.1746			-2.1000			231.0000			-546.0000			1257.0000			
7.4267			-17.0879			6.9781			-2.6000			246.0000			-565.0000			1230.0000			
10.1774			-17.0879			4.2324			-2.6000			262.0000			-582.0000			1194.0000			
11.2776			-16.5124			2.5850			-2.6000			277.0000			-597.0000			1155.0000			
12.9280			-18.8142			2.5850			-3.3000			287.0000			-609.0000			1106.0000			
15.1285			-18.8142			2.0358			-1.6000			295.0000			-616.0000			1055.0000			
16.7789			-17.6633			0.3884			-0.4000			301.0000			-620.0000			997.0000			
16.2288			-15.9370			-1.8081			-1.5000			306.0000			-621.0000			934.0000			
17.3291			-13.6352			-5.1030			-1.4000			309.0000			-615.0000			861.0000			
18.4293			-13.6352			-6.7504			-1.9000			311.0000			-604.0000			784.0000			
20.0797			-11.9089			-9.4961			-1.3000			311.0000			-589.0000			702.0000			
22.2802			-11.9089			-11.1435			-0.7000			310.0000			-572.0000			617.0000			
23.9306			-13.0598			-11.6926			-0.8000			306.0000			-554.0000			529.0000			
25.5810			-11.9089			-13.8892			-0.2000			299.0000			-530.0000			439.0000			
23.3805			-8.4562			-14.4383			0.4000			291.0000			-503.0000			342.0000			
22.2802			-6.7299			-15.5366			0.0000			279.0000			-471.0000			244.0000			
23.3805			-6.1544			-17.7332			-0.5000			268.0000			-437.0000			146.0000			
24.4807			-6.1544			-18.2823			0.0000			256.0000			-402.0000			45.0000			
26.6813			-5.5790			-19.3806			1.7000			243.0000			-365.0000			-54.0000			
26.1311			-5.5790			-19.9297			0.6000			229.0000			-331.0000			-152.0000			
25.5810			-3.8527			-20.4789			1.2000			214.0000			-293.0000			-251.0000			
23.3805			-1.5509			-20.4789			1.3000			196.0000			-252.0000			-347.0000			
19.5296			2.4772			-19.9297			2.0000			173.0000			-206.0000			-444.0000			
18.9795			4.2035			-22.1263			1.0000			149.0000			-159.0000			-536.0000			
20.6298			3.6281			-22.1263			2.1000			125.0000			-113.0000			-625.0000			
21.1800			4.7790			-23.2246			2.7000			103.0000			-68.0000			-710.0000			
21.7301			5.3544			-24.3228			2.7000			83.0000			-25.0000			-791.0000			
19.5296			7.0808			-24.3228			2.2000			59.0000			17.0000			-867.0000			
15.6787			7.6562			-22.1263			1.2000			32.0000			64.0000			-937.0000			
14.5784			9.9580			-21.5771			2.9000			3.0000			110.0000			-1001.0000			
12.3779			11.6843			-21.5771			2.4000			-25.0000			157.0000			-1060.0000			
11.8278			12.2598			-22.1263			1.9000			-52.0000			200.0000			-1114.0000			
12.3779			12.2598			-22.1263			2.5000			-74.0000			243.0000			-1163.0000			
11.2776			13.4106			-21.0280			3.6000			-97.0000			283.0000			-1203.0000			
9.6273			13.4106			-20.4789			2.5000			-118.0000			321.0000			-1238.0000			
5.2262			14.5615			-16.6349			3.1000			-142.0000			360.0000			-1265.0000			
3.5758			13.4106			-15.5366			1.4000			-166.0000			396.0000			-1283.0000			
0.2751			15.7124			-13.8892			2.0000			-193.0000			430.0000			-1294.0000			
-1.3753			18.0142			-12.7909			3.8000			-215.0000			461.0000			-1298.0000			
-2.4756			18.0142			-13.8892			1.6000			-233.0000			491.0000			-1295.0000			
-4.1260			18.0142			-11.6926			2.1000			-250.0000			516.0000			-1286.0000			
-5.7764			17.4387			-9.4961			2.1000			-266.0000			537.0000			-1267.0000			
-7.9769			16.8633			-7.8487			1.0000			-281.0000			555.0000			-1239.0000			
-10.7275			16.8633			-4.5538			1.5000			-296.0000			572.0000			-1204.0000			
-12.3779			18.0142			-3.4556			2.1000			-309.0000			584.0000			-1163.0000			
-14.0283			18.0142			-2.3573			1.6000			-321.0000			595.0000			-1117.0000			
-15.6787			18.5896			-2.3573			0.5000			-329.0000			606.0000			-1065.0000			
-16.2288			17.4387			-1.2590			0.0000			-335.0000			607.0000			-1007.0000			
-16.7789			15.7124			1.4867			0.4000			-340.0000			608.0000			-942.0000			
-17.8792			13.4106			5.8798			1.4000			-342.0000			602.0000			-870.0000			
-20.6298			13.4106			6.4289			-0.7000			-343.0000			590.0000			-793.0000			
-21.7301			11.6843			9.1746			-0.8000			-344.0000			575.0000			-710.0000			
-23.3805			12.2598			10.8221			-0.3000			-343.0000			560.0000			-626.0000			
-25.5810			12.2598			11.9203			-1.4000			-339.0000			540.0000			-538.0000			
-26.1311			11.6843			13.0186			-1.4000			-333.0000			519.0000			-445.0000			
-25.0309			8.8071			14.6660			-1.5000			-324.0000			490.0000			-351.0000			
-23.3805			5.9299			15.7643			-1.6000			-313.0000			459.0000			-253.0000			
-23.9306			7.0808			15.7643			-1.0000			-300.0000			423.0000			-154.0000			
-25.5810			5.9299			17.4117			-2.2000			-289.0000			389.0000			-54.0000			
-26.6813			5.9299			18.5100			-2.2000			-277.0000			355.0000			45.0000			
-26.6813			5.9299			19.6083			-1.1000			-263.0000			319.0000			144.0000			
-26.1311			4.2035			19.0591			-2.8000			-248.0000			282.0000			242.0000			
-22.8304			1.3263			19.0591			-2.4000			-230.0000			241.0000			337.0000			
-21.1800			-3.2772			19.6083			-4.8000			-208.0000			195.0000			434.0000			
-19.5296			-5.5790			21.8048			-3.3000			-183.0000			147.0000			526.0000			
-20.0797			-3.8527			21.8048			-2.1000			-159.0000			100.0000			615.0000			
-22.2802			-5.0036			22.9031			-4.3000			-138.0000			56.0000			699.0000			
-22.2802			-6.1544			24.0014			-4.4000			-117.0000			14.0000			781.0000			
-18.9795			-7.3053			22.9031			-3.3000			-93.0000			-29.0000			855.0000			
-16.7789			-7.8808			21.2557			-3.4000			-65.0000			-75.0000			926.0000			
-14.0283			-10.1825			20.7066			-3.4000			-37.0000			-121.0000			992.0000			
-13.4782			-11.9089			20.7066			-4.6000			-10.0000			-167.0000			1051.0000			
-12.9280			-13.0598			21.2557			-4.7000			18.0000			-212.0000			1105.0000			
-12.9280			-12.4843			20.7066			-4.7000			40.0000			-253.0000			1153.0000			
-11.8278			-13.0598			21.2557			-3.6000			62.0000			-293.0000			1193.0000			
-9.6273			-13.6352			19.6083			-3.6000			84.0000			-331.0000			1227.0000			
-5.2262			-14.2106			16.3135			-3.1000			109.0000			-368.0000			1255.0000			
-3.0257			-14.2106			14.6660			-2.5000			134.0000			-404.0000			1271.0000			
-0.8252			-16.5124			12.4695			-4.8000			159.0000			-439.0000			1281.0000			
1.3753			-17.0879			12.4695			-3.2000			181.0000			-471.0000			1288.0000			
1.9255			-18.2388			13.5678			-2.7000			199.0000			-500.0000			1284.0000			
3.5758			-18.8142			11.3712			-3.8000			216.0000			-526.0000			1273.0000			
5.7764			-17.0879			8.6255			-2.6000			232.0000			-548.0000			1253.0000			
7.9769			-16.5124			6.4289			-2.1000			248.0000			-566.0000			1227.0000			
10.1774			-17.0879			4.7815			-2.1000			264.0000			-584.0000			1192.0000			
11.8278			-17.0879			2.5850			-2.6000			277.0000			-597.0000			1149.0000			
13.4782			-18.2388			2.5850			-2.1000			287.0000			-609.0000			1103.0000			
14.5784			-18.8142			2.0358			-2.2000			296.0000			-617.0000			1051.0000			
16.7789			-18.2388			0.3884			-1.0000			302.0000			-621.0000			991.0000			
16.2288			-16.5124			-2.3573			-2.6000			306.0000			-621.0000			927.0000			
17.8792			-13.0598			-5.6521			-0.8000			310.0000			-614.0000			856.0000			
19.5296			-13.6352			-7.8487			-1.9000			310.0000			-603.0000			780.0000			
21.1800			-13.6352			-8.9469			-1.4000			311.0000			-588.0000			695.0000			
23.3805			-11.9089			-11.6926			-0.2000			309.0000			-572.0000			609.0000			
24.4807			-13.0598			-12.7909			-1.3000			306.0000			-553.0000			522.0000			
25.5810			-12.4843			-13.8892			-0.8000			300.0000			-530.0000			432.0000			
23.9306			-7.8808			-14.9875			1.0000			291.0000			-501.0000			335.0000			
23.3805			-7.3053			-16.0858			0.0000			278.0000			-469.0000			238.0000			
23.3805			-6.1544			-17.7332			-0.5000			267.0000			-434.0000			138.0000			
23.9306			-6.1544			-18.2823			-0.5000			255.0000			-399.0000			39.0000			
25.5810			-5.5790			-18.2823			1.7000			241.0000			-363.0000			-61.0000			
26.6813			-5.0036			-20.4789			1.1000			228.0000			-328.0000			-161.0000			
25.5810			-5.0036			-21.0280			-0.4000			213.0000			-290.0000			-257.0000			
22.8304			-0.9754			-19.9297			1.9000			194.0000			-248.0000			-354.0000			
20.0797			2.4772			-20.4789			2.0000			172.0000			-203.0000			-451.0000			
19.5296			4.2035			-21.5771			2.1000			147.0000			-155.0000			-543.0000			
20.0797			3.6281			-22.6754			1.0000			124.0000			-110.0000			-631.0000			
22.2802			4.2035			-23.7737			2.7000			103.0000			-65.0000			-716.0000			
21.7301			5.9299			-25.4211			2.2000			81.0000			-22.0000			-797.0000			
18.9795			7.0808			-23.7737			2.2000			57.0000			21.0000			-871.0000			
16.7789			7.6562			-21.5771			2.8000			30.0000			67.0000			-942.0000			
14.0283			9.3825			-22.1263			1.2000			1.0000			114.0000			-1006.0000			
12.3779			11.1089			-21.0280			2.4000			-27.0000			159.0000			-1066.0000			
12.3779			12.2598			-21.5771			3.0000			-52.0000			204.0000			-1119.0000			
12.3779			13.4106			-22.6754			3.1000			-77.0000			246.0000			-1166.0000			
11.2776			12.8352			-21.5771			2.5000			-98.0000			286.0000			-1207.0000			
9.0771			13.9861			-19.9297			3.1000			-120.0000			325.0000			-1241.0000			
5.7764			13.9861			-16.6349			3.1000			-145.0000			361.0000			-1267.0000			
4.1260			13.9861			-14.9875			3.1000			-170.0000			396.0000			-1285.0000			
0.2751			16.2879			-13.8892			2.6000			-195.0000			432.0000			-1295.0000			
-1.3753			16.8633			-12.7909			2.6000			-216.0000			463.0000			-1298.0000			
-0.8252			17.4387			-13.8892			2.7000			-234.0000			492.0000			-1295.0000			
-3.5758			18.0142			-12.2418			2.1000			-249.0000			519.0000			-1285.0000			
-6.3265			16.8633			-8.9469			1.5000			-266.0000			538.0000			-1266.0000			
-7.9769			16.2879			-6.7504			1.5000			-282.0000			557.0000			-1237.0000			
-10.7275			16.8633			-5.1030			1.0000			-297.0000			572.0000			-1202.0000			
-12.3779			16.8633			-2.3573			2.1000			-310.0000			587.0000			-1161.0000			
-14.0283			17.4387			-2.3573			1.0000			-322.0000			597.0000			-1113.0000			
-15.6787			18.5896			-1.8081			1.0000			-330.0000			604.0000			-1061.0000			
-16.2288			18.0142			-1.2590			0.5000			-336.0000			607.0000			-1002.0000			
-17.3291			14.5615			1.4867			-1.2000			-341.0000			607.0000			-938.0000			
-17.3291			12.8352			6.4289			1.9000			-343.0000			600.0000			-866.0000			
-20.0797			13.4106			6.4289			-0.2000			-344.0000			588.0000			-788.0000			
-21.7301			11.1089			9.1746			-1.4000			-344.0000			573.0000			-705.0000			
-23.3805			11.1089			10.8221			-1.4000			-343.0000			559.0000			-619.0000			
-25.0309			12.8352			11.3712			-0.8000			-338.0000			539.0000			-530.0000			
-26.1311			11.6843			13.0186			-1.4000			-333.0000			516.0000			-439.0000			
-23.9306			8.2316			14.1169			-1.5000			-323.0000			488.0000			-344.0000			
-23.3805			6.5053			15.7643			-1.1000			-311.0000			456.0000			-247.0000			
-24.4807			6.5053			15.7643			-2.2000			-299.0000			421.0000			-147.0000			
-25.5810			5.3544			16.8626			-3.3000			-288.0000			386.0000			-47.0000			
-26.6813			5.3544			17.9609			-3.3000			-276.0000			351.0000			52.0000			
-26.6813			5.3544			19.6083			-1.7000			-262.0000			316.0000			150.0000			
-26.1311			4.7790			19.6083			-1.7000			-247.0000			278.0000			248.0000			
-21.7301			0.1754			19.6083			-1.9000			-229.0000			237.0000			344.0000			
-20.6298			-2.7018			19.6083			-3.7000			-206.0000			191.0000			440.0000			
-20.0797			-5.0036			21.2557			-3.8000			-182.0000			143.0000			532.0000			
-21.1800			-3.8527			21.8048			-3.2000			-158.0000			98.0000			621.0000			
-22.2802			-5.0036			22.9031			-4.3000			-136.0000			53.0000			706.0000			
-21.7301			-6.1544			24.0014			-3.8000			-116.0000			12.0000			788.0000			
-19.5296			-6.7299			24.0014			-2.2000			-92.0000			-33.0000			862.0000			
-16.7789			-8.4562			21.8048			-3.4000			-65.0000			-78.0000			932.0000			
-14.0283			-10.1825			20.7066			-3.4000			-36.0000			-125.0000			996.0000			
-13.4782			-10.7580			20.7066			-3.5000			-7.0000			-170.0000			1055.0000			
-12.3779			-12.4843			21.2557			-3.6000			18.0000			-215.0000			1110.0000			
-12.9280			-13.0598			21.8048			-4.1000			42.0000			-257.0000			1156.0000			
-11.8278			-12.4843			20.7066			-3.6000			66.0000			-295.0000			1197.0000			
-9.6273			-13.0598			19.6083			-3.0000			86.0000			-333.0000			1230.0000			
-5.2262			-14.2106			16.3135			-3.1000			111.0000			-372.0000			1256.0000			
-3.5758			-14.7861			14.6660			-3.6000			136.0000			-407.0000			1273.0000			
-0.8252			-15.9370			13.5678			-3.1000			160.0000			-442.0000			1284.0000			
1.3753			-17.6633			13.5678			-2.7000			183.0000			-473.0000			1288.0000			
2.4756			-18.8142			13.5678			-2.7000			201.0000			-502.0000			1284.0000			
4.1260			-18.8142			11.9203			-2.7000			217.0000			-527.0000			1274.0000			
6.3265			-17.0879			8.6255			-2.1000			233.0000			-549.0000			1254.0000			
7.9769			-17.0879			6.4289			-2.6000			250.0000			-568.0000			1225.0000			
10.7275			-17.6633			4.2324			-2.7000			265.0000			-585.0000			1189.0000			
12.3779			-16.5124			2.5850			-1.5000			278.0000			-598.0000			1147.0000			
14.0283			-18.8142			2.5850			-2.2000			288.0000			-610.0000			1099.0000			
15.1285			-18.8142			1.4867			-2.2000			297.0000			-617.0000			1047.0000			
16.7789			-17.0879			-0.1607			-0.4000			303.0000			-621.0000			987.0000			
16.7789			-15.9370			-1.8081			-0.9000			307.0000			-620.0000			924.0000			
18.4293			-13.0598			-6.2013			-0.8000			310.0000			-613.0000			850.0000			
20.0797			-13.6352			-7.2995			-0.8000			313.0000			-601.0000			773.0000			
21.7301			-13.6352			-8.3978			-0.3000			311.0000			-587.0000			690.0000			
23.9306			-11.9089			-11.1435			0.8000			309.0000			-570.0000			604.0000			
23.9306			-12.4843			-11.6926			-0.2000			307.0000			-550.0000			515.0000			
25.5810			-11.3334			-13.8892			0.3000			299.0000			-527.0000			423.0000			
24.4807			-7.8808			-15.5366			1.0000			288.0000			-498.0000			329.0000			
23.3805			-7.3053			-16.0858			0.0000			277.0000			-466.0000			230.0000			
23.9306			-6.1544			-17.7332			0.0000			265.0000			-431.0000			131.0000			
25.5810			-6.1544			-18.2823			1.1000			253.0000			-396.0000			30.0000			
26.1311			-6.1544			-19.3806			0.5000			241.0000			-362.0000			-68.0000			
26.6813			-5.0036			-20.4789			1.1000			228.0000			-326.0000			-167.0000			
25.5810			-5.0036			-20.4789			0.0000			212.0000			-288.0000			-265.0000			
22.2802			-0.9754			-19.3806			1.9000			191.0000			-247.0000			-362.0000			
20.0797			3.0527			-19.9297			3.1000			170.0000			-200.0000			-457.0000			
20.6298			4.7790			-21.5771			3.8000			145.0000			-151.0000			-549.0000			
20.0797			4.2035			-23.2246			1.0000			121.0000			-106.0000			-638.0000			
22.2802			4.2035			-23.7737			2.7000			100.0000			-61.0000			-723.0000			
21.7301			5.3544			-24.3228			2.7000			79.0000			-20.0000			-803.0000			
20.0797			7.0808			-23.7737			3.3000			55.0000			24.0000			-878.0000			
16.2288			8.2316			-21.5771			2.8000			27.0000			70.0000			-947.0000			
14.0283			9.3825			-21.5771			1.8000			-1.0000			118.0000			-1011.0000			
12.9280			12.2598			-21.5771			3.6000			-30.0000			164.0000			-1069.0000			
12.3779			13.4106			-22.1263			3.6000			-55.0000			208.0000			-1122.0000			
11.2776			12.8352			-22.1263			1.9000			-79.0000			250.0000			-1169.0000			
10.7275			12.8352			-21.0280			2.5000			-100.0000			288.0000			-1209.0000			
10.1774			13.4106			-20.4789			3.1000			-122.0000			327.0000			-1243.0000			
5.2262			13.9861			-17.7332			1.4000			-146.0000			364.0000			-1269.0000			
2.4756			13.9861			-14.9875			1.4000			-170.0000			399.0000			-1286.0000			
0.2751			15.7124			-13.8892			2.0000			-196.0000			434.0000			-1295.0000			
-1.9255			17.4387			-13.3401			2.1000			-218.0000			466.0000			-1299.0000			
-1.9255			18.0142			-13.8892			2.1000			-236.0000			493.0000			-1295.0000			
-3.5758			17.4387			-11.1435			2.7000			-252.0000			519.0000			-1283.0000			
-6.3265			16.2879			-8.9469			1.0000			-268.0000			540.0000			-1264.0000			
-8.5270			16.8633			-6.7504			1.5000			-282.0000			558.0000			-1235.0000			
-11.2776			17.4387			-4.5538			1.6000			-298.0000			574.0000			-1200.0000			
-12.3779			16.2879			-2.9064			1.0000			-312.0000			586.0000			-1157.0000			
-14.5784			18.5896			-2.9064			1.1000			-323.0000			597.0000			-1109.0000			
-16.2288			18.0142			-1.8081			0.0000			-331.0000			604.0000			-1057.0000			
-16.7789			18.0142			-1.8081			-0.5000			-335.0000			607.0000			-998.0000			
-17.3291			15.7124			2.0358			0.4000			-339.0000			607.0000			-933.0000			
-18.4293			12.2598			6.4289			0.2000			-343.0000			600.0000			-861.0000			
-20.6298			13.4106			6.9781			-0.2000			-344.0000			587.0000			-781.0000			
-22.2802			12.2598			9.1746			-0.8000			-344.0000			573.0000			-699.0000			
-24.4807			12.8352			10.8221			-0.8000			-343.0000			557.0000			-613.0000			
-25.0309			11.1089			12.4695			-1.4000			-340.0000			537.0000			-525.0000			
-26.1311			11.1089			14.1169			-0.9000			-332.0000			513.0000			-433.0000			
-23.9306			8.2316			14.1169			-1.5000			-322.0000			484.0000			-337.0000			
-23.9306			5.3544			15.2152			-3.3000			-311.0000			453.0000			-239.0000			
-23.9306			5.3544			16.3135			-2.2000			-299.0000			417.0000			-141.0000			
-26.1311			5.3544			17.9609			-2.8000			-287.0000			381.0000			-40.0000			
-26.1311			5.3544			18.5100			-2.2000			-275.0000			349.0000			60.0000			
-27.7815			5.3544			19.0591			-3.3000			-261.0000			312.0000			159.0000			
-26.1311			3.0527			19.6083			-3.4000			-246.0000			274.0000			255.0000			
-21.7301			0.7509			19.0591			-1.9000			-226.0000			234.0000			351.0000			
-20.0797			-2.1263			19.6083			-2.6000			-204.0000			187.0000			448.0000			
-20.6298			-6.1544			21.2557			-5.5000			-180.0000			140.0000			539.0000			
-20.6298			-4.4281			22.3540			-2.7000			-157.0000			94.0000			627.0000			
-22.2802			-4.4281			21.8048			-4.9000			-137.0000			50.0000			713.0000			
-21.1800			-6.1544			24.0014			-3.3000			-114.0000			9.0000			793.0000			
-19.5296			-8.4562			23.4523			-4.5000			-91.0000			-36.0000			867.0000			
-15.6787			-9.0317			21.8048			-2.9000			-62.0000			-81.0000			938.0000			
-14.0283			-10.1825			20.7066			-3.4000			-33.0000			-128.0000			1001.0000			
-13.4782			-12.4843			20.7066			-5.2000			-5.0000			-174.0000			1060.0000			
-12.3779			-13.0598			21.2557			-4.1000			21.0000			-219.0000			1113.0000			
-12.3779			-13.0598			20.7066			-4.7000			44.0000			-260.0000			1159.0000			
-11.2776			-13.6352			20.7066			-4.2000			67.0000			-299.0000			1199.0000			
-9.6273			-13.6352			19.6083			-3.6000			89.0000			-337.0000			1231.0000			
-4.6761			-13.6352			15.7643			-2.5000			113.0000			-373.0000			1258.0000			
-2.4756			-14.2106			14.1169			-2.5000			139.0000			-409.0000			1276.0000			
-0.2751			-15.9370			13.0186			-3.1000			164.0000			-443.0000			1285.0000			
1.3753			-18.2388			13.0186			-3.8000			184.0000			-475.0000			1288.0000			
2.4756			-18.2388			12.4695			-3.2000			202.0000			-503.0000			1283.0000			
3.5758			-18.2388			10.8221			-3.8000			219.0000			-529.0000			1271.0000			
6.3265			-17.6633			9.1746			-2.1000			234.0000			-551.0000			1252.0000			
