37.6681			-22.0115			-15.9334			-0.2000			232.0000			-65.0000			-283.0000			
39.8878			-20.8652			-18.7039			0.3000			218.0000			-41.0000			-291.0000			
38.2230			-15.7066			-22.0284			0.4000			206.0000			-17.0000			-299.0000			
37.1131			-11.1211			-25.9070			0.0000			191.0000			8.0000			-304.0000			
38.2230			-12.2675			-27.0152			-1.0000			176.0000			30.0000			-306.0000			
36.0033			-9.4016			-28.6775			-2.0000			159.0000			51.0000			-306.0000			
37.6681			-9.4016			-29.2316			-0.9000			141.0000			73.0000			-304.0000			
34.3384			-3.6698			-31.4479			-0.7000			122.0000			94.0000			-300.0000			
32.6736			0.3425			-34.2184			-1.1000			103.0000			116.0000			-295.0000			
30.4539			4.9280			-36.4347			-1.0000			83.0000			135.0000			-288.0000			
29.3440			6.0743			-36.4347			-1.0000			62.0000			155.0000			-279.0000			
26.5693			8.3670			-36.9888			-2.0000			40.0000			174.0000			-268.0000			
25.4594			10.6598			-36.9888			-0.8000			14.0000			191.0000			-256.0000			
23.2397			14.0988			-39.2052			-1.8000			-12.0000			209.0000			-242.0000			
19.3551			18.6843			-40.8674			-2.8000			-36.0000			226.0000			-227.0000			
16.5804			22.1234			-40.3133			-1.6000			-59.0000			240.0000			-213.0000			
14.9156			24.9893			-39.2052			0.7000			-84.0000			254.0000			-198.0000			
17.6903			23.2697			-39.2052			1.7000			-106.0000			266.0000			-181.0000			
16.0255			23.8429			-39.7593			0.1000			-126.0000			276.0000			-165.0000			
13.2508			26.7088			-39.2052			0.7000			-145.0000			284.0000			-145.0000			
7.7014			30.1479			-39.2052			-1.3000			-163.0000			290.0000			-126.0000			
0.4873			32.4406			-34.7725			-1.8000			-181.0000			294.0000			-105.0000			
-1.1776			32.4406			-31.4479			-0.1000			-198.0000			298.0000			-85.0000			
-2.8424			33.5870			-31.4479			-0.7000			-215.0000			297.0000			-61.0000			
-2.8424			34.7334			-31.4479			0.4000			-231.0000			297.0000			-39.0000			
-8.3917			34.1602			-28.6775			-2.9000			-246.0000			293.0000			-15.0000			
-14.4960			37.5993			-25.3529			-2.2000			-260.0000			288.0000			9.0000			
-19.4905			39.8920			-21.4743			-1.0000			-274.0000			280.0000			35.0000			
-22.8201			43.9042			-19.8121			1.2000			-283.0000			273.0000			58.0000			
-21.7102			42.1847			-18.7039			1.7000			-293.0000			263.0000			81.0000			
-20.6004			39.3188			-15.9334			2.7000			-300.0000			254.0000			101.0000			
-20.6004			39.8920			-17.5957			1.6000			-305.0000			243.0000			120.0000			
-21.1553			38.7456			-17.0416			0.5000			-309.0000			229.0000			139.0000			
-30.5892			41.6115			-13.1630			-2.1000			-310.0000			215.0000			155.0000			
-32.2540			39.3188			-8.1762			-1.1000			-309.0000			198.0000			172.0000			
-31.6991			35.8797			-2.6353			1.5000			-305.0000			182.0000			187.0000			
-31.6991			34.1602			-0.9730			1.4000			-304.0000			164.0000			202.0000			
-30.0343			30.7211			0.6892			1.3000			-299.0000			144.0000			217.0000			
-35.0287			30.1479			5.1219			0.2000			-291.0000			124.0000			232.0000			
-35.0287			25.5625			10.1087			0.6000			-283.0000			100.0000			246.0000			
-37.8034			22.6966			16.2037			1.0000			-272.0000			77.0000			257.0000			
-38.9133			19.2575			21.1905			1.5000			-258.0000			53.0000			268.0000			
-40.0232			20.4038			22.2987			2.6000			-245.0000			29.0000			275.0000			
-38.9133			18.1111			21.1905			0.3000			-231.0000			4.0000			282.0000			
-35.0287			15.2452			20.6364			0.8000			-216.0000			-20.0000			287.0000			
-36.1386			12.9525			22.8528			-0.3000			-200.0000			-43.0000			289.0000			
-36.1386			9.5134			28.3937			1.7000			-184.0000			-65.0000			290.0000			
-37.2485			4.9280			33.3805			1.0000			-166.0000			-87.0000			287.0000			
-32.8090			1.4889			32.8264			1.5000			-148.0000			-107.0000			283.0000			
-32.8090			0.3425			32.2723			-0.1000			-128.0000			-129.0000			277.0000			
-30.0343			-2.5234			33.3805			0.8000			-107.0000			-148.0000			270.0000			
-27.8145			-4.2429			35.0427			2.9000			-88.0000			-167.0000			262.0000			
-26.1497			-9.4016			37.8132			2.2000			-62.0000			-187.0000			251.0000			
-23.9300			-15.1334			39.4755			0.4000			-39.0000			-205.0000			239.0000			
-26.1497			-13.9870			39.4755			-0.6000			-13.0000			-222.0000			226.0000			
-23.9300			-16.8529			40.5836			-0.2000			11.0000			-237.0000			210.0000			
-23.9300			-17.9993			41.1377			-0.7000			35.0000			-253.0000			194.0000			
-19.4905			-20.2920			40.0295			0.2000			58.0000			-266.0000			180.0000			
-13.9411			-23.1579			39.4755			2.3000			81.0000			-279.0000			163.0000			
-10.6115			-24.8774			37.2591			1.7000			103.0000			-289.0000			146.0000			
-6.7269			-31.1824			39.4755			1.5000			123.0000			-297.0000			128.0000			
-8.3917			-31.7556			40.0295			-0.1000			140.0000			-302.0000			108.0000			
-3.3973			-32.9020			35.0427			-1.2000			159.0000			-307.0000			88.0000			
-1.7325			-34.0483			34.4887			-1.2000			178.0000			-309.0000			66.0000			
1.0422			-32.3288			32.8264			1.5000			192.0000			-311.0000			45.0000			
9.3663			-37.4874			28.3937			0.2000			208.0000			-309.0000			21.0000			
9.3663			-35.1947			25.0691			-0.7000			222.0000			-306.0000			-4.0000			
11.0311			-36.9142			25.0691			-0.8000			235.0000			-298.0000			-28.0000			
13.8058			-40.9265			25.0691			-2.0000			246.0000			-293.0000			-52.0000			
14.3607			-42.6460			27.8396			-0.4000			253.0000			-284.0000			-74.0000			
19.9101			-42.0729			23.4069			1.2000			264.0000			-274.0000			-97.0000			
24.9045			-40.3533			17.3119			1.8000			272.0000			-263.0000			-117.0000			
27.6792			-38.6338			13.4333			2.4000			277.0000			-251.0000			-137.0000			
29.8989			-41.4997			10.6628			-0.9000			281.0000			-238.0000			-157.0000			
28.7891			-40.9265			9.5547			-2.5000			282.0000			-223.0000			-175.0000			
29.3440			-39.7801			8.4465			-1.9000			283.0000			-209.0000			-191.0000			
30.4539			-35.7679			5.1219			-0.1000			281.0000			-191.0000			-205.0000			
32.6736			-34.6215			1.7974			-0.1000			278.0000			-172.0000			-222.0000			
34.3384			-28.8897			-5.4057			0.0000			274.0000			-153.0000			-237.0000			
36.0033			-27.1702			-9.8385			-0.9000			267.0000			-132.0000			-251.0000			
33.7835			-24.3043			-10.3925			-0.9000			257.0000			-109.0000			-264.0000			
34.8934			-23.1579			-12.6089			-0.8000			243.0000			-85.0000			-274.0000			
37.6681			-23.7311			-14.2712			-0.3000			231.0000			-63.0000			-284.0000			
38.2230			-19.7188			-18.7039			-0.1000			217.0000			-38.0000			-292.0000			
37.1131			-15.7066			-21.4743			0.0000			203.0000			-12.0000			-300.0000			
36.5582			-11.6943			-24.2448			0.6000			188.0000			11.0000			-305.0000			
38.2230			-8.8284			-30.3397			-0.9000			173.0000			31.0000			-306.0000			
35.4483			-9.4016			-27.0152			-0.9000			157.0000			55.0000			-306.0000			
37.6681			-7.6820			-29.7857			0.2000			140.0000			75.0000			-304.0000			
35.4483			-3.6698			-32.5561			-0.7000			122.0000			97.0000			-298.0000			
31.0088			0.3425			-32.0020			-0.6000			102.0000			118.0000			-294.0000			
31.0088			6.6475			-36.4347			1.2000			82.0000			138.0000			-286.0000			
29.3440			6.6475			-36.4347			-0.4000			59.0000			157.0000			-278.0000			
27.6792			11.2329			-37.5429			1.3000			36.0000			178.0000			-267.0000			
26.0144			11.2329			-37.5429			-0.2000			11.0000			195.0000			-254.0000			
24.9045			12.9525			-39.2052			-1.3000			-14.0000			213.0000			-241.0000			
21.0199			19.2575			-41.9756			-1.7000			-38.0000			228.0000			-226.0000			
15.4706			20.4038			-38.0970			-2.2000			-63.0000			243.0000			-211.0000			
13.2508			24.4161			-38.6511			-0.9000			-87.0000			255.0000			-195.0000			
14.9156			23.2697			-36.9888			1.2000			-108.0000			267.0000			-179.0000			
16.5804			23.2697			-38.6511			1.1000			-128.0000			278.0000			-161.0000			
13.2508			24.9893			-38.6511			-0.4000			-146.0000			285.0000			-143.0000			
8.2564			27.8552			-35.8806			0.2000			-164.0000			290.0000			-123.0000			
1.5971			33.5870			-36.4347			-1.2000			-182.0000			294.0000			-103.0000			
-1.1776			32.4406			-31.4479			-0.1000			-199.0000			297.0000			-82.0000			
-4.5072			34.7334			-30.8938			-0.6000			-217.0000			298.0000			-60.0000			
-3.9522			35.8797			-30.8938			1.0000			-233.0000			298.0000			-35.0000			
-6.7269			34.1602			-28.1234			-0.6000			-249.0000			293.0000			-11.0000			
-13.9411			37.5993			-25.9070			-2.2000			-263.0000			287.0000			14.0000			
-18.3806			39.8920			-23.6907			-2.1000			-275.0000			281.0000			39.0000			
-21.7102			42.7579			-20.9202			0.1000			-287.0000			272.0000			61.0000			
-23.3750			40.4652			-15.9334			1.1000			-294.0000			262.0000			83.0000			
-20.0454			38.1724			-15.3793			2.7000			-301.0000			252.0000			104.0000			
-20.6004			37.5993			-14.8253			2.1000			-305.0000			240.0000			123.0000			
-19.4905			38.7456			-17.5957			1.6000			-308.0000			226.0000			140.0000			
-27.2596			38.7456			-13.7171			-2.2000			-309.0000			213.0000			156.0000			
-30.5892			38.1724			-8.1762			-0.5000			-307.0000			196.0000			173.0000			
-32.2540			35.3065			-3.7435			-0.6000			-304.0000			180.0000			188.0000			
-32.2540			32.4406			2.9056			3.0000			-301.0000			162.0000			203.0000			
-30.5892			30.7211			1.2433			1.3000			-297.0000			143.0000			219.0000			
-34.4738			27.8552			5.6760			-0.9000			-290.0000			120.0000			233.0000			
-34.4738			24.9893			10.1087			0.6000			-281.0000			97.0000			247.0000			
-36.1386			23.2697			13.4333			0.5000			-270.0000			74.0000			257.0000			
-38.9133			17.5379			22.8528			1.4000			-257.0000			50.0000			268.0000			
-38.9133			19.2575			20.6364			0.9000			-243.0000			26.0000			276.0000			
-37.8034			15.8184			23.4069			1.4000			-229.0000			2.0000			283.0000			
-33.3639			14.0988			21.1905			1.9000			-215.0000			-22.0000			287.0000			
-35.5837			14.6720			21.1905			0.2000			-199.0000			-45.0000			289.0000			
-37.2485			8.9402			27.8396			-0.4000			-182.0000			-67.0000			288.0000			
-36.1386			7.2207			30.6100			1.6000			-164.0000			-89.0000			287.0000			
-32.2540			0.9157			32.2723			0.9000			-145.0000			-111.0000			280.0000			
-31.1442			-1.9502			34.4887			1.3000			-125.0000			-129.0000			275.0000			
-30.0343			-1.3770			32.2723			0.8000			-106.0000			-149.0000			269.0000			
-28.3695			-5.3893			35.5968			1.8000			-83.0000			-169.0000			260.0000			
-26.1497			-8.8284			37.8132			2.8000			-60.0000			-189.0000			250.0000			
-24.4849			-12.8406			38.9214			1.6000			-35.0000			-207.0000			238.0000			
-22.2652			-16.8529			40.5836			1.4000			-10.0000			-224.0000			223.0000			
-24.4849			-16.2797			40.0295			-0.7000			14.0000			-240.0000			209.0000			
-20.6004			-19.1456			38.9214			-0.8000			37.0000			-254.0000			193.0000			
-20.0454			-19.1456			38.3673			-0.8000			61.0000			-268.0000			177.0000			
-16.7158			-20.2920			38.9214			1.9000			84.0000			-279.0000			161.0000			
-10.0565			-24.8774			38.3673			3.4000			104.0000			-289.0000			143.0000			
-8.3917			-28.8897			39.4755			2.1000			124.0000			-296.0000			125.0000			
-3.3973			-34.6215			38.3673			0.3000			143.0000			-303.0000			105.0000			
-3.3973			-33.4752			35.0427			-1.8000			161.0000			-307.0000			84.0000			
-1.7325			-32.3288			33.9346			-0.1000			179.0000			-310.0000			63.0000			
2.1521			-33.4752			31.7182			0.3000			195.0000			-310.0000			43.0000			
6.5916			-36.3411			30.0559			0.3000			210.0000			-310.0000			19.0000			
11.5860			-36.3411			25.6232			0.8000			223.0000			-306.0000			-7.0000			
13.2508			-38.6338			24.5151			-0.8000			236.0000			-299.0000			-31.0000			
15.4706			-40.9265			24.5151			-0.9000			245.0000			-292.0000			-53.0000			
16.5804			-42.6460			25.6232			-0.4000			255.0000			-283.0000			-77.0000			
17.1354			-40.3533			22.8528			-0.3000			264.0000			-273.0000			-99.0000			
21.5749			-39.2070			18.9742			1.3000			273.0000			-263.0000			-119.0000			
27.6792			-38.6338			13.9874			3.0000			278.0000			-251.0000			-139.0000			
30.4539			-42.0729			11.7710			0.1000			281.0000			-237.0000			-158.0000			
31.0088			-40.9265			8.4465			-1.4000			283.0000			-222.0000			-176.0000			
30.4539			-38.0606			5.6760			-1.9000			282.0000			-206.0000			-193.0000			
29.3440			-35.7679			5.1219			-1.2000			281.0000			-189.0000			-207.0000			
32.6736			-32.9020			0.1351			0.0000			277.0000			-170.0000			-223.0000			
34.3384			-30.0361			-4.2976			0.0000			273.0000			-151.0000			-238.0000			
36.5582			-26.0238			-10.9466			-0.4000			266.0000			-130.0000			-252.0000			
34.8934			-23.7311			-12.0548			-0.8000			257.0000			-107.0000			-265.0000			
34.8934			-22.5847			-13.1630			-0.8000			244.0000			-85.0000			-275.0000			
38.7779			-22.0115			-18.7039			-1.9000			230.0000			-59.0000			-285.0000			
37.6681			-21.4384			-15.9334			0.2000			216.0000			-35.0000			-293.0000			
36.0033			-15.7066			-20.9202			-0.6000			203.0000			-11.0000			-300.0000			
36.5582			-13.9870			-23.6907			-1.1000			188.0000			12.0000			-304.0000			
36.0033			-8.2552			-27.5693			0.1000			172.0000			35.0000			-306.0000			
37.1131			-7.6820			-29.7857			-0.3000			154.0000			57.0000			-305.0000			
36.5582			-7.1088			-29.7857			-0.3000			137.0000			78.0000			-303.0000			
34.8934			-2.5234			-33.1102			-0.7000			119.0000			100.0000			-299.0000			
31.0088			-1.3770			-30.8938			-1.2000			99.0000			121.0000			-294.0000			
29.3440			6.6475			-34.7725			1.2000			79.0000			140.0000			-286.0000			
30.4539			7.2207			-39.2052			-1.5000			57.0000			160.0000			-278.0000			
24.9045			11.2329			-36.4347			-0.2000			34.0000			179.0000			-266.0000			
26.0144			14.0988			-39.2052			0.9000			8.0000			197.0000			-253.0000			
26.0144			12.3793			-39.7593			-1.3000			-16.0000			213.0000			-238.0000			
21.5749			18.1111			-41.4215			-1.7000			-41.0000			230.0000			-225.0000			
17.1354			20.4038			-39.7593			-2.2000			-66.0000			243.0000			-209.0000			
12.6959			23.2697			-38.6511			-2.6000			-89.0000			257.0000			-194.0000			
11.5860			26.7088			-38.6511			-0.3000			-110.0000			269.0000			-178.0000			
13.2508			26.1356			-39.2052			0.1000			-129.0000			280.0000			-161.0000			
10.4761			29.0015			-39.7593			-0.2000			-151.0000			285.0000			-140.0000			
7.7014			30.1479			-36.9888			0.8000			-169.0000			291.0000			-121.0000			
2.7070			33.0138			-36.9888			-1.2000			-186.0000			296.0000			-101.0000			
-3.3973			34.7334			-32.5561			-1.2000			-203.0000			299.0000			-79.0000			
-2.8424			34.1602			-31.4479			-0.1000			-220.0000			298.0000			-58.0000			
-6.7269			38.1724			-29.7857			1.6000			-236.0000			296.0000			-34.0000			
-7.2819			34.1602			-26.4611			0.4000			-250.0000			292.0000			-8.0000			
-10.0565			37.0261			-28.1234			-1.1000			-265.0000			287.0000			16.0000			
-20.6004			41.6115			-23.1366			-2.1000			-276.0000			280.0000			41.0000			
-20.6004			42.1847			-22.5825			-1.0000			-285.0000			270.0000			65.0000			
-24.4849			39.8920			-16.4875			-1.0000			-295.0000			261.0000			86.0000			
-25.5948			38.7456			-12.0548			1.0000			-301.0000			251.0000			106.0000			
-21.1553			38.7456			-15.3793			2.2000			-307.0000			239.0000			123.0000			
-23.9300			38.1724			-12.6089			1.6000			-309.0000			225.0000			138.0000			
-25.0399			39.8920			-14.8253			0.0000			-309.0000			210.0000			151.0000			
-31.1442			38.7456			-9.2844			-1.6000			-308.0000			195.0000			164.0000			
-34.4738			34.7334			0.1351			0.3000			-304.0000			177.0000			175.0000			
-32.8090			32.4406			0.6892			0.3000			-302.0000			159.0000			188.0000			
-34.4738			30.1479			5.6760			1.3000			-297.0000			139.0000			199.0000			
-33.3639			29.0015			6.2301			1.8000			-289.0000			118.0000			209.0000			
-35.0287			25.5625			9.5547			0.0000			-280.0000			95.0000			220.0000			
-36.6935			22.1234			15.6496			1.0000			-268.0000			70.0000			227.0000			
-38.9133			19.2575			19.5283			-0.1000			-255.0000			46.0000			234.0000			
-40.5781			15.8184			25.0691			0.3000			-241.0000			21.0000			240.0000			
-37.2485			14.0988			25.6232			2.4000			-227.0000			-3.0000			244.0000			
-35.0287			14.0988			23.9610			3.0000			-212.0000			-26.0000			245.0000			
-36.1386			11.2329			25.0691			0.1000			-196.0000			-49.0000			244.0000			
-37.2485			9.5134			27.8396			0.1000			-179.0000			-72.0000			241.0000			
-36.1386			4.9280			32.2723			1.0000			-161.0000			-93.0000			236.0000			
-33.3639			1.4889			33.3805			1.5000			-141.0000			-113.0000			230.0000			
-32.8090			-0.8039			33.9346			0.3000			-122.0000			-133.0000			222.0000			
-30.0343			-4.2429			36.1509			1.8000			-103.0000			-153.0000			215.0000			
-30.0343			-4.8161			36.7050			1.8000			-81.0000			-172.0000			205.0000			
-25.5948			-9.9747			37.8132			2.2000			-56.0000			-192.0000			193.0000			
-23.3750			-13.4138			38.3673			1.5000			-31.0000			-209.0000			182.0000			
-22.2652			-16.2797			40.5836			2.0000			-7.0000			-227.0000			167.0000			
-20.6004			-21.4384			41.1377			-0.9000			19.0000			-242.0000			153.0000			
-21.7102			-20.2920			41.1377			-0.8000			42.0000			-257.0000			140.0000			
-17.8257			-21.4384			38.9214			-0.3000			66.0000			-270.0000			125.0000			
-17.2707			-23.1579			40.5836			0.1000			87.0000			-282.0000			112.0000			
-12.2763			-25.4506			40.0295			2.3000			109.0000			-292.0000			96.0000			
-6.1720			-31.1824			40.0295			2.6000			128.0000			-300.0000			79.0000			
-3.9522			-34.0483			38.9214			0.9000			147.0000			-305.0000			62.0000			
-0.6226			-36.3411			36.7050			-0.2000			165.0000			-309.0000			43.0000			
-0.6226			-34.0483			35.0427			0.3000			183.0000			-311.0000			25.0000			
2.1521			-32.9020			31.7182			0.9000			198.0000			-311.0000			6.0000			
7.7014			-36.3411			30.6100			1.9000			212.0000			-309.0000			-15.0000			
11.0311			-36.3411			26.7314			1.4000			225.0000			-305.0000			-36.0000			
15.4706			-38.6338			22.8528			-0.3000			237.0000			-297.0000			-55.0000			
16.5804			-40.9265			22.8528			-1.4000			247.0000			-290.0000			-75.0000			
18.2453			-42.0729			23.4069			-0.4000			256.0000			-281.0000			-93.0000			
18.2453			-41.4997			22.2987			-0.9000			267.0000			-272.0000			-110.0000			
20.4650			-39.2070			19.5283			0.7000			273.0000			-259.0000			-126.0000			
26.5693			-39.7801			16.7578			3.5000			280.0000			-249.0000			-141.0000			
32.6736			-42.6460			11.7710			1.7000			283.0000			-234.0000			-156.0000			
34.3384			-43.2192			8.4465			-0.4000			284.0000			-220.0000			-169.0000			
32.6736			-39.2070			4.5679			-1.9000			283.0000			-203.0000			-181.0000			
31.0088			-36.3411			3.4597			-1.8000			280.0000			-186.0000			-192.0000			
33.2286			-32.9020			0.6892			1.0000			278.0000			-168.0000			-204.0000			
33.7835			-28.8897			-4.8517			0.0000			271.0000			-148.0000			-213.0000			
36.5582			-26.5970			-8.7303			1.2000			264.0000			-126.0000			-223.0000			
36.0033			-22.0115			-15.3793			-1.3000			254.0000			-103.0000			-233.0000			
36.5582			-23.7311			-15.3793			-2.5000			241.0000			-80.0000			-239.0000			
38.2230			-20.8652			-19.2580			-1.8000			227.0000			-55.0000			-246.0000			
38.2230			-21.4384			-18.7039			-1.9000			213.0000			-30.0000			-251.0000			
36.0033			-17.9993			-19.2580			-1.2000			199.0000			-6.0000			-254.0000			
36.5582			-11.6943			-25.3529			-0.4000			184.0000			17.0000			-256.0000			
36.5582			-10.5479			-27.0152			-1.0000			170.0000			39.0000			-254.0000			
37.6681			-4.8161			-33.6643			-0.8000			153.0000			61.0000			-250.0000			
37.1131			-5.9625			-32.5561			-1.4000			135.0000			81.0000			-244.0000			
33.7835			-4.2429			-32.5561			-3.0000			116.0000			103.0000			-238.0000			
30.4539			2.0621			-33.1102			-0.5000			97.0000			123.0000			-231.0000			
28.7891			4.3548			-33.1102			0.0000			75.0000			143.0000			-224.0000			
27.6792			10.0866			-38.6511			-0.8000			54.0000			163.0000			-214.0000			
24.9045			12.9525			-38.0970			-0.2000			30.0000			181.0000			-202.0000			
26.0144			12.9525			-39.2052			-0.2000			3.0000			199.0000			-188.0000			
25.4594			16.3916			-41.4215			0.4000			-21.0000			216.0000			-175.0000			
23.7946			16.3916			-40.8674			-0.6000			-45.0000			233.0000			-161.0000			
17.6903			20.4038			-41.4215			-3.3000			-70.0000			247.0000			-146.0000			
13.2508			22.6966			-39.2052			-3.2000			-93.0000			260.0000			-132.0000			
11.5860			24.9893			-38.6511			-2.0000			-115.0000			271.0000			-120.0000			
10.4761			28.4284			-39.7593			-0.8000			-134.0000			280.0000			-103.0000			
12.1409			29.5747			-40.8674			0.8000			-153.0000			286.0000			-86.0000			
7.7014			31.8675			-39.2052			0.3000			-171.0000			291.0000			-68.0000			
2.1521			31.2943			-34.7725			-1.3000			-187.0000			295.0000			-51.0000			
-0.0677			31.2943			-32.5561			-1.3000			-204.0000			297.0000			-32.0000			
-5.6170			34.7334			-31.4479			-2.3000			-221.0000			296.0000			-11.0000			
-7.8368			35.8797			-27.5693			0.4000			-236.0000			296.0000			7.0000			
-7.2819			34.7334			-26.4611			0.9000			-252.0000			292.0000			30.0000			
-11.1664			38.1724			-26.4611			0.5000			-266.0000			285.0000			50.0000			
-16.1609			41.6115			-28.6775			-3.2000			-278.0000			278.0000			70.0000			
-21.7102			41.6115			-22.5825			-2.6000			-289.0000			269.0000			89.0000			
-23.3750			39.8920			-17.5957			-1.0000			-297.0000			260.0000			106.0000			
-25.5948			39.8920			-14.2712			0.0000			-303.0000			247.0000			122.0000			
-24.4849			39.3188			-12.0548			2.7000			-308.0000			237.0000			136.0000			
-23.9300			40.4652			-14.2712			2.2000			-309.0000			222.0000			149.0000			
-25.0399			39.3188			-12.6089			1.6000			-309.0000			207.0000			161.0000			
-28.3695			38.7456			-10.3925			0.0000			-306.0000			192.0000			171.0000			
-31.6991			32.4406			-2.0812			-1.3000			-303.0000			175.0000			183.0000			
-32.2540			29.0015			4.0138			0.7000			-300.0000			156.0000			193.0000			
-32.8090			30.1479			5.1219			2.4000			-295.0000			135.0000			205.0000			
-33.9189			27.2820			7.3383			0.6000			-287.0000			114.0000			215.0000			
-33.9189			26.1356			9.5547			1.7000			-277.0000			91.0000			225.0000			
-36.1386			23.8429			13.4333			1.1000			-265.0000			66.0000			232.0000			
-39.4682			20.9770			18.9742			0.4000			-253.0000			43.0000			237.0000			
-38.9133			16.9648			23.4069			1.4000			-239.0000			18.0000			243.0000			
-36.6935			11.8061			27.2855			2.3000			-224.0000			-6.0000			247.0000			
-36.6935			13.5257			25.6232			2.4000			-210.0000			-29.0000			249.0000			
-36.6935			12.3793			25.0691			0.7000			-194.0000			-52.0000			251.0000			
-36.1386			8.3670			27.2855			-0.4000			-176.0000			-74.0000			251.0000			
-37.8034			8.3670			29.5019			0.0000			-159.0000			-96.0000			250.0000			
-32.8090			0.9157			32.2723			0.3000			-138.0000			-116.0000			247.0000			
-30.5892			-1.3770			33.3805			1.4000			-120.0000			-137.0000			242.0000			
-28.3695			-4.2429			33.9346			1.3000			-99.0000			-157.0000			237.0000			
-28.9244			-7.6820			36.7050			0.1000			-76.0000			-175.0000			227.0000			
-28.9244			-7.1088			36.7050			0.6000			-53.0000			-194.0000			218.0000			
-22.8201			-13.4138			38.9214			2.6000			-27.0000			-211.0000			207.0000			
-21.7102			-15.7066			39.4755			2.0000			-3.0000			-228.0000			194.0000			
-20.0454			-19.7188			40.0295			0.2000			21.0000			-244.0000			180.0000			
-17.2707			-22.5847			40.0295			0.1000			45.0000			-259.0000			166.0000			
-17.8257			-20.8652			38.3673			-0.3000			69.0000			-271.0000			151.0000			
-15.0510			-23.1579			39.4755			1.2000			90.0000			-283.0000			136.0000			
-16.7158			-24.3043			41.6918			0.6000			110.0000			-292.0000			120.0000			
-8.3917			-28.3165			40.0295			3.3000			130.0000			-299.0000			101.0000			
-1.7325			-34.6215			37.8132			1.4000			148.0000			-306.0000			83.0000			
-1.1776			-33.4752			35.5968			0.9000			166.0000			-309.0000			63.0000			
2.1521			-34.0483			31.1641			-0.7000			183.0000			-311.0000			43.0000			
0.4873			-32.9020			32.8264			0.4000			199.0000			-310.0000			22.0000			
6.5916			-35.7679			30.6100			1.4000			215.0000			-308.0000			-4.0000			
10.4761			-36.9142			27.8396			1.3000			227.0000			-303.0000			-27.0000			
14.9156			-38.0606			25.0691			1.9000			239.0000			-297.0000			-51.0000			
19.9101			-40.9265			21.7446			0.7000			248.0000			-288.0000			-73.0000			
19.3551			-42.0729			21.1905			-1.5000			258.0000			-280.0000			-95.0000			
17.6903			-40.3533			20.0823			-2.5000			267.0000			-270.0000			-115.0000			
19.3551			-39.7801			18.4201			-2.0000			275.0000			-259.0000			-134.0000			
21.5749			-38.6338			17.8660			0.8000			281.0000			-247.0000			-155.0000			
29.8989			-42.0729			13.4333			1.2000			283.0000			-233.0000			-171.0000			
34.3384			-40.9265			7.8924			1.3000			283.0000			-217.0000			-188.0000			
32.1187			-38.0606			4.5679			-1.3000			282.0000			-202.0000			-204.0000			
31.5638			-34.0483			0.1351			-2.3000			280.0000			-184.0000			-219.0000			
31.0088			-31.7556			0.6892			0.0000			278.0000			-165.0000			-234.0000			
32.1187			-28.3165			-2.6353			1.1000			271.0000			-145.0000			-248.0000			
35.4483			-25.4506			-8.7303			1.2000			264.0000			-123.0000			-261.0000			
36.0033			-23.7311			-13.1630			-0.8000			253.0000			-99.0000			-273.0000			
37.1131			-20.2920			-17.0416			-0.2000			239.0000			-76.0000			-282.0000			
38.2230			-20.8652			-18.1498			-0.7000			226.0000			-51.0000			-291.0000			
37.6681			-19.7188			-19.2580			-1.3000			211.0000			-28.0000			-300.0000			
36.0033			-16.8529			-20.3661			-1.2000			198.0000			-5.0000			-304.0000			
34.8934			-14.5602			-21.4743			-1.1000			182.0000			18.0000			-308.0000			
36.0033			-9.9747			-26.4611			-0.4000			167.0000			42.0000			-309.0000			
36.5582			-7.6820			-30.8938			-2.0000			150.0000			63.0000			-308.0000			
33.7835			-2.5234			-31.4479			-0.1000			132.0000			85.0000			-303.0000			
34.3384			-1.9502			-32.5561			-0.1000			113.0000			104.0000			-298.0000			
28.7891			0.9157			-32.0020			-2.3000			94.0000			126.0000			-292.0000			
26.5693			5.5011			-33.1102			-1.0000			72.0000			145.0000			-285.0000			
27.1243			9.5134			-36.4347			0.2000			50.0000			166.0000			-275.0000			
23.7946			14.0988			-39.2052			-1.3000			26.0000			184.0000			-261.0000			
24.9045			15.2452			-39.7593			0.3000			1.0000			203.0000			-250.0000			
24.3496			16.9648			-40.3133			0.9000			-23.0000			218.0000			-235.0000			
23.2397			17.5379			-40.3133			0.4000			-48.0000			234.0000			-218.0000			
20.4650			18.6843			-40.8674			-1.7000			-72.0000			247.0000			-203.0000			
14.3607			22.6966			-38.6511			-1.6000			-95.0000			260.0000			-189.0000			
11.0311			24.4161			-38.0970			-2.6000			-116.0000			271.0000			-172.0000			
10.4761			29.0015			-40.8674			-1.3000			-136.0000			280.0000			-154.0000			
8.2564			34.1602			-42.5297			-0.1000			-154.0000			289.0000			-134.0000			
7.1465			30.7211			-35.3265			2.5000			-173.0000			294.0000			-114.0000			
2.7070			31.2943			-34.7725			-0.7000			-190.0000			296.0000			-93.0000			
-1.7325			33.0138			-32.5561			-1.2000			-206.0000			298.0000			-71.0000			
-3.3973			34.7334			-32.5561			-1.2000			-224.0000			298.0000			-49.0000			
-11.7214			37.0261			-24.7989			0.4000			-240.0000			296.0000			-25.0000			
-7.8368			36.4529			-24.7989			3.8000			-254.0000			292.0000			-1.0000			
-11.7214			38.7456			-26.4611			0.5000			-268.0000			284.0000			24.0000			
-16.1609			42.7579			-25.9070			0.6000			-278.0000			277.0000			48.0000			
-17.2707			41.6115			-25.3529			-1.0000			-289.0000			268.0000			72.0000			
-23.3750			39.8920			-18.1498			-1.6000			-297.0000			258.0000			94.0000			
-24.4849			38.7456			-14.2712			0.0000			-304.0000			247.0000			113.0000			
-25.5948			37.5993			-10.9466			1.0000			-307.0000			235.0000			132.0000			
-27.8145			41.6115			-10.9466			2.8000			-308.0000			222.0000			151.0000			
-24.4849			39.3188			-13.1630			1.6000			-309.0000			207.0000			166.0000			
-28.3695			37.0261			-8.7303			0.0000			-307.0000			190.0000			181.0000			
-30.0343			33.5870			-3.7435			-0.1000			-304.0000			172.0000			197.0000			
-32.8090			29.0015			2.9056			-0.9000			-300.0000			154.0000			214.0000			
-35.5837			29.5747			7.8924			1.8000			-295.0000			133.0000			227.0000			
-31.6991			26.1356			7.3383			1.7000			-287.0000			111.0000			241.0000			
-33.9189			23.8429			11.2169			1.1000			-275.0000			87.0000			254.0000			
-35.5837			24.4161			13.4333			2.2000			-264.0000			65.0000			265.0000			
-38.3584			22.1234			16.2037			0.0000			-251.0000			39.0000			274.0000			
-38.9133			16.9648			22.2987			0.3000			-238.0000			14.0000			283.0000			
-36.1386			11.8061			25.0691			0.7000			-223.0000			-9.0000			289.0000			
-36.1386			11.8061			27.2855			2.9000			-207.0000			-32.0000			293.0000			
-35.0287			9.5134			27.8396			2.3000			-193.0000			-55.0000			291.0000			
-36.6935			8.9402			28.3937			0.6000			-175.0000			-77.0000			292.0000			
-36.6935			5.5011			30.6100			-0.5000			-156.0000			-99.0000			287.0000			
-33.3639			2.0621			32.2723			0.9000			-136.0000			-120.0000			283.0000			
-30.5892			-1.3770			32.8264			0.8000			-117.0000			-138.0000			276.0000			
-29.4794			-5.3893			35.0427			0.1000			-96.0000			-157.0000			268.0000			
-28.9244			-7.6820			37.2591			0.6000			-73.0000			-179.0000			258.0000			
-27.8145			-8.8284			36.1509			-0.4000			-50.0000			-197.0000			246.0000			
-24.4849			-11.1211			38.3673			2.7000			-25.0000			-214.0000			233.0000			
-20.6004			-15.7066			38.3673			2.0000			-1.0000			-231.0000			220.0000			
-18.9355			-20.2920			41.1377			1.9000			24.0000			-245.0000			205.0000			
-15.0510			-23.7311			40.0295			1.2000			48.0000			-260.0000			189.0000			
-15.6059			-24.3043			39.4755			-0.4000			72.0000			-273.0000			173.0000			
-15.6059			-23.7311			40.0295			0.6000			93.0000			-284.0000			157.0000			
-14.4960			-25.4506			39.4755			-0.4000			114.0000			-294.0000			139.0000			
-11.1664			-27.7433			39.4755			0.5000			132.0000			-301.0000			120.0000			
-2.2874			-32.9020			36.7050			1.5000			151.0000			-306.0000			99.0000			
-1.1776			-34.0483			35.0427			-0.1000			168.0000			-309.0000			79.0000			
2.7070			-34.0483			32.2723			0.9000			186.0000			-311.0000			58.0000			
2.7070			-34.0483			31.7182			0.3000			200.0000			-311.0000			35.0000			
5.4817			-35.1947			31.1641			1.4000			216.0000			-307.0000			10.0000			
10.4761			-36.3411			26.7314			0.8000			230.0000			-303.0000			-15.0000			
14.9156			-38.6338			24.5151			0.7000			240.0000			-296.0000			-39.0000			
21.0199			-42.0729			21.7446			0.6000			250.0000			-287.0000			-63.0000			
22.1298			-42.6460			20.0823			-0.4000			259.0000			-279.0000			-84.0000			
19.9101			-39.2070			16.7578			-2.5000			268.0000			-268.0000			-105.0000			
19.9101			-38.6338			17.8660			-0.8000			274.0000			-257.0000			-125.0000			
21.5749			-38.6338			17.3119			0.2000			280.0000			-245.0000			-144.0000			
28.2341			-40.9265			14.5415			1.8000			282.0000			-231.0000			-163.0000			
34.3384			-40.9265			9.5547			2.9000			283.0000			-216.0000			-180.0000			
33.2286			-37.4874			3.4597			-0.8000			282.0000			-199.0000			-196.0000			
32.6736			-35.1947			0.6892			-1.8000			279.0000			-181.0000			-210.0000			
32.1187			-30.0361			-2.6353			-0.5000			275.0000			-163.0000			-226.0000			
31.0088			-29.4629			-2.6353			-1.0000			270.0000			-142.0000			-240.0000			
34.3384			-26.0238			-8.1762			0.1000			262.0000			-120.0000			-254.0000			
36.5582			-22.0115			-13.7171			0.8000			250.0000			-98.0000			-265.0000			
36.5582			-20.2920			-16.4875			-0.2000			237.0000			-73.0000			-276.0000			
39.8878			-19.1456			-21.4743			-0.7000			223.0000			-48.0000			-285.0000			
38.7779			-20.2920			-19.2580			-0.7000			209.0000			-25.0000			-292.0000			
35.4483			-14.5602			-21.4743			-0.5000			195.0000			-2.0000			-298.0000			
34.8934			-14.5602			-22.5825			-2.2000			181.0000			21.0000			-301.0000			
35.4483			-12.2675			-25.3529			-2.1000			165.0000			45.0000			-302.0000			
37.6681			-5.3893			-33.6643			-1.3000			149.0000			65.0000			-300.0000			
34.3384			-4.2429			-32.0020			-1.9000			128.0000			88.0000			-297.0000			
33.7835			-0.8039			-33.6643			-0.6000			111.0000			109.0000			-292.0000			
30.4539			2.0621			-34.2184			-1.6000			90.0000			127.0000			-286.0000			
26.5693			3.7816			-32.5561			-2.2000			69.0000			150.0000			-279.0000			
25.4594			10.6598			-38.0970			-1.9000			47.0000			169.0000			-269.0000			
23.7946			12.9525			-37.5429			-0.7000			22.0000			186.0000			-257.0000			
24.3496			15.8184			-40.3133			-0.1000			-2.0000			204.0000			-244.0000			
22.1298			19.2575			-40.3133			1.0000			-26.0000			220.0000			-229.0000			
24.3496			16.9648			-40.3133			0.9000			-51.0000			235.0000			-213.0000			
21.0199			20.4038			-41.9756			-0.5000			-76.0000			250.0000			-198.0000			
16.0255			21.5502			-38.6511			-1.0000			-99.0000			262.0000			-183.0000			
12.6959			23.2697			-38.6511			-2.6000			-119.0000			274.0000			-167.0000			
7.7014			29.5747			-40.3133			-3.0000			-139.0000			282.0000			-149.0000			
9.9212			32.4406			-41.4215			0.9000			-157.0000			289.0000			-129.0000			
4.9268			32.4406			-36.4347			0.9000			-174.0000			293.0000			-109.0000			
2.7070			31.2943			-32.5561			1.4000			-193.0000			295.0000			-89.0000			
0.4873			31.8675			-32.5561			-0.2000			-209.0000			297.0000			-67.0000			
-5.6170			34.7334			-29.7857			-0.6000			-225.0000			297.0000			-44.0000			
-10.6115			36.4529			-25.3529			0.4000			-241.0000			295.0000			-19.0000			
-12.2763			37.0261			-23.6907			1.0000			-257.0000			291.0000			5.0000			
-12.2763			40.4652			-23.6907			4.4000			-270.0000			283.0000			29.0000			
-13.9411			41.6115			-25.9070			1.7000			-282.0000			276.0000			54.0000			
-18.3806			42.7579			-25.3529			-0.9000			-290.0000			266.0000			76.0000			
-21.7102			41.0383			-20.9202			-1.5000			-298.0000			257.0000			97.0000			
-24.4849			38.7456			-15.9334			-1.6000			-305.0000			247.0000			116.0000			
-26.1497			38.1724			-12.0548			0.0000			-308.0000			235.0000			136.0000			
-30.0343			41.0383			-9.8385			1.1000			-308.0000			220.0000			153.0000			
-26.7047			39.3188			-10.3925			2.2000			-308.0000			204.0000			167.0000			
-26.7047			35.8797			-8.7303			0.4000			-306.0000			189.0000			183.0000			
-28.9244			33.0138			-4.8517			-0.7000			-305.0000			171.0000			199.0000			
-31.1442			29.0015			2.9056			0.7000			-300.0000			151.0000			215.0000			
-35.5837			28.4284			9.5547			2.4000			-294.0000			132.0000			229.0000			
-33.3639			26.1356			9.5547			2.3000			-286.0000			108.0000			242.0000			
-35.0287			23.2697			13.4333			1.6000			-275.0000			85.0000			255.0000			
-37.2485			24.4161			13.4333			0.6000			-263.0000			62.0000			265.0000			
-38.3584			22.1234			15.6496			-0.5000			-249.0000			37.0000			275.0000			
-39.4682			18.6843			21.7446			0.9000			-236.0000			12.0000			282.0000			
-36.1386			13.5257			22.8528			0.2000			-221.0000			-12.0000			288.0000			
-37.8034			10.0866			27.8396			0.1000			-206.0000			-35.0000			291.0000			
-35.5837			9.5134			27.2855			1.2000			-190.0000			-58.0000			292.0000			
-36.6935			8.9402			29.5019			1.7000			-173.0000			-79.0000			290.0000			
-36.6935			4.9280			30.6100			-1.1000			-155.0000			-101.0000			286.0000			
-32.2540			2.0621			29.5019			-0.6000			-135.0000			-120.0000			280.0000			
-30.0343			-3.0966			33.9346			0.8000			-114.0000			-140.0000			274.0000			
-26.1497			-7.1088			33.9346			0.6000			-94.0000			-161.0000			266.0000			
-28.3695			-8.2552			36.7050			0.0000			-71.0000			-180.0000			258.0000			
-26.7047			-10.5479			37.2591			0.0000			-46.0000			-199.0000			244.0000			
-26.1497			-11.1211			38.3673			1.0000			-21.0000			-216.0000			231.0000			
-24.4849			-15.1334			41.1377			1.5000			2.0000			-233.0000			217.0000			
-17.8257			-20.2920			41.1377			3.0000			27.0000			-248.0000			202.0000			
-15.6059			-23.1579			40.0295			1.2000			50.0000			-260.0000			186.0000			
-12.8312			-26.5970			40.0295			0.5000			73.0000			-274.0000			171.0000			
-13.9411			-25.4506			38.3673			-1.0000			93.0000			-285.0000			154.0000			
-15.0510			-26.5970			42.2459			0.5000			114.0000			-294.0000			136.0000			
-10.6115			-29.4629			40.0295			0.0000			133.0000			-300.0000			118.0000			
-3.9522			-31.7556			37.2591			1.5000			152.0000			-305.0000			97.0000			
1.0422			-34.6215			34.4887			0.9000			170.0000			-310.0000			76.0000			
3.2619			-34.0483			30.6100			-0.1000			187.0000			-311.0000			54.0000			
2.7070			-34.6215			31.1641			-0.7000			202.0000			-310.0000			32.0000			
6.0366			-35.1947			29.5019			0.3000			217.0000			-308.0000			7.0000			
8.2564			-35.7679			27.8396			0.3000			229.0000			-302.0000			-17.0000			
13.2508			-40.3533			26.7314			-0.3000			241.0000			-295.0000			-42.0000			
22.1298			-43.2192			23.4069			2.3000			251.0000			-286.0000			-66.0000			
22.6848			-40.9265			17.8660			-0.3000			260.0000			-278.0000			-87.0000			
22.6848			-39.7801			15.0955			-1.9000			269.0000			-267.0000			-108.0000			
23.2397			-39.2070			15.0955			-0.8000			276.0000			-256.0000			-129.0000			
19.9101			-39.2070			17.8660			-1.4000			279.0000			-244.0000			-147.0000			
27.1243			-41.4997			14.5415			0.1000			282.0000			-228.0000			-166.0000			
32.1187			-40.3533			10.6628			2.4000			282.0000			-214.0000			-183.0000			
34.3384			-38.6338			5.1219			0.8000			281.0000			-197.0000			-198.0000			
33.2286			-32.3288			-1.5271			-0.6000			279.0000			-179.0000			-213.0000			
31.5638			-31.1824			-1.5271			-1.1000			275.0000			-161.0000			-228.0000			
33.2286			-28.8897			-5.4057			-1.0000			269.0000			-140.0000			-242.0000			
34.3384			-25.4506			-7.6221			1.2000			261.0000			-118.0000			-256.0000			
35.4483			-23.7311			-10.9466			0.7000			248.0000			-95.0000			-268.0000			
37.1131			-19.7188			-19.2580			-1.8000			235.0000			-71.0000			-277.0000			
38.7779			-19.1456			-19.2580			0.3000			222.0000			-47.0000			-287.0000			
38.2230			-16.8529			-22.5825			-1.2000			208.0000			-22.0000			-294.0000			
36.5582			-13.9870			-23.6907			-1.1000			193.0000			1.0000			-299.0000			
37.6681			-15.1334			-22.5825			0.0000			178.0000			24.0000			-303.0000			
35.4483			-11.6943			-25.3529			-1.6000			163.0000			45.0000			-304.0000			
36.5582			-7.1088			-30.8938			-1.4000			146.0000			68.0000			-302.0000			
34.3384			-3.6698			-33.1102			-2.4000			128.0000			89.0000			-298.0000			
32.6736			2.0621			-35.8806			-1.1000			108.0000			110.0000			-293.0000			
30.4539			2.6352			-33.6643			-0.5000			90.0000			130.0000			-287.0000			
27.1243			4.3548			-33.1102			-1.6000			67.0000			151.0000			-278.0000			
24.9045			10.6598			-37.5429			-1.9000			44.0000			171.0000			-269.0000			
24.9045			11.2329			-37.5429			-1.4000			19.0000			188.0000			-257.0000			
20.4650			18.1111			-40.8674			-2.2000			-6.0000			207.0000			-244.0000			
21.5749			18.6843			-40.3133			0.0000			-30.0000			221.0000			-228.0000			
21.0199			19.8307			-40.3133			0.5000			-53.0000			237.0000			-213.0000			
21.0199			22.1234			-41.9756			1.1000			-77.0000			252.0000			-198.0000			
19.3551			19.8307			-40.3133			-1.1000			-101.0000			263.0000			-182.0000			
13.2508			24.4161			-39.7593			-2.1000			-121.0000			273.0000			-165.0000			
10.4761			28.4284			-40.3133			-1.4000			-140.0000			282.0000			-147.0000			
7.1465			32.4406			-41.4215			-1.8000			-158.0000			287.0000			-128.0000			
1.0422			34.7334			-35.3265			0.4000			-176.0000			293.0000			-108.0000			
1.0422			31.2943			-32.5561			-0.2000			-194.0000			295.0000			-88.0000			
-1.1776			33.0138			-32.0020			-0.1000			-211.0000			297.0000			-66.0000			
-4.5072			34.7334			-31.4479			-1.2000			-228.0000			297.0000			-41.0000			
-10.6115			37.0261			-26.4611			0.0000			-245.0000			294.0000			-17.0000			
-15.0510			39.3188			-24.2448			0.0000			-259.0000			290.0000			7.0000			
-15.6059			39.3188			-21.4743			2.2000			-271.0000			283.0000			31.0000			
-15.6059			42.7579			-25.9070			1.2000			-283.0000			275.0000			54.0000			
-18.9355			42.7579			-23.1366			0.6000			-291.0000			265.0000			76.0000			
-18.9355			40.4652			-21.4743			0.0000			-299.0000			255.0000			97.0000			
-23.3750			39.3188			-18.1498			-2.2000			-305.0000			244.0000			117.0000			
-27.2596			40.4652			-13.1630			0.0000			-309.0000			231.0000			136.0000			
-30.5892			43.3311			-11.5007			1.2000			-309.0000			218.0000			153.0000			
-28.9244			39.3188			-7.6221			2.7000			-308.0000			203.0000			168.0000			
-26.1497			36.4529			-7.6221			2.6000			-306.0000			186.0000			183.0000			
-29.4794			34.7334			-3.7435			1.5000			-302.0000			168.0000			199.0000			
-31.1442			29.5747			1.7974			0.2000			-300.0000			149.0000			214.0000			
-35.0287			28.4284			7.8924			1.2000			-295.0000			127.0000			229.0000			
-35.5837			25.5625			11.7710			1.7000			-285.0000			105.0000			243.0000			
-36.1386			23.8429			14.5415			2.2000			-274.0000			82.0000			255.0000			
-37.8034			23.2697			15.6496			1.1000			-262.0000			59.0000			265.0000			
-38.9133			23.2697			16.2037			0.5000			-248.0000			34.0000			275.0000			
-38.3584			18.6843			19.5283			-0.1000			-234.0000			10.0000			282.0000			
-36.6935			14.0988			22.2987			-0.2000			-220.0000			-14.0000			287.0000			
-36.6935			10.6598			26.7314			0.7000			-205.0000			-37.0000			290.0000			
-37.2485			8.9402			29.5019			1.2000			-189.0000			-60.0000			290.0000			
-36.1386			7.2207			31.7182			2.7000			-171.0000			-82.0000			287.0000			
-33.9189			3.2084			30.6100			-0.1000			-153.0000			-103.0000			283.0000			
-32.8090			2.6352			29.5019			-0.6000			-132.0000			-123.0000			280.0000			
-29.4794			-4.2429			34.4887			0.7000			-112.0000			-145.0000			271.0000			
-28.3695			-5.9625			36.1509			1.8000			-91.0000			-163.0000			264.0000			
-26.1497			-9.4016			37.2591			1.7000			-68.0000			-182.0000			255.0000			
-27.2596			-12.8406			39.4755			-0.6000			-45.0000			-201.0000			241.0000			
-27.2596			-11.1211			38.9214			0.5000			-19.0000			-217.0000			229.0000			
-22.8201			-15.7066			40.5836			2.0000			4.0000			-234.0000			214.0000			
-19.4905			-19.1456			40.5836			1.9000			29.0000			-250.0000			199.0000			
-15.6059			-22.0115			39.4755			1.8000			52.0000			-263.0000			183.0000			
-11.7214			-27.1702			41.6918			2.8000			76.0000			-276.0000			168.0000			
-12.8312			-26.0238			38.3673			-0.4000			97.0000			-288.0000			150.0000			
-13.3862			-29.4629			42.2459			-0.6000			117.0000			-295.0000			132.0000			
-10.0565			-30.0361			40.5836			0.4000			136.0000			-301.0000			114.0000			
-4.5072			-31.7556			36.7050			0.4000			154.0000			-306.0000			93.0000			
1.5971			-34.6215			33.9346			0.9000			171.0000			-310.0000			73.0000			
2.7070			-34.6215			31.7182			-0.1000			188.0000			-311.0000			52.0000			
4.3718			-37.4874			32.2723			-0.8000			205.0000			-311.0000			28.0000			
7.7014			-35.1947			27.2855			-0.2000			218.0000			-307.0000			4.0000			
6.5916			-36.9142			28.9478			-1.3000			231.0000			-301.0000			-21.0000			
16.0255			-40.9265			26.7314			1.8000			241.0000			-294.0000			-45.0000			
21.0199			-43.2192			23.9610			1.7000			251.0000			-286.0000			-68.0000			
23.2397			-40.9265			19.5283			1.8000			260.0000			-277.0000			-90.0000			
27.1243			-38.6338			12.8792			1.3000			269.0000			-266.0000			-113.0000			
22.6848			-40.9265			16.2037			-2.0000			276.0000			-255.0000			-131.0000			
23.2397			-39.2070			14.5415			-1.4000			281.0000			-242.0000			-151.0000			
26.0144			-41.4997			14.5415			-0.9000			281.0000			-227.0000			-168.0000			
29.8989			-41.4997			11.2169			-0.3000			282.0000			-213.0000			-185.0000			
35.4483			-37.4874			3.4597			1.4000			281.0000			-195.0000			-201.0000			
33.2286			-34.0483			0.6892			-0.1000			279.0000			-178.0000			-216.0000			
33.2286			-30.6093			-3.7435			-1.1000			274.0000			-159.0000			-231.0000			
34.3384			-30.0361			-5.9598			-1.6000			269.0000			-138.0000			-245.0000			
32.6736			-27.1702			-7.0680			-1.5000			259.0000			-117.0000			-259.0000			
36.0033			-22.5847			-12.6089			0.8000			248.0000			-91.0000			-270.0000			
37.6681			-19.7188			-17.5957			0.3000			235.0000			-67.0000			-279.0000			
39.3329			-19.1456			-20.9202			-0.7000			218.0000			-44.0000			-289.0000			
37.6681			-13.9870			-23.1366			0.5000			204.0000			-18.0000			-295.0000			
36.5582			-13.4138			-21.4743			1.6000			190.0000			5.0000			-301.0000			
38.2230			-14.5602			-23.6907			0.0000			175.0000			28.0000			-304.0000			
36.0033			-10.5479			-25.9070			-0.4000			159.0000			49.0000			-305.0000			
38.2230			-8.2552			-30.8938			-0.9000			142.0000			70.0000			-304.0000			
33.7835			-0.2307			-34.7725			-1.2000			123.0000			93.0000			-298.0000			
32.1187			0.9157			-34.2184			-1.1000			103.0000			113.0000			-294.0000			
30.4539			4.9280			-34.2184			1.1000			83.0000			134.0000			-287.0000			
29.3440			4.9280			-33.6643			0.6000			61.0000			154.0000			-279.0000			
26.5693			8.9402			-36.9888			-1.4000			37.0000			172.0000			-269.0000			
24.9045			14.0988			-38.0970			0.9000			13.0000			191.0000			-258.0000			
22.6848			15.8184			-40.3133			-1.8000			-12.0000			207.0000			-244.0000			
18.8002			22.1234			-41.4215			-0.5000			-36.0000			223.0000			-229.0000			
17.1354			22.1234			-41.9756			-2.7000			-61.0000			240.0000			-214.0000			
16.5804			23.2697			-40.8674			-1.0000			-85.0000			253.0000			-199.0000			
18.8002			22.1234			-40.8674			0.0000			-107.0000			265.0000			-183.0000			
16.0255			23.8429			-39.7593			0.1000			-127.0000			274.0000			-166.0000			
11.0311			28.4284			-40.8674			-1.4000			-146.0000			283.0000			-149.0000			
6.5916			32.4406			-41.4215			-2.3000			-164.0000			289.0000			-129.0000			
-1.1776			34.7334			-35.3265			-1.7000			-182.0000			294.0000			-109.0000			
-0.6226			32.4406			-34.7725			-2.9000			-198.0000			295.0000			-88.0000			
-2.2874			33.5870			-32.0020			-0.7000			-215.0000			297.0000			-66.0000			
-3.9522			35.3065			-32.0020			-0.6000			-233.0000			296.0000			-44.0000			
-8.3917			37.0261			-26.4611			2.1000			-248.0000			293.0000			-19.0000			
-16.7158			38.7456			-22.0284			0.0000			-262.0000			289.0000			7.0000			
-19.4905			40.4652			-22.5825			-1.6000			-275.0000			281.0000			30.0000			
-20.6004			43.3311			-24.7989			-2.0000			-285.0000			274.0000			55.0000			
-20.6004			42.7579			-25.3529			-3.1000			-293.0000			264.0000			78.0000			
-18.9355			40.4652			-22.0284			-0.4000			-301.0000			255.0000			98.0000			
-21.1553			38.7456			-17.0416			0.5000			-307.0000			243.0000			117.0000			
-24.4849			40.4652			-13.1630			2.8000			-308.0000			231.0000			136.0000			
-30.5892			42.7579			-10.9466			1.2000			-311.0000			216.0000			153.0000			
-33.3639			39.8920			-7.6221			-1.0000			-309.0000			200.0000			168.0000			
-30.5892			37.0261			-8.7303			-2.3000			-306.0000			183.0000			183.0000			
-31.6991			34.7334			-3.7435			-0.7000			-302.0000			166.0000			199.0000			
-31.1442			30.1479			2.3515			1.3000			-298.0000			145.0000			215.0000			
-35.0287			29.5747			7.3383			1.8000			-291.0000			124.0000			228.0000			
-35.5837			24.4161			12.3251			1.1000			-282.0000			102.0000			243.0000			
-36.6935			23.8429			12.8792			0.0000			-271.0000			79.0000			254.0000			
-38.3584			21.5502			16.2037			-0.5000			-258.0000			55.0000			265.0000			
-38.9133			21.5502			16.7578			-0.6000			-244.0000			29.0000			274.0000			
-37.8034			20.9770			17.8660			1.0000			-230.0000			7.0000			282.0000			
-33.9189			12.9525			24.5151			3.5000			-217.0000			-18.0000			287.0000			
-35.5837			12.3793			26.7314			3.5000			-200.0000			-41.0000			291.0000			
-37.8034			8.3670			30.6100			1.1000			-183.0000			-65.0000			290.0000			
-37.8034			5.5011			32.2723			0.0000			-166.0000			-86.0000			288.0000			
-32.8090			4.9280			29.5019			1.6000			-147.0000			-106.0000			284.0000			
-32.8090			0.9157			32.8264			0.9000			-127.0000			-127.0000			278.0000			
-30.0343			-1.9502			32.2723			0.2000			-107.0000			-146.0000			271.0000			
-28.9244			-5.9625			36.7050			1.8000			-85.0000			-167.0000			264.0000			
-25.5948			-10.5479			37.2591			1.1000			-62.0000			-185.0000			253.0000			
-24.4849			-11.6943			37.2591			1.0000			-37.0000			-203.0000			241.0000			
-26.1497			-12.8406			40.0295			1.0000			-12.0000			-221.0000			227.0000			
-24.4849			-15.7066			40.0295			-0.1000			12.0000			-237.0000			212.0000			
-23.3750			-17.4261			42.2459			1.4000			37.0000			-252.0000			198.0000			
-15.6059			-22.5847			40.0295			1.8000			60.0000			-265.0000			183.0000			
-12.2763			-25.4506			38.9214			1.2000			82.0000			-278.0000			166.0000			
-10.0565			-26.5970			38.3673			1.7000			103.0000			-289.0000			150.0000			
-7.8368			-30.6093			41.1377			2.6000			123.0000			-297.0000			131.0000			
-8.3917			-30.6093			41.6918			2.6000			142.0000			-303.0000			112.0000			
-3.3973			-32.3288			35.5968			-0.1000			159.0000			-307.0000			93.0000			
-0.6226			-32.9020			35.0427			1.5000			178.0000			-310.0000			71.0000			
2.1521			-34.0483			31.7182			-0.1000			194.0000			-311.0000			50.0000			
9.3663			-37.4874			29.5019			1.3000			208.0000			-310.0000			26.0000			
8.8113			-34.0483			28.3937			3.1000			221.0000			-306.0000			2.0000			
11.0311			-36.3411			26.7314			1.4000			235.0000			-300.0000			-23.0000			
13.2508			-40.9265			27.8396			0.1000			243.0000			-293.0000			-47.0000			
15.4706			-43.2192			23.9610			-3.7000			255.0000			-284.0000			-70.0000			
22.1298			-42.6460			18.9742			-1.5000			264.0000			-275.0000			-92.0000			
26.0144			-39.2070			13.4333			0.2000			273.0000			-264.0000			-113.0000			
28.7891			-39.7801			12.8792			1.8000			278.0000			-253.0000			-132.0000			
28.7891			-40.3533			15.0955			3.5000			281.0000			-240.0000			-153.0000			
27.1243			-40.3533			13.9874			0.7000			282.0000			-225.0000			-169.0000			
29.3440			-40.3533			11.7710			0.7000			283.0000			-209.0000			-187.0000			
31.0088			-36.3411			3.4597			-1.8000			281.0000			-193.0000			-201.0000			
33.7835			-33.4752			0.1351			0.4000			278.0000			-174.0000			-218.0000			
33.7835			-29.4629			-3.1894			1.1000			274.0000			-156.0000			-232.0000			
36.0033			-28.3165			-5.9598			1.7000			266.0000			-134.0000			-246.0000			
33.2286			-26.5970			-7.0680			-0.4000			256.0000			-111.0000			-259.0000			
33.7835			-23.1579			-12.6089			-1.9000			244.0000			-88.0000			-271.0000			
38.2230			-21.4384			-17.0416			-0.2000			232.0000			-65.0000			-281.0000			
38.2230			-18.5725			-20.9202			-1.2000			217.0000			-41.0000			-290.0000			
37.1131			-13.4138			-23.6907			0.0000			204.0000			-16.0000			-297.0000			
36.0033			-12.8406			-22.5825			0.5000			188.0000			8.0000			-301.0000			
38.2230			-11.1211			-25.3529			1.7000			173.0000			30.0000			-304.0000			
35.4483			-9.4016			-24.7989			1.2000			155.0000			52.0000			-305.0000			
37.1131			-9.4016			-30.8938			-3.1000			138.0000			74.0000			-304.0000			
35.4483			-1.3770			-34.7725			-0.7000			119.0000			95.0000			-299.0000			
31.0088			0.9157			-34.2184			-2.2000			101.0000			116.0000			-294.0000			
31.0088			6.0743			-36.4347			0.6000			80.0000			136.0000			-287.0000			
28.7891			6.0743			-34.2184			0.6000			58.0000			157.0000			-279.0000			
28.7891			7.2207			-36.9888			-0.9000			35.0000			175.0000			-267.0000			
24.3496			13.5257			-38.6511			-0.7000			10.0000			193.0000			-256.0000			
23.7946			14.6720			-39.7593			-1.2000			-16.0000			211.0000			-242.0000			
20.4650			19.8307			-41.9756			-1.6000			-41.0000			227.0000			-228.0000			
14.9156			23.2697			-40.3133			-2.1000			-65.0000			241.0000			-213.0000			
14.9156			23.2697			-40.3133			-2.1000			-89.0000			254.0000			-197.0000			
14.9156			23.2697			-40.8674			-2.6000			-109.0000			267.0000			-181.0000			
16.5804			22.1234			-40.3133			-1.6000			-129.0000			276.0000			-164.0000			
12.6959			26.1356			-38.6511			0.1000			-148.0000			284.0000			-145.0000			
4.9268			31.8675			-39.2052			-2.4000			-167.0000			288.0000			-126.0000			
1.5971			33.5870			-35.8806			-0.7000			-183.0000			294.0000			-106.0000			
-2.2874			33.0138			-31.4479			-0.7000			-200.0000			295.0000			-85.0000			
-2.8424			34.1602			-32.0020			-0.6000			-217.0000			298.0000			-63.0000			
-3.9522			35.3065			-32.0020			-0.6000			-234.0000			296.0000			-41.0000			
-8.3917			37.0261			-27.0152			1.6000			-250.0000			294.0000			-15.0000			
-14.4960			37.5993			-23.1366			0.0000			-264.0000			288.0000			9.0000			
-20.6004			42.1847			-20.9202			0.6000			-276.0000			280.0000			34.0000			
-22.8201			43.9042			-23.1366			-2.0000			-287.0000			273.0000			58.0000			
-21.1553			41.6115			-23.6907			-3.2000			-295.0000			263.0000			78.0000			
-19.4905			40.4652			-20.9202			0.0000			-301.0000			252.0000			99.0000			
-20.0454			38.7456			-18.7039			0.0000			-306.0000			241.0000			120.0000			
-21.7102			39.8920			-16.4875			1.6000			-309.0000			227.0000			137.0000			
-29.4794			41.6115			-9.8385			2.2000			-308.0000			213.0000			155.0000			
-31.1442			39.3188			-7.6221			0.5000			-308.0000			197.0000			170.0000			
-32.2540			37.0261			-5.9598			-1.1000			-305.0000			180.0000			184.0000			
-31.1442			34.1602			-2.6353			0.3000			-301.0000			162.0000			200.0000			
-30.5892			32.4406			-0.4189			1.4000			-297.0000			143.0000			215.0000			
-36.1386			29.0015			9.5547			2.4000			-290.0000			122.0000			232.0000			
-36.1386			25.5625			11.2169			0.6000			-280.0000			99.0000			245.0000			
-36.1386			22.1234			16.2037			2.1000			-269.0000			75.0000			256.0000			
-39.4682			20.4038			18.4201			-0.6000			-257.0000			51.0000			266.0000			
-38.9133			21.5502			16.7578			-0.6000			-243.0000			26.0000			275.0000			
-37.2485			18.1111			19.5283			0.3000			-229.0000			3.0000			282.0000			
-35.0287			15.8184			20.6364			1.4000			-214.0000			-21.0000			287.0000			
-35.5837			12.3793			25.6232			2.4000			-198.0000			-44.0000			289.0000			
-37.8034			8.9402			30.0559			1.1000			-181.0000			-67.0000			289.0000			
-36.6935			5.5011			32.8264			1.6000			-163.0000			-88.0000			287.0000			
-32.2540			3.2084			31.1641			2.1000			-144.0000			-109.0000			282.0000			
-31.1442			0.9157			30.6100			0.3000			-124.0000			-129.0000			276.0000			
-29.4794			-3.0966			32.8264			0.2000			-104.0000			-149.0000			270.0000			
-30.0343			-5.3893			36.1509			0.7000			-83.0000			-168.0000			262.0000			
-26.1497			-10.5479			38.3673			1.6000			-59.0000			-188.0000			252.0000			
-25.0399			-13.4138			39.4755			1.0000			-33.0000			-206.0000			239.0000			
-23.9300			-13.9870			39.4755			1.5000			-9.0000			-223.0000			225.0000			
-23.9300			-15.7066			40.5836			0.9000			16.0000			-238.0000			210.0000			
-22.2652			-17.9993			40.5836			0.3000			39.0000			-254.0000			197.0000			
-17.2707			-20.8652			39.4755			1.3000			63.0000			-266.0000			181.0000			
-13.9411			-23.1579			38.9214			1.8000			85.0000			-279.0000			165.0000			
-10.6115			-26.5970			38.3673			1.1000			106.0000			-289.0000			148.0000			
-7.2819			-31.7556			41.6918			2.6000			126.0000			-297.0000			129.0000			
-6.1720			-31.1824			40.5836			3.2000			144.0000			-304.0000			110.0000			
-3.3973			-31.7556			36.1509			0.9000			163.0000			-307.0000			89.0000			
-0.0677			-33.4752			34.4887			0.9000			180.0000			-310.0000			68.0000			
2.1521			-32.9020			31.7182			0.9000			196.0000			-312.0000			47.0000			
9.3663			-36.3411			29.5019			2.5000			210.0000			-310.0000			24.0000			
9.9212			-34.6215			27.2855			2.5000			223.0000			-306.0000			-1.0000			
12.1409			-36.9142			26.1773			1.3000			235.0000			-299.0000			-25.0000			
14.9156			-40.9265			27.2855			1.2000			246.0000			-292.0000			-50.0000			
15.4706			-42.6460			25.6232			-1.5000			256.0000			-283.0000			-72.0000			
20.4650			-41.4997			18.4201			-2.6000			266.0000			-274.0000			-94.0000			
23.7946			-39.2070			16.2037			0.7000			273.0000			-264.0000			-115.0000			
28.7891			-38.6338			11.7710			1.9000			279.0000			-252.0000			-134.0000			
32.6736			-42.6460			13.4333			3.4000			282.0000			-239.0000			-155.0000			
29.8989			-40.3533			13.9874			3.5000			283.0000			-224.0000			-171.0000			
30.4539			-38.6338			9.5547			1.3000			283.0000			-208.0000			-189.0000			
29.8989			-36.3411			5.6760			-0.7000			281.0000			-190.0000			-204.0000			
33.7835			-31.7556			-2.0812			0.0000			278.0000			-172.0000			-220.0000			
36.0033			-28.8897			-4.8517			2.2000			272.0000			-153.0000			-235.0000			
36.0033			-27.1702			-5.9598			2.8000			265.0000			-132.0000			-247.0000			
34.8934			-25.4506			-8.1762			1.2000			255.0000			-108.0000			-261.0000			
34.8934			-24.3043			-10.3925			0.1000			243.0000			-85.0000			-272.0000			
38.7779			-21.4384			-17.5957			-0.2000			228.0000			-62.0000			-282.0000			
37.6681			-17.9993			-20.3661			-0.6000			215.0000			-37.0000			-291.0000			
35.4483			-13.4138			-23.6907			-1.6000			201.0000			-13.0000			-297.0000			
37.6681			-12.2675			-25.3529			0.0000			187.0000			11.0000			-303.0000			
36.5582			-9.4016			-26.4611			0.6000			171.0000			33.0000			-305.0000			
37.1131			-9.4016			-25.9070			1.8000			155.0000			56.0000			-305.0000			
36.5582			-7.6820			-30.3397			-1.4000			137.0000			76.0000			-302.0000			
35.4483			-1.3770			-34.2184			-0.1000			118.0000			97.0000			-298.0000			
30.4539			2.0621			-33.6643			-1.1000			98.0000			118.0000			-292.0000			
28.2341			7.7939			-37.5429			-1.5000			77.0000			139.0000			-286.0000			
31.5638			6.6475			-36.4347			1.7000			55.0000			158.0000			-277.0000			
26.5693			10.6598			-36.9888			0.2000			32.0000			178.0000			-267.0000			
26.0144			12.9525			-38.0970			0.8000			5.0000			195.0000			-255.0000			
24.9045			15.2452			-40.3133			-0.1000			-18.0000			211.0000			-240.0000			
20.4650			21.5502			-42.5297			-0.5000			-43.0000			229.0000			-227.0000			
16.0255			23.2697			-40.3133			-1.0000			-68.0000			243.0000			-211.0000			
12.6959			24.9893			-39.7593			-2.0000			-90.0000			255.0000			-194.0000			
13.2508			24.9893			-40.8674			-2.6000			-111.0000			267.0000			-180.0000			
14.9156			24.4161			-39.7593			-0.4000			-131.0000			276.0000			-162.0000			
12.6959			27.8552			-39.7593			0.7000			-151.0000			285.0000			-144.0000			
6.5916			31.2943			-37.5429			0.3000			-169.0000			291.0000			-125.0000			
1.0422			34.7334			-36.9888			-1.2000			-186.0000			295.0000			-104.0000			
-2.8424			33.5870			-32.0020			-1.2000			-203.0000			297.0000			-83.0000			
-3.3973			34.7334			-32.5561			-1.2000			-219.0000			298.0000			-61.0000			
-5.6170			37.5993			-32.0020			0.0000			-237.0000			296.0000			-38.0000			
-7.8368			35.8797			-26.4611			1.5000			-251.0000			292.0000			-13.0000			
-12.2763			38.1724			-24.7989			1.0000			-265.0000			286.0000			12.0000			
-20.0454			42.1847			-19.8121			2.3000			-277.0000			279.0000			37.0000			
-22.8201			43.3311			-20.9202			-0.4000			-287.0000			271.0000			60.0000			
-22.8201			41.6115			-20.9202			-2.1000			-295.0000			262.0000			83.0000			
-22.2652			39.8920			-19.2580			-1.6000			-302.0000			252.0000			103.0000			
-20.6004			40.4652			-18.7039			1.1000			-307.0000			239.0000			122.0000			
-21.7102			39.3188			-15.3793			2.2000			-309.0000			227.0000			141.0000			
-27.8145			41.6115			-10.9466			2.8000			-309.0000			211.0000			157.0000			
-30.5892			39.8920			-6.5139			2.7000			-308.0000			195.0000			174.0000			
-33.3639			37.0261			-3.7435			0.0000			-305.0000			179.0000			188.0000			
-32.2540			34.1602			-2.6353			-0.7000			-302.0000			160.0000			202.0000			
-32.8090			33.0138			0.1351			0.3000			-296.0000			140.0000			217.0000			
-35.0287			28.4284			6.7842			0.1000			-290.0000			119.0000			232.0000			
-35.5837			23.8429			11.7710			0.0000			-278.0000			95.0000			246.0000			
-36.6935			22.1234			16.7578			2.1000			-266.0000			72.0000			257.0000			
-40.0232			18.6843			21.7446			0.4000			-254.0000			47.0000			268.0000			
-39.4682			19.8307			19.5283			-0.1000			-241.0000			25.0000			275.0000			
-36.1386			15.8184			20.6364			0.3000			-226.0000			-1.0000			284.0000			
-35.0287			15.8184			20.0823			0.8000			-212.0000			-25.0000			290.0000			
-35.0287			12.9525			24.5151			2.4000			-195.0000			-47.0000			290.0000			
-37.2485			8.9402			30.6100			2.3000			-178.0000			-69.0000			290.0000			
-37.2485			6.6475			31.1641			0.5000			-160.0000			-92.0000			288.0000			
-32.8090			1.4889			32.2723			0.9000			-140.0000			-114.0000			282.0000			
-31.6991			1.4889			31.7182			1.5000			-122.0000			-132.0000			277.0000			
-29.4794			-2.5234			33.3805			1.3000			-101.0000			-153.0000			270.0000			
-29.4794			-5.9625			37.2591			1.8000			-78.0000			-172.0000			260.0000			
-26.1497			-8.8284			37.2591			2.2000			-55.0000			-190.0000			250.0000			
-22.2652			-15.1334			38.9214			1.5000			-30.0000			-209.0000			237.0000			
-21.7102			-15.1334			40.0295			3.1000			-6.0000			-225.0000			223.0000			
-21.7102			-16.2797			41.1377			3.1000			18.0000			-241.0000			208.0000			
-21.7102			-18.5725			42.2459			1.9000			43.0000			-255.0000			194.0000			
-17.8257			-20.8652			38.3673			-0.3000			67.0000			-269.0000			178.0000			
-15.6059			-22.5847			39.4755			1.2000			89.0000			-281.0000			162.0000			
-11.1664			-27.1702			38.3673			0.0000			110.0000			-291.0000			145.0000			
-6.1720			-31.1824			40.0295			2.6000			130.0000			-299.0000			127.0000			
-3.3973			-34.0483			41.1377			3.6000			148.0000			-305.0000			107.0000			
-2.2874			-33.4752			37.2591			1.4000			165.0000			-309.0000			86.0000			
-2.2874			-32.9020			35.5968			0.4000			182.0000			-311.0000			65.0000			
3.2619			-32.9020			31.1641			1.5000			199.0000			-311.0000			44.0000			
8.8113			-36.3411			29.5019			1.9000			212.0000			-309.0000			18.0000			
11.0311			-35.1947			25.6232			1.4000			226.0000			-305.0000			-6.0000			
14.9156			-38.0606			25.6232			2.4000			236.0000			-298.0000			-29.0000			
16.0255			-40.9265			27.2855			2.3000			247.0000			-291.0000			-52.0000			
16.5804			-43.2192			27.2855			0.6000			257.0000			-281.0000			-76.0000			
18.2453			-41.4997			21.7446			-1.5000			266.0000			-273.0000			-98.0000			
21.5749			-38.6338			15.6496			-1.4000			275.0000			-261.0000			-119.0000			
27.6792			-39.2070			11.7710			0.2000			280.0000			-249.0000			-138.0000			
33.2286			-43.2192			11.2169			1.2000			282.0000			-237.0000			-158.0000			
32.1187			-40.9265			12.3251			3.5000			284.0000			-221.0000			-175.0000			
30.4539			-38.6338			9.0006			0.8000			283.0000			-205.0000			-193.0000			
30.4539			-36.3411			5.6760			-0.2000			281.0000			-188.0000			-207.0000			
32.6736			-32.9020			-0.4189			-0.6000			277.0000			-169.0000			-223.0000			
34.8934			-27.1702			-5.9598			1.7000			271.0000			-150.0000			-236.0000			
36.0033			-26.5970			-7.6221			1.7000			263.0000			-128.0000			-251.0000			
36.0033			-22.5847			-10.9466			2.4000			253.0000			-105.0000			-263.0000			
34.8934			-24.3043			-9.8385			0.7000			240.0000			-81.0000			-274.0000			
38.7779			-22.5847			-16.4875			-0.2000			226.0000			-57.0000			-284.0000			
38.7779			-18.5725			-20.3661			-0.1000			213.0000			-33.0000			-293.0000			
36.0033			-14.5602			-22.5825			-1.1000			199.0000			-9.0000			-299.0000			
36.0033			-10.5479			-25.9070			-0.4000			186.0000			14.0000			-304.0000			
35.4483			-7.6820			-26.4611			1.3000			168.0000			37.0000			-305.0000			
37.1131			-8.8284			-27.5693			0.7000			152.0000			59.0000			-306.0000			
36.0033			-5.9625			-29.7857			0.2000			134.0000			81.0000			-303.0000			
34.3384			-2.5234			-32.0020			-0.1000			115.0000			101.0000			-298.0000			
29.8989			0.9157			-33.6643			-2.8000			95.0000			122.0000			-293.0000			
27.1243			7.2207			-35.3265			-0.9000			75.0000			142.0000			-284.0000			
27.6792			8.9402			-36.4347			0.1000			52.0000			162.0000			-277.0000			
24.9045			11.8061			-35.8806			0.8000			28.0000			179.0000			-265.0000			
26.0144			12.9525			-38.6511			0.3000			3.0000			198.0000			-253.0000			
25.4594			14.6720			-40.8674			-0.7000			-21.0000			214.0000			-238.0000			
20.4650			19.8307			-40.8674			-0.5000			-46.0000			230.0000			-223.0000			
17.1354			22.1234			-39.2052			0.0000			-71.0000			244.0000			-208.0000			
11.5860			26.1356			-39.2052			-1.4000			-94.0000			258.0000			-193.0000			
10.4761			26.1356			-38.6511			-2.0000			-115.0000			270.0000			-177.0000			
13.2508			26.1356			-38.6511			0.7000			-135.0000			278.0000			-160.0000			
11.5860			29.5747			-38.6511			2.5000			-155.0000			286.0000			-141.0000			
7.7014			31.8675			-37.5429			2.0000			-171.0000			292.0000			-122.0000			
1.5971			34.1602			-35.3265			0.4000			-189.0000			296.0000			-101.0000			
-2.8424			34.1602			-32.5561			-1.2000			-205.0000			297.0000			-81.0000			
-3.3973			34.7334			-31.4479			-0.1000			-222.0000			296.0000			-57.0000			
-8.3917			37.5993			-30.3397			-1.1000			-238.0000			296.0000			-35.0000			
-7.2819			35.3065			-27.0152			1.0000			-252.0000			291.0000			-9.0000			
-11.7214			38.7456			-24.7989			2.2000			-266.0000			285.0000			15.0000			
-19.4905			43.3311			-20.9202			2.9000			-277.0000			279.0000			40.0000			
-22.2652			42.7579			-19.8121			0.6000			-288.0000			271.0000			63.0000			
-23.9300			41.6115			-18.1498			-0.4000			-297.0000			260.0000			86.0000			
-24.4849			39.8920			-16.4875			-1.0000			-303.0000			251.0000			106.0000			
-22.2652			39.3188			-17.5957			-0.5000			-307.0000			238.0000			124.0000			
-22.8201			39.8920			-16.4875			0.5000			-308.0000			223.0000			143.0000			
-25.0399			40.4652			-12.0548			3.3000			-309.0000			208.0000			159.0000			
-29.4794			39.8920			-8.1762			2.2000			-307.0000			194.0000			175.0000			
-32.8090			34.7334			-0.9730			0.9000			-305.0000			175.0000			190.0000			
-32.8090			32.4406			0.6892			0.3000			-300.0000			157.0000			206.0000			
-32.8090			32.4406			1.2433			0.8000			-295.0000			137.0000			220.0000			
-33.3639			28.4284			6.7842			1.8000			-287.0000			115.0000			235.0000			
-34.4738			24.9893			11.7710			2.2000			-277.0000			93.0000			248.0000			
-36.6935			22.6966			16.7578			2.7000			-265.0000			67.0000			258.0000			
-40.0232			19.2575			21.1905			0.4000			-252.0000			44.0000			268.0000			
-39.4682			18.6843			20.6364			-0.1000			-238.0000			19.0000			277.0000			
-36.6935			14.6720			22.2987			0.2000			-224.0000			-5.0000			285.0000			
-36.1386			15.2452			21.1905			0.2000			-209.0000			-28.0000			289.0000			
-36.1386			14.0988			23.9610			1.9000			-194.0000			-52.0000			289.0000			
-35.5837			8.3670			29.5019			2.2000			-176.0000			-73.0000			289.0000			
-37.8034			6.6475			31.7182			0.5000			-158.0000			-95.0000			287.0000			
-33.3639			2.0621			33.9346			2.6000			-139.0000			-115.0000			282.0000			
-30.0343			-0.2307			31.7182			1.4000			-119.0000			-134.0000			275.0000			
-30.0343			-1.9502			32.8264			0.8000			-98.0000			-155.0000			267.0000			
-26.7047			-7.1088			37.8132			4.0000			-75.0000			-173.0000			260.0000			
-27.8145			-7.6820			38.3673			2.8000			-52.0000			-193.0000			247.0000			
-22.8201			-13.9870			38.3673			1.5000			-27.0000			-210.0000			235.0000			
-20.6004			-16.8529			39.4755			2.0000			-2.0000			-227.0000			219.0000			
-22.2652			-16.8529			40.5836			1.4000			23.0000			-242.0000			206.0000			
-17.8257			-20.2920			41.1377			3.0000			46.0000			-257.0000			191.0000			
-18.3806			-20.2920			38.3673			-0.3000			69.0000			-270.0000			175.0000			
-16.1609			-22.0115			38.9214			0.7000			91.0000			-283.0000			159.0000			
-11.7214			-27.1702			38.9214			0.0000			111.0000			-292.0000			142.0000			
-8.3917			-30.0361			38.3673			0.0000			132.0000			-299.0000			123.0000			
-1.1776			-35.1947			40.0295			3.6000			150.0000			-305.0000			103.0000			
-1.1776			-32.3288			37.2591			3.7000			168.0000			-309.0000			83.0000			
-0.6226			-32.3288			34.4887			1.5000			184.0000			-310.0000			63.0000			
3.2619			-34.0483			31.7182			0.9000			200.0000			-311.0000			40.0000			
7.1465			-35.7679			29.5019			0.8000			215.0000			-309.0000			16.0000			
11.5860			-36.9142			26.1773			0.8000			228.0000			-305.0000			-9.0000			
16.5804			-38.0606			24.5151			3.0000			239.0000			-297.0000			-34.0000			
16.5804			-41.4997			27.8396			2.9000			248.0000			-289.0000			-57.0000			
19.3551			-42.0729			25.6232			2.9000			258.0000			-281.0000			-81.0000			
17.1354			-40.3533			23.4069			0.1000			267.0000			-271.0000			-101.0000			
20.4650			-38.6338			16.7578			-1.4000			274.0000			-260.0000			-122.0000			
27.1243			-38.0606			12.3251			1.3000			281.0000			-248.0000			-142.0000			
30.4539			-42.6460			12.3251			0.1000			283.0000			-235.0000			-161.0000			
34.8934			-40.9265			7.8924			1.8000			284.0000			-218.0000			-178.0000			
31.5638			-38.6338			10.1087			3.0000			282.0000			-203.0000			-193.0000			
30.4539			-35.1947			5.1219			0.3000			280.0000			-186.0000			-210.0000			
33.2286			-32.9020			-0.9730			-0.6000			277.0000			-167.0000			-224.0000			
32.1187			-28.8897			-4.8517			-1.6000			271.0000			-147.0000			-238.0000			
37.6681			-24.8774			-10.9466			1.8000			262.0000			-125.0000			-253.0000			
36.0033			-23.1579			-10.3925			2.4000			251.0000			-103.0000			-265.0000			
36.0033			-22.5847			-12.0548			1.3000			238.0000			-79.0000			-276.0000			
39.8878			-21.4384			-16.4875			1.9000			225.0000			-54.0000			-284.0000			
37.6681			-20.2920			-18.1498			-0.7000			212.0000			-29.0000			-293.0000			
37.1131			-14.5602			-22.5825			0.0000			196.0000			-6.0000			-300.0000			
36.0033			-11.6943			-25.3529			-1.0000			182.0000			17.0000			-304.0000			
35.4483			-8.8284			-27.5693			-0.9000			167.0000			40.0000			-306.0000			
38.2230			-5.9625			-29.7857			2.4000			150.0000			61.0000			-305.0000			
34.8934			-4.2429			-28.6775			1.9000			131.0000			83.0000			-302.0000			
34.3384			-2.5234			-31.4479			0.3000			112.0000			104.0000			-298.0000			
29.3440			1.4889			-32.0020			-1.1000			92.0000			125.0000			-291.0000			
27.1243			6.6475			-34.7725			-1.0000			72.0000			144.0000			-284.0000			
26.5693			10.6598			-38.0970			-0.8000			49.0000			163.0000			-276.0000			
25.4594			12.9525			-36.9888			1.4000			24.0000			183.0000			-264.0000			
25.4594			14.0988			-38.6511			0.9000			-1.0000			200.0000			-251.0000			
24.3496			15.8184			-39.7593			0.4000			-25.0000			217.0000			-237.0000			
22.6848			18.1111			-40.8674			0.0000			-50.0000			232.0000			-222.0000			
18.8002			21.5502			-39.7593			0.5000			-72.0000			247.0000			-207.0000			
13.8058			24.4161			-38.0970			0.1000			-97.0000			259.0000			-191.0000			
11.0311			26.7088			-37.5429			0.1000			-117.0000			272.0000			-174.0000			
12.1409			27.8552			-39.7593			0.2000			-136.0000			278.0000			-158.0000			
9.9212			30.7211			-39.7593			0.8000			-155.0000			286.0000			-137.0000			
6.5916			30.1479			-36.4347			0.3000			-171.0000			291.0000			-120.0000			
2.7070			31.8675			-33.6643			0.9000			-189.0000			295.0000			-98.0000			
-3.3973			34.1602			-31.4479			-0.6000			-206.0000			297.0000			-77.0000			
-3.3973			34.7334			-32.5561			-1.2000			-223.0000			298.0000			-55.0000			
-10.6115			37.0261			-27.5693			-1.1000			-241.0000			295.0000			-31.0000			
-8.3917			35.8797			-28.1234			-0.6000			-254.0000			291.0000			-4.0000			
-10.0565			39.3188			-26.4611			2.8000			-269.0000			285.0000			19.0000			
-18.9355			42.1847			-21.4743			1.7000			-281.0000			277.0000			44.0000			
-20.0454			42.7579			-21.4743			1.2000			-291.0000			269.0000			67.0000			
-24.4849			41.0383			-14.2712			2.2000			-300.0000			259.0000			88.0000			
-25.0399			39.8920			-16.4875			-1.6000			-305.0000			248.0000			106.0000			
-22.8201			39.3188			-16.4875			0.0000			-308.0000			237.0000			127.0000			
-27.2596			40.4652			-15.3793			-2.1000			-309.0000			222.0000			144.0000			
-23.3750			40.4652			-15.3793			1.7000			-308.0000			207.0000			159.0000			
-28.3695			37.0261			-5.9598			2.6000			-306.0000			191.0000			175.0000			
-30.5892			33.5870			-2.0812			0.9000			-303.0000			173.0000			190.0000			
-31.1442			30.7211			1.2433			0.8000			-299.0000			154.0000			206.0000			
-36.1386			29.5747			4.5679			-2.0000			-294.0000			134.0000			221.0000			
-31.6991			29.0015			4.0138			1.3000			-286.0000			113.0000			235.0000			
-34.4738			24.9893			11.7710			2.2000			-275.0000			90.0000			249.0000			
-37.8034			22.6966			16.2037			1.0000			-264.0000			66.0000			259.0000			
-38.9133			22.6966			20.0823			3.8000			-252.0000			42.0000			269.0000			
-39.4682			16.3916			25.0691			1.9000			-236.0000			16.0000			277.0000			
-37.2485			15.2452			22.2987			0.2000			-223.0000			-7.0000			283.0000			
-36.6935			15.2452			21.1905			-0.2000			-208.0000			-29.0000			288.0000			
-33.3639			10.6598			24.5151			1.8000			-193.0000			-53.0000			287.0000			
-36.6935			11.8061			25.6232			0.7000			-174.0000			-75.0000			287.0000			
-35.0287			4.3548			33.9346			3.2000			-155.0000			-97.0000			285.0000			
-32.8090			2.0621			32.2723			1.5000			-136.0000			-117.0000			281.0000			
-31.1442			0.3425			31.7182			0.9000			-117.0000			-136.0000			274.0000			
-28.3695			-4.8161			35.0427			1.8000			-95.0000			-158.0000			267.0000			
-28.3695			-4.2429			35.5968			2.9000			-73.0000			-176.0000			258.0000			
-26.1497			-9.4016			39.4755			3.9000			-49.0000			-195.0000			246.0000			
-23.3750			-12.8406			37.8132			1.6000			-24.0000			-212.0000			233.0000			
-21.7102			-15.1334			39.4755			2.6000			-1.0000			-228.0000			219.0000			
-17.8257			-21.4384			42.8000			3.5000			24.0000			-245.0000			204.0000			
-17.2707			-19.1456			38.9214			2.5000			48.0000			-258.0000			190.0000			
-17.8257			-20.2920			38.9214			0.8000			71.0000			-271.0000			174.0000			
-16.1609			-22.5847			39.4755			0.7000			92.0000			-283.0000			157.0000			
-14.4960			-24.3043			38.3673			-0.4000			113.0000			-292.0000			139.0000			
-8.3917			-29.4629			38.9214			1.0000			133.0000			-299.0000			122.0000			
-1.1776			-33.4752			37.8132			3.1000			151.0000			-305.0000			103.0000			
-0.6226			-34.0483			37.2591			2.5000			170.0000			-309.0000			81.0000			
1.5971			-32.9020			32.8264			1.5000			186.0000			-309.0000			59.0000			
1.5971			-32.9020			32.2723			0.9000			202.0000			-310.0000			37.0000			
7.1465			-36.3411			30.6100			1.4000			217.0000			-308.0000			13.0000			
12.1409			-36.3411			26.7314			2.5000			229.0000			-303.0000			-12.0000			
16.0255			-38.6338			24.5151			1.9000			241.0000			-297.0000			-35.0000			
21.0199			-40.9265			23.9610			4.0000			252.0000			-288.0000			-60.0000			
19.9101			-41.4997			26.1773			4.5000			260.0000			-280.0000			-81.0000			
18.8002			-39.2070			21.7446			1.3000			269.0000			-270.0000			-103.0000			
19.9101			-39.2070			18.4201			-0.8000			276.0000			-258.0000			-124.0000			
22.1298			-38.6338			13.9874			-2.5000			280.0000			-246.0000			-144.0000			
29.8989			-41.4997			11.2169			-0.3000			282.0000			-233.0000			-161.0000			
33.7835			-40.9265			7.8924			0.7000			283.0000			-218.0000			-179.0000			
33.2286			-38.0606			7.3383			2.5000			282.0000			-200.0000			-195.0000			
31.5638			-36.3411			5.1219			0.3000			278.0000			-183.0000			-210.0000			
31.5638			-31.1824			-0.9730			-0.5000			276.0000			-165.0000			-225.0000			
32.6736			-28.3165			-4.8517			-0.4000			271.0000			-145.0000			-240.0000			
36.0033			-24.8774			-10.9466			0.1000			260.0000			-122.0000			-254.0000			
36.5582			-21.4384			-12.6089			2.5000			251.0000			-101.0000			-265.0000			
36.5582			-22.5847			-12.6089			1.3000			237.0000			-75.0000			-276.0000			
38.7779			-19.7188			-17.5957			1.4000			223.0000			-52.0000			-286.0000			
38.2230			-22.5847			-15.9334			-0.2000			208.0000			-28.0000			-292.0000			
34.8934			-14.5602			-22.5825			-2.2000			197.0000			-4.0000			-299.0000			
36.0033			-12.2675			-24.2448			-0.5000			182.0000			19.0000			-304.0000			
36.0033			-10.5479			-27.0152			-1.5000			165.0000			41.0000			-305.0000			
37.6681			-4.2429			-32.5561			0.8000			147.0000			63.0000			-304.0000			
34.3384			-4.2429			-28.1234			1.9000			129.0000			85.0000			-301.0000			
33.7835			-1.9502			-32.5561			-0.7000			111.0000			106.0000			-297.0000			
29.3440			2.6352			-32.0020			0.0000			90.0000			127.0000			-292.0000			
27.6792			4.9280			-33.6643			-1.0000			69.0000			146.0000			-284.0000			
24.9045			12.9525			-39.2052			-1.3000			46.0000			167.0000			-275.0000			
24.3496			12.9525			-36.9888			0.3000			22.0000			185.0000			-263.0000			
25.4594			14.0988			-39.7593			-0.2000			-3.0000			203.0000			-250.0000			
21.0199			17.5379			-39.7593			-1.2000			-27.0000			219.0000			-236.0000			
25.4594			15.8184			-40.3133			0.9000			-52.0000			235.0000			-220.0000			
19.3551			22.1234			-40.3133			1.1000			-75.0000			248.0000			-206.0000			
13.8058			23.8429			-36.9888			0.6000			-98.0000			261.0000			-190.0000			
13.2508			25.5625			-37.5429			1.2000			-120.0000			270.0000			-173.0000			
6.5916			32.4406			-39.2052			-0.1000			-140.0000			280.0000			-155.0000			
11.0311			31.2943			-42.5297			-0.2000			-158.0000			288.0000			-138.0000			
4.3718			32.4406			-35.8806			0.9000			-175.0000			292.0000			-116.0000			
0.4873			32.4406			-34.2184			-1.2000			-193.0000			295.0000			-97.0000			
0.4873			33.0138			-32.5561			0.9000			-210.0000			298.0000			-74.0000			
-7.2819			37.0261			-29.2316			0.5000			-226.0000			298.0000			-53.0000			
-10.0565			35.8797			-28.6775			-2.8000			-243.0000			295.0000			-29.0000			
-11.1664			37.5993			-26.4611			0.0000			-257.0000			292.0000			-3.0000			
-14.4960			40.4652			-27.5693			-1.6000			-270.0000			286.0000			20.0000			
-13.3862			42.1847			-26.4611			2.3000			-281.0000			278.0000			46.0000			
-21.1553			43.3311			-18.7039			3.4000			-290.0000			269.0000			69.0000			
-23.9300			40.4652			-15.3793			1.1000			-299.0000			258.0000			90.0000			
-24.4849			38.7456			-13.7171			0.5000			-304.0000			247.0000			108.0000			
-28.3695			39.3188			-13.1630			-2.2000			-307.0000			235.0000			128.0000			
-28.3695			42.1847			-14.8253			-1.0000			-308.0000			221.0000			146.0000			
-26.7047			39.8920			-13.1630			0.0000			-309.0000			206.0000			162.0000			
-27.8145			37.5993			-7.0680			2.7000			-307.0000			189.0000			178.0000			
-30.5892			35.3065			-2.6353			2.0000			-303.0000			172.0000			192.0000			
-32.8090			30.1479			3.4597			0.7000			-300.0000			153.0000			207.0000			
-35.0287			30.1479			5.1219			0.2000			-294.0000			133.0000			223.0000			
-34.4738			27.8552			6.7842			0.1000			-285.0000			111.0000			237.0000			
-36.1386			24.9893			11.7710			0.6000			-275.0000			87.0000			251.0000			
-37.8034			24.9893			13.9874			1.1000			-263.0000			62.0000			261.0000			
-39.4682			20.9770			21.7446			3.2000			-249.0000			39.0000			271.0000			
-40.0232			16.3916			23.9610			0.3000			-236.0000			14.0000			279.0000			
-35.5837			12.3793			25.0691			1.8000			-220.0000			-10.0000			285.0000			
-37.2485			11.8061			25.0691			-0.3000			-207.0000			-33.0000			287.0000			
-35.5837			12.9525			22.8528			0.2000			-189.0000			-56.0000			291.0000			
-37.8034			9.5134			29.5019			1.2000			-171.0000			-78.0000			287.0000			
-36.6935			5.5011			32.2723			1.0000			-154.0000			-100.0000			285.0000			
-32.2540			1.4889			32.8264			2.0000			-134.0000			-120.0000			279.0000			
-30.5892			-1.9502			33.9346			1.3000			-114.0000			-139.0000			274.0000			
-27.2596			-4.2429			32.8264			1.3000			-92.0000			-159.0000			265.0000			
-26.7047			-7.1088			36.7050			2.8000			-70.0000			-179.0000			255.0000			
-26.7047			-8.8284			36.7050			1.1000			-46.0000			-197.0000			245.0000			
-25.5948			-12.8406			39.4755			1.0000			-21.0000			-215.0000			232.0000			
-21.7102			-16.2797			39.4755			1.4000			4.0000			-231.0000			216.0000			
-17.2707			-20.8652			39.4755			1.3000			28.0000			-247.0000			202.0000			
-16.1609			-22.0115			40.5836			2.4000			49.0000			-260.0000			188.0000			
-15.6059			-22.5847			38.9214			0.7000			74.0000			-273.0000			171.0000			
-15.6059			-22.5847			40.0295			1.8000			96.0000			-285.0000			156.0000			
-15.6059			-25.4506			40.5836			-0.4000			117.0000			-294.0000			137.0000			
-10.6115			-29.4629			39.4755			-0.6000			135.0000			-301.0000			119.0000			
-1.7325			-33.4752			38.9214			3.7000			153.0000			-306.0000			98.0000			
0.4873			-34.0483			36.1509			2.5000			171.0000			-309.0000			79.0000			
3.2619			-33.4752			33.3805			3.1000			188.0000			-310.0000			56.0000			
1.5971			-33.4752			32.2723			0.3000			202.0000			-310.0000			34.0000			
5.4817			-35.7679			29.5019			-0.7000			218.0000			-308.0000			10.0000			
11.0311			-35.7679			25.6232			0.8000			230.0000			-303.0000			-15.0000			
15.4706			-39.2070			23.4069			-0.3000			241.0000			-295.0000			-39.0000			
22.1298			-43.2192			22.8528			1.7000			251.0000			-287.0000			-63.0000			
22.1298			-40.9265			23.4069			4.6000			260.0000			-277.0000			-84.0000			
21.0199			-39.7801			20.6364			1.8000			269.0000			-267.0000			-107.0000			
21.5749			-38.6338			18.9742			1.9000			275.0000			-256.0000			-126.0000			
19.9101			-39.7801			18.4201			-1.4000			279.0000			-244.0000			-145.0000			
28.7891			-40.9265			9.5547			-2.5000			284.0000			-231.0000			-165.0000			
33.2286			-40.9265			9.0006			1.2000			284.0000			-215.0000			-181.0000			
33.7835			-39.2070			6.2301			0.8000			281.0000			-198.0000			-197.0000			
34.3384			-32.9020			0.6892			2.1000			279.0000			-181.0000			-212.0000			
30.4539			-31.1824			1.7974			1.0000			273.0000			-162.0000			-227.0000			
33.2286			-27.7433			-5.9598			-0.4000			269.0000			-140.0000			-242.0000			
34.8934			-24.8774			-9.2844			0.7000			260.0000			-119.0000			-257.0000			
35.4483			-22.0115			-13.7171			-0.2000			249.0000			-95.0000			-268.0000			
37.6681			-17.9993			-17.5957			2.0000			235.0000			-72.0000			-278.0000			
38.7779			-22.0115			-14.8253			1.9000			221.0000			-48.0000			-286.0000			
37.6681			-18.5725			-19.8121			-0.7000			208.0000			-24.0000			-295.0000			
35.4483			-14.5602			-20.3661			0.5000			194.0000			-1.0000			-301.0000			
36.5582			-14.5602			-23.6907			-1.6000			178.0000			23.0000			-305.0000			
36.5582			-9.4016			-29.2316			-2.0000			162.0000			46.0000			-305.0000			
38.2230			-7.1088			-31.4479			-0.3000			146.0000			67.0000			-304.0000			
34.3384			-2.5234			-31.4479			0.3000			127.0000			88.0000			-301.0000			
33.7835			0.3425			-32.5561			1.5000			107.0000			109.0000			-296.0000			
31.5638			0.3425			-32.0020			0.0000			87.0000			129.0000			-290.0000			
27.1243			7.2207			-33.6643			0.6000			64.0000			150.0000			-282.0000			
25.4594			11.8061			-38.6511			-1.3000			41.0000			169.0000			-273.0000			
25.4594			12.9525			-39.2052			-0.7000			18.0000			187.0000			-260.0000			
21.0199			18.1111			-39.2052			0.0000			-6.0000			204.0000			-247.0000			
23.2397			16.3916			-39.2052			0.4000			-30.0000			220.0000			-233.0000			
22.1298			18.6843			-40.3133			0.4000			-56.0000			236.0000			-219.0000			
21.0199			19.8307			-40.3133			0.5000			-79.0000			249.0000			-203.0000			
18.2453			22.1234			-38.0970			2.2000			-102.0000			262.0000			-187.0000			
11.5860			26.7088			-38.6511			-0.3000			-123.0000			273.0000			-171.0000			
10.4761			29.0015			-40.8674			-1.3000			-140.0000			281.0000			-152.0000			
7.7014			32.4406			-41.9756			-1.8000			-160.0000			287.0000			-133.0000			
2.7070			32.4406			-35.8806			-0.7000			-177.0000			293.0000			-113.0000			
2.1521			30.7211			-33.1102			-0.2000			-195.0000			296.0000			-93.0000			
-1.1776			33.5870			-32.5561			-0.1000			-213.0000			298.0000			-71.0000			
-4.5072			34.7334			-30.3397			-0.1000			-228.0000			297.0000			-48.0000			
-10.0565			37.0261			-27.0152			0.0000			-245.0000			294.0000			-24.0000			
-13.9411			38.1724			-25.3529			-1.1000			-259.0000			290.0000			-1.0000			
-14.4960			38.7456			-26.4611			-2.2000			-273.0000			283.0000			24.0000			
-15.0510			42.7579			-26.4611			1.2000			-283.0000			276.0000			50.0000			
-18.9355			42.7579			-20.9202			2.9000			-293.0000			267.0000			72.0000			
-22.8201			41.0383			-17.0416			1.1000			-301.0000			257.0000			93.0000			
-24.4849			38.7456			-12.6089			1.6000			-305.0000			245.0000			113.0000			
-27.2596			39.3188			-12.6089			-0.5000			-309.0000			233.0000			131.0000			
-30.0343			43.3311			-14.8253			-1.5000			-309.0000			219.0000			148.0000			
-27.8145			38.7456			-12.0548			-1.1000			-308.0000			203.0000			164.0000			
-25.0399			36.4529			-8.7303			2.6000			-306.0000			187.0000			179.0000			
-29.4794			33.0138			-1.5271			2.0000			-303.0000			170.0000			195.0000			
-31.6991			29.5747			4.0138			1.8000			-298.0000			150.0000			209.0000			
-35.5837			29.0015			7.3383			0.7000			-292.0000			130.0000			226.0000			
-34.4738			26.7088			7.3383			-0.4000			-284.0000			107.0000			239.0000			
-35.0287			25.5625			10.6628			1.1000			-273.0000			85.0000			253.0000			
-37.2485			24.4161			13.9874			1.1000			-261.0000			60.0000			262.0000			
-38.3584			21.5502			17.8660			1.0000			-247.0000			35.0000			270.0000			
-38.9133			18.6843			23.9610			3.7000			-234.0000			10.0000			279.0000			
-36.6935			13.5257			25.6232			2.4000			-220.0000			-12.0000			285.0000			
-37.2485			10.6598			26.1773			-0.4000			-204.0000			-35.0000			288.0000			
-37.2485			11.8061			25.0691			-0.3000			-188.0000			-58.0000			288.0000			
-37.8034			8.9402			28.3937			-0.4000			-169.0000			-79.0000			288.0000			
-33.3639			4.3548			31.7182			2.7000			-151.0000			-101.0000			284.0000			
-32.2540			3.2084			31.7182			2.6000			-132.0000			-122.0000			279.0000			
-28.9244			-4.2429			35.5968			2.4000			-112.0000			-142.0000			273.0000			
-30.0343			-4.2429			32.8264			-1.4000			-90.0000			-162.0000			262.0000			
-26.1497			-7.6820			36.7050			2.8000			-67.0000			-182.0000			255.0000			
-26.1497			-9.4016			37.2591			1.7000			-43.0000			-200.0000			242.0000			
-27.8145			-9.4016			37.2591			0.0000			-18.0000			-216.0000			231.0000			
-22.8201			-17.4261			41.1377			0.8000			6.0000			-232.0000			215.0000			
-18.3806			-19.7188			40.0295			1.9000			29.0000			-247.0000			201.0000			
-15.6059			-22.5847			40.0295			1.8000			53.0000			-262.0000			185.0000			
-14.4960			-26.0238			41.1377			0.6000			75.0000			-275.0000			171.0000			
-14.4960			-22.0115			38.3673			1.8000			97.0000			-285.0000			154.0000			
-13.9411			-26.5970			41.1377			0.5000			117.0000			-294.0000			135.0000			
-10.6115			-28.3165			39.4755			0.5000			137.0000			-301.0000			116.0000			
-3.3973			-31.7556			36.1509			0.9000			155.0000			-306.0000			97.0000			
2.1521			-34.6215			33.9346			1.4000			173.0000			-309.0000			75.0000			
3.2619			-33.4752			33.3805			3.1000			189.0000			-310.0000			54.0000			
3.2619			-35.1947			32.8264			0.8000			205.0000			-310.0000			31.0000			
6.0366			-33.4752			28.9478			1.5000			219.0000			-307.0000			7.0000			
7.7014			-35.7679			27.8396			-0.2000			232.0000			-301.0000			-18.0000			
17.1354			-39.7801			23.4069			0.7000			243.0000			-294.0000			-42.0000			
21.0199			-42.0729			22.8528			1.7000			253.0000			-286.0000			-65.0000			
22.6848			-40.9265			20.6364			2.3000			260.0000			-277.0000			-86.0000			
24.9045			-38.6338			18.4201			4.6000			269.0000			-266.0000			-108.0000			
22.1298			-40.3533			21.1905			2.9000			275.0000			-255.0000			-127.0000			
22.1298			-38.0606			16.2037			0.2000			280.0000			-243.0000			-147.0000			
27.1243			-40.9265			12.8792			-0.9000			283.0000			-229.0000			-165.0000			
31.0088			-40.3533			7.8924			-1.4000			283.0000			-212.0000			-183.0000			
34.8934			-36.9142			2.9056			0.8000			280.0000			-197.0000			-199.0000			
32.6736			-33.4752			2.9056			2.1000			278.0000			-179.0000			-213.0000			
32.1187			-30.6093			-0.9730			0.5000			275.0000			-159.0000			-230.0000			
33.2286			-28.3165			-5.4057			-0.4000			268.0000			-139.0000			-243.0000			
32.6736			-26.0238			-8.7303			-2.0000			259.0000			-117.0000			-257.0000			
35.4483			-21.4384			-15.3793			-1.3000			247.0000			-93.0000			-269.0000			
36.5582			-17.9993			-18.1498			0.4000			234.0000			-69.0000			-279.0000			
38.7779			-19.7188			-18.1498			0.9000			219.0000			-45.0000			-287.0000			
37.1131			-15.7066			-19.2580			2.1000			205.0000			-21.0000			-295.0000			
36.0033			-14.5602			-19.8121			1.6000			191.0000			2.0000			-300.0000			
37.1131			-14.5602			-23.6907			-1.1000			175.0000			26.0000			-304.0000			
36.0033			-9.4016			-27.5693			-0.9000			159.0000			47.0000			-305.0000			
38.2230			-6.5357			-32.5561			-0.8000			143.0000			68.0000			-304.0000			
34.3384			-0.8039			-33.1102			0.4000			125.0000			91.0000			-299.0000			
33.7835			0.3425			-32.5561			1.5000			106.0000			110.0000			-295.0000			
30.4539			3.2084			-32.5561			1.1000			84.0000			131.0000			-289.0000			
28.2341			5.5011			-33.6643			0.0000			63.0000			151.0000			-281.0000			
25.4594			10.6598			-37.5429			-1.4000			39.0000			171.0000			-271.0000			
24.3496			13.5257			-39.2052			-1.3000			15.0000			189.0000			-260.0000			
21.5749			16.9648			-38.6511			-0.1000			-10.0000			206.0000			-246.0000			
19.9101			19.8307			-40.3133			-0.5000			-33.0000			223.0000			-231.0000			
22.1298			18.6843			-41.4215			-0.6000			-59.0000			237.0000			-216.0000			
18.8002			21.5502			-40.3133			0.0000			-82.0000			251.0000			-201.0000			
18.8002			22.1234			-39.2052			1.7000			-105.0000			264.0000			-185.0000			
13.8058			25.5625			-39.2052			0.1000			-126.0000			274.0000			-169.0000			
8.8113			30.1479			-39.7593			-0.8000			-145.0000			283.0000			-151.0000			
6.0366			32.4406			-41.4215			-2.9000			-162.0000			288.0000			-132.0000			
0.4873			34.1602			-35.8806			-1.2000			-181.0000			293.0000			-111.0000			
1.5971			31.2943			-34.2184			-1.3000			-197.0000			296.0000			-92.0000			
-2.8424			33.5870			-31.4479			-0.7000			-214.0000			297.0000			-69.0000			
-6.1720			35.8797			-30.3397			-0.6000			-231.0000			296.0000			-46.0000			
-10.0565			37.0261			-26.4611			0.5000			-246.0000			296.0000			-22.0000			
-15.6059			38.7456			-24.2448			-1.1000			-260.0000			289.0000			3.0000			
-17.2707			39.8920			-25.3529			-2.7000			-273.0000			282.0000			27.0000			
-16.7158			43.9042			-26.4611			0.7000			-284.0000			274.0000			50.0000			
-18.9355			43.3311			-23.6907			0.7000			-293.0000			265.0000			73.0000			
-20.6004			40.4652			-18.1498			1.7000			-301.0000			255.0000			95.0000			
-24.4849			40.4652			-13.7171			2.2000			-306.0000			244.0000			115.0000			
-27.8145			39.3188			-10.9466			0.5000			-309.0000			230.0000			134.0000			
-31.6991			43.9042			-12.0548			0.1000			-310.0000			217.0000			150.0000			
-31.1442			41.0383			-10.9466			-1.0000			-309.0000			202.0000			166.0000			
-27.2596			37.5993			-9.8385			0.5000			-306.0000			185.0000			181.0000			
-30.5892			35.3065			-3.1894			1.5000			-305.0000			167.0000			197.0000			
-32.8090			29.5747			4.5679			1.3000			-299.0000			148.0000			213.0000			
-36.1386			29.0015			8.4465			1.3000			-294.0000			127.0000			227.0000			
-36.1386			24.9893			11.2169			0.0000			-283.0000			103.0000			241.0000			
-36.6935			26.1356			10.6628			0.1000			-272.0000			81.0000			253.0000			
-38.3584			23.2697			15.0955			0.0000			-260.0000			57.0000			263.0000			
-39.4682			22.1234			19.5283			2.1000			-247.0000			31.0000			274.0000			
-38.9133			19.2575			22.2987			2.6000			-232.0000			7.0000			281.0000			
-35.5837			11.2329			26.7314			2.3000			-218.0000			-16.0000			286.0000			
-37.2485			10.6598			27.2855			0.7000			-202.0000			-39.0000			290.0000			
-37.2485			10.0866			27.8396			0.6000			-184.0000			-64.0000			290.0000			
-37.8034			7.7939			30.6100			0.5000			-168.0000			-83.0000			289.0000			
-34.4738			4.9280			30.0559			0.5000			-148.0000			-105.0000			284.0000			
-32.8090			2.6352			32.8264			2.6000			-130.0000			-125.0000			278.0000			
-30.0343			-3.0966			33.9346			0.8000			-109.0000			-145.0000			271.0000			
-28.9244			-5.9625			34.4887			-0.4000			-88.0000			-164.0000			263.0000			
-26.1497			-8.8284			37.2591			2.2000			-64.0000			-184.0000			254.0000			
-26.7047			-11.1211			37.2591			-0.5000			-40.0000			-202.0000			241.0000			
-28.3695			-11.1211			39.4755			0.0000			-15.0000			-218.0000			227.0000			
-22.2652			-16.8529			40.0295			0.9000			9.0000			-235.0000			213.0000			
-20.0454			-19.7188			41.1377			1.3000			33.0000			-250.0000			199.0000			
-12.8312			-24.3043			40.0295			2.8000			58.0000			-265.0000			183.0000			
-12.2763			-25.4506			41.1377			3.4000			81.0000			-277.0000			167.0000			
-12.8312			-24.3043			40.0295			2.8000			103.0000			-289.0000			149.0000			
-11.1664			-29.4629			41.6918			1.0000			122.0000			-296.0000			132.0000			
-11.7214			-28.3165			41.6918			1.6000			141.0000			-301.0000			113.0000			
-3.3973			-32.3288			35.5968			-0.1000			158.0000			-307.0000			93.0000			
0.4873			-33.4752			35.0427			2.0000			176.0000			-309.0000			72.0000			
1.5971			-32.3288			31.7182			0.9000			191.0000			-311.0000			51.0000			
7.7014			-35.1947			31.1641			3.6000			206.0000			-310.0000			28.0000			
5.4817			-32.3288			29.5019			2.6000			220.0000			-307.0000			4.0000			
8.8113			-35.7679			26.7314			-0.2000			233.0000			-300.0000			-22.0000			
15.4706			-40.3533			25.0691			0.1000			244.0000			-293.0000			-46.0000			
18.8002			-42.0729			21.7446			-1.5000			254.0000			-285.0000			-69.0000			
24.9045			-40.9265			18.4201			2.3000			262.0000			-276.0000			-92.0000			
26.0144			-39.2070			16.2037			3.0000			271.0000			-265.0000			-112.0000			
26.0144			-39.2070			17.8660			4.6000			277.0000			-253.0000			-131.0000			
24.3496			-39.7801			17.3119			1.8000			282.0000			-241.0000			-151.0000			
26.0144			-39.2070			12.8792			-0.3000			282.0000			-226.0000			-169.0000			
30.4539			-40.3533			8.4465			-1.4000			283.0000			-211.0000			-186.0000			
33.2286			-36.3411			2.3515			-0.7000			280.0000			-193.0000			-202.0000			
34.3384			-32.9020			0.6892			2.1000			279.0000			-175.0000			-217.0000			
32.6736			-30.0361			-1.5271			1.1000			273.0000			-156.0000			-231.0000			
33.7835			-28.3165			-4.8517			0.6000			266.0000			-136.0000			-246.0000			
32.6736			-25.4506			-7.6221			-0.3000			257.0000			-114.0000			-259.0000			
34.8934			-21.4384			-14.8253			-1.3000			244.0000			-89.0000			-272.0000			
38.2230			-18.5725			-19.2580			0.3000			231.0000			-65.0000			-280.0000			
38.2230			-17.9993			-19.2580			0.9000			218.0000			-42.0000			-290.0000			
37.6681			-14.5602			-21.4743			1.6000			202.0000			-18.0000			-296.0000			
36.0033			-14.5602			-20.9202			0.5000			188.0000			6.0000			-301.0000			
37.1131			-13.4138			-24.2448			-0.5000			174.0000			29.0000			-305.0000			
34.8934			-9.4016			-27.0152			-1.5000			158.0000			51.0000			-306.0000			
37.1131			-8.2552			-32.5561			-3.6000			140.0000			72.0000			-304.0000			
34.8934			0.3425			-35.3265			0.0000			122.0000			95.0000			-300.0000			
31.0088			2.0621			-32.5561			0.5000			103.0000			114.0000			-295.0000			
31.5638			3.2084			-34.2184			0.5000			82.0000			133.0000			-289.0000			
28.2341			5.5011			-33.6643			0.0000			59.0000			155.0000			-280.0000			
27.1243			8.9402			-36.9888			-0.9000			35.0000			173.0000			-269.0000			
23.7946			14.0988			-38.0970			-0.1000			12.0000			191.0000			-257.0000			
21.0199			16.9648			-39.7593			-1.7000			-14.0000			208.0000			-244.0000			
21.5749			19.8307			-40.8674			0.5000			-40.0000			223.0000			-230.0000			
16.5804			22.1234			-40.3133			-1.6000			-63.0000			239.0000			-215.0000			
18.8002			20.9770			-40.3133			-0.5000			-85.0000			252.0000			-200.0000			
18.2453			20.9770			-39.7593			-0.5000			-109.0000			266.0000			-183.0000			
13.8058			24.4161			-39.7593			-1.5000			-128.0000			276.0000			-166.0000			
9.9212			27.8552			-39.7593			-1.9000			-148.0000			284.0000			-148.0000			
4.3718			32.4406			-39.7593			-2.9000			-165.0000			290.0000			-129.0000			
1.0422			33.5870			-35.8806			-1.2000			-183.0000			294.0000			-109.0000			
2.1521			30.1479			-32.5561			-0.2000			-200.0000			296.0000			-87.0000			
-1.7325			34.1602			-31.4479			0.9000			-217.0000			298.0000			-65.0000			
-3.9522			35.3065			-30.8938			0.4000			-233.0000			296.0000			-43.0000			
-8.9467			36.4529			-25.3529			2.1000			-249.0000			293.0000			-18.0000			
-16.7158			37.5993			-21.4743			-0.5000			-262.0000			287.0000			5.0000			
-16.7158			39.3188			-24.7989			-2.1000			-275.0000			281.0000			32.0000			
-20.6004			43.3311			-24.2448			-1.5000			-286.0000			273.0000			55.0000			
-17.2707			42.1847			-25.9070			-0.9000			-294.0000			264.0000			77.0000			
-17.8257			39.3188			-19.2580			2.2000			-301.0000			254.0000			99.0000			
-23.3750			38.7456			-13.7171			1.6000			-307.0000			242.0000			118.0000			
-24.4849			39.8920			-13.7171			1.6000			-309.0000			229.0000			136.0000			
-32.2540			41.6115			-8.1762			1.1000			-310.0000			214.0000			153.0000			
-31.1442			39.3188			-10.9466			-2.7000			-308.0000			199.0000			168.0000			
-30.0343			37.5993			-8.7303			-1.1000			-306.0000			182.0000			184.0000			
-30.5892			33.5870			-2.6353			0.3000			-302.0000			163.0000			199.0000			
-30.5892			32.4406			0.1351			1.9000			-298.0000			144.0000			214.0000			
-37.8034			28.4284			11.2169			1.8000			-292.0000			123.0000			231.0000			
-36.1386			24.9893			10.1087			-1.0000			-282.0000			101.0000			243.0000			
-35.0287			23.2697			11.7710			0.0000			-269.0000			78.0000			255.0000			
-38.9133			20.9770			16.7578			-1.1000			-257.0000			52.0000			265.0000			
-37.2485			23.8429			14.5415			1.1000			-243.0000			27.0000			274.0000			
-37.8034			18.6843			21.7446			2.6000			-230.0000			4.0000			282.0000			
-35.0287			12.9525			23.9610			1.8000			-214.0000			-20.0000			287.0000			
-36.1386			11.2329			26.1773			1.2000			-200.0000			-44.0000			289.0000			
-37.8034			7.7939			31.1641			1.1000			-183.0000			-65.0000			289.0000			
-36.6935			8.3670			30.0559			1.7000			-165.0000			-87.0000			287.0000			
-33.9189			5.5011			30.0559			1.6000			-145.0000			-108.0000			283.0000			
-32.2540			0.3425			31.7182			-0.1000			-126.0000			-127.0000			276.0000			
-30.0343			-1.9502			33.3805			1.3000			-107.0000			-146.0000			270.0000			
-27.8145			-7.1088			36.7050			1.7000			-84.0000			-167.0000			263.0000			
-26.1497			-9.4016			37.2591			1.7000			-62.0000			-187.0000			251.0000			
-25.5948			-11.1211			38.3673			1.6000			-36.0000			-204.0000			240.0000			
-25.5948			-12.8406			38.9214			0.4000			-13.0000			-221.0000			226.0000			
-25.0399			-14.5602			40.0295			0.4000			13.0000			-237.0000			211.0000			
-21.7102			-18.5725			41.1377			0.8000			37.0000			-252.0000			197.0000			
-14.4960			-22.5847			39.4755			2.3000			61.0000			-266.0000			181.0000			
-11.1664			-25.4506			39.4755			2.8000			83.0000			-278.0000			166.0000			
-10.6115			-25.4506			39.4755			3.4000			104.0000			-288.0000			148.0000			
-10.0565			-28.8897			41.6918			2.7000			124.0000			-296.0000			130.0000			
-8.9467			-29.4629			40.0295			1.6000			142.0000			-302.0000			110.0000			
-5.0621			-30.6093			35.0427			-0.6000			161.0000			-307.0000			90.0000			
0.4873			-32.9020			33.9346			1.5000			179.0000			-310.0000			69.0000			
2.7070			-34.0483			32.2723			0.9000			194.0000			-311.0000			47.0000			
8.8113			-35.1947			28.9478			2.5000			209.0000			-309.0000			24.0000			
7.7014			-33.4752			28.3937			2.6000			222.0000			-306.0000			-1.0000			
8.8113			-35.7679			27.2855			0.3000			233.0000			-300.0000			-25.0000			
16.0255			-39.7801			23.9610			0.2000			245.0000			-292.0000			-49.0000			
17.1354			-42.0729			25.0691			0.1000			255.0000			-283.0000			-72.0000			
24.3496			-40.9265			16.2037			-0.3000			264.0000			-274.0000			-94.0000			
26.0144			-39.2070			15.6496			2.4000			271.0000			-265.0000			-114.0000			
25.4594			-38.6338			16.2037			3.0000			278.0000			-252.0000			-135.0000			
27.6792			-39.7801			15.6496			3.5000			280.0000			-240.0000			-153.0000			
26.0144			-40.9265			16.7578			1.8000			282.0000			-225.0000			-171.0000			
29.3440			-38.6338			7.8924			-1.3000			282.0000			-209.0000			-188.0000			
32.6736			-34.6215			3.4597			1.5000			280.0000			-193.0000			-203.0000			
34.8934			-33.4752			-0.9730			0.4000			276.0000			-174.0000			-218.0000			
35.4483			-28.3165			-4.8517			2.2000			273.0000			-155.0000			-234.0000			
33.2286			-28.3165			-3.7435			1.1000			266.0000			-132.0000			-247.0000			
33.2286			-25.4506			-8.1762			-0.3000			255.0000			-111.0000			-261.0000			
34.3384			-21.4384			-13.7171			-0.8000			242.0000			-86.0000			-272.0000			
38.7779			-21.4384			-18.1498			-0.8000			229.0000			-63.0000			-282.0000			
37.6681			-15.7066			-22.5825			-0.6000			216.0000			-37.0000			-290.0000			
