-10.6684			-7.4554			30.4408			12.3000			35.0000			71.0000			-183.0000			
-14.0073			-9.1257			34.9731			11.8000			24.0000			81.0000			-181.0000			
-14.5638			-11.9096			38.3723			11.8000			12.0000			91.0000			-179.0000			
-10.1119			-17.4773			39.5054			11.9000			1.0000			100.0000			-175.0000			
-4.5470			-22.4883			38.9388			11.8000			-11.0000			109.0000			-169.0000			
-0.0950			-28.0561			38.9388			10.7000			-23.0000			116.0000			-165.0000			
1.5745			-32.5103			41.2050			10.2000			-34.0000			124.0000			-159.0000			
1.5745			-34.1806			42.9046			10.2000			-46.0000			131.0000			-151.0000			
4.3569			-33.6238			40.6384			11.3000			-59.0000			137.0000			-145.0000			
9.9219			-32.5103			32.7070			10.1000			-72.0000			142.0000			-134.0000			
13.8173			-29.7264			25.9086			9.9000			-83.0000			146.0000			-123.0000			
14.9303			-28.0561			20.2432			7.1000			-94.0000			149.0000			-112.0000			
14.3738			-24.7154			18.5436			8.2000			-105.0000			150.0000			-101.0000			
19.9387			-24.1586			13.4448			9.2000			-116.0000			150.0000			-88.0000			
21.6082			-28.0561			14.0114			7.5000			-125.0000			150.0000			-76.0000			
22.7212			-31.3967			15.7110			7.0000			-133.0000			152.0000			-65.0000			
25.5037			-35.2942			15.7110			5.9000			-142.0000			149.0000			-53.0000			
29.9556			-36.9645			11.7452			4.7000			-149.0000			146.0000			-41.0000			
36.0770			-38.0780			6.6464			4.6000			-154.0000			143.0000			-29.0000			
41.0855			-39.7484			2.1141			3.4000			-160.0000			140.0000			-17.0000			
43.8679			-41.4187			-0.1520			2.2000			-166.0000			135.0000			-4.0000			
44.4244			-41.4187			-1.8516			1.1000			-169.0000			129.0000			8.0000			
41.6420			-38.0780			-2.9847			0.5000			-173.0000			123.0000			22.0000			
37.7465			-32.5103			-6.9504			-1.7000			-175.0000			114.0000			35.0000			
34.9641			-28.0561			-9.7831			-2.8000			-175.0000			106.0000			47.0000			
31.0686			-23.0451			-11.4827			-3.4000			-175.0000			96.0000			59.0000			
29.3991			-20.8180			-13.1823			-4.6000			-174.0000			85.0000			71.0000			
31.6251			-21.3748			-14.8819			-4.6000			-172.0000			75.0000			82.0000			
35.5205			-22.4883			-18.2811			-5.2000			-170.0000			65.0000			92.0000			
36.0770			-22.4883			-21.1138			-7.5000			-166.0000			54.0000			101.0000			
37.1900			-19.1477			-25.0795			-7.0000			-162.0000			43.0000			110.0000			
37.7465			-14.1367			-30.7448			-7.1000			-158.0000			32.0000			116.0000			
38.8595			-10.2392			-35.8436			-7.2000			-152.0000			20.0000			124.0000			
39.9725			-9.1257			-40.3759			-9.5000			-146.0000			9.0000			130.0000			
41.6420			-9.6825			-40.9424			-8.9000			-137.0000			-3.0000			136.0000			
38.8595			-8.5689			-41.5090			-11.2000			-129.0000			-15.0000			141.0000			
33.8511			-5.2283			-39.2428			-10.6000			-120.0000			-28.0000			146.0000			
23.8342			-0.7741			-35.8436			-12.7000			-110.0000			-41.0000			147.0000			
19.3822			2.0098			-31.8779			-10.4000			-99.0000			-53.0000			147.0000			
14.9303			1.4530			-27.9122			-11.5000			-89.0000			-65.0000			146.0000			
9.9219			3.6802			-26.2126			-12.6000			-78.0000			-76.0000			146.0000			
11.0348			7.0208			-31.3114			-13.2000			-65.0000			-88.0000			146.0000			
13.2608			8.1344			-35.2771			-13.8000			-53.0000			-98.0000			142.0000			
14.9303			10.9182			-38.6763			-12.8000			-43.0000			-108.0000			139.0000			
9.3654			16.4860			-38.6763			-12.8000			-31.0000			-118.0000			135.0000			
3.2439			23.7241			-38.1098			-11.1000			-20.0000			-127.0000			130.0000			
-1.7645			28.7351			-38.6763			-11.7000			-8.0000			-134.0000			125.0000			
-1.7645			32.0757			-41.5090			-11.2000			4.0000			-142.0000			118.0000			
-1.2080			32.6325			-43.2086			-11.7000			16.0000			-149.0000			112.0000			
-3.9905			33.1893			-40.9424			-11.7000			28.0000			-155.0000			104.0000			
-10.1119			32.6325			-33.0110			-10.4000			42.0000			-159.0000			94.0000			
-14.5638			29.2918			-25.0795			-10.3000			53.0000			-164.0000			83.0000			
-15.1203			27.6215			-21.1138			-8.6000			65.0000			-165.0000			71.0000			
-14.5638			24.8376			-17.7145			-7.4000			76.0000			-167.0000			60.0000			
-19.5723			25.3944			-13.1823			-7.3000			86.0000			-169.0000			48.0000			
-21.2417			28.1783			-14.3153			-7.3000			96.0000			-169.0000			36.0000			
-21.7982			31.5189			-16.5815			-6.8000			105.0000			-168.0000			23.0000			
-24.5807			35.4164			-16.0149			-5.1000			112.0000			-167.0000			13.0000			
-30.7021			37.6435			-11.4827			-4.5000			120.0000			-165.0000			-1.0000			
-37.3800			38.7570			-5.2508			-3.8000			126.0000			-161.0000			-10.0000			
-42.3885			40.4274			-1.2851			-3.2000			132.0000			-157.0000			-24.0000			
-44.0580			42.6545			-0.7185			-2.1000			136.0000			-152.0000			-35.0000			
-44.0580			42.6545			-0.1520			-1.5000			141.0000			-145.0000			-47.0000			
-41.2755			39.3138			1.5476			-0.4000			145.0000			-139.0000			-60.0000			
-37.9365			32.0757			7.2129			1.3000			146.0000			-130.0000			-73.0000			
-35.1541			26.5080			11.1787			2.5000			147.0000			-121.0000			-85.0000			
-30.7021			22.0538			11.7452			3.0000			147.0000			-112.0000			-97.0000			
-28.4762			20.3834			12.3118			4.2000			146.0000			-102.0000			-108.0000			
-31.2586			22.6105			14.0114			5.3000			144.0000			-91.0000			-119.0000			
-35.1541			22.6105			17.4106			4.8000			143.0000			-79.0000			-129.0000			
-36.2671			22.0538			20.2432			6.0000			138.0000			-69.0000			-137.0000			
-37.3800			18.1563			26.4751			7.2000			134.0000			-57.0000			-145.0000			
-37.3800			13.1453			31.5739			7.3000			129.0000			-47.0000			-154.0000			
-37.9365			10.3615			36.1062			8.5000			123.0000			-36.0000			-161.0000			
-39.6060			9.8047			39.5054			9.7000			117.0000			-23.0000			-166.0000			
-41.2755			10.9182			41.2050			10.8000			110.0000			-13.0000			-173.0000			
-39.0495			9.2479			40.6384			10.8000			101.0000			-1.0000			-178.0000			
-32.3716			4.2369			39.5054			11.3000			91.0000			13.0000			-181.0000			
-24.0242			-0.2173			36.6727			12.4000			80.0000			26.0000			-184.0000			
-17.9028			-1.8876			32.7070			12.9000			69.0000			38.0000			-185.0000			
-15.1203			-1.3308			29.3078			12.8000			58.0000			49.0000			-185.0000			
-10.6684			-3.0012			26.4751			12.8000			45.0000			62.0000			-185.0000			
-12.3379			-8.0121			31.0074			10.6000			34.0000			73.0000			-183.0000			
-13.4508			-9.6825			35.5396			12.4000			22.0000			82.0000			-181.0000			
-13.4508			-13.0231			38.3723			11.9000			10.0000			92.0000			-179.0000			
-8.9989			-18.5909			38.9388			11.3000			-1.0000			101.0000			-174.0000			
-2.8775			-23.6019			38.3723			11.8000			-13.0000			109.0000			-172.0000			
1.0180			-28.0561			39.5054			12.4000			-25.0000			118.0000			-165.0000			
1.0180			-31.3967			41.7715			11.3000			-36.0000			126.0000			-159.0000			
1.5745			-33.6238			42.3380			10.2000			-48.0000			133.0000			-151.0000			
6.0264			-34.1806			39.5054			11.3000			-60.0000			138.0000			-142.0000			
11.5913			-33.0671			31.5739			10.1000			-72.0000			143.0000			-133.0000			
15.4868			-29.1696			24.7755			11.0000			-84.0000			146.0000			-122.0000			
14.3738			-26.3857			20.2432			8.2000			-96.0000			149.0000			-110.0000			
13.8173			-24.7154			17.9771			7.0000			-106.0000			151.0000			-98.0000			
20.4952			-25.2722			12.8783			8.0000			-116.0000			151.0000			-88.0000			
22.7212			-28.6128			13.4448			7.5000			-126.0000			151.0000			-75.0000			
22.7212			-32.5103			15.7110			5.9000			-134.0000			151.0000			-63.0000			
25.5037			-35.8509			16.2775			5.9000			-142.0000			150.0000			-51.0000			
31.0686			-36.9645			11.7452			5.8000			-148.0000			147.0000			-40.0000			
37.1900			-38.6348			5.5133			4.0000			-155.0000			144.0000			-27.0000			
42.7550			-39.7484			0.9811			3.9000			-161.0000			140.0000			-15.0000			
44.4244			-41.4187			-0.1520			2.8000			-166.0000			136.0000			-3.0000			
44.4244			-41.9755			-0.7185			1.7000			-170.0000			129.0000			9.0000			
41.0855			-38.6348			-4.1177			-1.6000			-173.0000			123.0000			23.0000			
38.3030			-31.9535			-9.2165			-2.8000			-175.0000			113.0000			37.0000			
34.4076			-27.4993			-11.4827			-4.5000			-176.0000			104.0000			48.0000			
31.0686			-22.4883			-11.4827			-2.9000			-175.0000			93.0000			62.0000			
28.8426			-20.2612			-13.1823			-4.6000			-174.0000			84.0000			72.0000			
32.7381			-20.8180			-15.4484			-3.5000			-172.0000			73.0000			84.0000			
35.5205			-22.4883			-19.4142			-6.3000			-168.0000			63.0000			92.0000			
37.1900			-21.3748			-21.6803			-5.8000			-166.0000			52.0000			101.0000			
37.7465			-19.1477			-26.2126			-7.6000			-162.0000			43.0000			111.0000			
38.3030			-15.2502			-31.8779			-8.8000			-156.0000			31.0000			118.0000			
39.4160			-10.2392			-36.4102			-7.2000			-151.0000			20.0000			124.0000			
41.0855			-8.5689			-40.9424			-8.4000			-144.0000			7.0000			132.0000			
42.7550			-9.1257			-41.5090			-7.8000			-137.0000			-4.0000			136.0000			
39.9725			-8.5689			-42.0755			-10.6000			-129.0000			-17.0000			140.0000			
33.2946			-5.7850			-39.2428			-11.7000			-121.0000			-30.0000			143.0000			
23.8342			-0.7741			-35.8436			-12.7000			-110.0000			-44.0000			145.0000			
17.7128			2.5666			-32.4444			-12.1000			-99.0000			-55.0000			146.0000			
15.4868			2.0098			-29.0452			-11.5000			-87.0000			-67.0000			146.0000			
11.0348			4.2369			-26.2126			-10.9000			-75.0000			-78.0000			145.0000			
11.0348			8.1344			-31.3114			-12.1000			-65.0000			-89.0000			144.0000			
13.8173			8.6911			-35.8436			-13.3000			-53.0000			-100.0000			142.0000			
13.8173			12.0318			-39.2428			-13.4000			-40.0000			-110.0000			138.0000			
9.3654			17.5995			-39.2428			-12.2000			-29.0000			-120.0000			136.0000			
2.6875			23.7241			-39.2428			-12.8000			-17.0000			-127.0000			130.0000			
-2.3210			29.2918			-39.2428			-12.2000			-5.0000			-135.0000			124.0000			
-2.3210			32.6325			-42.0755			-11.7000			7.0000			-142.0000			118.0000			
-1.7645			33.7461			-43.2086			-11.2000			18.0000			-149.0000			111.0000			
-5.6599			33.7461			-40.3759			-12.2000			30.0000			-156.0000			103.0000			
-10.1119			31.5189			-32.4444			-11.0000			44.0000			-160.0000			93.0000			
-14.0073			29.2918			-25.0795			-9.8000			56.0000			-164.0000			81.0000			
-15.1203			26.5080			-19.9807			-8.5000			66.0000			-167.0000			69.0000			
-14.5638			25.3944			-17.1480			-6.3000			77.0000			-169.0000			58.0000			
-20.6853			27.0647			-13.1823			-6.8000			87.0000			-169.0000			47.0000			
-21.2417			29.2918			-13.7488			-5.7000			97.0000			-169.0000			35.0000			
-21.7982			32.0757			-17.1480			-6.8000			105.0000			-168.0000			21.0000			
-25.1372			35.9732			-16.0149			-5.1000			113.0000			-167.0000			11.0000			
-30.1456			36.5299			-10.3496			-3.9000			120.0000			-165.0000			-2.0000			
-37.3800			37.6435			-4.6843			-4.4000			127.0000			-159.0000			-13.0000			
-42.3885			39.8706			-0.7185			-3.2000			132.0000			-156.0000			-26.0000			
-44.0580			42.0977			-0.1520			-2.1000			136.0000			-151.0000			-37.0000			
-42.9450			41.5409			-0.1520			-1.5000			140.0000			-146.0000			-49.0000			
-40.7190			37.0867			3.2472			-0.3000			144.0000			-138.0000			-63.0000			
-40.1625			30.4054			7.7795			-1.9000			145.0000			-131.0000			-73.0000			
-28.4762			30.4054			4.3803			6.3000			147.0000			-121.0000			-79.0000			
-25.6937			28.1783			-0.7185			1.7000			146.0000			-113.0000			-86.0000			
-19.5723			28.1783			-5.2508			3.3000			144.0000			-105.0000			-91.0000			
-22.3547			29.2918			-4.6843			2.2000			139.0000			-98.0000			-96.0000			
-24.5807			30.4054			-1.2851			4.5000			137.0000			-88.0000			-99.0000			
-24.5807			29.8486			2.1141			7.3000			132.0000			-81.0000			-103.0000			
-23.4677			26.5080			2.6807			5.7000			125.0000			-70.0000			-109.0000			
-17.3463			23.1673			2.1141			7.9000			119.0000			-60.0000			-115.0000			
-12.8944			21.4970			-0.1520			8.4000			113.0000			-47.0000			-122.0000			
-10.6684			23.1673			-1.8516			10.6000			106.0000			-33.0000			-129.0000			
-10.1119			23.7241			-3.5512			10.0000			97.0000			-20.0000			-136.0000			
-9.5554			24.8376			-3.5512			11.7000			88.0000			-7.0000			-142.0000			
-7.3294			20.9402			-2.9847			10.6000			79.0000			6.0000			-149.0000			
-3.9905			16.4860			-2.4181			10.0000			69.0000			16.0000			-152.0000			
-0.0950			13.1453			-1.2851			11.7000			59.0000			30.0000			-155.0000			
1.5745			12.5886			-2.9847			11.1000			50.0000			40.0000			-158.0000			
3.8004			12.5886			-4.1177			12.2000			39.0000			51.0000			-160.0000			
7.1394			9.8047			-6.3839			10.5000			29.0000			62.0000			-158.0000			
11.0348			6.4640			-6.3839			11.1000			18.0000			75.0000			-157.0000			
16.5998			2.5666			-5.2508			13.9000			7.0000			81.0000			-153.0000			
7.1394			4.7937			-4.1177			7.8000			-1.0000			88.0000			-153.0000			
4.9134			7.5776			-2.9847			9.5000			-10.0000			95.0000			-147.0000			
2.1310			7.5776			-2.9847			6.7000			-16.0000			99.0000			-142.0000			
3.2439			6.4640			-2.9847			6.7000			-22.0000			101.0000			-138.0000			
4.9134			5.3505			-4.6843			5.5000			-26.0000			103.0000			-133.0000			
6.0264			5.3505			-5.8173			5.5000			-32.0000			106.0000			-126.0000			
7.6959			5.3505			-5.8173			7.2000			-39.0000			109.0000			-121.0000			
7.1394			4.2369			-5.8173			5.5000			-46.0000			112.0000			-114.0000			
7.1394			5.3505			-5.8173			6.6000			-54.0000			115.0000			-108.0000			
7.1394			5.9073			-5.8173			7.2000			-62.0000			118.0000			-100.0000			
4.9134			5.3505			-4.6843			5.5000			-72.0000			121.0000			-92.0000			
3.8004			7.0208			-4.1177			6.7000			-81.0000			125.0000			-85.0000			
1.5745			7.5776			-4.6843			4.4000			-90.0000			127.0000			-77.0000			
2.1310			7.5776			-4.6843			5.0000			-97.0000			127.0000			-68.0000			
2.6875			6.4640			-5.8173			3.3000			-105.0000			129.0000			-58.0000			
2.6875			5.9073			-4.6843			3.9000			-113.0000			128.0000			-49.0000			
2.6875			4.7937			-4.1177			3.3000			-118.0000			127.0000			-37.0000			
2.1310			3.6802			-3.5512			2.2000			-125.0000			124.0000			-28.0000			
1.0180			3.1234			-2.9847			1.1000			-129.0000			122.0000			-17.0000			
-0.6515			3.1234			-2.9847			-0.5000			-134.0000			118.0000			-7.0000			
-1.7645			3.1234			-1.8516			-0.4000			-136.0000			114.0000			3.0000			
-2.8775			3.1234			-1.8516			-1.6000			-138.0000			107.0000			14.0000			
-2.8775			2.5666			-1.8516			-2.1000			-139.0000			102.0000			24.0000			
-2.8775			1.4530			-1.2851			-2.7000			-141.0000			95.0000			32.0000			
-2.8775			0.8963			-1.2851			-3.2000			-139.0000			88.0000			41.0000			
-4.5470			-0.2173			1.5476			-3.2000			-140.0000			81.0000			49.0000			
-7.3294			-0.2173			2.6807			-4.8000			-138.0000			74.0000			58.0000			
-7.3294			-0.2173			1.5476			-5.9000			-136.0000			68.0000			66.0000			
-7.3294			-0.2173			2.6807			-4.8000			-132.0000			59.0000			72.0000			
-6.7729			-1.8876			2.6807			-5.9000			-130.0000			51.0000			79.0000			
-5.1034			-3.0012			2.1141			-5.9000			-125.0000			42.0000			86.0000			
-5.6599			-3.5579			2.6807			-6.5000			-123.0000			34.0000			93.0000			
-6.2164			-3.0012			2.1141			-7.1000			-118.0000			25.0000			98.0000			
-6.7729			-3.0012			2.1141			-7.6000			-114.0000			15.0000			103.0000			
-7.3294			-3.0012			3.2472			-7.0000			-109.0000			7.0000			109.0000			
-8.4424			-4.1147			3.8137			-8.7000			-102.0000			-2.0000			113.0000			
-8.9989			-5.2283			4.9468			-9.2000			-97.0000			-12.0000			116.0000			
-9.5554			-5.7850			6.0799			-9.2000			-87.0000			-21.0000			119.0000			
-8.9989			-6.3418			6.6464			-8.6000			-80.0000			-29.0000			121.0000			
-8.9989			-6.8986			6.0799			-9.8000			-71.0000			-39.0000			121.0000			
-8.4424			-6.8986			6.6464			-8.7000			-65.0000			-47.0000			122.0000			
-9.5554			-8.0121			7.7795			-9.7000			-54.0000			-54.0000			121.0000			
-10.1119			-9.6825			9.4791			-10.3000			-46.0000			-62.0000			119.0000			
-8.9989			-9.6825			9.4791			-9.2000			-37.0000			-69.0000			117.0000			
-7.8859			-8.0121			7.7795			-8.1000			-27.0000			-76.0000			113.0000			
-6.7729			-7.4554			6.6464			-7.5000			-19.0000			-83.0000			111.0000			
-6.7729			-6.3418			4.9468			-8.1000			-9.0000			-90.0000			108.0000			
-7.3294			-5.7850			4.9468			-8.1000			-1.0000			-97.0000			104.0000			
-7.3294			-6.8986			7.2129			-7.0000			9.0000			-101.0000			99.0000			
-7.3294			-8.0121			7.7795			-7.5000			19.0000			-108.0000			95.0000			
-6.7729			-8.5689			7.7795			-7.5000			28.0000			-113.0000			89.0000			
-5.6599			-9.1257			7.7795			-7.0000			37.0000			-116.0000			83.0000			
-5.1034			-9.6825			7.7795			-7.0000			45.0000			-118.0000			75.0000			
-3.9905			-9.6825			8.3460			-5.3000			53.0000			-121.0000			68.0000			
-2.8775			-10.2392			7.7795			-5.3000			60.0000			-122.0000			61.0000			
-1.2080			-10.2392			7.2129			-4.2000			67.0000			-123.0000			52.0000			
-0.6515			-9.1257			6.6464			-3.1000			72.0000			-124.0000			43.0000			
-0.0950			-9.6825			7.2129			-2.5000			79.0000			-122.0000			35.0000			
-1.7645			-8.0121			7.2129			-2.5000			85.0000			-121.0000			27.0000			
-2.3210			-6.8986			6.0799			-3.1000			91.0000			-121.0000			18.0000			
-2.3210			-5.2283			4.9468			-2.6000			95.0000			-120.0000			9.0000			
-2.8775			-3.0012			3.8137			-2.0000			101.0000			-118.0000			1.0000			
-1.2080			-4.6715			4.3803			-1.5000			107.0000			-116.0000			-9.0000			
0.4615			-6.3418			6.0799			0.1000			111.0000			-111.0000			-19.0000			
0.4615			-6.3418			6.0799			0.1000			115.0000			-107.0000			-27.0000			
2.1310			-4.6715			3.8137			1.2000			115.0000			-102.0000			-37.0000			
3.2439			-3.0012			2.1141			2.3000			117.0000			-97.0000			-46.0000			
5.4699			-3.0012			-0.1520			2.3000			119.0000			-91.0000			-53.0000			
7.1394			-3.5579			0.9811			4.5000			119.0000			-85.0000			-62.0000			
6.5829			-4.1147			1.5476			4.0000			118.0000			-79.0000			-70.0000			
7.1394			-3.0012			2.1141			6.2000			116.0000			-71.0000			-76.0000			
8.8089			-4.1147			-0.7185			3.9000			114.0000			-63.0000			-84.0000			
9.9219			-1.8876			-2.4181			5.6000			111.0000			-56.0000			-91.0000			
8.8089			-0.2173			-1.2851			7.3000			108.0000			-48.0000			-97.0000			
5.4699			0.3395			-0.1520			5.6000			105.0000			-41.0000			-104.0000			
3.8004			0.8963			0.9811			5.6000			102.0000			-33.0000			-110.0000			
2.6875			1.4530			2.1141			6.2000			99.0000			-24.0000			-115.0000			
4.9134			0.8963			2.1141			7.9000			95.0000			-16.0000			-120.0000			
7.1394			-0.2173			0.4145			7.3000			89.0000			-8.0000			-125.0000			
7.6959			0.8963			-1.2851			7.3000			84.0000			2.0000			-128.0000			
8.2524			3.1234			-3.5512			7.8000			78.0000			10.0000			-130.0000			
9.3654			5.3505			-6.3839			8.3000			71.0000			18.0000			-134.0000			
9.9219			5.9073			-7.5169			8.3000			63.0000			26.0000			-134.0000			
11.5913			5.9073			-9.7831			7.7000			55.0000			33.0000			-135.0000			
9.9219			7.5776			-9.2165			8.2000			48.0000			42.0000			-135.0000			
6.5829			9.2479			-9.2165			6.6000			40.0000			49.0000			-133.0000			
10.4784			7.0208			-10.3496			7.1000			31.0000			56.0000			-132.0000			
9.9219			9.8047			-10.9161			8.8000			23.0000			63.0000			-130.0000			
6.5829			11.4750			-8.6500			9.4000			14.0000			70.0000			-129.0000			
6.5829			8.6911			-6.9504			8.3000			6.0000			77.0000			-126.0000			
8.2524			7.0208			-5.8173			9.4000			-3.0000			82.0000			-123.0000			
6.0264			7.0208			-4.6843			8.3000			-10.0000			90.0000			-121.0000			
4.9134			5.3505			-2.9847			7.2000			-19.0000			95.0000			-118.0000			
6.5829			6.4640			-5.2508			7.7000			-27.0000			101.0000			-114.0000			
7.1394			7.0208			-6.3839			7.7000			-34.0000			104.0000			-109.0000			
4.9134			7.0208			-6.3839			5.5000			-43.0000			109.0000			-103.0000			
1.0180			9.2479			-5.2508			5.0000			-51.0000			110.0000			-95.0000			
-2.8775			8.1344			-0.1520			5.1000			-58.0000			112.0000			-87.0000			
-0.0950			10.3615			-4.6843			5.5000			-63.0000			112.0000			-81.0000			
0.4615			12.5886			-8.6500			4.3000			-70.0000			114.0000			-73.0000			
-1.7645			9.8047			-5.8173			2.2000			-77.0000			114.0000			-65.0000			
-1.7645			7.5776			-3.5512			2.2000			-84.0000			114.0000			-56.0000			
-0.6515			7.5776			-3.5512			3.3000			-89.0000			115.0000			-49.0000			
-0.6515			7.0208			-3.5512			2.8000			-95.0000			114.0000			-40.0000			
0.4615			3.1234			-2.4181			1.1000			-101.0000			113.0000			-33.0000			
2.6875			2.0098			-2.4181			2.2000			-107.0000			112.0000			-23.0000			
3.2439			2.0098			-3.5512			1.6000			-111.0000			110.0000			-17.0000			
3.2439			1.4530			-2.4181			2.2000			-115.0000			107.0000			-8.0000			
1.0180			-0.2173			-0.1520			0.6000			-119.0000			104.0000			-1.0000			
-0.0950			-0.2173			-0.7185			-1.0000			-120.0000			100.0000			9.0000			
-0.6515			-0.2173			-0.7185			-1.5000			-122.0000			95.0000			17.0000			
-1.7645			-0.2173			0.9811			-1.0000			-122.0000			90.0000			25.0000			
-5.6599			-0.7741			3.2472			-3.1000			-122.0000			84.0000			33.0000			
-8.4424			0.8963			3.8137			-3.7000			-121.0000			78.0000			40.0000			
-8.9989			2.0098			3.2472			-3.7000			-121.0000			71.0000			47.0000			
-8.9989			0.8963			3.2472			-4.8000			-117.0000			64.0000			54.0000			
-7.8859			-0.7741			4.3803			-4.2000			-116.0000			57.0000			61.0000			
-6.7729			-2.4444			4.3803			-4.8000			-114.0000			50.0000			67.0000			
-6.7729			-3.0012			3.8137			-5.9000			-111.0000			43.0000			75.0000			
-3.4340			-3.0012			1.5476			-4.8000			-109.0000			35.0000			81.0000			
-2.8775			-3.5579			0.4145			-6.0000			-107.0000			27.0000			87.0000			
-2.3210			-3.5579			-0.7185			-6.6000			-104.0000			20.0000			91.0000			
-2.3210			-4.6715			0.4145			-6.5000			-100.0000			13.0000			96.0000			
-2.3210			-5.2283			0.9811			-6.5000			-94.0000			6.0000			99.0000			
-2.8775			-7.4554			2.1141			-8.2000			-89.0000			-2.0000			103.0000			
-3.9905			-7.4554			3.2472			-8.1000			-83.0000			-10.0000			105.0000			
-5.1034			-7.4554			5.5133			-7.0000			-76.0000			-17.0000			105.0000			
-6.2164			-8.5689			7.7795			-7.0000			-69.0000			-25.0000			107.0000			
-8.4424			-10.2392			10.0456			-8.6000			-62.0000			-32.0000			105.0000			
-9.5554			-10.2392			12.3118			-7.4000			-55.0000			-40.0000			106.0000			
-8.4424			-11.3528			12.3118			-7.4000			-47.0000			-46.0000			104.0000			
-6.7729			-10.7960			10.6121			-6.9000			-38.0000			-53.0000			104.0000			
-5.1034			-9.6825			8.3460			-6.4000			-29.0000			-59.0000			102.0000			
-5.1034			-9.1257			6.6464			-7.5000			-21.0000			-67.0000			100.0000			
-5.6599			-8.0121			5.5133			-8.1000			-13.0000			-73.0000			98.0000			
-4.5470			-8.5689			6.6464			-6.4000			-5.0000			-80.0000			95.0000			
-3.9905			-9.6825			7.2129			-6.4000			1.0000			-85.0000			93.0000			
-2.8775			-11.3528			7.2129			-7.0000			10.0000			-91.0000			91.0000			
-2.3210			-10.7960			7.2129			-5.8000			17.0000			-95.0000			86.0000			
-3.4340			-1.8876			-1.2851			-6.6000			24.0000			-98.0000			81.0000			
-3.9905			-10.7960			7.7795			-7.0000			31.0000			-101.0000			76.0000			
-1.2080			-10.2392			7.2129			-4.2000			38.0000			-104.0000			69.0000			
1.5745			-13.0231			6.6464			-4.8000			44.0000			-105.0000			62.0000			
3.8004			-13.5799			7.2129			-2.5000			51.0000			-106.0000			55.0000			
8.2524			-19.1477			8.3460			-2.5000			57.0000			-106.0000			47.0000			
3.8004			-17.4773			10.6121			-3.0000			63.0000			-105.0000			40.0000			
-1.2080			-8.5689			5.5133			-4.2000			68.0000			-105.0000			32.0000			
4.3569			-9.1257			3.8137			-0.9000			75.0000			-106.0000			25.0000			
7.1394			-11.3528			2.6807			-1.5000			81.0000			-107.0000			16.0000			
1.5745			-7.4554			4.3803			-1.5000			86.0000			-105.0000			10.0000			
-2.3210			-4.6715			7.7795			0.7000			90.0000			-104.0000			2.0000			
2.6875			-10.7960			6.6464			-1.4000			95.0000			-102.0000			-6.0000			
2.6875			-5.7850			2.6807			-0.4000			99.0000			-101.0000			-14.0000			
2.6875			-2.4444			-0.1520			0.0000			102.0000			-98.0000			-21.0000			
3.2439			-1.8876			-0.1520			1.2000			103.0000			-93.0000			-28.0000			
3.8004			-2.4444			0.9811			2.3000			104.0000			-89.0000			-34.0000			
5.4699			-4.1147			1.5476			2.9000			105.0000			-85.0000			-41.0000			
9.9219			-5.2283			-1.2851			3.4000			104.0000			-79.0000			-49.0000			
8.2524			1.4530			-5.8173			3.8000			104.0000			-72.0000			-56.0000			
14.3738			-6.3418			-4.6843			3.3000			102.0000			-66.0000			-63.0000			
13.2608			-6.8986			-1.8516			4.5000			101.0000			-60.0000			-70.0000			
7.6959			0.8963			-4.1177			4.4000			99.0000			-53.0000			-77.0000			
7.1394			3.1234			-4.6843			5.5000			98.0000			-46.0000			-83.0000			
8.2524			-1.3308			-1.8516			5.0000			95.0000			-40.0000			-89.0000			
6.0264			-1.3308			0.4145			5.1000			94.0000			-34.0000			-95.0000			
4.9134			1.4530			0.4145			6.7000			91.0000			-26.0000			-100.0000			
2.6875			1.4530			1.5476			5.6000			89.0000			-19.0000			-105.0000			
1.5745			2.5666			0.9811			5.1000			84.0000			-13.0000			-108.0000			
1.0180			5.3505			0.9811			7.3000			79.0000			-7.0000			-111.0000			
-0.0950			5.9073			-0.1520			5.6000			77.0000			0.0000			-115.0000			
1.5745			5.3505			-0.1520			6.7000			71.0000			7.0000			-115.0000			
4.9134			4.2369			-1.2851			7.8000			63.0000			14.0000			-117.0000			
6.0264			5.3505			-5.2508			6.1000			56.0000			21.0000			-118.0000			
4.3569			7.0208			-4.1177			7.2000			49.0000			28.0000			-117.0000			
7.6959			7.5776			-8.0835			7.1000			43.0000			35.0000			-119.0000			
9.9219			8.1344			-10.3496			7.7000			35.0000			43.0000			-119.0000			
7.1394			7.5776			-6.3839			8.3000			27.0000			49.0000			-116.0000			
3.2439			7.0208			-2.4181			7.8000			19.0000			56.0000			-115.0000			
4.3569			5.9073			-2.4181			7.8000			12.0000			64.0000			-114.0000			
5.4699			5.3505			-3.5512			7.2000			6.0000			69.0000			-113.0000			
6.0264			4.2369			-1.8516			8.4000			-1.0000			75.0000			-110.0000			
3.8004			4.7937			-0.7185			7.8000			-9.0000			79.0000			-108.0000			
2.6875			3.1234			0.9811			6.7000			-17.0000			85.0000			-106.0000			
1.0180			3.1234			2.6807			6.8000			-22.0000			89.0000			-101.0000			
-0.6515			2.5666			4.3803			6.2000			-29.0000			92.0000			-97.0000			
0.4615			3.1234			1.5476			5.1000			-34.0000			94.0000			-92.0000			
1.0180			4.7937			-1.8516			3.9000			-42.0000			96.0000			-87.0000			
1.5745			7.5776			-3.5512			5.5000			-48.0000			99.0000			-81.0000			
-0.0950			8.1344			-4.1177			3.9000			-53.0000			99.0000			-74.0000			
-1.7645			10.3615			-4.6843			3.9000			-60.0000			100.0000			-68.0000			
-1.2080			10.9182			-5.8173			3.8000			-66.0000			100.0000			-60.0000			
-0.6515			7.5776			-4.6843			2.2000			-72.0000			100.0000			-53.0000			
-1.2080			4.7937			-1.2851			2.3000			-78.0000			101.0000			-45.0000			
-1.2080			5.3505			-0.7185			3.4000			-83.0000			100.0000			-39.0000			
-0.6515			4.2369			-1.8516			1.7000			-88.0000			101.0000			-31.0000			
1.0180			3.6802			-2.9847			1.7000			-92.0000			99.0000			-24.0000			
1.0180			2.0098			-2.4181			0.6000			-98.0000			98.0000			-17.0000			
1.5745			0.3395			-0.1520			1.7000			-101.0000			96.0000			-9.0000			
1.5745			-2.4444			1.5476			0.6000			-103.0000			94.0000			-4.0000			
-0.0950			-3.5579			3.8137			0.1000			-106.0000			91.0000			3.0000			
-1.2080			-3.0012			3.2472			-0.9000			-106.0000			87.0000			10.0000			
-2.3210			-0.7741			1.5476			-1.5000			-107.0000			83.0000			16.0000			
-4.5470			0.8963			0.4145			-3.2000			-108.0000			78.0000			23.0000			
-6.7729			1.4530			2.6807			-2.6000			-106.0000			72.0000			30.0000			
-8.4424			0.3395			4.3803			-3.7000			-106.0000			68.0000			35.0000			
-10.1119			0.8963			6.0799			-3.1000			-105.0000			61.0000			42.0000			
-7.8859			-0.2173			4.3803			-3.7000			-104.0000			56.0000			49.0000			
-5.6599			-1.8876			3.2472			-4.2000			-101.0000			48.0000			55.0000			
-5.1034			-3.0012			2.6807			-5.4000			-101.0000			42.0000			61.0000			
-4.5470			-3.0012			2.6807			-4.8000			-99.0000			37.0000			68.0000			
-3.9905			-2.4444			0.9811			-5.4000			-97.0000			29.0000			72.0000			
-2.3210			-3.0012			0.4145			-4.9000			-93.0000			25.0000			77.0000			
-0.6515			-3.5579			-0.7185			-4.9000			-90.0000			17.0000			81.0000			
-0.0950			-5.7850			-0.1520			-6.0000			-87.0000			10.0000			84.0000			
1.5745			-7.4554			0.4145			-5.4000			-83.0000			5.0000			88.0000			
-0.0950			-8.0121			2.1141			-5.9000			-79.0000			-1.0000			89.0000			
-1.7645			-6.8986			1.5476			-7.1000			-74.0000			-8.0000			92.0000			
-3.4340			-6.8986			4.3803			-5.9000			-68.0000			-14.0000			91.0000			
-5.1034			-7.4554			5.5133			-7.0000			-62.0000			-20.0000			91.0000			
-6.2164			-8.5689			7.7795			-7.0000			-55.0000			-27.0000			92.0000			
-6.7729			-10.7960			10.0456			-7.5000			-47.0000			-33.0000			93.0000			
-6.7729			-10.2392			9.4791			-7.5000			-41.0000			-40.0000			92.0000			
-5.6599			-9.6825			7.2129			-8.1000			-34.0000			-45.0000			91.0000			
-3.4340			-8.5689			4.9468			-7.0000			-28.0000			-53.0000			91.0000			
-2.8775			-9.1257			4.3803			-7.6000			-21.0000			-57.0000			89.0000			
-2.8775			-8.5689			4.9468			-6.5000			-14.0000			-64.0000			87.0000			
-2.8775			-5.7850			3.8137			-4.8000			-9.0000			-68.0000			85.0000			
-3.4340			-5.2283			2.1141			-6.5000			-1.0000			-72.0000			82.0000			
-1.7645			-4.6715			0.4145			-6.0000			6.0000			-77.0000			80.0000			
0.4615			-5.2283			-0.1520			-4.9000			12.0000			-82.0000			76.0000			
0.4615			-5.2283			-0.1520			-4.9000			18.0000			-85.0000			72.0000			
-0.6515			-5.7850			0.9811			-5.4000			23.0000			-88.0000			68.0000			
-1.2080			-5.7850			3.8137			-3.1000			28.0000			-90.0000			63.0000			
-1.2080			-7.4554			3.8137			-4.8000			35.0000			-91.0000			58.0000			
1.0180			-9.6825			4.9468			-3.7000			40.0000			-93.0000			50.0000			
1.0180			-10.7960			5.5133			-4.2000			48.0000			-93.0000			45.0000			
1.5745			-10.7960			6.0799			-3.1000			53.0000			-95.0000			38.0000			
1.0180			-10.2392			6.0799			-3.1000			58.0000			-95.0000			31.0000			
1.0180			-6.8986			3.8137			-2.0000			63.0000			-95.0000			25.0000			
1.0180			-5.7850			2.1141			-2.6000			69.0000			-95.0000			17.0000			
0.4615			-5.2283			2.6807			-2.0000			73.0000			-94.0000			12.0000			
-0.6515			-4.6715			4.3803			-0.9000			76.0000			-92.0000			5.0000			
-1.7645			-4.1147			3.2472			-2.6000			80.0000			-91.0000			-2.0000			
-1.2080			-2.4444			3.2472			-0.4000			83.0000			-90.0000			-8.0000			
-0.0950			-1.3308			0.9811			-0.4000			85.0000			-87.0000			-14.0000			
-0.0950			0.3395			-0.7185			-0.4000			88.0000			-84.0000			-21.0000			
0.4615			0.3395			0.4145			1.2000			89.0000			-81.0000			-28.0000			
0.4615			-0.7741			0.9811			0.6000			90.0000			-77.0000			-33.0000			
2.6875			-1.8876			0.4145			1.2000			91.0000			-73.0000			-39.0000			
4.9134			-2.4444			0.4145			2.8000			91.0000			-69.0000			-45.0000			
7.1394			-3.0012			-0.7185			3.4000			91.0000			-64.0000			-51.0000			
9.3654			-3.5579			-1.2851			4.5000			90.0000			-60.0000			-56.0000			
7.6959			-3.5579			-0.7185			3.4000			89.0000			-53.0000			-63.0000			
4.9134			-0.7741			0.4145			4.5000			87.0000			-47.0000			-69.0000			
3.8004			0.8963			-0.7185			3.9000			87.0000			-42.0000			-74.0000			
4.3569			0.3395			-1.2851			3.4000			84.0000			-36.0000			-80.0000			
3.2439			0.3395			2.1141			5.6000			82.0000			-29.0000			-84.0000			
3.2439			-0.7741			2.6807			5.1000			79.0000			-24.0000			-89.0000			
1.5745			-0.2173			3.2472			4.6000			76.0000			-18.0000			-92.0000			
0.4615			2.0098			3.2472			5.7000			72.0000			-11.0000			-96.0000			
0.4615			3.1234			2.1141			5.7000			69.0000			-6.0000			-98.0000			
-0.6515			4.7937			2.1141			6.2000			65.0000			-1.0000			-100.0000			
0.4615			3.6802			1.5476			5.6000			59.0000			5.0000			-102.0000			
3.2439			3.6802			-0.1520			6.7000			55.0000			12.0000			-104.0000			
4.9134			2.5666			-1.2851			6.1000			50.0000			18.0000			-104.0000			
5.4699			3.1234			-3.5512			5.0000			45.0000			24.0000			-105.0000			
6.5829			4.7937			-5.8173			5.5000			40.0000			29.0000			-104.0000			
7.1394			4.7937			-6.3839			5.5000			33.0000			35.0000			-105.0000			
5.4699			5.3505			-4.6843			6.1000			27.0000			41.0000			-105.0000			
4.3569			5.3505			-3.5512			6.1000			20.0000			47.0000			-103.0000			
3.2439			4.7937			-2.9847			5.0000			14.0000			53.0000			-101.0000			
4.9134			4.2369			-2.9847			6.1000			8.0000			58.0000			-100.0000			
5.4699			1.4530			-1.2851			5.6000			-1.0000			62.0000			-99.0000			
5.4699			1.4530			-1.2851			5.6000			-4.0000			67.0000			-96.0000			
3.8004			2.0098			0.4145			6.2000			-11.0000			71.0000			-94.0000			
2.1310			1.4530			1.5476			5.1000			-17.0000			75.0000			-91.0000			
1.5745			2.0098			2.1141			5.6000			-21.0000			77.0000			-87.0000			
1.5745			0.8963			2.6807			5.1000			-27.0000			82.0000			-84.0000			
3.8004			0.8963			-0.1520			4.5000			-33.0000			82.0000			-79.0000			
2.6875			3.1234			-1.2851			4.5000			-38.0000			85.0000			-74.0000			
2.1310			4.7937			-2.4181			4.5000			-43.0000			87.0000			-69.0000			
1.0180			6.4640			-3.5512			3.9000			-49.0000			87.0000			-64.0000			
1.0180			6.4640			-4.6843			2.7000			-54.0000			88.0000			-59.0000			
1.0180			5.9073			-4.6843			2.2000			-60.0000			89.0000			-52.0000			
1.5745			4.7937			-3.5512			2.8000			-64.0000			89.0000			-47.0000			
1.0180			2.5666			-1.2851			2.2000			-68.0000			90.0000			-40.0000			
1.0180			2.5666			-1.2851			2.2000			-74.0000			90.0000			-33.0000			
2.6875			1.4530			-2.4181			1.7000			-76.0000			88.0000			-27.0000			
3.2439			0.8963			-4.1177			0.0000			-81.0000			86.0000			-22.0000			
3.2439			0.3395			-2.9847			0.5000			-85.0000			86.0000			-15.0000			
3.2439			-0.7741			-1.2851			1.1000			-88.0000			84.0000			-9.0000			
2.6875			-3.0012			0.4145			0.0000			-90.0000			80.0000			-3.0000			
2.1310			-3.5579			0.9811			-0.4000			-91.0000			80.0000			1.0000			
2.6875			-2.4444			-0.7185			-0.4000			-92.0000			76.0000			8.0000			
0.4615			-0.7741			-1.8516			-2.1000			-93.0000			71.0000			13.0000			
-0.6515			0.3395			-1.2851			-1.6000			-93.0000			69.0000			19.0000			
-1.7645			0.3395			-1.2851			-2.7000			-94.0000			65.0000			24.0000			
-3.9905			0.8963			0.9811			-2.1000			-94.0000			60.0000			29.0000			
-6.2164			0.8963			2.1141			-3.2000			-93.0000			55.0000			35.0000			
-5.6599			0.8963			0.9811			-3.7000			-91.0000			51.0000			41.0000			
-3.4340			-0.2173			-1.2851			-4.9000			-90.0000			44.0000			46.0000			
-2.8775			-0.7741			-1.2851			-4.9000			-89.0000			39.0000			51.0000			
-2.3210			-0.7741			-1.2851			-4.3000			-86.0000			35.0000			55.0000			
-1.7645			-1.3308			-2.4181			-5.5000			-85.0000			29.0000			59.0000			
-1.7645			-0.7741			-1.8516			-4.3000			-82.0000			22.0000			63.0000			
-0.0950			-1.8876			-2.9847			-4.9000			-80.0000			17.0000			67.0000			
1.0180			-3.0012			-2.9847			-4.9000			-77.0000			12.0000			68.0000			
1.0180			-3.0012			-2.9847			-4.9000			-73.0000			6.0000			71.0000			
-1.2080			-4.1147			-1.8516			-7.1000			-69.0000			2.0000			73.0000			
-0.6515			-3.5579			-0.7185			-4.9000			-65.0000			-3.0000			75.0000			
-2.8775			-3.5579			0.9811			-5.4000			-61.0000			-8.0000			75.0000			
-5.1034			-3.0012			1.5476			-6.5000			-56.0000			-14.0000			77.0000			
-5.6599			-3.5579			3.2472			-5.9000			-50.0000			-19.0000			78.0000			
-6.7729			-4.6715			4.9468			-6.5000			-46.0000			-26.0000			78.0000			
-7.3294			-5.2283			5.5133			-7.0000			-39.0000			-31.0000			77.0000			
-6.2164			-5.2283			4.9468			-6.5000			-35.0000			-36.0000			76.0000			
-4.5470			-4.6715			2.6807			-6.5000			-28.0000			-41.0000			77.0000			
-4.5470			-4.1147			2.6807			-5.9000			-24.0000			-46.0000			75.0000			
-5.6599			-4.6715			3.8137			-6.5000			-17.0000			-50.0000			73.0000			
-5.6599			-3.0012			2.6807			-5.9000			-11.0000			-55.0000			73.0000			
-5.1034			-1.8876			1.5476			-5.4000			-6.0000			-59.0000			70.0000			
-3.9905			-1.8876			-0.1520			-6.0000			-1.0000			-63.0000			67.0000			
-2.8775			-2.4444			-1.2851			-6.6000			5.0000			-66.0000			63.0000			
-2.3210			-1.3308			-1.2851			-4.9000			10.0000			-69.0000			61.0000			
-4.5470			-1.3308			0.9811			-4.9000			15.0000			-71.0000			58.0000			
-3.4340			-2.4444			1.5476			-4.3000			19.0000			-74.0000			55.0000			
-3.4340			-4.1147			2.6807			-4.8000			24.0000			-76.0000			51.0000			
-2.3210			-4.6715			3.2472			-3.7000			29.0000			-77.0000			46.0000			
-1.7645			-5.7850			3.2472			-4.3000			34.0000			-79.0000			41.0000			
-2.8775			-6.8986			5.5133			-4.2000			38.0000			-80.0000			37.0000			
-3.4340			-6.3418			6.6464			-3.1000			44.0000			-81.0000			32.0000			
-2.8775			-4.6715			4.3803			-3.1000			48.0000			-81.0000			25.0000			
-1.7645			-4.1147			3.2472			-2.6000			53.0000			-79.0000			19.0000			
-1.2080			-4.1147			3.8137			-1.5000			56.0000			-81.0000			14.0000			
-2.3210			-3.5579			4.3803			-1.5000			61.0000			-80.0000			9.0000			
-4.5470			-1.8876			4.3803			-2.0000			63.0000			-78.0000			3.0000			
-3.4340			-0.7741			3.8137			-0.3000			67.0000			-78.0000			-4.0000			
-3.9905			0.3395			3.2472			-0.4000			70.0000			-75.0000			-8.0000			
-3.9905			0.3395			3.2472			-0.4000			72.0000			-74.0000			-12.0000			
-6.7729			-0.7741			8.3460			0.7000			73.0000			-71.0000			-17.0000			
-4.5470			-0.2173			5.5133			0.7000			74.0000			-70.0000			-22.0000			
-1.2080			-0.2173			2.1141			0.6000			75.0000			-66.0000			-27.0000			
1.5745			0.3395			-1.2851			0.6000			75.0000			-63.0000			-33.0000			
2.6875			-0.2173			-0.7185			1.7000			76.0000			-60.0000			-39.0000			
1.5745			-2.4444			2.6807			1.8000			76.0000			-55.0000			-43.0000			
2.1310			-6.3418			6.0799			1.8000			75.0000			-52.0000			-48.0000			
3.2439			-5.2283			4.9468			2.9000			75.0000			-46.0000			-53.0000			
3.2439			-1.3308			2.1141			4.0000			74.0000			-42.0000			-58.0000			
1.5745			0.8963			0.4145			2.8000			72.0000			-37.0000			-63.0000			
1.0180			0.8963			1.5476			3.4000			70.0000			-32.0000			-68.0000			
2.1310			-1.8876			3.8137			4.0000			68.0000			-27.0000			-70.0000			
1.5745			-3.0012			6.0799			4.6000			67.0000			-23.0000			-74.0000			
1.0180			-1.8876			6.0799			5.2000			65.0000			-17.0000			-77.0000			
-0.6515			-0.2173			5.5133			4.6000			62.0000			-13.0000			-81.0000			
-1.7645			0.8963			4.9468			4.0000			60.0000			-8.0000			-83.0000			
-1.7645			1.4530			4.9468			4.6000			57.0000			-4.0000			-85.0000			
-1.2080			0.8963			5.5133			5.2000			54.0000			-1.0000			-87.0000			
2.6875			-0.2173			4.3803			6.8000			50.0000			6.0000			-88.0000			
2.6875			-0.2173			2.6807			5.1000			46.0000			12.0000			-89.0000			
4.9134			0.8963			-0.7185			5.0000			42.0000			16.0000			-90.0000			
6.0264			2.5666			-1.8516			6.7000			36.0000			21.0000			-90.0000			
6.0264			1.4530			-2.9847			4.4000			32.0000			26.0000			-91.0000			
5.4699			1.4530			-2.4181			4.5000			26.0000			31.0000			-91.0000			
5.4699			2.5666			-1.2851			6.7000			22.0000			35.0000			-90.0000			
4.3569			2.0098			-0.1520			6.2000			16.0000			40.0000			-87.0000			
4.3569			0.8963			-0.1520			5.0000			11.0000			45.0000			-87.0000			
5.4699			0.3395			-0.1520			5.6000			5.0000			49.0000			-85.0000			
6.0264			0.3395			-0.1520			6.2000			-1.0000			52.0000			-84.0000			
4.3569			-0.2173			0.4145			4.5000			-5.0000			57.0000			-83.0000			
3.2439			0.8963			-0.1520			3.9000			-10.0000			59.0000			-80.0000			
2.6875			0.8963			0.9811			4.5000			-15.0000			63.0000			-78.0000			
2.6875			-0.7741			1.5476			3.4000			-18.0000			66.0000			-76.0000			
3.2439			-1.8876			2.1141			3.4000			-22.0000			67.0000			-72.0000			
3.8004			-0.2173			0.4145			4.0000			-27.0000			70.0000			-69.0000			
3.2439			2.0098			-0.1520			5.0000			-31.0000			72.0000			-66.0000			
2.6875			3.1234			-2.4181			3.3000			-36.0000			72.0000			-61.0000			
3.2439			3.6802			-4.1177			2.8000			-40.0000			73.0000			-56.0000			
2.6875			3.6802			-4.1177			2.2000			-45.0000			74.0000			-52.0000			
2.1310			3.6802			-2.4181			3.3000			-49.0000			75.0000			-47.0000			
2.1310			2.0098			-1.8516			2.2000			-54.0000			76.0000			-41.0000			
3.8004			0.8963			-2.4181			2.2000			-58.0000			75.0000			-36.0000			
3.2439			2.0098			-3.5512			1.6000			-62.0000			74.0000			-31.0000			
3.8004			1.4530			-2.9847			2.2000			-65.0000			74.0000			-25.0000			
3.8004			0.3395			-2.9847			1.1000			-68.0000			73.0000			-21.0000			
3.8004			-0.7741			-2.4181			0.6000			-70.0000			73.0000			-15.0000			
3.2439			-1.3308			-1.2851			0.6000			-73.0000			71.0000			-11.0000			
3.8004			-1.8876			-1.2851			0.6000			-75.0000			69.0000			-6.0000			
4.3569			-3.0012			-1.2851			0.0000			-77.0000			68.0000			-3.0000			
5.4699			-4.6715			-2.4181			-1.6000			-78.0000			65.0000			2.0000			
2.6875			-1.8876			-1.8516			-1.0000			-78.0000			63.0000			7.0000			
1.5745			-1.3308			-1.2851			-1.0000			-80.0000			60.0000			10.0000			
-0.0950			-1.3308			-1.2851			-2.7000			-79.0000			56.0000			15.0000			
-0.0950			-0.2173			-1.8516			-2.1000			-79.0000			52.0000			19.0000			
-1.2080			0.8963			-1.8516			-2.1000			-79.0000			49.0000			25.0000			
-1.7645			2.0098			-2.4181			-2.1000			-79.0000			44.0000			29.0000			
-0.0950			0.3395			-2.9847			-2.7000			-77.0000			41.0000			34.0000			
1.0180			-0.2173			-2.9847			-2.1000			-75.0000			35.0000			39.0000			
0.4615			-1.3308			-3.5512			-4.4000			-74.0000			31.0000			42.0000			
8.2524			2.5666			-19.4142			-8.5000			-73.0000			27.0000			43.0000			
1.5745			1.4530			-6.3839			-3.3000			-71.0000			23.0000			47.0000			
7.6959			-2.4444			-8.0835			-2.8000			-68.0000			18.0000			50.0000			
6.5829			-4.6715			-5.8173			-3.9000			-66.0000			14.0000			54.0000			
6.5829			-3.5579			-6.3839			-3.3000			-65.0000			9.0000			56.0000			
3.2439			-0.7741			-6.3839			-3.9000			-62.0000			5.0000			57.0000			
1.5745			0.8963			-5.8173			-3.3000			-59.0000			0.0000			59.0000			
-0.0950			-1.3308			-2.4181			-3.8000			-57.0000			-3.0000			61.0000			
-1.7645			-2.4444			-0.7185			-4.9000			-54.0000			-7.0000			62.0000			
-3.4340			-3.5579			1.5476			-5.4000			-50.0000			-12.0000			62.0000			
-3.9905			-3.5579			2.1141			-5.4000			-46.0000			-17.0000			63.0000			
-4.5470			-1.8876			1.5476			-4.8000			-41.0000			-21.0000			63.0000			
-6.2164			-1.8876			1.5476			-6.5000			-35.0000			-25.0000			63.0000			
-4.5470			-1.8876			1.5476			-4.8000			-31.0000			-30.0000			62.0000			
-2.8775			-4.6715			1.5476			-6.0000			-25.0000			-34.0000			60.0000			
-1.7645			-3.0012			0.9811			-3.7000			-21.0000			-39.0000			59.0000			
-5.1034			-1.8876			2.1141			-4.8000			-17.0000			-43.0000			58.0000			
-3.4340			-1.8876			1.5476			-3.7000			-11.0000			-46.0000			57.0000			
-1.2080			-3.0012			-0.7185			-4.9000			-6.0000			-49.0000			55.0000			
-1.7645			-1.3308			-0.7185			-3.8000			-2.0000			-53.0000			54.0000			
-2.8775			-0.7741			0.4145			-3.2000			2.0000			-55.0000			52.0000			
-2.3210			-0.2173			-1.8516			-4.3000			6.0000			-58.0000			51.0000			
-0.0950			-0.7741			-1.8516			-2.7000			9.0000			-60.0000			47.0000			
-1.2080			-1.3308			-0.1520			-2.6000			14.0000			-61.0000			45.0000			
-2.3210			-1.3308			0.9811			-2.6000			17.0000			-63.0000			41.0000			
-2.3210			-1.8876			0.9811			-3.2000			20.0000			-64.0000			38.0000			
-1.7645			-2.4444			0.9811			-3.2000			24.0000			-65.0000			34.0000			
-2.3210			-3.5579			2.6807			-3.2000			28.0000			-65.0000			29.0000			
-1.7645			-4.6715			4.3803			-2.0000			32.0000			-66.0000			24.0000			
-1.7645			-3.0012			3.2472			-1.5000			37.0000			-66.0000			19.0000			
-1.2080			-1.8876			0.9811			-2.1000			41.0000			-66.0000			15.0000			
-2.3210			-3.0012			3.8137			-1.5000			43.0000			-66.0000			10.0000			
-2.3210			-3.5579			3.2472			-2.6000			47.0000			-66.0000			6.0000			
-5.6599			2.5666			4.3803			1.2000			49.0000			-65.0000			1.0000			
-4.5470			0.3395			2.1141			-2.0000			52.0000			-64.0000			-2.0000			
-1.7645			2.5666			0.9811			1.7000			54.0000			-63.0000			-6.0000			
-6.2164			3.1234			2.6807			-0.4000			55.0000			-61.0000			-10.0000			
-5.6599			0.8963			5.5133			0.7000			58.0000			-60.0000			-15.0000			
-4.5470			0.8963			4.3803			0.7000			59.0000			-59.0000			-18.0000			
-1.7645			1.4530			1.5476			1.2000			61.0000			-57.0000			-23.0000			
-0.0950			2.0098			-0.7185			1.1000			61.0000			-54.0000			-26.0000			
-0.6515			0.8963			-0.1520			0.0000			62.0000			-52.0000			-31.0000			
0.4615			-0.7741			2.1141			1.8000			61.0000			-48.0000			-34.0000			
1.5745			-2.4444			3.2472			2.3000			61.0000			-45.0000			-39.0000			
2.6875			-3.0012			2.6807			2.3000			61.0000			-42.0000			-43.0000			
2.6875			-1.3308			2.1141			3.4000			60.0000			-39.0000			-46.0000			
0.4615			-0.2173			2.1141			2.3000			59.0000			-35.0000			-50.0000			
1.0180			0.3395			1.5476			2.8000			59.0000			-30.0000			-55.0000			
2.6875			-0.7741			2.1141			4.0000			57.0000			-27.0000			-57.0000			
1.5745			-1.3308			3.2472			3.4000			55.0000			-22.0000			-60.0000			
0.4615			-0.7741			3.8137			3.5000			53.0000			-18.0000			-63.0000			
-1.2080			-0.2173			4.9468			3.5000			51.0000			-14.0000			-65.0000			
-1.2080			0.3395			4.9468			4.0000			49.0000			-11.0000			-68.0000			
-0.6515			-1.3308			5.5133			3.5000			48.0000			-6.0000			-70.0000			
-0.6515			-0.2173			4.9468			4.0000			46.0000			-3.0000			-71.0000			
-1.7645			0.8963			5.5133			4.6000			43.0000			-1.0000			-73.0000			
-1.7645			0.8963			4.3803			3.5000			41.0000			3.0000			-73.0000			
-0.6515			0.8963			3.2472			3.4000			36.0000			7.0000			-74.0000			
1.5745			0.8963			2.6807			5.1000			34.0000			11.0000			-74.0000			
3.2439			0.3395			-0.1520			3.4000			29.0000			14.0000			-75.0000			
4.3569			0.3395			-0.1520			4.5000			26.0000			19.0000			-75.0000			
4.3569			1.4530			-1.2851			4.5000			23.0000			23.0000			-75.0000			
4.3569			0.8963			-1.8516			3.3000			17.0000			27.0000			-74.0000			
2.6875			2.5666			-0.1520			5.0000			13.0000			30.0000			-74.0000			
2.6875			2.0098			-0.1520			4.5000			9.0000			34.0000			-72.0000			
3.8004			1.4530			-1.2851			3.9000			5.0000			37.0000			-72.0000			
3.8004			0.3395			-0.1520			3.9000			1.0000			40.0000			-70.0000			
2.1310			-0.2173			2.1141			4.0000			-4.0000			44.0000			-70.0000			
2.6875			-0.7741			0.9811			2.8000			-7.0000			46.0000			-68.0000			
2.6875			-0.7741			0.9811			2.8000			-10.0000			48.0000			-66.0000			
2.6875			-1.3308			2.1141			3.4000			-13.0000			51.0000			-65.0000			
2.6875			-1.3308			2.6807			4.0000			-17.0000			52.0000			-63.0000			
1.5745			-1.3308			3.2472			3.4000			-20.0000			55.0000			-61.0000			
1.0180			-1.3308			2.1141			1.7000			-24.0000			56.0000			-58.0000			
2.1310			-0.2173			0.9811			2.8000			-26.0000			58.0000			-56.0000			
1.5745			0.8963			-0.1520			2.3000			-31.0000			59.0000			-53.0000			
2.6875			0.3395			-1.2851			1.7000			-34.0000			60.0000			-49.0000			
3.2439			1.4530			-2.9847			1.7000			-38.0000			60.0000			-44.0000			
3.2439			2.0098			-2.9847			2.2000			-40.0000			60.0000			-40.0000			
2.6875			2.0098			-1.8516			2.8000			-45.0000			60.0000			-37.0000			
2.6875			0.3395			-1.2851			1.7000			-48.0000			59.0000			-32.0000			
2.1310			1.4530			-1.8516			1.7000			-50.0000			59.0000			-26.0000			
3.2439			0.3395			-2.4181			1.1000			-54.0000			60.0000			-24.0000			
3.2439			-0.2173			-1.2851			1.7000			-56.0000			59.0000			-20.0000			
3.2439			-1.8876			-1.2851			0.0000			-58.0000			57.0000			-15.0000			
3.2439			-1.8876			-0.7185			0.6000			-60.0000			57.0000			-12.0000			
3.8004			-1.3308			-2.4181			0.0000			-62.0000			56.0000			-8.0000			
5.4699			-1.8876			-3.5512			0.0000			-63.0000			53.0000			-5.0000			
13.2608			-8.5689			-7.5169			-2.8000			-63.0000			52.0000			-2.0000			
2.1310			-1.8876			1.5476			1.7000			-65.0000			51.0000			0.0000			
2.6875			-5.7850			3.2472			0.1000			-65.0000			49.0000			5.0000			
1.5745			-3.5579			0.4145			-1.5000			-65.0000			46.0000			8.0000			
2.6875			-0.7741			-2.9847			-1.0000			-65.0000			44.0000			10.0000			
2.1310			0.8963			-4.1177			-1.0000			-65.0000			41.0000			13.0000			
-0.0950			-0.2173			-2.4181			-2.7000			-65.0000			38.0000			18.0000			
0.4615			-3.0012			-0.7185			-3.2000			-64.0000			35.0000			20.0000			
1.5745			-3.5579			-0.7185			-2.7000			-64.0000			31.0000			25.0000			
1.5745			-2.4444			-2.9847			-3.8000			-62.0000			27.0000			27.0000			
0.4615			0.3395			-3.5512			-2.7000			-61.0000			23.0000			31.0000			
0.4615			-0.2173			-3.5512			-3.3000			-60.0000			20.0000			33.0000			
2.1310			-1.8876			-3.5512			-3.3000			-58.0000			17.0000			36.0000			
3.2439			-3.0012			-2.9847			-2.7000			-57.0000			12.0000			39.0000			
2.1310			-1.8876			-3.5512			-3.3000			-55.0000			9.0000			41.0000			
1.0180			-0.7741			-3.5512			-3.3000			-53.0000			6.0000			42.0000			
2.1310			-0.7741			-4.6843			-3.3000			-51.0000			2.0000			44.0000			
2.6875			-1.3308			-4.1177			-2.7000			-49.0000			-1.0000			45.0000			
2.6875			-1.8876			-3.5512			-2.7000			-46.0000			-3.0000			46.0000			
1.0180			-1.3308			-2.9847			-3.3000			-44.0000			-6.0000			45.0000			
0.4615			-0.7741			-3.5512			-3.8000			-40.0000			-9.0000			45.0000			
-1.2080			-0.2173			-2.9847			-4.4000			-37.0000			-13.0000			45.0000			
0.4615			-0.2173			-2.9847			-2.7000			-33.0000			-16.0000			44.0000			
-0.6515			-0.7741			-2.9847			-4.4000			-29.0000			-18.0000			43.0000			
-0.6515			-1.3308			-2.4181			-4.4000			-26.0000			-22.0000			43.0000			
-1.7645			-0.7741			-1.2851			-3.8000			-22.0000			-26.0000			42.0000			
-2.3210			-0.7741			-1.2851			-4.3000			-18.0000			-29.0000			42.0000			
-1.7645			-0.2173			-1.2851			-3.2000			-14.0000			-31.0000			40.0000			
-1.2080			-0.7741			-2.9847			-4.9000			-11.0000			-34.0000			39.0000			
-1.2080			-0.2173			-1.8516			-3.2000			-8.0000			-36.0000			38.0000			
-0.6515			-0.2173			-2.4181			-3.2000			-4.0000			-39.0000			36.0000			
-0.6515			0.3395			-2.4181			-2.7000			-1.0000			-42.0000			36.0000			
-1.2080			0.3395			-2.4181			-3.2000			1.0000			-43.0000			35.0000			
-1.2080			1.4530			-1.2851			-1.0000			4.0000			-45.0000			33.0000			
-1.2080			0.3395			-1.2851			-2.1000			5.0000			-46.0000			31.0000			
-0.6515			-0.7741			-1.2851			-2.7000			8.0000			-47.0000			29.0000			
-0.6515			-0.2173			-0.7185			-1.5000			11.0000			-49.0000			28.0000			
-1.7645			-0.7741			0.9811			-1.5000			13.0000			-48.0000			26.0000			
-0.6515			-1.3308			0.9811			-1.0000			15.0000			-49.0000			22.0000			
-1.7645			-1.3308			2.1141			-0.9000			19.0000			-49.0000			19.0000			
-0.0950			-0.7741			2.1141			1.2000			20.0000			-49.0000			15.0000			
-2.3210			-1.3308			2.6807			-0.9000			23.0000			-50.0000			12.0000			
-0.6515			-1.3308			1.5476			-0.4000			26.0000			-49.0000			8.0000			
-1.7645			-1.3308			1.5476			-1.5000			30.0000			-49.0000			4.0000			
-1.7645			-0.7741			0.4145			-2.1000			31.0000			-49.0000			2.0000			
-3.4340			-0.2173			0.9811			-2.6000			34.0000			-47.0000			-2.0000			
-1.7645			-0.2173			1.5476			-0.4000			36.0000			-47.0000			-6.0000			
-2.8775			-0.7741			2.6807			-0.9000			38.0000			-48.0000			-9.0000			
-1.7645			1.4530			1.5476			1.2000			39.0000			-47.0000			-12.0000			
-1.7645			0.8963			0.4145			-0.4000			41.0000			-45.0000			-14.0000			
-1.7645			0.3395			0.9811			-0.4000			42.0000			-44.0000			-17.0000			
-0.0950			1.4530			-0.1520			1.2000			42.0000			-44.0000			-21.0000			
-0.0950			0.8963			-0.7185			0.0000			43.0000			-42.0000			-21.0000			
-0.6515			2.0098			0.4145			1.7000			43.0000			-40.0000			-23.0000			
-0.0950			-0.2173			0.9811			0.6000			43.0000			-40.0000			-25.0000			
-0.0950			-0.7741			2.1141			1.2000			43.0000			-37.0000			-27.0000			
1.0180			-0.7741			1.5476			1.7000			42.0000			-34.0000			-30.0000			
1.0180			-1.3308			3.2472			2.9000			41.0000			-32.0000			-33.0000			
-0.0950			-1.8876			3.2472			1.2000			41.0000			-30.0000			-35.0000			
-0.6515			0.3395			1.5476			1.2000			40.0000			-26.0000			-38.0000			
0.4615			0.3395			2.1141			2.9000			39.0000			-23.0000			-41.0000			
-3.9905			-0.2173			3.2472			-0.9000			36.0000			-20.0000			-43.0000			
-3.9905			-0.2173			3.8137			-0.3000			35.0000			-17.0000			-46.0000			
2.6875			-2.4444			4.3803			4.6000			35.0000			-14.0000			-47.0000			
-1.7645			-3.5579			4.9468			-0.3000			34.0000			-11.0000			-50.0000			
-1.2080			-1.3308			2.6807			0.1000			33.0000			-8.0000			-52.0000			
-0.6515			2.5666			1.5476			3.4000			31.0000			-6.0000			-53.0000			
-1.2080			2.5666			0.9811			2.3000			31.0000			-4.0000			-56.0000			
0.4615			-0.2173			2.1141			2.3000			28.0000			-1.0000			-56.0000			
-0.0950			-1.3308			3.2472			1.8000			27.0000			0.0000			-57.0000			
1.5745			0.3395			1.5476			3.4000			25.0000			3.0000			-57.0000			
2.1310			0.8963			-0.1520			2.8000			23.0000			5.0000			-57.0000			
0.4615			3.1234			0.4145			4.0000			21.0000			8.0000			-57.0000			
1.0180			2.5666			0.9811			4.5000			18.0000			10.0000			-57.0000			
2.1310			-0.2173			1.5476			3.4000			15.0000			12.0000			-56.0000			
1.5745			0.3395			1.5476			3.4000			12.0000			16.0000			-56.0000			
0.4615			3.6802			-1.8516			2.2000			9.0000			18.0000			-56.0000			
2.6875			2.0098			-0.7185			3.9000			6.0000			21.0000			-54.0000			
1.0180			0.3395			0.4145			1.7000			3.0000			23.0000			-54.0000			
2.1310			1.4530			0.9811			4.5000			-1.0000			26.0000			-53.0000			
1.5745			0.8963			-0.7185			1.7000			-3.0000			28.0000			-51.0000			
2.1310			0.8963			-0.1520			2.8000			-6.0000			30.0000			-50.0000			
1.5745			1.4530			0.4145			3.4000			-8.0000			32.0000			-49.0000			
0.4615			1.4530			-0.1520			1.7000			-11.0000			32.0000			-49.0000			
1.5745			0.8963			0.4145			2.8000			-13.0000			34.0000			-49.0000			
0.4615			2.0098			-0.1520			2.3000			-15.0000			34.0000			-47.0000			
-0.0950			2.0098			0.9811			2.8000			-16.0000			37.0000			-46.0000			
-0.0950			0.8963			0.4145			1.2000			-19.0000			37.0000			-43.0000			
-1.2080			-0.2173			-0.1520			-1.5000			-19.0000			37.0000			-42.0000			
-0.0950			2.5666			-1.2851			1.1000			-22.0000			37.0000			-40.0000			
-0.6515			1.4530			0.4145			1.2000			-24.0000			38.0000			-38.0000			
-0.0950			1.4530			-0.7185			0.6000			-25.0000			39.0000			-36.0000			
-0.0950			2.5666			0.4145			2.8000			-26.0000			39.0000			-34.0000			
-1.2080			2.0098			0.4145			1.2000			-29.0000			38.0000			-31.0000			
-0.6515			0.8963			-0.7185			-0.4000			-29.0000			36.0000			-28.0000			
-1.2080			0.8963			0.4145			0.1000			-31.0000			36.0000			-27.0000			
-1.2080			0.3395			-0.1520			-1.0000			-33.0000			36.0000			-24.0000			
-0.0950			0.3395			0.4145			0.6000			-34.0000			35.0000			-22.0000			
-1.2080			0.8963			-0.1520			-0.4000			-36.0000			36.0000			-19.0000			
-0.6515			0.3395			-0.1520			-0.4000			-36.0000			36.0000			-16.0000			
-0.0950			0.3395			-0.7185			-0.4000			-37.0000			35.0000			-15.0000			
1.0180			-1.3308			-0.1520			-0.4000			-39.0000			33.0000			-12.0000			
-0.0950			-0.7741			0.9811			0.1000			-39.0000			33.0000			-10.0000			
-1.2080			-0.7741			0.4145			-1.5000			-40.0000			32.0000			-9.0000			
0.4615			-0.2173			-0.1520			0.0000			-40.0000			31.0000			-7.0000			
-0.0950			-0.7741			-0.1520			-1.0000			-42.0000			31.0000			-6.0000			
0.4615			-1.3308			-0.1520			-1.0000			-40.0000			29.0000			-4.0000			
-0.0950			-2.4444			-0.1520			-2.6000			-40.0000			28.0000			-3.0000			
-0.6515			-1.8876			0.4145			-2.1000			-41.0000			27.0000			-2.0000			
-0.0950			-1.8876			0.4145			-1.5000			-39.0000			25.0000			-1.0000			
1.0180			-1.8876			0.4145			-0.4000			-38.0000			24.0000			-1.0000			
-0.6515			-1.3308			-0.1520			-2.1000			-39.0000			22.0000			2.0000			
-0.0950			-1.3308			-0.1520			-1.5000			-39.0000			21.0000			5.0000			
-0.0950			-2.4444			0.4145			-2.1000			-38.0000			19.0000			6.0000			
0.4615			-1.8876			-0.1520			-1.5000			-37.0000			17.0000			8.0000			
1.5745			-1.8876			0.4145			0.1000			-35.0000			16.0000			9.0000			
1.0180			-2.4444			-0.1520			-1.5000			-35.0000			13.0000			9.0000			
1.0180			-1.8876			-0.7185			-1.5000			-34.0000			10.0000			11.0000			
0.4615			-2.4444			-0.1520			-2.1000			-33.0000			9.0000			12.0000			
1.0180			-2.4444			-0.7185			-2.1000			-33.0000			7.0000			13.0000			
1.0180			-1.8876			-0.1520			-1.0000			-31.0000			4.0000			15.0000			
2.1310			-3.0012			-0.7185			-1.5000			-31.0000			4.0000			15.0000			
1.5745			-1.8876			-0.1520			-0.4000			-29.0000			3.0000			16.0000			
2.6875			-2.4444			-1.2851			-1.0000			-30.0000			-1.0000			17.0000			
2.1310			4.7937			-10.9161			-3.9000			-29.0000			-1.0000			16.0000			
2.6875			-9.6825			2.1141			-4.8000			-29.0000			-1.0000			18.0000			
1.5745			-3.0012			0.4145			-1.0000			-26.0000			-2.0000			17.0000			
-0.6515			0.3395			-1.2851			-1.6000			-26.0000			-3.0000			18.0000			
2.6875			-3.5579			-0.7185			-1.6000			-24.0000			-5.0000			17.0000			
2.1310			-2.4444			-1.2851			-1.5000			-23.0000			-6.0000			17.0000			
0.4615			-1.3308			-1.2851			-2.1000			-22.0000			-6.0000			15.0000			
2.1310			-3.0012			-0.1520			-1.0000			-19.0000			-9.0000			15.0000			
-0.0950			-2.4444			0.9811			-1.5000			-17.0000			-10.0000			14.0000			
-0.0950			-1.8876			-0.1520			-2.1000			-16.0000			-12.0000			14.0000			
1.0180			-1.8876			0.4145			-0.4000			-13.0000			-12.0000			14.0000			
0.4615			-3.0012			-0.1520			-2.6000			-11.0000			-13.0000			13.0000			
-0.6515			-1.8876			0.9811			-1.5000			-9.0000			-15.0000			13.0000			
1.0180			-3.0012			0.4145			-1.5000			-8.0000			-16.0000			11.0000			
0.4615			-1.8876			-0.7185			-2.1000			-6.0000			-18.0000			11.0000			
1.0180			-2.4444			-0.1520			-1.5000			-5.0000			-18.0000			10.0000			
1.0180			-1.8876			-0.1520			-1.0000			-4.0000			-20.0000			9.0000			
0.4615			-1.8876			0.9811			-0.4000			-2.0000			-20.0000			9.0000			
1.0180			-1.3308			-1.2851			-1.6000			-1.0000			-21.0000			7.0000			
1.5745			-1.3308			-0.7185			-0.4000			-2.0000			-21.0000			7.0000			
1.0180			-0.7741			-0.7185			-0.4000			-1.0000			-21.0000			7.0000			
1.5745			-1.3308			-1.2851			-1.0000			-1.0000			-22.0000			6.0000			
1.0180			-0.7741			-0.7185			-0.4000			-1.0000			-21.0000			4.0000			
1.0180			-0.7741			-0.1520			0.0000			1.0000			-21.0000			4.0000			
1.0180			-0.7741			-1.2851			-1.0000			0.0000			-22.0000			2.0000			
1.5745			-1.3308			-0.7185			-0.4000			2.0000			-21.0000			2.0000			
1.5745			-1.8876			-0.1520			-0.4000			4.0000			-21.0000			1.0000			
0.4615			-1.3308			-0.7185			-1.5000			3.0000			-20.0000			-1.0000			
1.0180			-1.3308			-0.7185			-1.0000			5.0000			-21.0000			-1.0000			
1.5745			-0.7741			-0.1520			0.6000			5.0000			-20.0000			-3.0000			
1.0180			-1.3308			-1.2851			-1.6000			6.0000			-21.0000			-5.0000			
1.0180			-1.3308			-0.1520			-0.4000			7.0000			-19.0000			-6.0000			
1.5745			-1.3308			-0.1520			0.0000			8.0000			-20.0000			-8.0000			
1.0180			0.3395			-0.7185			0.6000			9.0000			-19.0000			-10.0000			
0.4615			-0.7741			-0.7185			-1.0000			9.0000			-19.0000			-9.0000			
0.4615			-0.7741			-0.1520			-0.4000			10.0000			-18.0000			-12.0000			
1.0180			-0.2173			-0.7185			0.0000			11.0000			-18.0000			-12.0000			
0.4615			-0.7741			-0.1520			-0.4000			12.0000			-18.0000			-13.0000			
0.4615			-0.7741			-0.1520			-0.4000			12.0000			-18.0000			-15.0000			
0.4615			0.3395			0.4145			1.2000			11.0000			-18.0000			-15.0000			
1.0180			-0.2173			0.4145			1.2000			12.0000			-18.0000			-16.0000			
0.4615			0.3395			-0.1520			0.6000			11.0000			-17.0000			-14.0000			
0.4615			0.3395			-0.1520			0.6000			10.0000			-17.0000			-17.0000			
0.4615			0.8963			0.4145			1.7000			11.0000			-16.0000			-15.0000			
-0.6515			0.8963			-0.1520			0.0000			11.0000			-16.0000			-15.0000			
-0.6515			0.8963			-0.1520			0.0000			10.0000			-16.0000			-16.0000			
-0.6515			0.8963			-0.1520			0.0000			10.0000			-15.0000			-17.0000			
-0.0950			0.8963			-0.1520			0.6000			10.0000			-15.0000			-17.0000			
-0.6515			1.4530			-0.1520			0.6000			9.0000			-15.0000			-18.0000			
-1.7645			0.3395			-0.1520			-1.5000			8.0000			-12.0000			-19.0000			
-1.2080			0.8963			-0.1520			-0.4000			9.0000			-12.0000			-21.0000			
-0.6515			0.8963			0.4145			0.6000			8.0000			-10.0000			-21.0000			
0.4615			0.8963			0.4145			1.7000			7.0000			-9.0000			-22.0000			
-1.2080			0.8963			0.9811			0.6000			6.0000			-9.0000			-24.0000			
-1.2080			0.3395			0.4145			-0.4000			7.0000			-8.0000			-24.0000			
-1.7645			0.8963			0.4145			-0.4000			6.0000			-5.0000			-25.0000			
-1.2080			0.8963			0.4145			0.1000			5.0000			-5.0000			-25.0000			
-1.2080			0.8963			0.9811			0.6000			6.0000			-4.0000			-25.0000			
-1.2080			0.3395			0.9811			0.1000			6.0000			-3.0000			-27.0000			
-1.2080			0.3395			1.5476			0.6000			4.0000			-2.0000			-26.0000			
-0.6515			0.3395			0.9811			0.6000			5.0000			-1.0000			-27.0000			
-0.6515			0.3395			0.9811			0.6000			4.0000			-1.0000			-27.0000			
-1.2080			0.3395			1.5476			0.6000			3.0000			-1.0000			-27.0000			
-1.2080			-0.2173			0.9811			-0.4000			3.0000			1.0000			-27.0000			
-0.6515			-0.2173			1.5476			0.6000			2.0000			1.0000			-28.0000			
-1.2080			0.3395			0.9811			0.1000			2.0000			0.0000			-28.0000			
-1.7645			0.8963			1.5476			0.6000			1.0000			2.0000			-27.0000			
-0.0950			0.3395			0.9811			1.2000			-1.0000			1.0000			-26.0000			
-1.2080			-0.2173			0.9811			-0.4000			-1.0000			2.0000			-27.0000			
-1.7645			-0.2173			0.9811			-1.0000			-1.0000			3.0000			-27.0000			
-0.0950			-0.7741			2.1141			1.2000			-2.0000			4.0000			-26.0000			
-0.6515			0.3395			1.5476			1.2000			-2.0000			6.0000			-25.0000			
0.4615			-0.7741			0.9811			0.6000			-2.0000			4.0000			-25.0000			
-0.0950			-0.2173			0.9811			0.6000			-5.0000			7.0000			-25.0000			
-0.0950			-0.2173			1.5476			1.2000			-6.0000			7.0000			-25.0000			
0.4615			-0.7741			0.4145			0.1000			-6.0000			8.0000			-25.0000			
0.4615			-0.7741			0.9811			0.6000			-8.0000			7.0000			-23.0000			
0.4615			-1.3308			0.9811			0.1000			-8.0000			9.0000			-23.0000			
1.0180			-0.7741			0.9811			1.2000			-9.0000			10.0000			-24.0000			
0.4615			-0.7741			0.9811			0.6000			-9.0000			10.0000			-23.0000			
1.0180			-1.3308			0.9811			0.6000			-11.0000			9.0000			-22.0000			
-0.0950			-1.3308			1.5476			0.1000			-10.0000			10.0000			-22.0000			
0.4615			-0.2173			2.1141			2.3000			-11.0000			10.0000			-21.0000			
0.4615			-1.3308			1.5476			0.6000			-12.0000			10.0000			-22.0000			
0.4615			-0.7741			0.9811			0.6000			-11.0000			10.0000			-21.0000			
-0.0950			-0.7741			0.9811			0.1000			-10.0000			11.0000			-20.0000			
0.4615			-1.3308			0.9811			0.1000			-12.0000			11.0000			-21.0000			
-0.0950			-1.3308			1.5476			0.1000			-11.0000			10.0000			-20.0000			
0.4615			-1.8876			0.9811			-0.4000			-12.0000			10.0000			-19.0000			
-0.0950			-1.3308			0.9811			-0.4000			-12.0000			9.0000			-18.0000			
-0.0950			-1.8876			0.9811			-1.0000			-14.0000			10.0000			-19.0000			
1.0180			-1.3308			0.4145			0.0000			-14.0000			10.0000			-18.0000			
1.0180			-1.8876			0.9811			0.1000			-14.0000			10.0000			-17.0000			
1.0180			-1.3308			-0.1520			-0.4000			-14.0000			10.0000			-14.0000			
1.0180			-1.8876			0.4145			-0.4000			-15.0000			9.0000			-14.0000			
1.0180			-1.8876			0.4145			-0.4000			-17.0000			10.0000			-13.0000			
1.0180			-1.3308			-0.1520			-0.4000			-16.0000			9.0000			-13.0000			
1.5745			-1.3308			0.4145			0.6000			-17.0000			9.0000			-12.0000			
1.0180			-1.3308			-0.1520			-0.4000			-17.0000			9.0000			-12.0000			
2.1310			-1.8876			0.9811			1.2000			-17.0000			9.0000			-11.0000			
1.5745			-1.3308			-0.1520			0.0000			-17.0000			7.0000			-12.0000			
2.1310			-1.3308			-0.1520			0.6000			-17.0000			8.0000			-10.0000			
1.5745			-1.3308			-0.7185			-0.4000			-17.0000			8.0000			-10.0000			
1.0180			-1.8876			-0.1520			-1.0000			-17.0000			8.0000			-9.0000			
1.0180			-1.3308			-0.7185			-1.0000			-17.0000			7.0000			-10.0000			
1.5745			-1.3308			0.4145			0.6000			-17.0000			6.0000			-9.0000			
2.1310			-1.3308			-0.1520			0.6000			-17.0000			6.0000			-9.0000			
1.0180			-1.8876			-0.7185			-1.5000			-17.0000			7.0000			-9.0000			
1.5745			-1.3308			-0.1520			0.0000			-16.0000			7.0000			-8.0000			
1.0180			-1.3308			-1.2851			-1.6000			-17.0000			6.0000			-9.0000			
1.5745			-1.3308			-0.1520			0.0000			-16.0000			6.0000			-10.0000			
1.5745			-1.3308			-0.7185			-0.4000			-17.0000			5.0000			-9.0000			
1.0180			-1.3308			-0.1520			-0.4000			-15.0000			5.0000			-7.0000			
1.5745			-1.3308			-0.1520			0.0000			-17.0000			4.0000			-7.0000			
1.0180			-1.3308			-0.7185			-1.0000			-16.0000			4.0000			-7.0000			
2.1310			-1.3308			-0.1520			0.6000			-15.0000			2.0000			-7.0000			
1.5745			-1.3308			-1.2851			-1.0000			-14.0000			2.0000			-6.0000			
1.5745			-0.7741			-0.7185			0.0000			-14.0000			1.0000			-6.0000			
1.5745			-1.3308			-1.2851			-1.0000			-14.0000			1.0000			-5.0000			
1.0180			-0.7741			-1.2851			-1.0000			-13.0000			-1.0000			-6.0000			
1.5745			-1.3308			-1.2851			-1.0000			-13.0000			-1.0000			-5.0000			
1.5745			-1.3308			-1.2851			-1.0000			-12.0000			-1.0000			-5.0000			
1.5745			-1.3308			-1.2851			-1.0000			-12.0000			-1.0000			-5.0000			
1.5745			-0.2173			-1.2851			0.0000			-12.0000			-1.0000			-4.0000			
1.0180			-0.7741			-1.2851			-1.0000			-12.0000			-2.0000			-5.0000			
1.0180			-0.2173			-1.2851			-0.4000			-12.0000			-1.0000			-6.0000			
1.5745			-1.3308			-1.2851			-1.0000			-12.0000			-2.0000			-6.0000			
1.5745			-0.7741			-1.2851			-0.4000			-11.0000			-2.0000			-5.0000			
1.0180			-0.2173			-1.8516			-1.0000			-12.0000			-2.0000			-5.0000			
1.0180			0.3395			-0.7185			0.6000			-11.0000			-4.0000			-5.0000			
1.0180			-0.7741			-1.2851			-1.0000			-11.0000			-3.0000			-6.0000			
1.0180			-0.7741			-1.2851			-1.0000			-10.0000			-4.0000			-6.0000			
1.5745			-0.2173			-1.2851			0.0000			-10.0000			-4.0000			-6.0000			
1.0180			-0.7741			-1.2851			-1.0000			-10.0000			-4.0000			-6.0000			
1.0180			-0.2173			-1.2851			-0.4000			-10.0000			-6.0000			-5.0000			
1.0180			-0.2173			-1.2851			-0.4000			-10.0000			-6.0000			-5.0000			
1.0180			0.3395			-1.2851			0.0000			-9.0000			-6.0000			-4.0000			
1.0180			-0.2173			-1.8516			-1.0000			-10.0000			-6.0000			-2.0000			
1.5745			0.3395			-2.4181			-0.5000			-10.0000			-6.0000			-3.0000			
1.0180			0.8963			-2.9847			-1.0000			-9.0000			-7.0000			-3.0000			
1.0180			0.8963			-2.4181			-0.5000			-10.0000			-8.0000			-4.0000			
0.4615			0.3395			-2.9847			-2.1000			-9.0000			-9.0000			-4.0000			
1.0180			0.8963			-1.8516			0.0000			-8.0000			-9.0000			-2.0000			
1.0180			1.4530			-1.8516			0.6000			-6.0000			-11.0000			-2.0000			
1.0180			-0.2173			-2.4181			-1.6000			-6.0000			-11.0000			-5.0000			
0.4615			0.8963			-2.4181			-1.0000			-5.0000			-11.0000			-5.0000			
0.4615			0.8963			-1.2851			0.0000			-5.0000			-10.0000			-4.0000			
-0.0950			0.3395			-1.8516			-1.6000			-4.0000			-11.0000			-6.0000			
-0.6515			1.4530			-1.8516			-1.0000			-4.0000			-10.0000			-6.0000			
-0.6515			0.8963			-1.8516			-1.6000			-3.0000			-11.0000			-7.0000			
-0.0950			0.8963			-1.8516			-1.0000			-4.0000			-10.0000			-7.0000			
-0.6515			1.4530			-1.8516			-1.0000			-2.0000			-11.0000			-7.0000			
-0.6515			0.8963			-0.7185			-0.4000			-2.0000			-10.0000			-9.0000			
-0.6515			0.8963			-1.2851			-1.0000			-3.0000			-10.0000			-10.0000			
-0.6515			0.8963			-0.7185			-0.4000			-3.0000			-10.0000			-9.0000			
-0.0950			0.8963			-0.7185			0.0000			-1.0000			-10.0000			-10.0000			
-0.6515			0.8963			-1.2851			-1.0000			-1.0000			-10.0000			-11.0000			
-0.6515			0.8963			-0.1520			0.0000			-1.0000			-10.0000			-10.0000			
-1.2080			1.4530			-1.2851			-1.0000			-1.0000			-10.0000			-12.0000			
0.4615			0.8963			-0.1520			1.2000			-1.0000			-10.0000			-12.0000			
-0.6515			0.8963			-0.1520			0.0000			-1.0000			-9.0000			-13.0000			
-1.2080			1.4530			-0.7185			-0.4000			0.0000			-10.0000			-13.0000			
-1.2080			0.8963			-0.1520			-0.4000			0.0000			-9.0000			-13.0000			
-1.2080			0.8963			-0.1520			-0.4000			0.0000			-8.0000			-14.0000			
-0.6515			0.8963			-0.1520			0.0000			-1.0000			-8.0000			-14.0000			
-0.0950			0.3395			0.4145			0.6000			2.0000			-8.0000			-15.0000			
-1.2080			0.8963			-0.1520			-0.4000			-1.0000			-7.0000			-16.0000			
-1.7645			1.4530			-0.1520			-0.4000			-1.0000			-8.0000			-16.0000			
-1.2080			0.8963			0.4145			0.1000			-1.0000			-8.0000			-16.0000			
-1.7645			0.3395			-0.1520			-1.5000			0.0000			-7.0000			-17.0000			
-1.7645			0.3395			0.4145			-1.0000			1.0000			-6.0000			-17.0000			
-1.2080			0.8963			0.4145			0.1000			0.0000			-6.0000			-17.0000			
-1.2080			0.8963			0.4145			0.1000			0.0000			-4.0000			-17.0000			
-0.6515			-0.2173			0.4145			-0.4000			-1.0000			-6.0000			-17.0000			
-0.6515			0.8963			1.5476			1.7000			-1.0000			-5.0000			-18.0000			
-0.6515			0.3395			0.9811			0.6000			-1.0000			-4.0000			-18.0000			
-1.2080			0.3395			0.4145			-0.4000			-1.0000			-4.0000			-18.0000			
-0.0950			-0.2173			0.4145			0.1000			-2.0000			-3.0000			-19.0000			
-1.2080			0.3395			0.4145			-0.4000			-1.0000			-2.0000			-18.0000			
-0.6515			-0.2173			0.4145			-0.4000			-1.0000			-2.0000			-19.0000			
-0.0950			0.3395			0.4145			0.6000			-2.0000			-2.0000			-18.0000			
-0.6515			0.3395			0.4145			0.0000			-2.0000			-2.0000			-18.0000			
-0.0950			-0.2173			0.4145			0.1000			-3.0000			-2.0000			-18.0000			
-0.0950			-0.7741			0.4145			-0.4000			-4.0000			-1.0000			-18.0000			
-0.0950			-0.2173			-0.1520			-0.4000			-3.0000			-1.0000			-18.0000			
-0.0950			-0.2173			0.4145			0.1000			-5.0000			-1.0000			-17.0000			
-0.0950			-0.2173			0.9811			0.6000			-6.0000			-1.0000			-19.0000			
-0.0950			-0.2173			0.4145			0.1000			-4.0000			-1.0000			-18.0000			
-0.0950			-0.7741			0.4145			-0.4000			-6.0000			-1.0000			-18.0000			
0.4615			-1.3308			0.4145			-0.4000			-6.0000			-1.0000			-17.0000			
-0.0950			-0.2173			0.9811			0.6000			-6.0000			-1.0000			-17.0000			
0.4615			0.3395			-0.1520			0.6000			-7.0000			-1.0000			-17.0000			
0.4615			-0.2173			0.4145			0.6000			-6.0000			2.0000			-17.0000			
-0.0950			-0.2173			0.4145			0.1000			-7.0000			-1.0000			-17.0000			
1.0180			-0.2173			0.4145			1.2000			-7.0000			1.0000			-17.0000			
0.4615			-0.2173			0.9811			1.2000			-8.0000			2.0000			-17.0000			
-0.0950			-0.7741			-0.1520			-1.0000			-8.0000			2.0000			-17.0000			
0.4615			-0.7741			0.4145			0.1000			-8.0000			2.0000			-17.0000			
0.4615			-0.2173			0.4145			0.6000			-8.0000			2.0000			-17.0000			
0.4615			-0.7741			0.4145			0.1000			-10.0000			2.0000			-16.0000			
0.4615			-1.3308			0.4145			-0.4000			-10.0000			1.0000			-16.0000			
0.4615			-0.2173			-0.1520			0.0000			-9.0000			2.0000			-17.0000			
-0.0950			-0.2173			0.4145			0.1000			-8.0000			3.0000			-17.0000			
0.4615			-1.3308			0.4145			-0.4000			-9.0000			3.0000			-18.0000			
0.4615			-1.3308			0.9811			0.1000			-8.0000			3.0000			-17.0000			
-0.0950			-0.7741			0.9811			0.1000			-9.0000			2.0000			-17.0000			
0.4615			-0.7741			-0.1520			-0.4000			-9.0000			4.0000			-16.0000			
-0.0950			-0.7741			0.9811			0.1000			-9.0000			2.0000			-17.0000			
-0.0950			-0.7741			-0.1520			-1.0000			-9.0000			2.0000			-16.0000			
-0.0950			-0.7741			-0.1520			-1.0000			-10.0000			3.0000			-15.0000			
-0.6515			-0.7741			0.4145			-1.0000			-9.0000			2.0000			-15.0000			
-0.6515			-0.7741			-0.1520			-1.5000			-10.0000			3.0000			-16.0000			
-0.0950			-0.2173			0.4145			0.1000			-10.0000			3.0000			-16.0000			
1.0180			-0.7741			-0.1520			0.0000			-10.0000			4.0000			-16.0000			
0.4615			-0.7741			0.9811			0.6000			-11.0000			4.0000			-16.0000			
0.4615			-1.3308			0.4145			-0.4000			-11.0000			4.0000			-16.0000			
0.4615			-1.3308			-0.1520			-1.0000			-12.0000			5.0000			-17.0000			
1.0180			-1.3308			0.4145			0.0000			-11.0000			6.0000			-17.0000			
0.4615			-0.7741			0.9811			0.6000			-12.0000			6.0000			-16.0000			
0.4615			-1.3308			0.4145			-0.4000			-12.0000			5.0000			-16.0000			
1.0180			-1.3308			0.4145			0.0000			-13.0000			6.0000			-15.0000			
1.0180			-1.3308			-0.7185			-1.0000			-14.0000			6.0000			-16.0000			
0.4615			-1.3308			0.4145			-0.4000			-14.0000			5.0000			-15.0000			
0.4615			-1.3308			-0.1520			-1.0000			-13.0000			5.0000			-15.0000			
0.4615			-1.3308			-0.1520			-1.0000			-14.0000			5.0000			-14.0000			
1.0180			-1.8876			0.4145			-0.4000			-13.0000			5.0000			-14.0000			
0.4615			-1.3308			-0.1520			-1.0000			-14.0000			5.0000			-13.0000			
1.5745			-1.3308			-0.7185			-0.4000			-15.0000			4.0000			-13.0000			
1.0180			-1.8876			-0.1520			-1.0000			-14.0000			4.0000			-12.0000			
1.0180			-0.7741			-0.1520			0.0000			-14.0000			4.0000			-13.0000			
1.0180			-1.3308			-0.1520			-0.4000			-13.0000			3.0000			-11.0000			
1.5745			-1.3308			-0.1520			0.0000			-14.0000			3.0000			-11.0000			
0.4615			-1.8876			-1.2851			-2.7000			-13.0000			3.0000			-11.0000			
1.0180			-0.7741			-0.1520			0.0000			-14.0000			3.0000			-12.0000			
1.0180			-1.3308			-0.7185			-1.0000			-13.0000			2.0000			-11.0000			
1.5745			-0.7741			-0.1520			0.6000			-13.0000			2.0000			-10.0000			
1.0180			-0.7741			-0.1520			0.0000			-13.0000			3.0000			-10.0000			
1.0180			-0.7741			-1.2851			-1.0000			-13.0000			2.0000			-10.0000			
0.4615			-1.3308			-0.7185			-1.5000			-13.0000			1.0000			-10.0000			
1.0180			-1.3308			-0.7185			-1.0000			-12.0000			1.0000			-10.0000			
1.0180			-0.2173			-0.7185			0.0000			-13.0000			-1.0000			-9.0000			
1.0180			-1.3308			-0.7185			-1.0000			-13.0000			0.0000			-9.0000			
1.0180			-0.7741			-0.7185			-0.4000			-11.0000			0.0000			-9.0000			
1.0180			-0.7741			-0.7185			-0.4000			-12.0000			-1.0000			-9.0000			
0.4615			-1.3308			-0.7185			-1.5000			-11.0000			-1.0000			-9.0000			
1.0180			-0.7741			-0.1520			0.0000			-12.0000			-1.0000			-9.0000			
0.4615			-0.2173			-0.1520			0.0000			-12.0000			-1.0000			-8.0000			
0.4615			0.3395			-0.7185			0.0000			-12.0000			-2.0000			-8.0000			
0.4615			-0.7741			-1.2851			-1.5000			-10.0000			-2.0000			-9.0000			
0.4615			-0.7741			-1.2851			-1.5000			-10.0000			-1.0000			-9.0000			
0.4615			-0.2173			-1.2851			-1.0000			-10.0000			-1.0000			-8.0000			
1.0180			-0.2173			-1.2851			-0.4000			-10.0000			-2.0000			-9.0000			
1.0180			-0.2173			-1.2851			-0.4000			-10.0000			-2.0000			-9.0000			
1.0180			-0.2173			-1.2851			-0.4000			-10.0000			-2.0000			-8.0000			
-0.0950			-1.3308			-1.2851			-2.7000			-9.0000			-3.0000			-9.0000			
0.4615			-0.2173			-0.7185			-0.4000			-9.0000			-2.0000			-9.0000			
0.4615			-0.2173			-1.2851			-1.0000			-9.0000			-3.0000			-9.0000			
1.0180			0.3395			-1.2851			0.0000			-9.0000			-3.0000			-9.0000			
0.4615			-0.2173			-0.7185			-0.4000			-9.0000			-4.0000			-9.0000			
0.4615			0.3395			-0.7185			0.0000			-9.0000			-4.0000			-9.0000			
1.0180			0.3395			-1.2851			0.0000			-8.0000			-4.0000			-9.0000			
0.4615			0.3395			-1.2851			-0.4000			-7.0000			-3.0000			-9.0000			
0.4615			-0.2173			-0.7185			-0.4000			-7.0000			-4.0000			-10.0000			
1.0180			-0.2173			-1.2851			-0.4000			-8.0000			-4.0000			-10.0000			
0.4615			-0.2173			-1.2851			-1.0000			-7.0000			-4.0000			-11.0000			
0.4615			0.3395			-0.7185			0.0000			-7.0000			-4.0000			-11.0000			
-0.0950			0.3395			-0.7185			-0.4000			-7.0000			-4.0000			-10.0000			
0.4615			-0.2173			-1.2851			-1.0000			-6.0000			-4.0000			-10.0000			
0.4615			-0.2173			-0.7185			-0.4000			-7.0000			-3.0000			-10.0000			
-0.0950			-0.2173			-0.7185			-1.0000			-6.0000			-5.0000			-10.0000			
0.4615			0.3395			-0.7185			0.0000			-6.0000			-4.0000			-11.0000			
0.4615			0.3395			-0.1520			0.6000			-6.0000			-4.0000			-10.0000			
-0.0950			0.3395			-0.7185			-0.4000			-7.0000			-4.0000			-10.0000			
-0.0950			0.3395			-0.7185			-0.4000			-5.0000			-5.0000			-12.0000			
-0.0950			-0.7741			-0.7185			-1.5000			-5.0000			-5.0000			-11.0000			
-0.0950			0.8963			-0.7185			0.0000			-5.0000			-5.0000			-11.0000			
0.4615			0.3395			-0.7185			0.0000			-5.0000			-5.0000			-12.0000			
-0.0950			-0.2173			-0.7185			-1.0000			-5.0000			-5.0000			-12.0000			
-0.0950			0.3395			-0.7185			-0.4000			-6.0000			-5.0000			-13.0000			
0.4615			0.3395			-1.2851			-0.4000			-5.0000			-4.0000			-13.0000			
1.0180			0.3395			-1.2851			0.0000			-5.0000			-4.0000			-13.0000			
-0.0950			-0.2173			-0.1520			-0.4000			-4.0000			-3.0000			-12.0000			
0.4615			0.8963			-0.7185			0.6000			-5.0000			-5.0000			-12.0000			
-0.0950			-0.2173			-0.7185			-1.0000			-4.0000			-5.0000			-12.0000			
-0.0950			-0.2173			-0.7185			-1.0000			-4.0000			-5.0000			-12.0000			
0.4615			-0.2173			-0.1520			0.0000			-4.0000			-3.0000			-13.0000			
0.4615			0.3395			-0.1520			0.6000			-5.0000			-4.0000			-14.0000			
-0.0950			0.3395			-0.7185			-0.4000			-6.0000			-4.0000			-12.0000			
0.4615			0.8963			-0.7185			0.6000			-5.0000			-5.0000			-14.0000			
0.4615			0.3395			-1.2851			-0.4000			-5.0000			-4.0000			-13.0000			
-0.6515			-0.2173			0.4145			-0.4000			-4.0000			-4.0000			-13.0000			
-0.0950			-0.2173			-0.7185			-1.0000			-4.0000			-4.0000			-15.0000			
-0.6515			0.3395			-0.1520			-0.4000			-4.0000			-5.0000			-15.0000			
-0.0950			-0.2173			0.4145			0.1000			-5.0000			-5.0000			-15.0000			
0.4615			-0.2173			0.4145			0.6000			-4.0000			-4.0000			-15.0000			
1.0180			0.3395			-0.1520			1.1000			-5.0000			-4.0000			-14.0000			
-0.6515			-0.2173			0.4145			-0.4000			-4.0000			-2.0000			-15.0000			
-0.0950			0.3395			0.4145			0.6000			-5.0000			-2.0000			-15.0000			
0.4615			0.3395			-1.2851			-0.4000			-5.0000			-4.0000			-14.0000			
-0.0950			0.8963			-0.1520			0.6000			-5.0000			-3.0000			-15.0000			
-0.0950			-0.2173			0.4145			0.1000			-6.0000			-2.0000			-15.0000			
0.4615			-0.2173			-0.1520			0.0000			-6.0000			-3.0000			-15.0000			
0.4615			0.3395			0.4145			1.2000			-5.0000			-2.0000			-15.0000			
0.4615			-0.2173			-0.1520			0.0000			-6.0000			-3.0000			-16.0000			
0.4615			-0.2173			-0.1520			0.0000			-5.0000			-2.0000			-16.0000			
0.4615			-0.2173			-0.1520			0.0000			-5.0000			-2.0000			-16.0000			
-0.0950			-0.2173			-0.1520			-0.4000			-6.0000			-1.0000			-16.0000			
0.4615			-0.2173			-0.1520			0.0000			-5.0000			-1.0000			-15.0000			
-0.0950			-0.2173			0.4145			0.1000			-6.0000			-1.0000			-16.0000			
-0.0950			-0.2173			-0.1520			-0.4000			-5.0000			-2.0000			-17.0000			
1.0180			-0.7741			-0.1520			0.0000			-6.0000			-1.0000			-16.0000			
0.4615			-0.2173			-0.1520			0.0000			-5.0000			-1.0000			-17.0000			
-0.0950			-0.2173			-0.1520			-0.4000			-7.0000			-1.0000			-17.0000			
0.4615			-0.7741			0.4145			0.1000			-7.0000			-1.0000			-16.0000			
0.4615			-0.7741			-0.1520			-0.4000			-6.0000			-1.0000			-16.0000			
-0.0950			-0.7741			-0.1520			-1.0000			-7.0000			-1.0000			-17.0000			
0.4615			0.3395			0.4145			1.2000			-7.0000			-1.0000			-17.0000			
0.4615			-0.2173			-0.1520			0.0000			-7.0000			-1.0000			-17.0000			
0.4615			-0.2173			0.4145			0.6000			-7.0000			0.0000			-16.0000			
0.4615			-0.2173			-0.1520			0.0000			-7.0000			-1.0000			-15.0000			
0.4615			-0.2173			-0.7185			-0.4000			-8.0000			-1.0000			-15.0000			
-0.0950			-0.2173			-0.1520			-0.4000			-8.0000			0.0000			-16.0000			
-0.0950			0.3395			-0.7185			-0.4000			-7.0000			1.0000			-17.0000			
0.4615			-0.2173			-0.1520			0.0000			-7.0000			-1.0000			-15.0000			
-0.0950			-0.2173			-0.7185			-1.0000			-9.0000			1.0000			-15.0000			
0.4615			-0.2173			0.4145			0.6000			-9.0000			-1.0000			-15.0000			
0.4615			-0.2173			-0.1520			0.0000			-9.0000			1.0000			-17.0000			
1.0180			-0.7741			-0.1520			0.0000			-8.0000			1.0000			-14.0000			
0.4615			-0.2173			0.4145			0.6000			-8.0000			1.0000			-15.0000			
-0.0950			-0.2173			-0.7185			-1.0000			-8.0000			1.0000			-15.0000			
-0.0950			-0.2173			-0.7185			-1.0000			-9.0000			2.0000			-15.0000			
0.4615			-0.2173			-0.1520			0.0000			-9.0000			2.0000			-14.0000			
0.4615			-0.2173			-0.1520			0.0000			-9.0000			1.0000			-15.0000			
-0.0950			-0.2173			-0.1520			-0.4000			-9.0000			1.0000			-15.0000			
0.4615			-1.3308			-0.1520			-1.0000			-9.0000			1.0000			-15.0000			
0.4615			-0.7741			-0.1520			-0.4000			-9.0000			1.0000			-15.0000			
0.4615			-0.7741			-1.2851			-1.5000			-9.0000			1.0000			-14.0000			
0.4615			-0.2173			-0.1520			0.0000			-9.0000			3.0000			-14.0000			
0.4615			-0.2173			-0.7185			-0.4000			-10.0000			2.0000			-15.0000			
0.4615			-0.7741			-0.1520			-0.4000			-9.0000			2.0000			-13.0000			
-0.0950			-0.7741			-0.1520			-1.0000			-9.0000			1.0000			-14.0000			
0.4615			-0.2173			-0.1520			0.0000			-10.0000			2.0000			-14.0000			
1.0180			-1.3308			0.4145			0.0000			-9.0000			1.0000			-13.0000			
1.0180			-0.7741			-0.7185			-0.4000			-10.0000			2.0000			-14.0000			
1.0180			-0.2173			-0.1520			0.6000			-9.0000			2.0000			-13.0000			
0.4615			-0.2173			-0.1520			0.0000			-9.0000			1.0000			-13.0000			
1.0180			-0.7741			-0.1520			0.0000			-9.0000			2.0000			-13.0000			
0.4615			-0.2173			-0.1520			0.0000			-10.0000			2.0000			-14.0000			
0.4615			-0.2173			0.4145			0.6000			-10.0000			2.0000			-13.0000			
1.0180			-1.3308			-0.1520			-0.4000			-9.0000			1.0000			-13.0000			
0.4615			-0.7741			-0.7185			-1.0000			-10.0000			1.0000			-14.0000			
0.4615			-0.2173			-0.1520			0.0000			-11.0000			1.0000			-13.0000			
0.4615			-1.3308			-0.1520			-1.0000			-10.0000			1.0000			-13.0000			
0.4615			-0.2173			-0.1520			0.0000			-11.0000			-1.0000			-12.0000			
0.4615			-0.2173			-0.1520			0.0000			-10.0000			1.0000			-13.0000			
1.0180			-1.3308			-0.1520			-0.4000			-10.0000			1.0000			-13.0000			
0.4615			-0.7741			-0.7185			-1.0000			-9.0000			0.0000			-12.0000			
0.4615			-0.2173			-0.1520			0.0000			-8.0000			-1.0000			-12.0000			
-0.0950			-0.2173			-0.1520			-0.4000			-9.0000			0.0000			-12.0000			
0.4615			-1.3308			-0.1520			-1.0000			-10.0000			-1.0000			-13.0000			
-0.0950			-0.2173			-0.1520			-0.4000			-10.0000			1.0000			-12.0000			
0.4615			-0.2173			-0.1520			0.0000			-10.0000			1.0000			-12.0000			
0.4615			-0.7741			-0.1520			-0.4000			-9.0000			-1.0000			-11.0000			
-0.0950			-0.2173			-0.1520			-0.4000			-9.0000			-1.0000			-11.0000			
1.0180			-0.2173			-0.7185			0.0000			-9.0000			-1.0000			-11.0000			
1.5745			-0.2173			-0.7185			0.6000			-10.0000			-1.0000			-12.0000			
1.0180			-0.7741			-0.7185			-0.4000			-9.0000			-1.0000			-12.0000			
0.4615			-0.2173			0.4145			0.6000			-9.0000			-1.0000			-11.0000			
0.4615			-0.2173			-0.1520			0.0000			-9.0000			-1.0000			-11.0000			
1.0180			-0.2173			-0.7185			0.0000			-9.0000			-1.0000			-11.0000			
1.0180			-0.2173			-0.7185			0.0000			-9.0000			-1.0000			-12.0000			
0.4615			-0.2173			-0.7185			-0.4000			-9.0000			-1.0000			-11.0000			
1.0180			-1.3308			-0.7185			-1.0000			-9.0000			-1.0000			-12.0000			
0.4615			-0.2173			-0.1520			0.0000			-9.0000			-1.0000			-12.0000			
0.4615			0.3395			-0.1520			0.6000			-9.0000			-1.0000			-11.0000			
0.4615			-0.7741			-0.7185			-1.0000			-9.0000			-1.0000			-12.0000			
0.4615			-0.2173			-0.7185			-0.4000			-9.0000			-1.0000			-13.0000			
-0.0950			-0.2173			-0.7185			-1.0000			-8.0000			-1.0000			-12.0000			
0.4615			-0.2173			-0.7185			-0.4000			-8.0000			-1.0000			-10.0000			
-0.0950			-0.2173			-0.7185			-1.0000			-8.0000			-2.0000			-10.0000			
0.4615			-1.3308			-0.1520			-1.0000			-8.0000			-2.0000			-12.0000			
0.4615			-0.7741			-0.1520			-0.4000			-8.0000			-1.0000			-12.0000			
0.4615			-0.2173			-1.2851			-1.0000			-8.0000			-2.0000			-11.0000			
0.4615			-0.2173			-0.7185			-0.4000			-9.0000			-2.0000			-10.0000			
0.4615			-0.2173			-0.7185			-0.4000			-8.0000			-1.0000			-12.0000			
1.0180			-0.2173			-0.7185			0.0000			-7.0000			-2.0000			-12.0000			
-0.0950			-0.2173			-0.7185			-1.0000			-8.0000			-2.0000			-11.0000			
0.4615			-0.2173			-0.7185			-0.4000			-8.0000			-1.0000			-12.0000			
0.4615			-0.2173			-0.1520			0.0000			-7.0000			-1.0000			-10.0000			
0.4615			-0.7741			-0.1520			-0.4000			-6.0000			-2.0000			-11.0000			
0.4615			-0.7741			-0.1520			-0.4000			-7.0000			-2.0000			-12.0000			
0.4615			-0.2173			-0.7185			-0.4000			-8.0000			-2.0000			-12.0000			
0.4615			-0.2173			-0.7185			-0.4000			-7.0000			-3.0000			-12.0000			
0.4615			-0.7741			-0.7185			-1.0000			-5.0000			-2.0000			-11.0000			
0.4615			-0.7741			-0.7185			-1.0000			-7.0000			-2.0000			-12.0000			
0.4615			-0.2173			-0.7185			-0.4000			-7.0000			-2.0000			-13.0000			
1.5745			-0.7741			-0.1520			0.6000			-7.0000			-2.0000			-12.0000			
0.4615			-0.7741			-0.1520			-0.4000			-7.0000			-2.0000			-12.0000			
-0.0950			-0.2173			-0.1520			-0.4000			-7.0000			-3.0000			-12.0000			
0.4615			-0.2173			-0.7185			-0.4000			-7.0000			-1.0000			-12.0000			
1.0180			-0.2173			-0.1520			0.6000			-6.0000			-2.0000			-13.0000			
-0.0950			-0.2173			-0.7185			-1.0000			-7.0000			-1.0000			-13.0000			
-0.0950			-0.2173			0.4145			0.1000			-7.0000			-2.0000			-12.0000			
0.4615			-0.7741			-0.1520			-0.4000			-7.0000			-3.0000			-13.0000			
0.4615			-0.2173			-1.2851			-1.0000			-6.0000			-2.0000			-12.0000			
0.4615			0.3395			-0.7185			0.0000			-6.0000			-2.0000			-13.0000			
0.4615			-0.7741			-0.1520			-0.4000			-7.0000			-2.0000			-12.0000			
1.0180			-0.2173			-0.1520			0.6000			-7.0000			-2.0000			-13.0000			
0.4615			-0.7741			-0.7185			-1.0000			-7.0000			-1.0000			-13.0000			
1.0180			-0.2173			-0.1520			0.6000			-7.0000			-1.0000			-13.0000			
0.4615			-0.2173			-0.1520			0.0000			-6.0000			-2.0000			-13.0000			
0.4615			-0.7741			-0.1520			-0.4000			-7.0000			-1.0000			-12.0000			
0.4615			-0.7741			-1.2851			-1.5000			-7.0000			-2.0000			-13.0000			
0.4615			-0.2173			-0.7185			-0.4000			-6.0000			-2.0000			-13.0000			
0.4615			-0.2173			-0.7185			-0.4000			-6.0000			-2.0000			-13.0000			
0.4615			-0.7741			-0.1520			-0.4000			-7.0000			-1.0000			-13.0000			
1.0180			-0.2173			-0.7185			0.0000			-6.0000			-2.0000			-12.0000			
-0.0950			-0.2173			-0.7185			-1.0000			-7.0000			-2.0000			-14.0000			
0.4615			-0.2173			-0.7185			-0.4000			-6.0000			-1.0000			-13.0000			
0.4615			-0.2173			-0.7185			-0.4000			-6.0000			-1.0000			-13.0000			
0.4615			0.3395			-0.7185			0.0000			-7.0000			-2.0000			-13.0000			
0.4615			-0.2173			-1.2851			-1.0000			-6.0000			-2.0000			-13.0000			
-0.0950			-0.2173			-0.1520			-0.4000			-6.0000			-1.0000			-14.0000			
1.0180			-0.7741			-1.2851			-1.0000			-6.0000			-1.0000			-14.0000			
1.0180			0.3395			-0.7185			0.6000			-7.0000			-1.0000			-13.0000			
0.4615			-0.2173			-0.1520			0.0000			-6.0000			-1.0000			-14.0000			
0.4615			-0.7741			-0.1520			-0.4000			-6.0000			-2.0000			-14.0000			
0.4615			-0.2173			-0.7185			-0.4000			-6.0000			-1.0000			-13.0000			
0.4615			-0.2173			-0.1520			0.0000			-6.0000			-1.0000			-13.0000			
0.4615			0.3395			-0.7185			0.0000			-7.0000			-1.0000			-13.0000			
1.0180			-0.2173			-0.7185			0.0000			-6.0000			-1.0000			-15.0000			
0.4615			-0.2173			-0.7185			-0.4000			-7.0000			-1.0000			-14.0000			
1.0180			-0.7741			-0.7185			-0.4000			-6.0000			-1.0000			-13.0000			
-0.0950			-0.7741			0.4145			-0.4000			-7.0000			-2.0000			-13.0000			
0.4615			-1.3308			-0.7185			-1.5000			-8.0000			-1.0000			-13.0000			
1.0180			0.3395			-0.1520			1.1000			-6.0000			-1.0000			-14.0000			
0.4615			-0.2173			-0.1520			0.0000			-6.0000			-1.0000			-14.0000			
1.0180			-0.2173			-0.1520			0.6000			-7.0000			-1.0000			-14.0000			
0.4615			-0.2173			-0.1520			0.0000			-7.0000			-1.0000			-14.0000			
0.4615			-0.2173			-0.1520			0.0000			-8.0000			-1.0000			-13.0000			
0.4615			-0.2173			-0.1520			0.0000			-7.0000			-1.0000			-14.0000			
0.4615			-0.2173			-0.7185			-0.4000			-7.0000			-1.0000			-14.0000			
0.4615			-0.7741			-0.7185			-1.0000			-7.0000			-1.0000			-13.0000			
0.4615			-0.7741			-0.7185			-1.0000			-7.0000			-1.0000			-14.0000			
1.0180			-0.2173			-0.1520			0.6000			-7.0000			0.0000			-13.0000			
0.4615			-0.2173			-0.1520			0.0000			-8.0000			-1.0000			-15.0000			
1.0180			-0.7741			-0.7185			-0.4000			-8.0000			-1.0000			-13.0000			
0.4615			0.3395			-0.1520			0.6000			-8.0000			-1.0000			-13.0000			
1.0180			0.3395			-0.1520			1.1000			-7.0000			-1.0000			-14.0000			
1.0180			-0.2173			-0.1520			0.6000			-8.0000			-1.0000			-13.0000			
-0.0950			-0.2173			-1.2851			-1.5000			-7.0000			-1.0000			-13.0000			
1.0180			0.3395			0.4145			1.7000			-7.0000			-1.0000			-13.0000			
1.0180			-0.2173			-0.1520			0.6000			-9.0000			-1.0000			-14.0000			
0.4615			0.3395			-1.2851			-0.4000			-7.0000			-1.0000			-13.0000			
0.4615			-0.2173			-0.1520			0.0000			-8.0000			-1.0000			-14.0000			
0.4615			0.3395			-0.1520			0.6000			-8.0000			-1.0000			-13.0000			
0.4615			-0.2173			-0.7185			-0.4000			-7.0000			-1.0000			-13.0000			
-0.6515			-0.7741			-0.7185			-2.1000			-8.0000			-1.0000			-13.0000			
-0.0950			-0.2173			-0.1520			-0.4000			-7.0000			-1.0000			-13.0000			
0.4615			-0.7741			-0.7185			-1.0000			-9.0000			-1.0000			-13.0000			
1.0180			-0.2173			-0.7185			0.0000			-8.0000			1.0000			-14.0000			
-0.0950			-0.2173			-0.1520			-0.4000			-8.0000			-1.0000			-13.0000			
0.4615			-0.2173			-0.7185			-0.4000			-8.0000			-1.0000			-14.0000			
0.4615			-0.2173			-1.2851			-1.0000			-9.0000			-1.0000			-14.0000			
0.4615			-0.7741			-0.1520			-0.4000			-9.0000			-1.0000			-13.0000			
1.0180			-0.7741			-0.7185			-0.4000			-8.0000			-1.0000			-13.0000			
-0.0950			-0.2173			-0.1520			-0.4000			-9.0000			-1.0000			-14.0000			
0.4615			-0.7741			-1.2851			-1.5000			-8.0000			-1.0000			-13.0000			
0.4615			-0.2173			-0.7185			-0.4000			-8.0000			-1.0000			-13.0000			
0.4615			-0.2173			-0.1520			0.0000			-8.0000			-1.0000			-14.0000			
0.4615			-0.2173			-0.1520			0.0000			-9.0000			-1.0000			-13.0000			
0.4615			-0.2173			-0.7185			-0.4000			-9.0000			0.0000			-13.0000			
1.0180			-0.2173			-0.7185			0.0000			-8.0000			-1.0000			-13.0000			
1.0180			-0.7741			-0.7185			-0.4000			-8.0000			-1.0000			-13.0000			
1.0180			-0.7741			-0.7185			-0.4000			-8.0000			-1.0000			-13.0000			
0.4615			-0.2173			-0.1520			0.0000			-7.0000			1.0000			-13.0000			
1.0180			-0.7741			-0.1520			0.0000			-9.0000			-1.0000			-13.0000			
0.4615			-0.2173			-0.7185			-0.4000			-8.0000			-1.0000			-14.0000			
0.4615			-0.7741			-0.7185			-1.0000			-8.0000			-1.0000			-13.0000			
0.4615			-0.7741			-1.2851			-1.5000			-8.0000			-1.0000			-11.0000			
-0.0950			-0.2173			-0.1520			-0.4000			-8.0000			-1.0000			-13.0000			
0.4615			-0.7741			-0.7185			-1.0000			-8.0000			-1.0000			-13.0000			
0.4615			-0.7741			-0.7185			-1.0000			-8.0000			-1.0000			-13.0000			
0.4615			-0.2173			-0.7185			-0.4000			-8.0000			-1.0000			-13.0000			
0.4615			-0.2173			-0.1520			0.0000			-9.0000			-1.0000			-13.0000			
0.4615			-1.3308			-0.1520			-1.0000			-7.0000			-1.0000			-12.0000			
0.4615			-0.7741			-1.2851			-1.5000			-8.0000			-1.0000			-13.0000			
1.0180			-0.2173			-0.7185			0.0000			-9.0000			-1.0000			-12.0000			
1.5745			-0.7741			-0.1520			0.6000			-7.0000			-1.0000			-13.0000			
0.4615			-0.2173			-0.1520			0.0000			-9.0000			-1.0000			-12.0000			
1.0180			-0.7741			-0.7185			-0.4000			-8.0000			-1.0000			-13.0000			
0.4615			-0.7741			-0.1520			-0.4000			-8.0000			-1.0000			-13.0000			
0.4615			-0.2173			-0.1520			0.0000			-8.0000			-1.0000			-12.0000			
0.4615			-0.2173			-0.7185			-0.4000			-8.0000			-1.0000			-13.0000			
1.0180			-0.2173			-0.7185			0.0000			-8.0000			-1.0000			-12.0000			
0.4615			-0.7741			-0.7185			-1.0000			-7.0000			-1.0000			-12.0000			
0.4615			-0.2173			-1.2851			-1.0000			-8.0000			-1.0000			-12.0000			
0.4615			-0.7741			-0.1520			-0.4000			-7.0000			-1.0000			-12.0000			
0.4615			-0.7741			-0.7185			-1.0000			-8.0000			-1.0000			-12.0000			
-0.0950			-0.2173			-0.7185			-1.0000			-8.0000			-1.0000			-12.0000			
0.4615			-0.7741			-0.7185			-1.0000			-8.0000			-1.0000			-13.0000			
0.4615			-0.2173			-0.7185			-0.4000			-8.0000			-1.0000			-12.0000			
1.5745			-0.2173			-0.7185			0.6000			-7.0000			-1.0000			-12.0000			
1.0180			-0.7741			-0.1520			0.0000			-7.0000			-1.0000			-13.0000			
0.4615			-0.2173			-0.7185			-0.4000			-7.0000			-1.0000			-12.0000			
1.0180			-0.2173			-0.7185			0.0000			-7.0000			-1.0000			-13.0000			
1.0180			-0.2173			-0.1520			0.6000			-7.0000			-1.0000			-11.0000			
1.5745			-0.2173			-1.2851			0.0000			-7.0000			-1.0000			-13.0000			
0.4615			0.3395			-0.7185			0.0000			-7.0000			-1.0000			-12.0000			
0.4615			-0.2173			0.4145			0.6000			-8.0000			-1.0000			-12.0000			
1.0180			-0.7741			-0.1520			0.0000			-8.0000			-1.0000			-12.0000			
0.4615			-0.2173			-0.7185			-0.4000			-7.0000			-1.0000			-12.0000			
1.0180			-0.7741			-0.7185			-0.4000			-7.0000			-1.0000			-12.0000			
1.0180			0.3395			-1.2851			0.0000			-6.0000			-1.0000			-14.0000			
1.5745			-0.2173			-0.7185			0.6000			-8.0000			-1.0000			-14.0000			
0.4615			-0.7741			-1.2851			-1.5000			-7.0000			-1.0000			-12.0000			
1.0180			-0.7741			-0.7185			-0.4000			-6.0000			-1.0000			-12.0000			
0.4615			0.3395			-0.7185			0.0000			-7.0000			-1.0000			-13.0000			
0.4615			-0.2173			-0.7185			-0.4000			-6.0000			-1.0000			-12.0000			
0.4615			-0.7741			-0.1520			-0.4000			-7.0000			-1.0000			-12.0000			
0.4615			-0.2173			-0.7185			-0.4000			-7.0000			-1.0000			-11.0000			
0.4615			-0.2173			-0.7185			-0.4000			-7.0000			-1.0000			-12.0000			
-0.0950			-1.3308			-1.2851			-2.7000			-8.0000			-1.0000			-12.0000			
1.0180			-0.2173			-1.2851			-0.4000			-7.0000			-1.0000			-13.0000			
1.0180			-0.7741			-0.7185			-0.4000			-7.0000			-1.0000			-12.0000			
1.0180			-0.2173			-1.2851			-0.4000			-6.0000			-1.0000			-12.0000			
1.0180			-0.7741			-1.2851			-1.0000			-8.0000			-1.0000			-12.0000			
0.4615			-0.2173			-0.7185			-0.4000			-7.0000			-1.0000			-13.0000			
0.4615			-0.2173			-0.1520			0.0000			-7.0000			-1.0000			-12.0000			
0.4615			-0.2173			-0.7185			-0.4000			-7.0000			-1.0000			-12.0000			
0.4615			-0.7741			-0.1520			-0.4000			-7.0000			-1.0000			-13.0000			
1.0180			-0.2173			-0.1520			0.6000			-7.0000			-1.0000			-13.0000			
1.0180			0.3395			-0.7185			0.6000			-7.0000			-1.0000			-13.0000			
1.5745			-0.2173			-1.2851			0.0000			-7.0000			-1.0000			-12.0000			
1.0180			-0.2173			-0.7185			0.0000			-7.0000			-2.0000			-13.0000			
