109.8252			4.8684			-113.2090			1.4000			-158.0000			25.0000			115.0000			
105.3744			9.3350			-115.4231			-0.7000			-153.0000			4.0000			125.0000			
94.2473			19.3850			-116.5301			-2.9000			-146.0000			-19.0000			133.0000			
78.1131			33.3433			-114.8696			-3.4000			-137.0000			-41.0000			140.0000			
65.8734			43.9516			-111.5484			-1.7000			-128.0000			-63.0000			147.0000			
60.3099			48.9766			-109.8879			-0.5000			-118.0000			-85.0000			151.0000			
56.9718			52.3266			-108.7808			0.5000			-106.0000			-105.0000			155.0000			
49.1828			57.3515			-108.7808			-2.2000			-94.0000			-125.0000			159.0000			
39.7249			68.5182			-109.3343			-1.0000			-82.0000			-145.0000			161.0000			
30.8232			76.3348			-109.3343			-2.1000			-70.0000			-161.0000			162.0000			
25.8161			83.5931			-110.4414			-1.0000			-58.0000			-179.0000			162.0000			
19.1399			90.2931			-110.9949			-1.5000			-46.0000			-194.0000			161.0000			
9.6819			98.6681			-109.3343			-0.9000			-33.0000			-209.0000			159.0000			
-0.8888			108.7180			-109.3343			-1.4000			-21.0000			-223.0000			159.0000			
-6.4523			114.8597			-108.7808			-0.3000			-8.0000			-236.0000			155.0000			
-10.3468			115.4180			-106.5667			-1.4000			6.0000			-247.0000			150.0000			
-24.8119			116.5347			-92.7286			-1.0000			20.0000			-258.0000			143.0000			
-39.8334			113.1847			-74.4624			-1.1000			35.0000			-266.0000			136.0000			
-48.1787			109.8347			-61.7313			0.0000			49.0000			-272.0000			128.0000			
-50.9605			108.1597			-56.7496			0.4000			62.0000			-276.0000			117.0000			
-52.0732			107.0430			-53.9820			0.9000			74.0000			-280.0000			108.0000			
-60.4184			105.3681			-46.7862			-1.8000			88.0000			-281.0000			97.0000			
-70.4328			105.9264			-36.2693			-0.7000			100.0000			-282.0000			85.0000			
-76.5526			104.2514			-27.9664			-0.2000			112.0000			-281.0000			74.0000			
-83.7852			104.2514			-21.3241			-0.8000			122.0000			-278.0000			61.0000			
-91.5741			104.8097			-14.1283			-0.8000			131.0000			-274.0000			50.0000			
-100.4757			104.8097			-5.2720			-0.9000			140.0000			-269.0000			38.0000			
-109.9337			105.9264			3.5844			-0.4000			148.0000			-261.0000			24.0000			
-111.6028			104.8097			8.0126			1.2000			157.0000			-254.0000			11.0000			
-113.2718			96.9931			17.4225			1.1000			164.0000			-244.0000			-1.0000			
-112.1591			81.9181			32.3676			2.1000			170.0000			-231.0000			-16.0000			
-110.4901			66.2848			45.6522			1.4000			174.0000			-216.0000			-32.0000			
-109.3774			59.0265			52.2944			1.9000			177.0000			-200.0000			-45.0000			
-107.7083			55.1182			52.8480			0.2000			179.0000			-183.0000			-60.0000			
-108.8210			52.8849			56.7226			0.7000			180.0000			-166.0000			-74.0000			
-108.8210			43.9516			65.5790			0.7000			181.0000			-147.0000			-88.0000			
-108.8210			32.7850			74.4354			-1.5000			182.0000			-128.0000			-100.0000			
-106.5956			24.9683			82.1847			0.5000			180.0000			-109.0000			-112.0000			
-107.7083			18.2683			90.4875			1.0000			180.0000			-89.0000			-124.0000			
-109.9337			11.5684			98.7904			0.4000			176.0000			-70.0000			-133.0000			
-111.0464			4.8684			107.6468			1.4000			172.0000			-49.0000			-145.0000			
-111.0464			-2.9483			113.1820			-0.8000			168.0000			-28.0000			-156.0000			
-106.0393			-7.4149			114.8426			1.3000			162.0000			-7.0000			-165.0000			
-94.9122			-19.6982			117.0567			2.4000			153.0000			14.0000			-173.0000			
-79.3344			-34.7732			115.9496			1.8000			145.0000			36.0000			-180.0000			
-66.5383			-45.9398			113.1820			0.7000			135.0000			59.0000			-187.0000			
-60.9748			-49.2898			111.5214			1.2000			125.0000			79.0000			-193.0000			
-58.1930			-49.8481			109.8609			1.8000			114.0000			101.0000			-197.0000			
-49.2914			-57.1064			107.0932			0.7000			101.0000			121.0000			-199.0000			
-38.1644			-68.2730			108.2003			1.7000			90.0000			140.0000			-202.0000			
-29.8191			-77.7647			108.2003			0.6000			77.0000			157.0000			-204.0000			
-24.8119			-84.4647			109.8609			0.5000			65.0000			174.0000			-205.0000			
-18.6921			-90.6063			109.3073			0.0000			52.0000			190.0000			-204.0000			
-8.6777			-97.8646			109.3073			2.7000			40.0000			205.0000			-203.0000			
0.7802			-109.0313			108.2003			0.0000			27.0000			217.0000			-199.0000			
5.7874			-115.1729			109.8609			0.4000			14.0000			231.0000			-197.0000			
11.3509			-116.2896			105.9862			1.0000			-1.0000			242.0000			-192.0000			
26.3724			-117.4062			92.1481			1.1000			-14.0000			252.0000			-186.0000			
41.9503			-113.4979			72.2213			0.6000			-28.0000			261.0000			-178.0000			
50.2955			-110.1479			61.1508			1.2000			-43.0000			266.0000			-169.0000			
51.4082			-109.5896			57.2761			-0.8000			-55.0000			269.0000			-160.0000			
52.5209			-108.4729			56.1691			0.2000			-69.0000			274.0000			-148.0000			
62.5353			-107.3563			46.2057			1.3000			-81.0000			274.0000			-138.0000			
72.5496			-106.7979			35.1352			0.8000			-93.0000			275.0000			-126.0000			
78.6695			-105.1229			26.8324			0.3000			-105.0000			273.0000			-115.0000			
85.3457			-106.2396			21.8507			0.9000			-114.0000			271.0000			-103.0000			
90.9092			-105.6813			15.7619			1.0000			-124.0000			266.0000			-92.0000			
99.8108			-106.2396			5.7985			-0.6000			-134.0000			261.0000			-79.0000			
110.3815			-106.7979			-3.0579			0.5000			-142.0000			255.0000			-65.0000			
112.6069			-104.0063			-10.2537			-1.6000			-149.0000			246.0000			-53.0000			
112.6069			-95.0730			-19.1101			-1.5000			-157.0000			236.0000			-38.0000			
112.0506			-79.9980			-32.9481			-0.8000			-162.0000			222.0000			-23.0000			
109.8252			-64.9231			-45.1256			-0.2000			-166.0000			207.0000			-9.0000			
108.7125			-58.7814			-51.2144			-1.2000			-170.0000			191.0000			6.0000			
107.0434			-55.9898			-51.2144			-0.1000			-172.0000			175.0000			20.0000			
107.0434			-50.9648			-56.1961			-0.1000			-173.0000			159.0000			35.0000			
107.0434			-42.5898			-64.4990			0.0000			-174.0000			140.0000			49.0000			
105.9307			-31.9815			-75.0159			-1.0000			-174.0000			120.0000			62.0000			
105.9307			-23.0482			-82.2117			0.6000			-173.0000			102.0000			73.0000			
106.4871			-18.0232			-89.4075			-0.9000			-169.0000			83.0000			86.0000			
108.7125			-11.3232			-98.2639			-0.8000			-166.0000			63.0000			95.0000			
109.8252			-2.9483			-107.1202			-0.2000			-162.0000			44.0000			107.0000			
109.2688			4.8684			-114.8696			-0.7000			-157.0000			22.0000			119.0000			
104.2616			10.4517			-117.0837			-2.3000			-151.0000			3.0000			127.0000			
92.0219			23.8516			-117.6372			-1.7000			-144.0000			-20.0000			136.0000			
76.4441			36.6933			-115.4231			-2.2000			-135.0000			-42.0000			143.0000			
65.3170			45.6266			-111.5484			-0.6000			-125.0000			-65.0000			149.0000			
59.7535			48.9766			-109.8879			-1.1000			-115.0000			-86.0000			153.0000			
56.4154			52.3266			-108.7808			0.0000			-104.0000			-106.0000			156.0000			
46.9574			60.1432			-109.3343			-2.2000			-93.0000			-128.0000			159.0000			
36.9431			71.3098			-110.9949			-2.7000			-82.0000			-146.0000			162.0000			
30.2669			79.1265			-110.9949			-1.6000			-69.0000			-163.0000			162.0000			
25.8161			85.8264			-111.5484			0.0000			-58.0000			-181.0000			162.0000			
19.1399			91.4098			-110.4414			0.1000			-46.0000			-197.0000			161.0000			
8.0128			100.3431			-110.4414			-2.0000			-33.0000			-211.0000			160.0000			
-0.8888			110.9514			-110.4414			-0.3000			-19.0000			-226.0000			158.0000			
-5.8960			116.5347			-111.5484			-0.9000			-6.0000			-239.0000			154.0000			
-12.0158			116.5347			-107.1202			-2.6000			7.0000			-250.0000			150.0000			
-27.5937			117.0930			-91.6216			-2.1000			20.0000			-259.0000			144.0000			
-42.6152			114.3014			-72.8018			-1.1000			36.0000			-268.0000			135.0000			
-49.2914			111.5097			-61.1778			1.0000			50.0000			-273.0000			126.0000			
-51.5168			109.2764			-58.4102			-0.6000			63.0000			-278.0000			116.0000			
-53.1859			108.1597			-54.5355			0.4000			75.0000			-281.0000			107.0000			
-62.6438			107.6014			-46.2327			-1.2000			87.0000			-283.0000			95.0000			
-72.1018			106.4847			-35.1622			-0.7000			101.0000			-284.0000			85.0000			
-77.6653			105.3681			-27.4129			0.2000			113.0000			-281.0000			72.0000			
-84.8979			105.3681			-22.4312			-1.9000			124.0000			-278.0000			60.0000			
-92.1305			105.9264			-14.1283			-0.3000			132.0000			-274.0000			49.0000			
-102.1448			105.9264			-5.2720			-1.4000			141.0000			-267.0000			36.0000			
-111.6028			107.0430			4.1379			-0.4000			149.0000			-261.0000			23.0000			
-113.2718			105.3681			8.5661			0.6000			158.0000			-252.0000			12.0000			
-114.3845			96.9931			17.9760			0.5000			165.0000			-242.0000			-3.0000			
-114.3845			80.8015			34.0282			0.4000			171.0000			-230.0000			-17.0000			
-111.0464			64.6099			47.3127			0.8000			175.0000			-214.0000			-33.0000			
-110.4901			58.4682			51.7409			-0.2000			179.0000			-198.0000			-48.0000			
-108.8210			56.2349			52.8480			0.2000			180.0000			-180.0000			-61.0000			
-109.3774			51.7682			57.8297			0.2000			182.0000			-163.0000			-74.0000			
-109.9337			43.3933			67.2396			0.6000			182.0000			-145.0000			-89.0000			
-107.7083			32.7850			76.0959			1.1000			181.0000			-126.0000			-100.0000			
-106.5956			22.7350			83.8453			0.0000			181.0000			-106.0000			-114.0000			
-108.2647			16.5933			92.1481			0.4000			179.0000			-86.0000			-126.0000			
-109.9337			10.4517			99.8974			0.4000			175.0000			-66.0000			-135.0000			
-111.0464			3.7517			108.7538			1.4000			171.0000			-46.0000			-147.0000			
-111.0464			-4.0649			114.8426			-0.2000			167.0000			-25.0000			-156.0000			
-106.5956			-8.5316			115.9496			0.8000			159.0000			-4.0000			-166.0000			
-93.2432			-23.6065			117.6102			0.7000			153.0000			18.0000			-174.0000			
-77.6653			-38.6815			117.0567			0.7000			143.0000			40.0000			-183.0000			
-65.4256			-47.0565			113.7355			1.2000			133.0000			60.0000			-188.0000			
-60.9748			-49.2898			112.0749			1.8000			123.0000			81.0000			-193.0000			
-56.5240			-52.0814			110.4144			1.8000			112.0000			103.0000			-197.0000			
-47.0660			-59.3397			107.0932			0.6000			100.0000			122.0000			-201.0000			
-37.6080			-69.9480			108.2003			0.6000			88.0000			141.0000			-203.0000			
-29.8191			-79.4397			109.3073			0.0000			76.0000			159.0000			-204.0000			
-23.6992			-86.1397			110.4144			0.5000			63.0000			175.0000			-204.0000			
-15.9103			-91.7230			109.8609			2.2000			51.0000			191.0000			-204.0000			
-6.4523			-101.7729			108.2003			0.0000			39.0000			206.0000			-203.0000			
1.8930			-111.2646			109.3073			0.0000			25.0000			219.0000			-200.0000			
5.7874			-115.1729			109.8609			0.4000			11.0000			233.0000			-196.0000			
12.4636			-117.9646			105.4327			0.0000			-2.0000			244.0000			-191.0000			
29.1542			-117.4062			89.3805			1.1000			-15.0000			254.0000			-185.0000			
43.6193			-114.6146			69.4537			-1.5000			-30.0000			263.0000			-175.0000			
51.4082			-110.7062			60.0438			0.7000			-44.0000			267.0000			-167.0000			
51.9646			-109.0313			58.3832			1.3000			-57.0000			271.0000			-157.0000			
54.1900			-108.4729			55.0621			0.7000			-70.0000			274.0000			-147.0000			
64.2043			-109.5896			45.0986			-0.2000			-82.0000			275.0000			-136.0000			
73.6623			-107.9146			33.4747			-0.7000			-94.0000			277.0000			-124.0000			
79.7822			-106.2396			25.7253			-0.7000			-105.0000			275.0000			-113.0000			
85.9020			-106.7979			21.2971			0.4000			-114.0000			271.0000			-102.0000			
93.1346			-106.7979			14.1013			0.4000			-125.0000			266.0000			-89.0000			
103.1489			-106.2396			3.5844			0.5000			-135.0000			261.0000			-76.0000			
111.4942			-107.9146			-5.2720			-1.6000			-143.0000			254.0000			-64.0000			
113.7196			-104.5646			-9.1466			0.0000			-150.0000			246.0000			-49.0000			
113.7196			-95.6313			-20.2171			-2.1000			-157.0000			234.0000			-37.0000			
113.7196			-77.7647			-36.2693			-0.3000			-163.0000			222.0000			-21.0000			
110.9379			-63.8064			-47.8933			-0.7000			-166.0000			207.0000			-7.0000			
109.2688			-58.2231			-52.8750			-1.8000			-169.0000			191.0000			8.0000			
109.2688			-56.5481			-52.8750			-0.1000			-172.0000			174.0000			23.0000			
107.0434			-49.8481			-57.3032			-0.1000			-173.0000			156.0000			37.0000			
107.5998			-41.4731			-67.2666			-1.1000			-174.0000			138.0000			50.0000			
106.4871			-29.7482			-77.7835			-1.0000			-173.0000			119.0000			63.0000			
107.0434			-23.0482			-84.9793			-0.9000			-171.0000			100.0000			76.0000			
108.1561			-18.5815			-91.6216			-2.0000			-170.0000			81.0000			86.0000			
109.2688			-10.2066			-99.3709			-0.3000			-165.0000			62.0000			99.0000			
110.3815			-1.2733			-109.8879			-0.7000			-161.0000			41.0000			109.0000			
109.8252			6.5434			-115.9766			0.3000			-156.0000			20.0000			120.0000			
104.8180			12.6850			-116.5301			0.9000			-149.0000			-1.0000			128.0000			
91.4656			26.0850			-118.1907			-0.6000			-144.0000			-24.0000			136.0000			
75.3314			38.3683			-115.9766			-2.2000			-134.0000			-47.0000			142.0000			
64.7607			47.3016			-113.2090			-1.1000			-125.0000			-69.0000			147.0000			
59.1972			50.6516			-112.6555			-2.8000			-114.0000			-90.0000			153.0000			
55.8591			53.4432			-110.4414			-1.1000			-103.0000			-110.0000			157.0000			
46.9574			62.3765			-108.7808			0.5000			-91.0000			-130.0000			159.0000			
36.3868			73.5432			-111.5484			-1.6000			-80.0000			-149.0000			161.0000			
28.0415			80.8015			-110.9949			-2.1000			-67.0000			-166.0000			163.0000			
23.5907			86.9431			-112.6555			-2.1000			-56.0000			-184.0000			163.0000			
17.4708			93.0848			-111.5484			-0.9000			-43.0000			-198.0000			163.0000			
6.3438			102.0181			-110.9949			-2.6000			-30.0000			-214.0000			161.0000			
-2.0015			112.6264			-111.5484			-0.9000			-17.0000			-227.0000			158.0000			
-7.0087			118.2097			-111.5484			-0.3000			-4.0000			-239.0000			154.0000			
-14.2412			118.7680			-106.0132			-1.4000			9.0000			-250.0000			149.0000			
-29.2627			118.2097			-89.9610			-1.0000			23.0000			-260.0000			143.0000			
-44.2842			114.3014			-71.1412			-1.1000			37.0000			-268.0000			135.0000			
-50.4041			112.0680			-61.7313			0.0000			51.0000			-274.0000			127.0000			
-51.5168			109.8347			-58.4102			0.0000			63.0000			-278.0000			117.0000			
-54.8549			108.1597			-53.4285			-0.1000			78.0000			-282.0000			105.0000			
-64.8692			108.1597			-44.0186			-0.7000			90.0000			-282.0000			94.0000			
-72.6582			107.0430			-34.6087			-0.2000			103.0000			-282.0000			83.0000			
-80.4471			105.3681			-26.3059			-1.3000			114.0000			-280.0000			70.0000			
-86.5670			106.4847			-20.7706			-0.8000			124.0000			-278.0000			60.0000			
-92.6868			105.9264			-13.0213			0.2000			134.0000			-273.0000			47.0000			
-102.1448			105.3681			-3.0579			0.1000			142.0000			-267.0000			35.0000			
-111.0464			105.9264			5.7985			0.6000			151.0000			-259.0000			21.0000			
-113.2718			103.1347			10.2267			0.0000			158.0000			-252.0000			8.0000			
-113.2718			93.6431			20.7436			1.1000			165.0000			-241.0000			-5.0000			
-112.7155			76.3348			36.7958			0.4000			170.0000			-227.0000			-20.0000			
-105.4829			66.8432			31.2606			-7.3000			173.0000			-214.0000			-32.0000			
-96.0249			75.7765			21.8507			1.5000			178.0000			-197.0000			-41.0000			
-88.2360			80.2431			7.4591			-0.5000			179.0000			-183.0000			-50.0000			
-82.6725			79.6848			4.1379			1.1000			180.0000			-169.0000			-58.0000			
-80.4471			70.7515			8.5661			-1.1000			178.0000			-154.0000			-66.0000			
-77.6653			60.1432			17.9760			0.4000			176.0000			-138.0000			-72.0000			
-75.9963			51.2099			27.3859			2.6000			174.0000			-121.0000			-77.0000			
-75.9963			46.7432			31.2606			2.0000			171.0000			-104.0000			-86.0000			
-70.9891			41.7183			30.1535			0.8000			166.0000			-85.0000			-95.0000			
-60.9748			37.2516			25.7253			2.0000			160.0000			-65.0000			-105.0000			
-45.9533			29.9933			19.0830			3.1000			154.0000			-42.0000			-115.0000			
-34.8263			25.5266			12.4408			3.1000			146.0000			-18.0000			-124.0000			
-32.6008			21.6183			11.3337			0.3000			138.0000			3.0000			-133.0000			
-30.9318			17.1517			15.2084			1.4000			131.0000			26.0000			-141.0000			
-25.3683			9.8934			16.8690			1.3000			120.0000			48.0000			-149.0000			
-13.1285			0.4017			14.1013			1.3000			111.0000			69.0000			-155.0000			
0.7802			-6.8566			9.1196			3.0000			102.0000			89.0000			-160.0000			
11.9073			-14.1149			4.1379			1.9000			90.0000			109.0000			-164.0000			
21.3653			-19.6982			-0.2903			1.3000			79.0000			127.0000			-168.0000			
31.9359			-28.0732			-1.3973			2.4000			68.0000			145.0000			-170.0000			
20.8089			-29.1898			-1.3973			-9.7000			58.0000			159.0000			-170.0000			
19.1399			-20.8149			1.3703			-0.3000			47.0000			173.0000			-169.0000			
9.6819			-12.9982			0.8168			-2.4000			39.0000			183.0000			-168.0000			
6.9001			-7.4149			1.9238			1.4000			31.0000			190.0000			-166.0000			
9.6819			-7.9732			-1.3973			0.3000			24.0000			195.0000			-164.0000			
16.3581			-10.7649			-4.7184			0.8000			17.0000			199.0000			-160.0000			
21.3653			-12.9982			-8.0396			0.3000			9.0000			202.0000			-157.0000			
24.1470			-14.6732			-9.1466			0.3000			1.0000			206.0000			-153.0000			
23.5907			-14.1149			-9.7002			-0.2000			-7.0000			211.0000			-148.0000			
20.8089			-12.4399			-8.5931			-0.2000			-16.0000			214.0000			-142.0000			
18.0271			-9.0899			-9.7002			-0.7000			-28.0000			219.0000			-137.0000			
16.9144			-6.8566			-10.8072			-0.7000			-37.0000			223.0000			-130.0000			
15.8017			-3.5066			-11.9142			0.3000			-48.0000			227.0000			-124.0000			
16.9144			-1.8316			-14.1283			0.9000			-58.0000			230.0000			-116.0000			
19.1399			-3.5066			-16.3424			-0.7000			-68.0000			231.0000			-108.0000			
19.6962			-3.5066			-16.8960			-0.7000			-77.0000			231.0000			-100.0000			
18.0271			-2.3899			-14.1283			1.5000			-86.0000			230.0000			-90.0000			
12.4636			0.4017			-14.1283			-1.2000			-95.0000			226.0000			-79.0000			
9.1255			3.7517			-13.5748			-0.6000			-104.0000			222.0000			-67.0000			
8.5692			4.3100			-14.1283			-1.2000			-110.0000			218.0000			-56.0000			
8.0128			4.8684			-13.5748			-0.6000			-117.0000			212.0000			-46.0000			
6.3438			6.5434			-13.5748			-0.6000			-122.0000			203.0000			-35.0000			
5.2311			7.6600			-12.4678			0.4000			-126.0000			194.0000			-24.0000			
1.3366			9.8934			-10.8072			0.4000			-130.0000			181.0000			-12.0000			
-0.8888			11.0100			-10.8072			-0.6000			-132.0000			171.0000			-1.0000			
-2.5579			11.5684			-9.1466			-0.1000			-135.0000			158.0000			10.0000			
-3.6706			11.0100			-7.4861			-0.1000			-136.0000			146.0000			20.0000			
-5.3396			11.5684			-6.3790			-0.1000			-136.0000			132.0000			30.0000			
-4.7833			13.2434			-7.4861			0.9000			-135.0000			118.0000			40.0000			
-0.3325			12.1267			-10.8072			0.9000			-135.0000			105.0000			49.0000			
1.3366			11.0100			-11.9142			0.4000			-133.0000			91.0000			59.0000			
1.8930			8.7767			-10.8072			-0.1000			-131.0000			76.0000			69.0000			
-0.8888			8.2184			-8.5931			-1.2000			-128.0000			61.0000			76.0000			
-7.5650			9.8934			-3.6114			-1.2000			-125.0000			44.0000			86.0000			
-8.6777			10.4517			-1.9508			-0.1000			-121.0000			29.0000			94.0000			
-8.6777			10.4517			-1.9508			-0.1000			-117.0000			12.0000			103.0000			
-7.0087			8.7767			-0.8438			0.9000			-112.0000			-4.0000			110.0000			
-8.6777			7.1017			-0.2903			-1.8000			-106.0000			-19.0000			115.0000			
-9.7904			6.5434			3.0309			-0.2000			-99.0000			-35.0000			121.0000			
-12.5722			5.4267			5.7985			-1.3000			-93.0000			-50.0000			126.0000			
-13.6849			4.8684			8.5661			-0.2000			-85.0000			-65.0000			130.0000			
-14.2412			3.1934			11.3337			0.2000			-77.0000			-81.0000			132.0000			
-14.7976			2.6351			12.4408			0.2000			-68.0000			-94.0000			135.0000			
-14.7976			7.1017			8.0126			0.3000			-59.0000			-107.0000			136.0000			
-13.6849			8.7767			4.6914			-0.2000			-50.0000			-120.0000			136.0000			
-11.4595			9.8934			1.3703			-0.1000			-41.0000			-132.0000			136.0000			
-9.7904			7.6600			2.4774			0.3000			-29.0000			-144.0000			135.0000			
-11.4595			4.3100			7.4591			0.3000			-20.0000			-156.0000			135.0000			
-13.6849			0.4017			13.5478			0.2000			-9.0000			-166.0000			134.0000			
-14.2412			-1.2733			15.2084			-0.3000			-1.0000			-175.0000			130.0000			
-12.5722			-0.7149			14.1013			0.8000			11.0000			-183.0000			128.0000			
-10.3468			-0.7149			10.7802			-0.2000			20.0000			-191.0000			123.0000			
-7.5650			-3.5066			10.2267			-0.8000			31.0000			-197.0000			118.0000			
-5.3396			-9.0899			15.2084			0.7000			41.0000			-203.0000			112.0000			
-4.7833			-13.5566			18.5295			0.1000			50.0000			-206.0000			107.0000			
-4.2269			-14.6732			19.6366			0.7000			58.0000			-209.0000			100.0000			
-1.4452			-16.3482			17.9760			0.1000			67.0000			-209.0000			92.0000			
-2.5579			-14.6732			16.3154			-0.9000			75.0000			-210.0000			84.0000			
-7.0087			-7.9732			14.1013			-0.8000			83.0000			-208.0000			77.0000			
-9.2341			-5.7399			14.6549			-0.3000			90.0000			-207.0000			68.0000			
-9.2341			-5.1816			12.4408			-1.9000			99.0000			-205.0000			59.0000			
-5.3396			-6.8566			11.3337			-0.8000			105.0000			-201.0000			50.0000			
0.2239			-11.3232			11.8872			0.7000			113.0000			-199.0000			42.0000			
2.4493			-15.2316			12.9943			0.2000			119.0000			-195.0000			31.0000			
2.4493			-16.3482			14.6549			0.7000			126.0000			-188.0000			20.0000			
3.5620			-15.7899			12.4408			0.2000			132.0000			-181.0000			11.0000			
4.6747			-13.5566			8.0126			-0.8000			135.0000			-173.0000			-1.0000			
7.4565			-12.4399			4.1379			-0.8000			139.0000			-163.0000			-10.0000			
13.0200			-15.2316			4.1379			1.9000			142.0000			-153.0000			-19.0000			
15.8017			-18.5815			3.5844			0.8000			144.0000			-142.0000			-29.0000			
16.9144			-19.6982			3.5844			0.8000			145.0000			-130.0000			-40.0000			
16.3581			-19.6982			2.4774			-0.8000			144.0000			-118.0000			-49.0000			
11.9073			-16.9066			5.7985			0.7000			144.0000			-105.0000			-57.0000			
6.9001			-14.6732			6.3520			-1.4000			144.0000			-91.0000			-67.0000			
4.1184			-12.4399			7.4591			-0.8000			142.0000			-77.0000			-75.0000			
3.0057			-9.0899			6.3520			0.2000			141.0000			-63.0000			-85.0000			
5.2311			-7.4149			1.3703			-0.8000			139.0000			-50.0000			-94.0000			
9.1255			-7.9732			-1.3973			-0.2000			137.0000			-35.0000			-101.0000			
11.9073			-8.5316			-2.5044			0.8000			133.0000			-21.0000			-110.0000			
11.9073			-10.2066			-3.0579			-1.3000			129.0000			-6.0000			-118.0000			
10.2382			-8.5316			-2.5044			-0.7000			124.0000			9.0000			-124.0000			
9.6819			-4.0649			-5.8255			-0.2000			119.0000			23.0000			-129.0000			
10.7946			0.4017			-11.9142			-0.7000			113.0000			38.0000			-133.0000			
14.6890			0.9601			-16.3424			-0.6000			106.0000			51.0000			-138.0000			
18.5835			1.5184			-19.6636			0.4000			99.0000			65.0000			-141.0000			
16.3581			3.1934			-20.7706			-1.2000			90.0000			79.0000			-143.0000			
14.6890			4.8684			-20.2171			-0.6000			83.0000			91.0000			-146.0000			
14.6890			2.6351			-16.8960			0.4000			74.0000			105.0000			-147.0000			
12.4636			-0.7149			-11.9142			-0.1000			65.0000			118.0000			-148.0000			
8.5692			-0.7149			-8.0396			-0.1000			55.0000			129.0000			-149.0000			
6.9001			-0.7149			-6.9325			-0.7000			46.0000			139.0000			-147.0000			
7.4565			2.0767			-9.7002			-0.1000			37.0000			151.0000			-148.0000			
5.7874			6.5434			-11.9142			0.4000			29.0000			162.0000			-146.0000			
4.6747			5.9850			-10.2537			0.4000			18.0000			172.0000			-144.0000			
5.2311			4.8684			-10.2537			-0.1000			10.0000			181.0000			-143.0000			
4.6747			7.1017			-11.9142			-0.1000			1.0000			187.0000			-139.0000			
1.8930			9.8934			-12.4678			-0.6000			-8.0000			191.0000			-134.0000			
-3.6706			15.4767			-11.9142			-0.1000			-17.0000			197.0000			-129.0000			
-8.6777			17.7100			-9.1466			-0.1000			-27.0000			199.0000			-123.0000			
-8.1214			20.5017			-12.4678			0.0000			-37.0000			201.0000			-117.0000			
-8.1214			21.6183			-14.1283			-0.6000			-44.0000			203.0000			-109.0000			
-7.0087			19.9433			-11.9142			1.0000			-52.0000			204.0000			-102.0000			
-3.1142			12.6850			-9.7002			-0.1000			-61.0000			202.0000			-94.0000			
-0.8888			9.8934			-8.0396			0.9000			-67.0000			201.0000			-87.0000			
-3.1142			9.3350			-6.3790			-0.1000			-75.0000			200.0000			-79.0000			
-7.0087			8.7767			-1.9508			-0.1000			-83.0000			198.0000			-71.0000			
-10.3468			11.5684			-2.5044			-1.2000			-90.0000			194.0000			-62.0000			
-10.3468			12.6850			-1.9508			0.3000			-97.0000			191.0000			-52.0000			
-9.2341			7.1017			1.3703			-0.7000			-104.0000			187.0000			-44.0000			
-11.4595			7.1017			4.6914			0.3000			-109.0000			181.0000			-35.0000			
-14.2412			9.3350			4.6914			-0.2000			-112.0000			173.0000			-25.0000			
-17.0230			11.5684			5.2450			-0.2000			-115.0000			167.0000			-17.0000			
-20.3611			12.1267			8.0126			-0.2000			-118.0000			157.0000			-6.0000			
-24.2556			11.5684			12.4408			-0.2000			-120.0000			146.0000			2.0000			
-26.4810			10.4517			15.2084			-0.8000			-121.0000			135.0000			10.0000			
-25.9246			11.5684			14.1013			-0.2000			-122.0000			124.0000			20.0000			
-19.8048			11.5684			10.2267			1.9000			-121.0000			111.0000			29.0000			
-15.3539			8.7767			6.3520			-0.2000			-121.0000			98.0000			37.0000			
-13.1285			4.3100			8.0126			-0.7000			-120.0000			86.0000			46.0000			
-12.0158			-0.1566			11.3337			-0.8000			-119.0000			73.0000			55.0000			
-13.1285			-2.3899			14.6549			-0.8000			-118.0000			59.0000			64.0000			
-14.7976			-2.3899			17.4225			0.2000			-116.0000			45.0000			72.0000			
-13.6849			-3.5066			15.7619			-1.4000			-114.0000			33.0000			79.0000			
-9.7904			-5.7399			16.3154			0.7000			-111.0000			19.0000			87.0000			
-8.1214			-9.6482			17.4225			-0.3000			-107.0000			5.0000			92.0000			
-9.2341			-10.2066			19.0830			-0.3000			-103.0000			-8.0000			98.0000			
-13.1285			-10.7649			22.4042			-1.4000			-96.0000			-21.0000			103.0000			
-14.7976			-12.4399			27.3859			0.1000			-90.0000			-34.0000			106.0000			
-13.6849			-16.3482			30.7070			0.6000			-84.0000			-47.0000			110.0000			
-13.6849			-19.1399			33.4747			0.6000			-77.0000			-59.0000			112.0000			
-14.2412			-19.1399			31.8141			-1.5000			-70.0000			-73.0000			113.0000			
-13.1285			-12.4399			25.7253			0.1000			-61.0000			-84.0000			115.0000			
-9.7904			-10.7649			20.7436			0.1000			-53.0000			-97.0000			116.0000			
-5.3396			-12.4399			17.9760			0.2000			-46.0000			-107.0000			117.0000			
-0.8888			-16.9066			18.5295			0.7000			-36.0000			-119.0000			118.0000			
0.2239			-21.3732			21.2971			0.1000			-27.0000			-130.0000			118.0000			
-0.8888			-23.0482			22.9577			-0.9000			-19.0000			-141.0000			118.0000			
0.2239			-21.3732			20.7436			-0.4000			-9.0000			-150.0000			115.0000			
4.6747			-21.9315			17.9760			0.7000			-2.0000			-161.0000			115.0000			
8.5692			-24.7232			16.3154			0.1000			7.0000			-168.0000			112.0000			
8.5692			-21.3732			13.5478			0.7000			15.0000			-173.0000			108.0000			
8.5692			-30.8648			22.4042			0.1000			24.0000			-178.0000			105.0000			
11.3509			-33.6565			21.8507			-0.4000			32.0000			-182.0000			99.0000			
15.2454			-34.7732			18.5295			-1.0000			40.0000			-185.0000			94.0000			
19.1399			-36.4482			17.9760			0.6000			47.0000			-185.0000			87.0000			
17.4708			-35.8898			17.4225			-0.9000			56.0000			-186.0000			80.0000			
11.3509			-28.6315			16.3154			-0.9000			63.0000			-185.0000			74.0000			
8.5692			-22.4899			12.9943			-0.9000			70.0000			-185.0000			65.0000			
16.9144			-24.7232			9.6732			1.8000			78.0000			-183.0000			59.0000			
20.8089			-26.9565			5.7985			-0.3000			86.0000			-182.0000			51.0000			
20.8089			-26.9565			4.1379			-2.0000			92.0000			-181.0000			43.0000			
18.5835			-23.6065			4.6914			-0.3000			100.0000			-178.0000			35.0000			
21.3653			-24.1649			3.0309			0.2000			106.0000			-176.0000			26.0000			
21.3653			-20.2565			-1.9508			-0.8000			111.0000			-172.0000			19.0000			
23.0343			-16.3482			-6.9325			-0.2000			116.0000			-167.0000			10.0000			
26.3724			-18.5815			-7.4861			0.3000			119.0000			-160.0000			2.0000			
28.5978			-21.9315			-6.3790			0.2000			122.0000			-153.0000			-6.0000			
30.8232			-24.1649			-8.0396			-1.3000			124.0000			-144.0000			-14.0000			
32.4923			-21.3732			-12.4678			-1.3000			125.0000			-136.0000			-23.0000			
34.1613			-15.2316			-18.0030			0.9000			127.0000			-124.0000			-32.0000			
37.4995			-18.5815			-18.0030			0.9000			127.0000			-113.0000			-40.0000			
34.7177			-20.2565			-15.2354			-0.7000			128.0000			-102.0000			-49.0000			
32.4923			-15.7899			-17.4495			-0.7000			127.0000			-90.0000			-58.0000			
31.9359			-12.4399			-18.5565			0.9000			126.0000			-78.0000			-67.0000			
29.7105			-11.3232			-18.5565			-0.1000			125.0000			-65.0000			-74.0000			
26.3724			-9.0899			-18.0030			-0.7000			125.0000			-55.0000			-83.0000			
24.1470			-6.8566			-17.4495			-0.1000			123.0000			-42.0000			-90.0000			
23.5907			-7.4149			-17.4495			-1.2000			120.0000			-32.0000			-97.0000			
21.9216			-4.0649			-17.4495			0.4000			116.0000			-18.0000			-103.0000			
17.4708			0.9601			-19.1101			-0.6000			114.0000			-6.0000			-109.0000			
15.8017			4.3100			-20.2171			0.0000			110.0000			5.0000			-115.0000			
18.5835			4.8684			-24.0918			-0.6000			105.0000			16.0000			-118.0000			
21.3653			4.8684			-26.3059			0.0000			99.0000			30.0000			-122.0000			
22.4780			6.5434			-29.0735			0.0000			94.0000			42.0000			-126.0000			
19.1399			11.0100			-30.1805			0.0000			86.0000			54.0000			-129.0000			
17.4708			13.8017			-31.8411			-0.5000			79.0000			66.0000			-130.0000			
16.3581			16.5933			-33.5017			-0.5000			72.0000			77.0000			-133.0000			
13.5763			16.0350			-30.7340			-1.1000			64.0000			89.0000			-135.0000			
10.7946			16.0350			-27.9664			-1.1000			56.0000			102.0000			-136.0000			
9.1255			17.7100			-26.8594			0.0000			49.0000			112.0000			-136.0000			
6.3438			19.3850			-25.7523			0.0000			40.0000			124.0000			-137.0000			
3.5620			20.5017			-24.6453			-0.5000			33.0000			131.0000			-137.0000			
1.8930			19.9433			-22.4312			-0.5000			24.0000			141.0000			-136.0000			
-0.8888			19.9433			-20.2171			-1.1000			17.0000			150.0000			-134.0000			
-8.1214			22.1767			-14.1283			0.0000			10.0000			156.0000			-133.0000			
-12.0158			24.4100			-14.1283			-1.7000			2.0000			162.0000			-130.0000			
-9.7904			27.2016			-17.4495			0.0000			-6.0000			166.0000			-126.0000			
-8.6777			28.8766			-21.3241			-1.1000			-13.0000			170.0000			-122.0000			
-11.4595			31.6683			-21.3241			-1.1000			-21.0000			171.0000			-118.0000			
-16.4667			32.2266			-17.4495			-1.6000			-28.0000			174.0000			-113.0000			
-20.3611			33.3433			-14.1283			-1.1000			-37.0000			175.0000			-105.0000			
-20.9175			35.0183			-13.5748			0.5000			-43.0000			175.0000			-99.0000			
-20.3611			34.4599			-14.1283			0.0000			-52.0000			176.0000			-92.0000			
-20.9175			32.7850			-11.9142			0.0000			-58.0000			175.0000			-85.0000			
-23.1429			31.6683			-8.0396			0.4000			-65.0000			174.0000			-78.0000			
-25.3683			29.9933			-4.7184			0.0000			-73.0000			172.0000			-71.0000			
-26.4810			27.7600			-1.9508			-0.6000			-80.0000			170.0000			-65.0000			
-24.2556			24.9683			-0.8438			-0.1000			-85.0000			168.0000			-56.0000			
-23.6992			21.6183			1.3703			-0.7000			-90.0000			164.0000			-49.0000			
-26.4810			18.8267			7.4591			-0.1000			-93.0000			159.0000			-42.0000			
-29.8191			17.1517			12.9943			0.3000			-98.0000			155.0000			-34.0000			
-33.1572			18.2683			12.9943			-1.8000			-101.0000			149.0000			-25.0000			
-33.1572			20.5017			12.4408			-0.2000			-103.0000			140.0000			-18.0000			
-34.2699			21.0600			11.8872			-1.3000			-105.0000			132.0000			-11.0000			
-34.8263			18.2683			15.7619			-0.7000			-106.0000			124.0000			-2.0000			
-37.6080			15.4767			21.2971			-0.8000			-108.0000			114.0000			5.0000			
-38.7207			13.8017			24.6183			-0.2000			-107.0000			103.0000			13.0000			
-37.6080			13.8017			24.0648			0.2000			-108.0000			92.0000			22.0000			
-35.9390			12.6850			21.8507			-1.4000			-107.0000			80.0000			29.0000			
-34.2699			8.2184			25.1718			-0.8000			-107.0000			70.0000			38.0000			
-30.9318			4.3100			27.9394			1.3000			-106.0000			59.0000			45.0000			
-28.7064			2.0767			27.3859			0.7000			-104.0000			47.0000			54.0000			
-25.9246			-0.7149			26.2789			-0.3000			-102.0000			35.0000			59.0000			
-23.6992			-1.8316			25.7253			0.2000			-101.0000			24.0000			66.0000			
-20.3611			-6.8566			26.8324			-0.3000			-98.0000			12.0000			71.0000			
-18.6921			-11.3232			29.6000			-0.4000			-95.0000			2.0000			76.0000			
-17.5794			-14.1149			32.3676			0.6000			-91.0000			-9.0000			80.0000			
-18.6921			-14.6732			32.9211			-0.4000			-87.0000			-21.0000			85.0000			
-21.4738			-14.1149			35.1352			-0.4000			-82.0000			-31.0000			87.0000			
-20.9175			-15.7899			36.2423			-0.4000			-76.0000			-42.0000			90.0000			
-17.5794			-19.6982			38.4564			1.1000			-69.0000			-54.0000			91.0000			
-15.3539			-24.1649			40.1169			0.5000			-64.0000			-65.0000			95.0000			
-14.2412			-26.3982			39.5634			-1.0000			-56.0000			-75.0000			96.0000			
-12.5722			-24.7232			37.9028			0.6000			-48.0000			-87.0000			97.0000			
-10.3468			-26.3982			36.2423			-0.4000			-41.0000			-97.0000			99.0000			
-7.0087			-28.0732			35.6887			0.6000			-34.0000			-107.0000			99.0000			
-4.2269			-29.1898			32.9211			-0.4000			-28.0000			-117.0000			99.0000			
-0.8888			-28.6315			29.6000			0.0000			-20.0000			-125.0000			99.0000			
0.7802			-29.7482			27.9394			-1.0000			-13.0000			-133.0000			97.0000			
3.5620			-29.7482			26.2789			0.0000			-5.0000			-141.0000			95.0000			
8.5692			-31.9815			24.0648			0.6000			4.0000			-147.0000			94.0000			
11.9073			-34.2148			21.8507			-0.4000			9.0000			-152.0000			92.0000			
11.3509			-35.3315			23.5112			-0.4000			16.0000			-157.0000			87.0000			
10.7946			-35.3315			25.1718			0.6000			23.0000			-160.0000			83.0000			
13.0200			-37.5648			24.0648			-0.4000			31.0000			-161.0000			78.0000			
17.4708			-39.2398			21.8507			0.0000			38.0000			-164.0000			74.0000			
21.3653			-42.0315			21.2971			0.6000			45.0000			-165.0000			68.0000			
21.3653			-42.0315			19.6366			-1.0000			52.0000			-166.0000			63.0000			
21.9216			-41.4731			17.9760			-1.5000			59.0000			-167.0000			56.0000			
22.4780			-39.7981			15.7619			-1.5000			66.0000			-166.0000			50.0000			
25.2597			-38.6815			12.4408			-0.9000			72.0000			-166.0000			43.0000			
25.8161			-37.0065			10.2267			-0.9000			78.0000			-165.0000			36.0000			
25.8161			-34.2148			8.5661			0.1000			84.0000			-162.0000			31.0000			
25.8161			-33.6565			6.9055			-0.9000			90.0000			-159.0000			23.0000			
26.3724			-31.4232			4.1379			-0.9000			94.0000			-155.0000			16.0000			
28.0415			-27.5148			-0.8438			-0.3000			98.0000			-151.0000			10.0000			
29.1542			-24.7232			-5.8255			-1.3000			102.0000			-146.0000			3.0000			
30.2669			-24.1649			-6.3790			-0.2000			105.0000			-140.0000			-5.0000			
30.8232			-26.3982			-4.1649			0.2000			106.0000			-133.0000			-12.0000			
31.9359			-26.3982			-5.8255			-0.2000			109.0000			-126.0000			-18.0000			
33.6050			-24.7232			-9.1466			-0.2000			111.0000			-117.0000			-27.0000			
35.8304			-22.4899			-12.4678			0.8000			111.0000			-110.0000			-34.0000			
36.3868			-21.9315			-15.2354			-0.7000			112.0000			-101.0000			-41.0000			
36.3868			-20.8149			-15.2354			0.3000			112.0000			-92.0000			-49.0000			
34.7177			-19.1399			-15.2354			0.3000			112.0000			-81.0000			-56.0000			
33.0486			-16.9066			-16.8960			-0.7000			111.0000			-71.0000			-65.0000			
31.9359			-13.5566			-18.5565			-0.1000			112.0000			-61.0000			-71.0000			
29.1542			-10.2066			-19.6636			-0.7000			108.0000			-50.0000			-78.0000			
28.5978			-7.9732			-20.2171			0.4000			107.0000			-40.0000			-84.0000			
24.7034			-6.2983			-19.6636			-1.2000			106.0000			-30.0000			-89.0000			
21.9216			-2.9483			-19.1101			-0.1000			102.0000			-18.0000			-95.0000			
18.5835			2.6351			-21.3241			-0.1000			99.0000			-7.0000			-101.0000			
17.4708			5.4267			-22.9847			0.0000			96.0000			4.0000			-106.0000			
19.1399			4.8684			-24.6453			-0.6000			93.0000			13.0000			-109.0000			
20.8089			4.8684			-25.7523			0.0000			87.0000			23.0000			-111.0000			
20.2526			6.5434			-26.8594			0.0000			82.0000			34.0000			-116.0000			
18.5835			9.3350			-28.5199			-0.6000			77.0000			43.0000			-117.0000			
17.4708			13.2434			-30.7340			0.0000			72.0000			53.0000			-120.0000			
15.2454			16.5933			-32.3946			-0.5000			65.0000			64.0000			-123.0000			
14.6890			17.1517			-31.8411			0.0000			60.0000			74.0000			-123.0000			
13.0200			17.1517			-30.1805			0.0000			53.0000			85.0000			-124.0000			
10.7946			17.1517			-28.5199			-0.5000			45.0000			94.0000			-125.0000			
6.9001			19.3850			-26.8594			-0.5000			40.0000			102.0000			-125.0000			
5.2311			19.9433			-26.3059			-1.1000			32.0000			111.0000			-126.0000			
3.5620			21.0600			-23.5382			1.0000			26.0000			118.0000			-124.0000			
0.7802			19.9433			-20.2171			0.5000			19.0000			125.0000			-123.0000			
-4.2269			21.6183			-18.5565			-1.1000			13.0000			130.0000			-121.0000			
-7.5650			22.7350			-16.3424			-1.1000			6.0000			136.0000			-120.0000			
-8.6777			23.2933			-15.7889			-1.1000			-1.0000			141.0000			-118.0000			
-8.6777			24.9683			-17.4495			-1.1000			-7.0000			145.0000			-116.0000			
-8.6777			27.2016			-18.5565			0.0000			-15.0000			147.0000			-111.0000			
-11.4595			28.8766			-18.0030			-0.5000			-20.0000			150.0000			-107.0000			
-14.2412			29.9933			-15.7889			0.0000			-27.0000			151.0000			-103.0000			
-17.5794			31.6683			-14.1283			0.0000			-34.0000			153.0000			-97.0000			
-18.6921			32.2266			-14.1283			-0.5000			-40.0000			152.0000			-92.0000			
-17.5794			31.6683			-14.1283			0.0000			-47.0000			153.0000			-87.0000			
-20.3611			29.9933			-11.3607			-1.7000			-53.0000			152.0000			-80.0000			
-22.0302			29.4350			-6.9325			0.4000			-59.0000			151.0000			-74.0000			
-21.4738			27.7600			-5.8255			0.4000			-64.0000			149.0000			-67.0000			
-21.4738			25.5266			-5.2720			-1.2000			-69.0000			147.0000			-60.0000			
-20.9175			23.8516			-3.0579			-0.1000			-74.0000			145.0000			-54.0000			
-22.0302			22.1767			0.8168			0.9000			-79.0000			140.0000			-48.0000			
-23.6992			19.3850			4.1379			-0.1000			-81.0000			135.0000			-42.0000			
-25.3683			17.1517			8.0126			-0.1000			-85.0000			131.0000			-34.0000			
-27.0373			18.2683			8.0126			-0.7000			-87.0000			127.0000			-27.0000			
-27.0373			17.1517			9.1196			-0.7000			-90.0000			120.0000			-22.0000			
-27.5937			17.1517			10.2267			-0.2000			-93.0000			113.0000			-16.0000			
-28.7064			16.5933			11.8872			-0.2000			-93.0000			107.0000			-8.0000			
-29.8191			16.0350			15.2084			1.4000			-94.0000			97.0000			-1.0000			
-33.1572			15.4767			16.8690			-0.8000			-95.0000			91.0000			5.0000			
-32.6008			14.9183			17.9760			0.3000			-95.0000			80.0000			12.0000			
-29.8191			12.1267			17.9760			0.2000			-94.0000			71.0000			20.0000			
-28.1500			9.8934			19.0830			0.8000			-94.0000			62.0000			26.0000			
-27.5937			8.7767			19.0830			0.2000			-93.0000			51.0000			31.0000			
-24.8119			6.5434			18.5295			0.2000			-92.0000			42.0000			38.0000			
-23.6992			4.3100			20.1901			0.8000			-90.0000			32.0000			43.0000			
-23.1429			1.5184			21.2971			-0.3000			-87.0000			23.0000			49.0000			
-19.8048			-1.8316			21.2971			-0.3000			-85.0000			13.0000			54.0000			
-17.0230			-5.1816			22.4042			0.2000			-84.0000			3.0000			59.0000			
-17.0230			-5.7399			23.5112			0.7000			-79.0000			-7.0000			63.0000			
-18.1357			-7.9732			25.7253			-0.3000			-75.0000			-15.0000			67.0000			
-18.6921			-8.5316			26.8324			-0.3000			-72.0000			-25.0000			69.0000			
-18.6921			-9.6482			28.4929			0.1000			-68.0000			-34.0000			71.0000			
-18.6921			-11.8816			31.2606			0.6000			-62.0000			-44.0000			74.0000			
-17.5794			-14.6732			32.9211			0.6000			-59.0000			-52.0000			77.0000			
-15.9103			-16.3482			32.9211			0.6000			-53.0000			-62.0000			77.0000			
-13.1285			-18.5815			31.2606			-0.4000			-45.0000			-71.0000			78.0000			
-11.4595			-19.1399			30.7070			0.1000			-41.0000			-79.0000			79.0000			
-9.7904			-20.2565			30.1535			0.1000			-35.0000			-88.0000			79.0000			
-9.2341			-21.3732			30.1535			-0.4000			-28.0000			-97.0000			81.0000			
-8.1214			-20.8149			27.9394			-0.9000			-22.0000			-105.0000			81.0000			
-5.3396			-22.4899			27.3859			-0.4000			-17.0000			-110.0000			79.0000			
-2.0015			-21.9315			23.5112			-0.4000			-10.0000			-117.0000			78.0000			
1.8930			-23.6065			21.2971			-0.4000			-5.0000			-123.0000			78.0000			
5.2311			-25.2815			19.0830			-0.9000			2.0000			-128.0000			75.0000			
4.6747			-26.3982			21.8507			0.1000			8.0000			-132.0000			73.0000			
5.2311			-26.9565			21.8507			0.1000			12.0000			-135.0000			69.0000			
6.3438			-29.1898			21.8507			-0.9000			20.0000			-138.0000			66.0000			
9.1255			-30.3065			21.2971			0.1000			25.0000			-140.0000			63.0000			
11.3509			-31.9815			21.2971			0.6000			31.0000			-142.0000			59.0000			
12.4636			-34.2148			20.7436			-1.0000			37.0000			-143.0000			54.0000			
14.6890			-33.6565			19.0830			0.1000			43.0000			-144.0000			50.0000			
16.3581			-32.5398			17.9760			1.8000			49.0000			-144.0000			44.0000			
16.9144			-34.2148			17.4225			0.1000			54.0000			-143.0000			39.0000			
18.5835			-33.0982			14.6549			0.1000			60.0000			-143.0000			33.0000			
18.5835			-31.4232			12.9943			0.1000			66.0000			-141.0000			27.0000			
19.6962			-29.1898			9.6732			0.1000			69.0000			-140.0000			22.0000			
19.1399			-26.3982			6.9055			-0.3000			75.0000			-137.0000			16.0000			
19.6962			-24.7232			4.1379			-0.8000			78.0000			-133.0000			11.0000			
21.3653			-23.6065			1.3703			-0.8000			82.0000			-131.0000			5.0000			
19.1399			-23.0482			4.1379			0.2000			85.0000			-128.0000			-1.0000			
22.4780			-24.7232			0.8168			-1.4000			87.0000			-123.0000			-6.0000			
24.1470			-23.6065			-0.8438			-0.3000			89.0000			-118.0000			-11.0000			
26.9288			-20.8149			-5.2720			0.8000			91.0000			-112.0000			-18.0000			
28.0415			-21.3732			-7.4861			-0.8000			93.0000			-105.0000			-24.0000			
27.4851			-21.3732			-6.9325			-0.8000			94.0000			-98.0000			-30.0000			
29.1542			-21.3732			-6.9325			0.8000			94.0000			-91.0000			-36.0000			
28.5978			-20.8149			-9.1466			-1.3000			95.0000			-83.0000			-42.0000			
29.1542			-18.5815			-11.3607			-0.7000			95.0000			-74.0000			-49.0000			
27.4851			-15.7899			-12.4678			-0.7000			95.0000			-66.0000			-55.0000			
26.3724			-13.5566			-13.0213			-0.2000			94.0000			-58.0000			-60.0000			
25.2597			-11.3232			-14.1283			-0.1000			93.0000			-49.0000			-66.0000			
23.5907			-9.6482			-14.1283			-0.1000			91.0000			-40.0000			-71.0000			
21.9216			-8.5316			-14.1283			-0.7000			90.0000			-32.0000			-76.0000			
19.1399			-5.7399			-14.1283			-0.7000			87.0000			-22.0000			-81.0000			
18.0271			-2.9483			-14.1283			0.9000			86.0000			-14.0000			-85.0000			
16.3581			-0.1566			-15.7889			0.4000			84.0000			-6.0000			-89.0000			
18.0271			0.9601			-16.8960			2.0000			80.0000			3.0000			-92.0000			
16.9144			0.9601			-19.1101			-1.2000			76.0000			11.0000			-96.0000			
18.5835			3.1934			-21.3241			0.4000			74.0000			20.0000			-99.0000			
18.5835			4.8684			-23.5382			0.0000			70.0000			28.0000			-102.0000			
16.9144			7.1017			-24.6453			-0.6000			64.0000			37.0000			-103.0000			
15.2454			8.7767			-25.7523			-1.7000			60.0000			46.0000			-105.0000			
15.8017			10.4517			-26.8594			-0.6000			56.0000			54.0000			-107.0000			
13.5763			12.6850			-25.7523			0.5000			49.0000			62.0000			-108.0000			
11.3509			13.2434			-25.1988			-0.5000			44.0000			71.0000			-108.0000			
9.6819			14.3600			-24.6453			-0.5000			38.0000			78.0000			-108.0000			
8.0128			15.4767			-23.5382			0.0000			32.0000			84.0000			-110.0000			
5.7874			15.4767			-21.8777			-0.6000			27.0000			91.0000			-109.0000			
4.1184			16.0350			-20.7706			-0.6000			21.0000			97.0000			-109.0000			
1.3366			16.5933			-18.0030			0.0000			16.0000			103.0000			-108.0000			
-1.4452			17.7100			-16.8960			-0.6000			10.0000			109.0000			-106.0000			
-4.2269			18.2683			-14.1283			0.0000			5.0000			113.0000			-105.0000			
-4.7833			19.3850			-15.7889			-1.1000			-1.0000			118.0000			-104.0000			
-5.8960			21.0600			-15.7889			-0.6000			-5.0000			121.0000			-101.0000			
-6.4523			22.7350			-15.7889			0.4000			-10.0000			124.0000			-99.0000			
-7.5650			22.7350			-16.3424			-1.1000			-16.0000			125.0000			-94.0000			
-9.7904			24.4100			-14.1283			0.5000			-22.0000			127.0000			-91.0000			
-11.4595			26.0850			-14.1283			0.5000			-27.0000			127.0000			-87.0000			
-13.6849			26.0850			-13.0213			-0.6000			-32.0000			127.0000			-82.0000			
-13.6849			26.0850			-11.3607			1.0000			-38.0000			127.0000			-77.0000			
-17.0230			24.9683			-9.7002			-1.7000			-43.0000			126.0000			-71.0000			
-16.4667			26.0850			-8.5931			1.0000			-49.0000			127.0000			-66.0000			
-16.4667			24.4100			-8.0396			0.0000			-53.0000			124.0000			-60.0000			
-16.4667			21.0600			-4.7184			-0.1000			-56.0000			123.0000			-56.0000			
-15.9103			19.3850			-1.3973			2.0000			-61.0000			121.0000			-50.0000			
-18.1357			18.2683			0.2633			0.4000			-65.0000			118.0000			-45.0000			
-18.1357			16.0350			2.4774			0.3000			-67.0000			117.0000			-41.0000			
-19.8048			14.3600			5.7985			0.3000			-71.0000			112.0000			-35.0000			
-20.9175			12.1267			7.4591			-1.3000			-73.0000			109.0000			-30.0000			
-20.9175			14.3600			5.2450			-1.3000			-75.0000			102.0000			-25.0000			
-21.4738			14.3600			6.9055			-0.2000			-78.0000			98.0000			-19.0000			
-22.0302			13.2434			9.1196			0.3000			-77.0000			91.0000			-14.0000			
-24.8119			13.8017			9.6732			-1.3000			-79.0000			86.0000			-8.0000			
-25.3683			13.8017			11.3337			-0.2000			-81.0000			78.0000			-2.0000			
-26.4810			13.8017			12.4408			-0.2000			-81.0000			71.0000			4.0000			
-25.3683			12.1267			14.1013			0.8000			-80.0000			63.0000			9.0000			
-24.2556			9.8934			14.6549			0.2000			-80.0000			55.0000			15.0000			
-22.5865			8.2184			15.2084			0.8000			-79.0000			47.0000			20.0000			
-15.9103			8.7767			4.6914			-2.4000			-78.0000			40.0000			23.0000			
-19.2484			4.8684			16.3154			1.9000			-76.0000			32.0000			29.0000			
-14.2412			2.0767			10.7802			-1.3000			-75.0000			23.0000			34.0000			
-13.1285			-1.2733			15.2084			0.8000			-74.0000			15.0000			39.0000			
-12.5722			-2.9483			14.6549			-0.8000			-72.0000			9.0000			43.0000			
-12.5722			-4.0649			16.8690			0.2000			-69.0000			-1.0000			47.0000			
-11.4595			-5.7399			17.9760			0.7000			-67.0000			-6.0000			49.0000			
-14.2412			-6.8566			21.2971			0.2000			-64.0000			-13.0000			54.0000			
-15.3539			-7.9732			24.0648			0.7000			-62.0000			-21.0000			54.0000			
-17.0230			-9.6482			25.7253			-0.9000			-58.0000			-29.0000			57.0000			
-15.3539			-10.7649			26.2789			0.1000			-54.0000			-37.0000			60.0000			
-14.2412			-11.8816			26.8324			0.7000			-51.0000			-44.0000			61.0000			
-14.2412			-13.5566			27.3859			-0.4000			-45.0000			-52.0000			63.0000			
-12.5722			-14.6732			27.3859			0.1000			-40.0000			-61.0000			64.0000			
-10.9031			-16.3482			27.9394			0.6000			-35.0000			-67.0000			63.0000			
-10.3468			-15.7899			26.2789			0.1000			-30.0000			-74.0000			63.0000			
-8.1214			-16.9066			25.1718			0.1000			-25.0000			-81.0000			63.0000			
-4.7833			-19.1399			24.6183			0.6000			-20.0000			-88.0000			65.0000			
-2.0015			-20.2565			22.4042			0.1000			-14.0000			-94.0000			63.0000			
-1.4452			-19.6982			21.2971			0.1000			-10.0000			-100.0000			62.0000			
-0.3325			-20.2565			19.0830			-1.5000			-5.0000			-104.0000			62.0000			
3.5620			-20.2565			17.4225			0.7000			-1.0000			-108.0000			61.0000			
5.2311			-21.3732			15.2084			-0.9000			5.0000			-111.0000			60.0000			
3.5620			-21.9315			18.5295			0.1000			10.0000			-113.0000			58.0000			
4.1184			-23.0482			17.9760			-0.9000			14.0000			-116.0000			54.0000			
6.3438			-24.1649			17.9760			0.1000			18.0000			-118.0000			52.0000			
6.9001			-26.3982			19.0830			-0.4000			24.0000			-119.0000			47.0000			
8.0128			-26.9565			17.4225			-1.5000			29.0000			-120.0000			44.0000			
10.2382			-27.5148			16.3154			-0.9000			33.0000			-121.0000			40.0000			
11.9073			-27.5148			14.6549			-0.9000			38.0000			-121.0000			36.0000			
11.9073			-27.5148			14.1013			-1.5000			42.0000			-121.0000			31.0000			
12.4636			-28.0732			13.5478			-2.0000			47.0000			-121.0000			26.0000			
14.6890			-26.9565			12.4408			0.1000			50.0000			-120.0000			22.0000			
11.9073			-25.2815			9.6732			-3.6000			55.0000			-117.0000			18.0000			
19.6962			-21.3732			6.9055			5.2000			59.0000			-116.0000			13.0000			
18.5835			-19.6982			-1.9508			-3.0000			61.0000			-113.0000			10.0000			
12.4636			-18.5815			5.7985			-0.3000			63.0000			-111.0000			5.0000			
9.6819			-19.1399			7.4591			-1.9000			68.0000			-108.0000			-1.0000			
15.2454			-18.0232			2.4774			-0.3000			69.0000			-105.0000			-5.0000			
19.6962			-16.3482			-3.0579			0.2000			72.0000			-103.0000			-9.0000			
19.1399			-16.9066			-3.0579			-0.8000			73.0000			-98.0000			-14.0000			
19.6962			-17.4649			-3.6114			-1.3000			76.0000			-93.0000			-19.0000			
20.8089			-18.5815			-2.5044			-0.2000			78.0000			-87.0000			-23.0000			
24.1470			-18.0232			-5.8255			0.2000			77.0000			-81.0000			-29.0000			
25.2597			-17.4649			-8.5931			-0.7000			78.0000			-74.0000			-33.0000			
22.4780			-15.7899			-7.4861			-0.7000			80.0000			-70.0000			-38.0000			
20.2526			-13.5566			-7.4861			-0.7000			78.0000			-62.0000			-44.0000			
19.1399			-11.8816			-8.0396			-0.7000			77.0000			-54.0000			-47.0000			
20.8089			-10.7649			-10.8072			-0.7000			76.0000			-47.0000			-53.0000			
19.6962			-10.2066			-9.7002			-0.2000			77.0000			-41.0000			-57.0000			
17.4708			-8.5316			-9.7002			-0.7000			76.0000			-33.0000			-61.0000			
14.1327			-5.1816			-9.7002			-0.7000			74.0000			-28.0000			-65.0000			
12.4636			-4.0649			-9.7002			-1.3000			73.0000			-21.0000			-69.0000			
11.9073			-2.9483			-10.2537			-1.2000			71.0000			-14.0000			-72.0000			
10.7946			-1.2733			-11.3607			-1.8000			69.0000			-8.0000			-74.0000			
8.5692			3.1934			-13.5748			-1.8000			68.0000			-1.0000			-78.0000			
11.3509			2.6351			-13.0213			0.9000			65.0000			5.0000			-80.0000			
11.9073			0.9601			-14.1283			-1.2000			62.0000			12.0000			-82.0000			
11.3509			2.6351			-15.2354			-1.2000			58.0000			18.0000			-84.0000			
10.7946			4.3100			-16.3424			-1.2000			55.0000			25.0000			-86.0000			
11.3509			4.8684			-16.8960			-0.6000			51.0000			33.0000			-87.0000			
11.3509			5.4267			-16.8960			-0.1000			46.0000			39.0000			-89.0000			
9.1255			7.6600			-17.4495			-0.6000			42.0000			46.0000			-89.0000			
6.9001			8.7767			-15.7889			-0.1000			38.0000			52.0000			-90.0000			
6.9001			9.3350			-16.3424			-0.1000			34.0000			59.0000			-90.0000			
5.2311			8.7767			-14.1283			-0.1000			29.0000			64.0000			-90.0000			
3.5620			8.7767			-12.4678			-0.1000			25.0000			69.0000			-91.0000			
1.8930			8.7767			-10.8072			-0.1000			20.0000			75.0000			-90.0000			
1.3366			8.7767			-10.8072			-0.6000			17.0000			80.0000			-89.0000			
0.2239			9.3350			-10.8072			-1.2000			13.0000			85.0000			-89.0000			
-0.8888			9.8934			-8.5931			0.4000			8.0000			88.0000			-88.0000			
-4.2269			10.4517			-7.4861			-1.2000			6.0000			91.0000			-86.0000			
-5.3396			11.0100			-5.8255			-0.1000			-1.0000			95.0000			-85.0000			
-4.7833			11.5684			-6.9325			-0.1000			-5.0000			97.0000			-85.0000			
-6.4523			13.8017			-8.0396			-0.6000			-8.0000			99.0000			-81.0000			
-5.3396			16.0350			-10.2537			0.4000			-12.0000			99.0000			-79.0000			
-5.3396			16.5933			-12.4678			-1.2000			-17.0000			101.0000			-76.0000			
-7.0087			17.1517			-11.3607			-1.2000			-20.0000			103.0000			-72.0000			
-9.2341			17.7100			-9.7002			-1.2000			-26.0000			102.0000			-68.0000			
-10.9031			17.7100			-6.9325			-0.1000			-30.0000			103.0000			-65.0000			
-12.0158			18.2683			-6.3790			-0.1000			-34.0000			102.0000			-59.0000			
-10.9031			17.7100			-5.8255			0.9000			-39.0000			101.0000			-56.0000			
-11.4595			15.4767			-4.1649			-0.1000			-41.0000			100.0000			-51.0000			
-10.9031			13.8017			-3.0579			-0.1000			-46.0000			99.0000			-47.0000			
-11.4595			12.1267			-1.9508			-1.2000			-49.0000			96.0000			-43.0000			
-11.4595			11.5684			-0.2903			-0.1000			-51.0000			94.0000			-39.0000			
-11.4595			10.4517			0.2633			-0.7000			-54.0000			91.0000			-34.0000			
-12.5722			9.3350			1.3703			-1.8000			-57.0000			89.0000			-31.0000			
-12.5722			3.7517			3.5844			-5.2000			-58.0000			87.0000			-26.0000			
-11.4595			5.4267			8.5661			2.5000			-61.0000			82.0000			-23.0000			
-15.3539			4.8684			6.9055			-3.5000			-62.0000			79.0000			-19.0000			
-13.6849			7.1017			5.7985			-0.7000			-63.0000			75.0000			-14.0000			
-15.3539			8.7767			5.7985			-0.7000			-63.0000			71.0000			-12.0000			
-14.7976			7.6600			7.4591			0.3000			-63.0000			66.0000			-8.0000			
-15.3539			7.1017			8.5661			0.3000			-65.0000			61.0000			-3.0000			
-15.3539			5.9850			9.1196			-0.2000			-65.0000			55.0000			1.0000			
-14.2412			5.4267			9.1196			0.3000			-65.0000			48.0000			7.0000			
-13.6849			4.8684			9.1196			0.3000			-65.0000			43.0000			11.0000			
-14.2412			3.7517			10.2267			-0.2000			-64.0000			36.0000			15.0000			
-13.1285			2.6351			9.6732			-0.8000			-62.0000			29.0000			18.0000			
-12.0158			2.0767			9.1196			-0.8000			-62.0000			22.0000			25.0000			
-8.6777			0.4017			8.0126			-0.2000			-61.0000			16.0000			27.0000			
-8.6777			-1.2733			10.2267			0.2000			-60.0000			10.0000			31.0000			
-9.2341			-2.3899			11.3337			-0.2000			-58.0000			4.0000			33.0000			
-7.0087			-4.0649			10.7802			-0.2000			-57.0000			-1.0000			36.0000			
-4.2269			-6.2983			10.7802			0.2000			-54.0000			-7.0000			37.0000			
-7.5650			-6.2983			12.4408			-1.4000			-53.0000			-13.0000			39.0000			
-8.6777			-4.6233			12.9943			-0.3000			-50.0000			-19.0000			41.0000			
-8.6777			-4.0649			12.9943			0.2000			-47.0000			-24.0000			42.0000			
-7.5650			-4.0649			12.4408			0.8000			-44.0000			-29.0000			43.0000			
-7.0087			-5.7399			11.3337			-1.4000			-40.0000			-33.0000			44.0000			
-5.8960			-5.7399			11.8872			0.2000			-36.0000			-39.0000			44.0000			
-7.0087			-5.7399			11.3337			-1.4000			-33.0000			-45.0000			44.0000			
-4.2269			-6.8566			11.3337			0.2000			-29.0000			-51.0000			45.0000			
-3.6706			-7.9732			10.2267			-1.4000			-24.0000			-56.0000			45.0000			
-2.5579			-6.8566			8.0126			-1.3000			-20.0000			-62.0000			45.0000			
-1.4452			-5.7399			7.4591			0.2000			-17.0000			-67.0000			45.0000			
-0.8888			-6.2983			7.4591			0.2000			-12.0000			-70.0000			46.0000			
-0.8888			-6.8566			8.5661			0.8000			-9.0000			-75.0000			46.0000			
-0.8888			-8.5316			8.5661			-0.8000			-5.0000			-78.0000			44.0000			
-0.8888			-7.4149			8.0126			-0.2000			-2.0000			-83.0000			44.0000			
1.3366			-6.2983			5.2450			0.2000			-1.0000			-85.0000			43.0000			
3.0057			-9.0899			5.7985			-0.2000			4.0000			-87.0000			42.0000			
0.7802			-7.4149			6.9055			0.2000			8.0000			-88.0000			42.0000			
0.2239			-7.9732			7.4591			-0.2000			10.0000			-89.0000			40.0000			
-0.3325			-6.2983			6.9055			0.2000			14.0000			-91.0000			37.0000			
-0.8888			-9.0899			9.6732			-0.2000			17.0000			-91.0000			35.0000			
-0.8888			-7.4149			8.5661			0.2000			20.0000			-92.0000			30.0000			
-0.8888			-8.5316			9.1196			-0.2000			25.0000			-92.0000			29.0000			
0.7802			-9.6482			8.5661			-0.2000			28.0000			-91.0000			24.0000			
0.7802			-10.2066			9.1196			-0.3000			31.0000			-91.0000			22.0000			
0.7802			-9.6482			9.6732			0.8000			35.0000			-91.0000			18.0000			
-0.8888			-9.0899			8.5661			-1.4000			37.0000			-89.0000			14.0000			
0.7802			-7.9732			8.5661			1.3000			41.0000			-89.0000			12.0000			
-0.3325			-9.0899			8.5661			-0.8000			44.0000			-88.0000			9.0000			
-0.8888			-7.9732			9.1196			0.2000			46.0000			-86.0000			5.0000			
0.7802			-7.4149			8.0126			1.3000			49.0000			-86.0000			2.0000			
1.3366			-7.4149			6.3520			0.2000			51.0000			-83.0000			-2.0000			
1.3366			-6.8566			4.6914			-0.8000			52.0000			-81.0000			-5.0000			
1.3366			-4.0649			3.5844			0.8000			54.0000			-79.0000			-7.0000			
1.3366			-5.1816			3.0309			-0.8000			56.0000			-76.0000			-11.0000			
2.4493			-7.9732			5.2450			-0.2000			56.0000			-74.0000			-14.0000			
3.5620			-9.6482			4.6914			-1.3000			57.0000			-71.0000			-16.0000			
5.2311			-10.2066			6.3520			1.3000			58.0000			-67.0000			-19.0000			
3.5620			-10.2066			5.7985			-0.8000			58.0000			-63.0000			-23.0000			
4.1184			-10.7649			8.5661			1.9000			58.0000			-59.0000			-25.0000			
3.5620			-11.3232			6.9055			-0.8000			57.0000			-54.0000			-29.0000			
2.4493			-10.7649			8.0126			-0.2000			57.0000			-49.0000			-33.0000			
3.0057			-11.3232			8.5661			0.2000			57.0000			-43.0000			-37.0000			
-0.8888			-10.2066			8.5661			-2.5000			57.0000			-37.0000			-40.0000			
1.8930			-9.6482			10.7802			3.0000			55.0000			-33.0000			-43.0000			
1.3366			-12.4399			7.4591			-3.6000			55.0000			-27.0000			-46.0000			
1.8930			-11.8816			10.7802			0.7000			53.0000			-22.0000			-50.0000			
2.4493			-10.7649			7.4591			-0.8000			54.0000			-18.0000			-53.0000			
1.3366			-9.0899			6.9055			-0.8000			52.0000			-13.0000			-56.0000			
3.0057			-7.4149			4.6914			0.2000			52.0000			-9.0000			-58.0000			
3.5620			-7.9732			3.5844			-0.8000			51.0000			-4.0000			-60.0000			
4.6747			-6.8566			3.0309			0.8000			49.0000			-1.0000			-61.0000			
5.7874			-6.2983			3.0309			2.5000			47.0000			4.0000			-61.0000			
6.3438			-7.4149			0.2633			-0.8000			45.0000			7.0000			-63.0000			
6.3438			-6.2983			-0.2903			-0.2000			42.0000			11.0000			-65.0000			
8.0128			-6.8566			0.8168			1.9000			41.0000			15.0000			-65.0000			
9.1255			-9.0899			-0.8438			-0.8000			37.0000			19.0000			-66.0000			
8.5692			-7.9732			-1.3973			-0.7000			34.0000			23.0000			-66.0000			
8.5692			-6.2983			-1.9508			0.3000			31.0000			29.0000			-67.0000			
9.6819			-5.7399			-4.1649			-0.2000			27.0000			33.0000			-67.0000			
8.5692			-7.9732			-1.3973			-0.7000			25.0000			36.0000			-67.0000			
8.0128			-8.5316			-1.3973			-1.9000			21.0000			41.0000			-67.0000			
9.1255			-7.4149			-1.3973			0.3000			18.0000			44.0000			-66.0000			
9.6819			-7.4149			-3.0579			-0.7000			15.0000			47.0000			-65.0000			
8.0128			-6.8566			-2.5044			-1.3000			12.0000			50.0000			-66.0000			
8.0128			-6.8566			-1.3973			-0.2000			10.0000			53.0000			-65.0000			
5.7874			-5.7399			-1.3973			-1.3000			7.0000			55.0000			-65.0000			
5.7874			-4.0649			-0.8438			0.8000			5.0000			57.0000			-64.0000			
4.6747			-5.1816			0.2633			-0.2000			1.0000			57.0000			-63.0000			
2.4493			-3.5066			0.2633			-0.7000			-1.0000			59.0000			-61.0000			
6.9001			-4.0649			-0.8438			1.9000			-1.0000			60.0000			-60.0000			
4.6747			-4.0649			-1.9508			-1.3000			-3.0000			61.0000			-59.0000			
6.3438			-2.3899			-3.6114			0.3000			-7.0000			61.0000			-58.0000			
5.7874			-2.9483			-3.0579			-0.2000			-9.0000			62.0000			-56.0000			
5.7874			-3.5066			-4.1649			-1.8000			-10.0000			62.0000			-52.0000			
6.9001			-2.3899			-3.0579			1.4000			-12.0000			61.0000			-51.0000			
6.3438			-1.8316			-5.2720			-0.7000			-14.0000			60.0000			-49.0000			
6.3438			-1.2733			-5.2720			-0.2000			-16.0000			58.0000			-46.0000			
6.3438			-0.1566			-5.2720			0.9000			-19.0000			57.0000			-43.0000			
5.7874			-1.2733			-5.2720			-0.7000			-20.0000			57.0000			-40.0000			
5.7874			-1.2733			-5.2720			-0.7000			-22.0000			56.0000			-37.0000			
6.3438			-1.2733			-5.2720			-0.2000			-24.0000			55.0000			-35.0000			
6.3438			-0.1566			-3.6114			2.5000			-25.0000			52.0000			-33.0000			
5.7874			-2.3899			-3.6114			-0.2000			-27.0000			52.0000			-31.0000			
4.6747			-0.7149			-4.1649			-0.2000			-27.0000			52.0000			-27.0000			
4.6747			-0.7149			-3.0579			0.9000			-29.0000			50.0000			-27.0000			
4.1184			-0.7149			-3.6114			-0.2000			-30.0000			47.0000			-24.0000			
3.0057			-0.7149			-3.0579			-0.7000			-29.0000			46.0000			-23.0000			
3.0057			-0.7149			-3.0579			-0.7000			-31.0000			44.0000			-21.0000			
1.8930			2.0767			-3.6114			0.3000			-32.0000			43.0000			-19.0000			
2.4493			1.5184			-3.6114			0.3000			-31.0000			40.0000			-16.0000			
1.3366			2.0767			-3.6114			-0.2000			-31.0000			37.0000			-15.0000			
1.3366			3.1934			-3.6114			0.9000			-32.0000			35.0000			-14.0000			
0.2239			3.7517			-5.2720			-1.2000			-32.0000			32.0000			-11.0000			
1.8930			3.7517			-4.7184			0.9000			-30.0000			28.0000			-8.0000			
-0.3325			3.7517			-5.2720			-1.8000			-31.0000			26.0000			-6.0000			
1.8930			3.1934			-5.2720			-0.1000			-30.0000			22.0000			-4.0000			
0.2239			4.8684			-5.2720			-0.1000			-29.0000			20.0000			-2.0000			
1.3366			4.3100			-5.2720			0.3000			-29.0000			15.0000			-1.0000			
1.3366			4.8684			-5.8255			0.3000			-28.0000			11.0000			1.0000			
0.2239			4.3100			-5.8255			-1.2000			-27.0000			9.0000			4.0000			
0.7802			4.3100			-5.2720			-0.1000			-26.0000			6.0000			6.0000			
1.8930			2.6351			-4.7184			-0.1000			-25.0000			2.0000			7.0000			
1.3366			2.6351			-4.1649			-0.1000			-24.0000			-1.0000			9.0000			
1.3366			1.5184			-4.1649			-1.3000			-23.0000			-3.0000			10.0000			
1.3366			0.9601			-3.0579			-0.7000			-23.0000			-5.0000			12.0000			
0.2239			7.6600			-9.7002			-1.8000			-23.0000			-6.0000			12.0000			
3.0057			-3.5066			0.2633			-0.2000			-22.0000			-10.0000			14.0000			
0.7802			1.5184			-3.6114			-1.3000			-21.0000			-13.0000			14.0000			
-0.3325			0.9601			-0.2903			0.3000			-21.0000			-13.0000			15.0000			
-0.8888			0.4017			-0.2903			-0.7000			-19.0000			-15.0000			15.0000			
-2.0015			0.9601			0.8168			-0.2000			-17.0000			-17.0000			14.0000			
-2.5579			2.0767			-0.2903			-0.7000			-16.0000			-19.0000			15.0000			
-2.0015			1.5184			1.3703			0.8000			-13.0000			-22.0000			15.0000			
-2.5579			1.5184			-0.2903			-1.3000			-12.0000			-22.0000			15.0000			
-4.7833			1.5184			1.9238			-1.3000			-9.0000			-25.0000			15.0000			
-3.1142			1.5184			1.3703			-0.2000			-8.0000			-28.0000			15.0000			
-3.1142			0.9601			1.9238			-0.2000			-6.0000			-30.0000			15.0000			
-2.5579			0.4017			0.2633			-1.8000			-5.0000			-31.0000			15.0000			
-3.1142			0.9601			0.8168			-1.3000			-2.0000			-33.0000			14.0000			
-2.5579			2.0767			0.8168			0.3000			-1.0000			-35.0000			14.0000			
-2.5579			1.5184			0.2633			-0.7000			1.0000			-37.0000			14.0000			
-0.8888			0.4017			0.8168			0.3000			3.0000			-40.0000			14.0000			
-0.3325			-0.7149			-0.2903			-1.3000			4.0000			-39.0000			13.0000			
-0.8888			-1.2733			1.9238			-0.2000			4.0000			-42.0000			14.0000			
-0.3325			-0.7149			0.2633			-0.7000			6.0000			-42.0000			12.0000			
-0.3325			-0.7149			0.8168			-0.2000			7.0000			-41.0000			12.0000			
0.2239			-0.7149			0.8168			0.3000			9.0000			-42.0000			11.0000			
-0.3325			-2.3899			1.3703			-1.3000			9.0000			-41.0000			12.0000			
-0.3325			-2.9483			2.4774			-0.8000			10.0000			-41.0000			10.0000			
-0.8888			-2.9483			3.5844			-0.2000			12.0000			-41.0000			9.0000			
-0.3325			-2.9483			3.5844			0.3000			11.0000			-40.0000			9.0000			
-0.8888			-2.9483			2.4774			-1.3000			13.0000			-39.0000			7.0000			
-0.3325			-3.5066			3.5844			-0.2000			14.0000			-40.0000			7.0000			
-0.8888			-3.5066			4.6914			0.3000			16.0000			-39.0000			4.0000			
-0.3325			-2.9483			4.1379			0.8000			17.0000			-38.0000			4.0000			
-0.8888			-4.0649			4.6914			-0.2000			17.0000			-37.0000			2.0000			
-0.8888			-3.5066			4.6914			0.3000			18.0000			-36.0000			-1.0000			
-0.8888			-3.5066			5.2450			0.8000			20.0000			-36.0000			-2.0000			
-0.8888			-3.5066			4.1379			-0.2000			20.0000			-36.0000			-3.0000			
-0.8888			-2.3899			4.1379			0.8000			22.0000			-34.0000			-4.0000			
-0.8888			-2.9483			4.1379			0.3000			23.0000			-33.0000			-6.0000			
-0.8888			-2.9483			3.0309			-0.8000			24.0000			-33.0000			-8.0000			
-0.8888			-1.8316			3.5844			0.8000			26.0000			-32.0000			-9.0000			
-0.8888			-3.5066			2.4774			-1.9000			25.0000			-30.0000			-9.0000			
-0.3325			-1.8316			1.9238			-0.2000			26.0000			-31.0000			-10.0000			
-0.3325			-2.9483			2.4774			-0.8000			25.0000			-30.0000			-11.0000			
-0.3325			-2.3899			1.9238			-0.7000			28.0000			-30.0000			-11.0000			
0.2239			-1.2733			0.8168			-0.2000			27.0000			-29.0000			-12.0000			
-0.3325			-0.7149			1.3703			0.3000			27.0000			-28.0000			-13.0000			
-0.3325			-2.3899			1.3703			-1.3000			27.0000			-28.0000			-12.0000			
-0.3325			-1.8316			1.3703			-0.7000			27.0000			-27.0000			-13.0000			
-0.3325			-1.2733			3.0309			1.4000			27.0000			-25.0000			-15.0000			
-0.3325			-2.3899			1.9238			-0.7000			28.0000			-24.0000			-15.0000			
1.3366			-1.8316			0.8168			0.3000			27.0000			-23.0000			-17.0000			
-0.3325			-3.5066			3.0309			-0.8000			27.0000			-21.0000			-18.0000			
-0.3325			-4.0649			3.5844			-0.8000			27.0000			-20.0000			-20.0000			
-0.8888			-2.3899			3.5844			0.3000			26.0000			-17.0000			-20.0000			
-0.3325			-2.3899			3.5844			0.8000			26.0000			-14.0000			-21.0000			
0.2239			-3.5066			3.5844			0.3000			27.0000			-13.0000			-22.0000			
0.2239			-4.0649			3.0309			-0.8000			25.0000			-9.0000			-25.0000			
0.2239			-1.8316			3.0309			1.4000			25.0000			-8.0000			-25.0000			
0.2239			-3.5066			4.1379			0.8000			24.0000			-6.0000			-26.0000			
0.2239			-4.0649			3.5844			-0.2000			24.0000			-3.0000			-27.0000			
-0.3325			-2.9483			3.0309			-0.2000			24.0000			-1.0000			-29.0000			
0.7802			-4.0649			2.4774			-0.8000			24.0000			-1.0000			-29.0000			
0.2239			-4.0649			3.5844			-0.2000			23.0000			-1.0000			-30.0000			
-0.8888			-2.3899			2.4774			-0.7000			23.0000			2.0000			-30.0000			
-0.8888			-0.7149			1.9238			0.3000			23.0000			3.0000			-29.0000			
-0.3325			-2.3899			1.9238			-0.7000			22.0000			5.0000			-31.0000			
0.2239			-2.9483			1.3703			-1.3000			22.0000			5.0000			-31.0000			
-0.3325			-1.8316			0.8168			-1.3000			22.0000			6.0000			-31.0000			
0.2239			-1.2733			0.2633			-0.7000			20.0000			7.0000			-30.0000			
-0.8888			-1.2733			1.9238			-0.2000			19.0000			8.0000			-32.0000			
0.2239			-0.7149			1.3703			0.8000			20.0000			9.0000			-31.0000			
1.3366			-2.3899			0.8168			-0.2000			18.0000			9.0000			-32.0000			
1.3366			-2.3899			0.2633			-0.7000			18.0000			10.0000			-32.0000			
1.8930			-1.2733			-0.2903			0.3000			16.0000			12.0000			-32.0000			
1.8930			-2.3899			-0.8438			-1.3000			16.0000			13.0000			-31.0000			
2.4493			-2.3899			0.2633			0.3000			15.0000			15.0000			-31.0000			
1.8930			-2.9483			-0.2903			-1.3000			13.0000			17.0000			-31.0000			
1.8930			-2.3899			0.8168			0.3000			12.0000			18.0000			-31.0000			
1.3366			-1.8316			0.8168			0.3000			12.0000			18.0000			-30.0000			
0.7802			-1.2733			-0.2903			-0.7000			10.0000			19.0000			-30.0000			
1.3366			-1.2733			-0.2903			-0.2000			9.0000			20.0000			-31.0000			
1.3366			-1.2733			0.2633			0.3000			8.0000			19.0000			-30.0000			
1.3366			-1.8316			-0.2903			-0.7000			8.0000			20.0000			-31.0000			
0.7802			-1.2733			-0.2903			-0.7000			7.0000			22.0000			-29.0000			
0.2239			-0.7149			-0.2903			-0.7000			7.0000			21.0000			-29.0000			
1.3366			-1.2733			0.2633			0.3000			6.0000			22.0000			-30.0000			
0.7802			-0.7149			-0.2903			-0.2000			5.0000			22.0000			-29.0000			
0.7802			-0.7149			-0.8438			-0.7000			6.0000			22.0000			-29.0000			
0.7802			-0.1566			0.2633			0.8000			5.0000			22.0000			-29.0000			
0.7802			-0.1566			0.2633			0.8000			5.0000			22.0000			-29.0000			
0.2239			-1.8316			0.8168			-0.7000			5.0000			22.0000			-28.0000			
0.2239			0.4017			-0.2903			0.3000			5.0000			22.0000			-28.0000			
-0.3325			-0.1566			0.2633			-0.2000			4.0000			22.0000			-26.0000			
0.2239			-0.1566			-0.8438			-0.7000			2.0000			21.0000			-24.0000			
0.2239			-0.7149			-0.8438			-1.3000			3.0000			21.0000			-25.0000			
1.3366			-0.1566			-0.8438			0.3000			2.0000			20.0000			-25.0000			
1.3366			-0.1566			-0.8438			0.3000			2.0000			20.0000			-23.0000			
0.7802			-0.1566			-0.8438			-0.2000			-1.0000			19.0000			-21.0000			
0.7802			0.4017			-1.3973			-0.2000			-1.0000			19.0000			-22.0000			
0.7802			0.4017			-1.3973			-0.2000			-1.0000			19.0000			-21.0000			
1.3366			-0.1566			-0.8438			0.3000			-1.0000			17.0000			-19.0000			
1.3366			-0.7149			-0.2903			0.3000			-1.0000			18.0000			-19.0000			
0.2239			0.4017			-0.2903			0.3000			-1.0000			18.0000			-18.0000			
0.7802			-0.7149			-0.8438			-0.7000			-1.0000			16.0000			-18.0000			
0.2239			0.4017			-1.3973			-0.7000			-2.0000			16.0000			-17.0000			
0.2239			0.4017			0.2633			0.8000			-2.0000			15.0000			-18.0000			
-0.3325			-0.7149			-0.8438			-1.8000			-2.0000			15.0000			-17.0000			
-0.3325			-0.7149			0.8168			-0.2000			-2.0000			15.0000			-17.0000			
0.2239			-0.7149			0.2633			-0.2000			-2.0000			15.0000			-17.0000			
-0.3325			-1.2733			0.2633			-1.3000			-1.0000			14.0000			-16.0000			
-0.8888			-0.1566			0.2633			-0.7000			-2.0000			13.0000			-15.0000			
-0.8888			-1.8316			1.3703			-1.3000			-1.0000			13.0000			-15.0000			
-0.3325			-0.7149			1.9238			0.8000			-1.0000			12.0000			-15.0000			
-0.3325			-0.7149			1.3703			0.3000			-1.0000			12.0000			-14.0000			
-0.3325			-0.1566			1.3703			0.8000			-1.0000			10.0000			-13.0000			
-0.8888			-0.1566			0.8168			-0.2000			-1.0000			10.0000			-12.0000			
-0.3325			-0.1566			0.2633			-0.2000			-1.0000			8.0000			-12.0000			
0.2239			-0.1566			0.2633			0.3000			-1.0000			7.0000			-11.0000			
0.2239			-0.1566			0.2633			0.3000			-1.0000			6.0000			-12.0000			
-0.3325			-1.2733			0.2633			-1.3000			-1.0000			4.0000			-10.0000			
0.2239			-0.1566			-0.2903			-0.2000			2.0000			4.0000			-9.0000			
-0.3325			0.4017			0.2633			0.3000			1.0000			3.0000			-9.0000			
-0.3325			-0.7149			0.2633			-0.7000			2.0000			2.0000			-9.0000			
-0.3325			-0.7149			0.8168			-0.2000			2.0000			1.0000			-9.0000			
-0.3325			-0.1566			0.2633			-0.2000			2.0000			1.0000			-9.0000			
-0.3325			-0.7149			0.2633			-0.7000			2.0000			0.0000			-9.0000			
0.2239			-1.2733			1.3703			0.3000			2.0000			-1.0000			-9.0000			
-0.8888			-1.2733			1.9238			-0.2000			3.0000			-1.0000			-8.0000			
0.2239			-1.2733			0.8168			-0.2000			4.0000			-1.0000			-8.0000			
-0.8888			-0.7149			1.3703			-0.2000			5.0000			-1.0000			-8.0000			
-0.3325			-1.2733			1.3703			-0.2000			4.0000			-2.0000			-8.0000			
-0.3325			-1.8316			1.3703			-0.7000			4.0000			-3.0000			-8.0000			
-0.3325			-1.2733			1.3703			-0.2000			4.0000			-3.0000			-8.0000			
-0.3325			-1.8316			1.3703			-0.7000			5.0000			-3.0000			-8.0000			
-0.3325			-1.2733			0.8168			-0.7000			4.0000			-2.0000			-8.0000			
-0.3325			-0.7149			0.2633			-0.7000			5.0000			-4.0000			-6.0000			
0.7802			0.4017			0.8168			2.0000			6.0000			-5.0000			-7.0000			
0.2239			0.4017			-0.8438			-0.2000			7.0000			-7.0000			-6.0000			
0.7802			0.4017			-1.3973			-0.2000			6.0000			-6.0000			-6.0000			
0.2239			0.4017			-1.9508			-1.3000			7.0000			-7.0000			-5.0000			
0.7802			2.0767			-1.9508			0.9000			7.0000			-10.0000			-3.0000			
0.2239			0.9601			-0.8438			0.3000			7.0000			-9.0000			-3.0000			
-0.3325			0.4017			-0.8438			-0.7000			7.0000			-10.0000			-4.0000			
-0.3325			1.5184			-1.3973			-0.2000			8.0000			-12.0000			-3.0000			
0.2239			0.9601			-0.8438			0.3000			9.0000			-11.0000			-4.0000			
-0.3325			0.4017			-0.8438			-0.7000			8.0000			-12.0000			-4.0000			
-0.8888			0.9601			-1.3973			-1.3000			10.0000			-13.0000			-4.0000			
-0.3325			0.4017			-0.8438			-0.7000			10.0000			-13.0000			-5.0000			
-0.8888			0.9601			-0.8438			-0.7000			11.0000			-14.0000			-4.0000			
-0.8888			0.9601			-0.2903			-0.2000			13.0000			-13.0000			-5.0000			
-0.3325			0.4017			-0.2903			-0.2000			12.0000			-14.0000			-5.0000			
-0.8888			1.5184			-0.2903			0.3000			13.0000			-15.0000			-5.0000			
-0.3325			0.4017			0.2633			0.3000			14.0000			-15.0000			-7.0000			
-0.8888			-0.1566			0.2633			-0.7000			14.0000			-13.0000			-7.0000			
-0.8888			0.9601			0.2633			0.3000			13.0000			-14.0000			-8.0000			
-0.3325			0.9601			0.2633			0.8000			16.0000			-14.0000			-8.0000			
-0.8888			0.4017			0.2633			-0.2000			16.0000			-14.0000			-9.0000			
-0.8888			-0.1566			0.2633			-0.7000			16.0000			-15.0000			-9.0000			
-0.8888			0.4017			0.8168			0.3000			16.0000			-13.0000			-10.0000			
-0.8888			-0.1566			1.3703			0.3000			17.0000			-13.0000			-10.0000			
-0.8888			0.4017			1.3703			0.8000			18.0000			-12.0000			-11.0000			
-2.0015			-0.7149			0.8168			-1.8000			18.0000			-12.0000			-11.0000			
-0.8888			0.4017			1.3703			0.8000			18.0000			-12.0000			-12.0000			
-0.8888			-0.1566			1.9238			0.8000			18.0000			-10.0000			-13.0000			
-0.8888			-0.7149			1.3703			-0.2000			18.0000			-11.0000			-12.0000			
-0.8888			-0.7149			0.8168			-0.7000			19.0000			-10.0000			-13.0000			
-0.8888			-0.7149			1.3703			-0.2000			18.0000			-9.0000			-14.0000			
-0.8888			-0.7149			1.9238			0.3000			19.0000			-9.0000			-14.0000			
-2.0015			-0.1566			1.3703			-0.7000			19.0000			-9.0000			-15.0000			
-1.4452			-1.2733			1.3703			-1.3000			19.0000			-9.0000			-16.0000			
-0.8888			-1.2733			2.4774			0.3000			20.0000			-7.0000			-16.0000			
-2.0015			-0.7149			1.9238			-0.7000			18.0000			-6.0000			-17.0000			
-0.8888			-1.2733			1.9238			-0.2000			19.0000			-6.0000			-17.0000			
-0.8888			-1.8316			1.9238			-0.7000			19.0000			-4.0000			-18.0000			
-0.8888			-0.7149			1.9238			0.3000			20.0000			-4.0000			-18.0000			
-0.8888			-1.2733			1.9238			-0.2000			19.0000			-3.0000			-19.0000			
-0.8888			-1.2733			2.4774			0.3000			20.0000			-3.0000			-18.0000			
-0.8888			-1.2733			1.9238			-0.2000			19.0000			-2.0000			-19.0000			
-0.3325			-1.2733			1.3703			-0.2000			18.0000			-1.0000			-19.0000			
-0.3325			-1.2733			1.9238			0.3000			18.0000			-1.0000			-20.0000			
-0.8888			-1.8316			1.9238			-0.7000			18.0000			0.0000			-20.0000			
0.2239			-1.2733			2.4774			1.4000			17.0000			2.0000			-21.0000			
-0.3325			-1.8316			1.3703			-0.7000			17.0000			3.0000			-20.0000			
-0.3325			-1.8316			1.3703			-0.7000			16.0000			3.0000			-21.0000			
-0.3325			-1.8316			1.3703			-0.7000			16.0000			4.0000			-20.0000			
0.7802			-1.8316			0.8168			-0.2000			16.0000			5.0000			-20.0000			
0.2239			-1.8316			1.3703			-0.2000			16.0000			5.0000			-21.0000			
0.2239			-1.8316			0.8168			-0.7000			15.0000			5.0000			-20.0000			
-0.3325			-1.2733			0.2633			-1.3000			14.0000			5.0000			-20.0000			
0.2239			-0.7149			0.2633			-0.2000			15.0000			5.0000			-20.0000			
0.2239			-1.8316			0.8168			-0.7000			15.0000			6.0000			-20.0000			
0.2239			-1.2733			0.2633			-0.7000			13.0000			5.0000			-21.0000			
0.2239			-1.2733			0.2633			-0.7000			13.0000			6.0000			-20.0000			
0.7802			-1.2733			-0.2903			-0.7000			13.0000			7.0000			-20.0000			
0.2239			-1.8316			0.2633			-1.3000			12.0000			8.0000			-21.0000			
0.2239			-1.8316			0.2633			-1.3000			12.0000			8.0000			-21.0000			
0.7802			-1.8316			0.2633			-0.7000			12.0000			9.0000			-21.0000			
0.2239			-1.2733			0.8168			-0.2000			12.0000			10.0000			-21.0000			
0.7802			-1.8316			0.2633			-0.7000			11.0000			9.0000			-20.0000			
1.3366			-1.2733			0.2633			0.3000			11.0000			9.0000			-21.0000			
0.7802			-1.2733			-0.2903			-0.7000			10.0000			10.0000			-21.0000			
0.7802			-1.2733			-0.2903			-0.7000			10.0000			11.0000			-20.0000			
0.7802			-0.7149			0.2633			0.3000			10.0000			10.0000			-20.0000			
0.7802			-1.2733			0.8168			0.3000			10.0000			11.0000			-21.0000			
0.7802			-1.2733			0.2633			-0.2000			9.0000			11.0000			-20.0000			
0.2239			-1.2733			-0.2903			-1.3000			9.0000			11.0000			-20.0000			
0.7802			-0.7149			0.2633			0.3000			9.0000			12.0000			-20.0000			
0.7802			-1.2733			0.2633			-0.2000			10.0000			11.0000			-21.0000			
0.2239			-0.7149			0.2633			-0.2000			10.0000			12.0000			-20.0000			
-0.3325			-0.7149			0.2633			-0.7000			10.0000			12.0000			-20.0000			
-0.3325			-0.7149			0.8168			-0.2000			10.0000			11.0000			-19.0000			
-0.3325			-0.7149			0.2633			-0.7000			10.0000			10.0000			-21.0000			
0.2239			-0.1566			-0.2903			-0.2000			9.0000			11.0000			-20.0000			
-0.8888			-1.2733			0.2633			-1.8000			8.0000			10.0000			-20.0000			
0.2239			-0.7149			0.8168			0.3000			8.0000			11.0000			-20.0000			
0.7802			-1.8316			0.2633			-0.7000			8.0000			12.0000			-21.0000			
0.7802			-2.3899			0.2633			-1.3000			8.0000			13.0000			-21.0000			
1.3366			-2.3899			1.3703			0.3000			8.0000			15.0000			-20.0000			
0.2239			-2.3899			1.3703			-0.7000			7.0000			14.0000			-21.0000			
1.8930			-2.3899			0.2633			-0.2000			6.0000			15.0000			-20.0000			
1.3366			-2.9483			0.8168			-0.7000			6.0000			16.0000			-20.0000			
1.8930			-2.9483			1.3703			0.3000			5.0000			15.0000			-21.0000			
1.3366			-2.9483			0.8168			-0.7000			6.0000			17.0000			-19.0000			
0.7802			-2.3899			1.3703			-0.2000			4.0000			16.0000			-19.0000			
1.3366			-2.3899			1.3703			0.3000			5.0000			16.0000			-18.0000			
0.7802			-2.3899			0.2633			-1.3000			4.0000			15.0000			-18.0000			
1.3366			-1.8316			0.8168			0.3000			4.0000			15.0000			-19.0000			
1.3366			-1.8316			1.3703			0.8000			5.0000			14.0000			-18.0000			
0.2239			-1.8316			-0.2903			-1.8000			4.0000			14.0000			-17.0000			
0.7802			-1.2733			0.8168			0.3000			4.0000			14.0000			-17.0000			
0.7802			-1.8316			0.2633			-0.7000			3.0000			13.0000			-17.0000			
0.7802			-1.8316			-0.2903			-1.3000			3.0000			13.0000			-17.0000			
0.7802			-1.8316			0.2633			-0.7000			4.0000			12.0000			-17.0000			
0.2239			-1.8316			-0.2903			-1.8000			3.0000			11.0000			-15.0000			
0.7802			-1.2733			0.2633			-0.2000			4.0000			12.0000			-15.0000			
0.7802			-1.8316			0.2633			-0.7000			3.0000			10.0000			-15.0000			
1.8930			-1.2733			-0.2903			0.3000			4.0000			11.0000			-15.0000			
0.7802			-1.8316			0.2633			-0.7000			4.0000			10.0000			-15.0000			
0.7802			-1.2733			-0.2903			-0.7000			4.0000			9.0000			-15.0000			
0.7802			-0.7149			0.2633			0.3000			4.0000			9.0000			-14.0000			
0.7802			-0.7149			0.2633			0.3000			4.0000			9.0000			-13.0000			
1.3366			-0.7149			0.2633			0.8000			5.0000			8.0000			-13.0000			
0.7802			-0.7149			0.8168			0.8000			4.0000			8.0000			-13.0000			
0.2239			-0.7149			-0.2903			-0.7000			4.0000			7.0000			-13.0000			
0.2239			-0.1566			0.2633			0.3000			4.0000			7.0000			-12.0000			
0.2239			-0.7149			-0.2903			-0.7000			5.0000			6.0000			-13.0000			
-0.3325			-0.7149			0.2633			-0.7000			5.0000			6.0000			-12.0000			
0.2239			-1.2733			-0.2903			-1.3000			6.0000			6.0000			-10.0000			
0.7802			-0.1566			0.2633			0.8000			6.0000			5.0000			-11.0000			
0.2239			-0.7149			-0.2903			-0.7000			6.0000			4.0000			-11.0000			
-0.3325			-0.7149			0.2633			-0.7000			6.0000			4.0000			-11.0000			
0.7802			-0.7149			0.2633			0.3000			6.0000			3.0000			-11.0000			
0.7802			-1.2733			0.2633			-0.2000			6.0000			3.0000			-11.0000			
-0.3325			-0.7149			0.2633			-0.7000			6.0000			3.0000			-11.0000			
0.2239			-0.1566			-0.2903			-0.2000			8.0000			2.0000			-11.0000			
0.7802			-0.7149			0.2633			0.3000			8.0000			2.0000			-12.0000			
0.7802			-0.7149			0.2633			0.3000			8.0000			2.0000			-10.0000			
0.7802			-0.1566			0.2633			0.8000			8.0000			2.0000			-12.0000			
0.2239			-0.7149			0.8168			0.3000			7.0000			1.0000			-11.0000			
-0.3325			-0.7149			0.2633			-0.7000			9.0000			1.0000			-10.0000			
0.2239			-0.7149			0.2633			-0.2000			9.0000			-1.0000			-10.0000			
0.2239			-0.7149			-0.2903			-0.7000			10.0000			-1.0000			-11.0000			
0.2239			-0.7149			0.2633			-0.2000			9.0000			-1.0000			-12.0000			
-0.3325			-0.7149			0.2633			-0.7000			10.0000			-1.0000			-11.0000			
0.7802			-0.1566			0.2633			0.8000			10.0000			-1.0000			-11.0000			
-0.8888			-0.7149			0.8168			-0.7000			11.0000			-1.0000			-11.0000			
0.2239			-0.7149			0.8168			0.3000			10.0000			-2.0000			-11.0000			
-0.3325			-1.2733			0.8168			-0.7000			11.0000			-1.0000			-11.0000			
-0.3325			0.4017			0.2633			0.3000			11.0000			-1.0000			-11.0000			
-0.8888			-0.1566			-0.2903			-1.3000			11.0000			-3.0000			-11.0000			
-0.3325			-0.7149			0.8168			-0.2000			11.0000			-2.0000			-12.0000			
-0.8888			-0.7149			0.2633			-1.3000			11.0000			-1.0000			-11.0000			
-0.8888			-0.1566			0.8168			-0.2000			11.0000			-2.0000			-11.0000			
-0.3325			-0.7149			0.8168			-0.2000			12.0000			-1.0000			-11.0000			
-0.3325			-0.7149			0.8168			-0.2000			12.0000			-2.0000			-12.0000			
-0.3325			-0.7149			0.8168			-0.2000			12.0000			-2.0000			-11.0000			
0.2239			-1.2733			0.8168			-0.2000			12.0000			-2.0000			-11.0000			
-0.3325			-0.1566			1.3703			0.8000			13.0000			-2.0000			-13.0000			
0.2239			-1.2733			0.8168			-0.2000			12.0000			-2.0000			-13.0000			
-0.8888			-0.7149			1.9238			0.3000			13.0000			-2.0000			-12.0000			
-0.8888			-1.2733			0.8168			-1.3000			14.0000			-2.0000			-12.0000			
-0.3325			-0.1566			0.8168			0.3000			14.0000			-2.0000			-13.0000			
0.2239			-1.2733			1.3703			0.3000			14.0000			-1.0000			-13.0000			
-0.3325			-0.1566			1.3703			0.8000			14.0000			-2.0000			-13.0000			
-0.3325			-0.7149			0.2633			-0.7000			14.0000			-1.0000			-13.0000			
-0.8888			-1.2733			0.8168			-1.3000			15.0000			-2.0000			-13.0000			
-0.8888			-0.7149			0.8168			-0.7000			14.0000			-1.0000			-13.0000			
-0.8888			-0.7149			0.8168			-0.7000			15.0000			-1.0000			-14.0000			
-0.8888			-1.2733			1.3703			-0.7000			15.0000			-2.0000			-15.0000			
-0.3325			-0.7149			1.3703			0.3000			16.0000			-1.0000			-15.0000			
-0.8888			-1.2733			1.3703			-0.7000			15.0000			-1.0000			-15.0000			
-0.3325			-1.8316			1.3703			-0.7000			14.0000			-1.0000			-15.0000			
-0.8888			-1.2733			1.3703			-0.7000			14.0000			-1.0000			-15.0000			
-0.3325			-0.7149			0.8168			-0.2000			15.0000			-1.0000			-16.0000			
-0.3325			-1.2733			1.3703			-0.2000			14.0000			-1.0000			-15.0000			
-0.3325			-1.8316			1.3703			-0.7000			14.0000			0.0000			-16.0000			
-0.3325			-0.7149			0.8168			-0.2000			14.0000			1.0000			-16.0000			
-0.8888			-1.2733			1.3703			-0.7000			15.0000			-1.0000			-16.0000			
-0.3325			-1.2733			1.3703			-0.2000			14.0000			1.0000			-16.0000			
-0.3325			-1.2733			0.8168			-0.7000			15.0000			1.0000			-17.0000			
-0.3325			-0.7149			0.8168			-0.2000			16.0000			2.0000			-17.0000			
0.2239			-0.7149			1.3703			0.8000			15.0000			2.0000			-17.0000			
-0.3325			-1.8316			0.8168			-1.3000			14.0000			2.0000			-16.0000			
-0.3325			-1.2733			1.9238			0.3000			15.0000			2.0000			-18.0000			
0.2239			-1.2733			1.3703			0.3000			15.0000			3.0000			-17.0000			
-0.3325			-1.8316			1.3703			-0.7000			14.0000			3.0000			-18.0000			
-0.8888			-1.2733			1.3703			-0.7000			14.0000			3.0000			-17.0000			
-0.3325			-1.2733			1.3703			-0.2000			15.0000			5.0000			-19.0000			
0.2239			-1.8316			0.8168			-0.7000			14.0000			4.0000			-18.0000			
-0.3325			-1.8316			1.9238			-0.2000			13.0000			5.0000			-18.0000			
-0.8888			-1.2733			1.3703			-0.7000			14.0000			5.0000			-18.0000			
0.2239			-1.2733			1.3703			0.3000			14.0000			4.0000			-18.0000			
0.2239			-1.8316			1.3703			-0.2000			14.0000			5.0000			-19.0000			
-0.3325			-1.2733			1.3703			-0.2000			13.0000			7.0000			-19.0000			
0.2239			-1.2733			0.8168			-0.2000			14.0000			6.0000			-18.0000			
-0.3325			-1.8316			1.3703			-0.7000			14.0000			7.0000			-19.0000			
-0.3325			-1.2733			0.8168			-0.7000			13.0000			6.0000			-19.0000			
0.2239			-1.8316			0.8168			-0.7000			14.0000			7.0000			-18.0000			
-0.3325			-1.8316			1.3703			-0.7000			13.0000			8.0000			-18.0000			
-0.3325			-1.2733			0.8168			-0.7000			13.0000			7.0000			-19.0000			
0.2239			-1.8316			1.3703			-0.2000			12.0000			8.0000			-19.0000			
0.7802			-1.8316			1.3703			0.3000			13.0000			8.0000			-19.0000			
-0.3325			-1.2733			0.8168			-0.7000			12.0000			9.0000			-18.0000			
0.7802			-1.8316			0.8168			-0.2000			13.0000			8.0000			-19.0000			
0.2239			-1.8316			0.8168			-0.7000			11.0000			8.0000			-18.0000			
-0.3325			-1.2733			0.8168			-0.7000			12.0000			9.0000			-18.0000			
0.7802			-1.2733			0.8168			0.3000			12.0000			8.0000			-18.0000			
0.2239			-1.2733			0.8168			-0.2000			12.0000			9.0000			-19.0000			
-0.8888			-1.2733			0.2633			-1.8000			13.0000			9.0000			-18.0000			
0.2239			-1.8316			0.2633			-1.3000			11.0000			9.0000			-19.0000			
0.2239			-1.8316			0.8168			-0.7000			11.0000			10.0000			-19.0000			
0.2239			-1.8316			0.2633			-1.3000			11.0000			10.0000			-18.0000			
-0.8888			-1.2733			1.3703			-0.7000			11.0000			10.0000			-19.0000			
0.2239			-1.8316			1.3703			-0.2000			11.0000			9.0000			-18.0000			
0.2239			-0.7149			-0.2903			-0.7000			11.0000			10.0000			-19.0000			
0.2239			-1.8316			0.2633			-1.3000			11.0000			10.0000			-17.0000			
-0.3325			-1.8316			0.8168			-1.3000			10.0000			10.0000			-18.0000			
0.7802			-1.8316			0.8168			-0.2000			10.0000			10.0000			-18.0000			
0.7802			-1.2733			0.2633			-0.2000			10.0000			10.0000			-18.0000			
0.2239			-2.3899			0.8168			-1.3000			10.0000			10.0000			-18.0000			
0.7802			-1.2733			0.8168			0.3000			9.0000			9.0000			-17.0000			
0.7802			-0.7149			0.2633			0.3000			10.0000			11.0000			-17.0000			
-0.3325			-1.8316			0.8168			-1.3000			10.0000			10.0000			-17.0000			
0.7802			-1.8316			0.2633			-0.7000			10.0000			10.0000			-17.0000			
0.7802			-0.7149			0.8168			0.8000			10.0000			10.0000			-17.0000			
0.7802			-1.2733			0.2633			-0.2000			10.0000			9.0000			-18.0000			
0.2239			-1.2733			0.8168			-0.2000			10.0000			10.0000			-17.0000			
1.3366			-0.1566			0.2633			1.4000			9.0000			10.0000			-17.0000			
0.2239			-1.2733			0.2633			-0.7000			9.0000			10.0000			-16.0000			
0.7802			-1.2733			0.8168			0.3000			9.0000			9.0000			-16.0000			
0.7802			-1.2733			0.2633			-0.2000			9.0000			9.0000			-15.0000			
0.2239			-1.2733			0.2633			-0.7000			9.0000			9.0000			-16.0000			
0.2239			-1.8316			0.2633			-1.3000			9.0000			9.0000			-16.0000			
0.7802			-0.7149			0.2633			0.3000			9.0000			10.0000			-15.0000			
0.2239			-1.2733			0.2633			-0.7000			10.0000			9.0000			-16.0000			
0.2239			-1.2733			0.2633			-0.7000			9.0000			9.0000			-16.0000			
0.2239			-0.7149			0.2633			-0.2000			9.0000			8.0000			-16.0000			
-0.3325			-1.2733			0.8168			-0.7000			10.0000			9.0000			-15.0000			
0.2239			-0.7149			-0.2903			-0.7000			8.0000			10.0000			-15.0000			
0.7802			-0.7149			0.8168			0.8000			9.0000			8.0000			-15.0000			
-0.3325			-0.7149			0.8168			-0.2000			9.0000			8.0000			-16.0000			
-0.3325			-0.7149			0.2633			-0.7000			9.0000			8.0000			-14.0000			
0.2239			-1.2733			0.2633			-0.7000			9.0000			7.0000			-14.0000			
0.7802			-0.7149			0.8168			0.8000			10.0000			8.0000			-14.0000			
-0.3325			-1.2733			-0.2903			-1.9000			9.0000			7.0000			-15.0000			
0.2239			-0.7149			-0.8438			-1.3000			9.0000			7.0000			-15.0000			
-0.3325			-1.2733			0.8168			-0.7000			9.0000			8.0000			-14.0000			
-0.3325			-0.7149			0.8168			-0.2000			9.0000			7.0000			-14.0000			
0.2239			-0.7149			-0.2903			-0.7000			9.0000			6.0000			-14.0000			
0.2239			-0.7149			0.2633			-0.2000			10.0000			6.0000			-14.0000			
0.2239			-0.7149			0.8168			0.3000			10.0000			6.0000			-14.0000			
-0.3325			-0.7149			0.2633			-0.7000			9.0000			6.0000			-13.0000			
0.2239			-1.2733			-0.2903			-1.3000			9.0000			6.0000			-14.0000			
0.2239			-1.2733			0.8168			-0.2000			9.0000			6.0000			-14.0000			
-0.3325			-0.7149			0.2633			-0.7000			10.0000			5.0000			-13.0000			
0.2239			-1.2733			0.2633			-0.7000			11.0000			6.0000			-13.0000			
0.2239			-0.7149			0.8168			0.3000			9.0000			5.0000			-14.0000			
0.2239			-0.7149			0.2633			-0.2000			9.0000			5.0000			-12.0000			
-0.3325			-0.7149			0.8168			-0.2000			10.0000			5.0000			-14.0000			
-0.3325			-0.7149			0.2633			-0.7000			10.0000			5.0000			-14.0000			
0.2239			-0.7149			0.2633			-0.2000			10.0000			5.0000			-12.0000			
0.2239			-0.7149			0.2633			-0.2000			11.0000			5.0000			-13.0000			
0.7802			-1.2733			0.2633			-0.2000			11.0000			4.0000			-14.0000			
-0.3325			-0.7149			0.2633			-0.7000			11.0000			4.0000			-13.0000			
0.2239			-0.7149			0.2633			-0.2000			11.0000			4.0000			-13.0000			
-0.3325			-0.7149			0.2633			-0.7000			10.0000			4.0000			-14.0000			
0.2239			-0.7149			0.8168			0.3000			11.0000			4.0000			-13.0000			
-0.3325			-0.1566			0.8168			0.3000			11.0000			4.0000			-14.0000			
-0.3325			-0.1566			0.8168			0.3000			11.0000			3.0000			-14.0000			
0.2239			-0.1566			0.2633			0.3000			11.0000			4.0000			-13.0000			
0.2239			-0.7149			0.2633			-0.2000			12.0000			4.0000			-14.0000			
-0.8888			-0.7149			0.8168			-0.7000			11.0000			2.0000			-13.0000			
0.2239			-0.7149			0.8168			0.3000			12.0000			3.0000			-13.0000			
-0.3325			-0.7149			0.8168			-0.2000			11.0000			4.0000			-14.0000			
-0.3325			-0.7149			0.2633			-0.7000			11.0000			3.0000			-14.0000			
0.2239			-1.2733			0.2633			-0.7000			12.0000			3.0000			-13.0000			
-0.3325			-0.7149			0.2633			-0.7000			11.0000			3.0000			-14.0000			
-0.3325			-1.2733			0.8168			-0.7000			11.0000			4.0000			-14.0000			
0.2239			-0.7149			0.2633			-0.2000			12.0000			3.0000			-13.0000			
0.2239			-0.1566			0.8168			0.8000			12.0000			3.0000			-13.0000			
0.2239			-1.2733			0.2633			-0.7000			13.0000			3.0000			-14.0000			
-0.3325			-0.7149			0.2633			-0.7000			12.0000			3.0000			-14.0000			
0.2239			-0.1566			0.8168			0.8000			12.0000			3.0000			-13.0000			
-0.8888			-0.7149			0.2633			-1.3000			12.0000			4.0000			-13.0000			
-0.3325			-1.2733			0.2633			-1.3000			13.0000			3.0000			-14.0000			
-0.3325			-0.7149			0.8168			-0.2000			12.0000			4.0000			-14.0000			
-0.8888			-0.1566			0.8168			-0.2000			13.0000			3.0000			-13.0000			
0.7802			-1.2733			0.8168			0.3000			13.0000			3.0000			-15.0000			
0.2239			-0.7149			0.2633			-0.2000			13.0000			4.0000			-14.0000			
-0.8888			-0.7149			0.2633			-1.3000			14.0000			3.0000			-14.0000			
-0.3325			-0.7149			0.8168			-0.2000			13.0000			4.0000			-14.0000			
0.2239			-0.7149			0.2633			-0.2000			12.0000			3.0000			-15.0000			
-0.8888			-1.2733			1.3703			-0.7000			15.0000			4.0000			-14.0000			
-0.3325			-0.7149			0.8168			-0.2000			14.0000			4.0000			-14.0000			
-0.3325			-0.1566			1.3703			0.8000			13.0000			3.0000			-14.0000			
0.2239			-0.7149			0.8168			0.3000			14.0000			4.0000			-14.0000			
-0.3325			-1.2733			0.2633			-1.3000			14.0000			4.0000			-14.0000			
0.7802			-0.7149			0.8168			0.8000			13.0000			3.0000			-14.0000			
-0.3325			-1.8316			0.8168			-1.3000			14.0000			4.0000			-15.0000			
0.2239			-1.2733			0.8168			-0.2000			13.0000			4.0000			-16.0000			
0.2239			-0.7149			0.2633			-0.2000			13.0000			4.0000			-14.0000			
0.2239			-0.7149			0.8168			0.3000			14.0000			4.0000			-15.0000			
-0.3325			-0.7149			0.8168			-0.2000			14.0000			5.0000			-15.0000			
-0.3325			-0.7149			0.2633			-0.7000			13.0000			5.0000			-15.0000			
-0.3325			-0.7149			0.8168			-0.2000			13.0000			6.0000			-15.0000			
0.2239			-0.7149			0.8168			0.3000			14.0000			4.0000			-16.0000			
0.2239			-0.7149			0.2633			-0.2000			14.0000			4.0000			-15.0000			
-0.8888			-1.2733			0.8168			-1.3000			15.0000			4.0000			-15.0000			
-0.3325			-0.7149			0.2633			-0.7000			13.0000			4.0000			-15.0000			
0.2239			-0.7149			1.3703			0.8000			14.0000			5.0000			-15.0000			
-0.8888			-1.2733			1.3703			-0.7000			14.0000			5.0000			-15.0000			
-0.3325			-0.7149			0.8168			-0.2000			14.0000			5.0000			-15.0000			
0.2239			-1.8316			1.3703			-0.2000			14.0000			7.0000			-15.0000			
0.2239			-0.7149			0.8168			0.3000			13.0000			5.0000			-15.0000			
-0.3325			-1.2733			0.8168			-0.7000			13.0000			6.0000			-14.0000			
-0.3325			-1.2733			1.3703			-0.2000			13.0000			5.0000			-16.0000			
0.2239			-0.7149			0.8168			0.3000			14.0000			7.0000			-15.0000			
-0.8888			-0.7149			0.8168			-0.7000			13.0000			6.0000			-15.0000			
0.2239			-1.2733			0.2633			-0.7000			14.0000			6.0000			-16.0000			
0.2239			-1.2733			0.2633			-0.7000			13.0000			6.0000			-16.0000			
-0.8888			-0.7149			0.2633			-1.3000			13.0000			6.0000			-15.0000			
-0.3325			-1.2733			0.8168			-0.7000			13.0000			8.0000			-16.0000			
0.2239			-0.7149			0.8168			0.3000			12.0000			6.0000			-15.0000			
0.2239			-0.7149			0.8168			0.3000			14.0000			7.0000			-16.0000			
-0.3325			-1.2733			0.8168			-0.7000			13.0000			6.0000			-15.0000			
-0.3325			-0.7149			0.2633			-0.7000			12.0000			7.0000			-16.0000			
-0.8888			-0.7149			0.2633			-1.3000			13.0000			7.0000			-15.0000			
-0.3325			-0.7149			0.2633			-0.7000			14.0000			7.0000			-15.0000			
-0.3325			-0.7149			0.8168			-0.2000			13.0000			7.0000			-16.0000			
-0.3325			-0.7149			0.2633			-0.7000			13.0000			8.0000			-15.0000			
-0.8888			-0.7149			0.2633			-1.3000			13.0000			7.0000			-15.0000			
0.2239			-1.2733			0.2633			-0.7000			12.0000			8.0000			-16.0000			
-0.3325			0.4017			0.2633			0.3000			12.0000			7.0000			-15.0000			
-0.3325			-1.2733			0.2633			-1.3000			13.0000			8.0000			-15.0000			
0.2239			-0.7149			0.2633			-0.2000			13.0000			8.0000			-15.0000			
-0.3325			-0.7149			0.8168			-0.2000			12.0000			7.0000			-15.0000			
-0.8888			-0.7149			0.2633			-1.3000			12.0000			8.0000			-16.0000			
0.2239			-0.7149			0.2633			-0.2000			12.0000			7.0000			-15.0000			
0.7802			-0.1566			0.2633			0.8000			12.0000			8.0000			-15.0000			
-0.3325			-0.7149			0.2633			-0.7000			12.0000			6.0000			-16.0000			
-0.3325			-0.7149			0.2633			-0.7000			12.0000			7.0000			-16.0000			
0.2239			-1.2733			0.8168			-0.2000			12.0000			8.0000			-15.0000			
-0.3325			-0.7149			0.2633			-0.7000			11.0000			9.0000			-16.0000			
0.2239			-0.7149			0.2633			-0.2000			11.0000			7.0000			-15.0000			
0.7802			-0.7149			0.8168			0.8000			12.0000			7.0000			-16.0000			
0.2239			-0.7149			0.2633			-0.2000			12.0000			7.0000			-16.0000			
0.2239			-0.7149			0.2633			-0.2000			11.0000			7.0000			-14.0000			
-0.3325			-1.2733			-0.2903			-1.9000			12.0000			7.0000			-16.0000			
0.2239			-0.7149			0.8168			0.3000			12.0000			8.0000			-16.0000			
-0.3325			-0.1566			0.8168			0.3000			12.0000			7.0000			-15.0000			
-0.3325			-0.7149			-0.2903			-1.3000			12.0000			8.0000			-15.0000			
0.2239			-1.2733			-0.2903			-1.3000			12.0000			7.0000			-15.0000			
0.2239			0.4017			0.8168			1.4000			12.0000			8.0000			-15.0000			
0.2239			-0.7149			-0.2903			-0.7000			11.0000			8.0000			-15.0000			
-0.3325			-0.7149			-0.2903			-1.3000			11.0000			7.0000			-15.0000			
0.2239			-0.7149			0.8168			0.3000			11.0000			7.0000			-14.0000			
-0.8888			-1.2733			0.2633			-1.8000			11.0000			8.0000			-15.0000			
-0.3325			-0.7149			0.2633			-0.7000			11.0000			7.0000			-15.0000			
-0.3325			-1.2733			0.2633			-1.3000			11.0000			7.0000			-15.0000			
0.2239			-0.7149			0.8168			0.3000			12.0000			7.0000			-14.0000			
0.2239			-1.2733			0.2633			-0.7000			11.0000			7.0000			-15.0000			
-0.3325			-0.7149			0.8168			-0.2000			11.0000			7.0000			-15.0000			
-0.3325			-0.7149			-0.2903			-1.3000			13.0000			7.0000			-14.0000			
-0.3325			-0.7149			0.2633			-0.7000			12.0000			7.0000			-15.0000			
0.2239			-0.7149			0.2633			-0.2000			11.0000			7.0000			-15.0000			
0.2239			-1.2733			1.3703			0.3000			12.0000			7.0000			-14.0000			
0.2239			-0.7149			0.8168			0.3000			11.0000			6.0000			-14.0000			
-0.3325			-0.7149			0.2633			-0.7000			11.0000			6.0000			-14.0000			
