-123.8889			119.4180			4.3060			-0.1000			-109.0000			60.0000			25.0000			
-123.3209			110.4666			12.5558			-0.3000			-109.0000			53.0000			32.0000			
-120.4812			99.8368			20.8056			0.1000			-109.0000			46.0000			39.0000			
-118.7774			88.6476			31.2554			1.1000			-106.0000			38.0000			45.0000			
-120.4812			78.0178			42.8051			0.3000			-105.0000			31.0000			52.0000			
-123.8889			69.0664			54.3549			-0.4000			-102.0000			23.0000			59.0000			
-126.7286			62.3528			64.2547			-0.1000			-101.0000			15.0000			65.0000			
-127.8645			56.1987			70.8545			-0.8000			-96.0000			6.0000			69.0000			
-129.0004			51.1636			78.0043			0.1000			-93.0000			-2.0000			75.0000			
-129.5684			43.8905			86.2542			0.5000			-88.0000			-11.0000			79.0000			
-130.1363			33.2608			96.1539			-0.7000			-83.0000			-19.0000			83.0000			
-128.4325			22.0715			106.0537			-0.3000			-78.0000			-28.0000			87.0000			
-127.2966			11.4417			115.4035			-0.4000			-72.0000			-36.0000			90.0000			
-122.7530			-0.8665			123.1033			-0.5000			-67.0000			-46.0000			93.0000			
-116.5056			-9.8179			125.8533			-0.4000			-61.0000			-53.0000			94.0000			
-106.8504			-17.6504			123.6533			-0.8000			-54.0000			-61.0000			96.0000			
-95.4915			-26.0423			121.4534			0.0000			-47.0000			-68.0000			96.0000			
-84.7005			-35.5532			120.3534			0.0000			-41.0000			-76.0000			97.0000			
-76.7492			-46.7424			122.0034			-1.4000			-33.0000			-83.0000			95.0000			
-67.6620			-57.3722			124.2033			-0.8000			-25.0000			-88.0000			94.0000			
-60.8466			-66.8831			127.5032			-0.2000			-17.0000			-95.0000			93.0000			
-55.1672			-74.7156			129.1532			-0.7000			-10.0000			-100.0000			90.0000			
-49.4877			-81.4291			130.2532			-0.6000			-1.0000			-104.0000			87.0000			
-41.5364			-90.9400			131.9031			-0.5000			5.0000			-110.0000			83.0000			
-29.6095			-101.0103			130.8032			0.1000			12.0000			-112.0000			79.0000			
-17.1146			-113.3185			129.1532			-1.2000			19.0000			-115.0000			75.0000			
-7.4595			-120.0321			126.4033			-1.0000			27.0000			-119.0000			71.0000			
3.3315			-123.9483			120.9034			0.2000			34.0000			-120.0000			67.0000			
12.4187			-127.8646			113.7535			-1.6000			41.0000			-122.0000			60.0000			
19.8020			-124.5078			103.3038			-1.4000			48.0000			-123.0000			55.0000			
28.8892			-122.8294			92.3040			-1.6000			53.0000			-122.0000			48.0000			
40.2481			-123.3889			82.4042			-0.7000			59.0000			-121.0000			41.0000			
49.9033			-126.1862			74.7044			-1.5000			64.0000			-118.0000			34.0000			
59.5584			-128.9835			68.1046			-1.3000			69.0000			-117.0000			27.0000			
68.0776			-129.5429			62.0547			0.5000			73.0000			-114.0000			20.0000			
74.3250			-131.2213			56.0048			-0.8000			77.0000			-111.0000			13.0000			
82.2763			-132.3403			49.4050			-0.6000			81.0000			-107.0000			4.0000			
93.0673			-131.7808			37.8552			-0.8000			82.0000			-101.0000			-4.0000			
103.8583			-130.1024			25.7555			-0.4000			85.0000			-97.0000			-10.0000			
112.3775			-128.9835			15.3058			-1.3000			86.0000			-92.0000			-19.0000			
118.6250			-125.6267			5.9560			-1.0000			87.0000			-85.0000			-26.0000			
123.1686			-120.0321			-3.9438			-0.8000			89.0000			-80.0000			-33.0000			
122.6006			-112.1996			-12.7436			-2.3000			89.0000			-73.0000			-41.0000			
120.3288			-99.3320			-21.5434			-0.5000			89.0000			-67.0000			-49.0000			
119.7609			-88.1427			-31.9932			-0.3000			88.0000			-58.0000			-54.0000			
119.7609			-76.9534			-43.5429			-0.7000			85.0000			-50.0000			-61.0000			
123.1686			-69.1210			-55.0927			-1.0000			83.0000			-42.0000			-67.0000			
126.5763			-62.4074			-63.3425			0.8000			79.0000			-34.0000			-73.0000			
127.1442			-56.2533			-71.0423			-0.1000			76.0000			-25.0000			-78.0000			
128.8480			-50.6587			-77.6422			0.5000			73.0000			-17.0000			-84.0000			
129.9839			-43.9451			-86.4420			-0.4000			69.0000			-9.0000			-88.0000			
129.9839			-33.8748			-96.3417			-0.2000			63.0000			-1.0000			-91.0000			
127.7121			-21.0071			-106.7915			0.0000			58.0000			9.0000			-94.0000			
126.5763			-9.2584			-116.1413			1.1000			53.0000			17.0000			-98.0000			
123.1686			0.2524			-123.2911			0.1000			47.0000			26.0000			-101.0000			
117.4891			9.7633			-126.5911			0.6000			41.0000			34.0000			-104.0000			
106.6981			18.1553			-123.8411			1.0000			33.0000			42.0000			-105.0000			
96.4750			27.1067			-121.6412			1.9000			28.0000			48.0000			-105.0000			
85.6840			36.0581			-120.5412			1.1000			20.0000			56.0000			-106.0000			
76.5968			47.2473			-123.2911			0.5000			12.0000			63.0000			-105.0000			
68.0776			58.4366			-125.4911			1.0000			6.0000			70.0000			-103.0000			
61.8302			67.3880			-127.6910			1.5000			-2.0000			75.0000			-101.0000			
55.5827			75.2205			-130.4410			0.3000			-10.0000			80.0000			-99.0000			
49.9033			82.4935			-132.0909			0.3000			-17.0000			85.0000			-97.0000			
42.5199			90.8854			-132.0909			1.3000			-25.0000			89.0000			-92.0000			
30.0251			100.9558			-131.5409			-0.5000			-33.0000			93.0000			-88.0000			
17.5302			111.5856			-128.7910			0.3000			-40.0000			96.0000			-84.0000			
6.7392			119.9775			-125.4911			1.2000			-47.0000			98.0000			-79.0000			
-4.0518			125.0127			-121.0912			-0.1000			-54.0000			102.0000			-75.0000			
-12.0031			126.6911			-114.4913			0.2000			-61.0000			103.0000			-70.0000			
-19.9544			124.4532			-101.8416			2.6000			-66.0000			102.0000			-65.0000			
-29.0415			121.6559			-90.2919			2.3000			-73.0000			102.0000			-57.0000			
-40.4005			122.7748			-82.0421			0.3000			-76.0000			102.0000			-51.0000			
-51.1915			126.6911			-73.7922			1.7000			-83.0000			99.0000			-44.0000			
-59.7107			128.9289			-67.1924			2.0000			-88.0000			96.0000			-35.0000			
-67.6620			129.4884			-61.1425			0.6000			-92.0000			94.0000			-28.0000			
-74.4774			130.0478			-55.6427			0.0000			-95.0000			91.0000			-20.0000			
-82.9966			131.7262			-47.9428			0.7000			-99.0000			87.0000			-13.0000			
-93.2197			131.7262			-36.9431			1.5000			-102.0000			82.0000			-3.0000			
-102.8748			129.4884			-25.3933			1.2000			-103.0000			77.0000			2.0000			
-112.5299			128.3694			-14.9436			0.8000			-106.0000			71.0000			11.0000			
-118.7774			124.4532			-4.4938			1.1000			-107.0000			65.0000			19.0000			
-123.3209			119.4180			4.8560			0.9000			-108.0000			60.0000			25.0000			
-123.3209			111.0261			13.1058			0.8000			-109.0000			53.0000			33.0000			
-119.9133			98.1584			22.4556			0.6000			-108.0000			45.0000			39.0000			
-119.9133			86.4097			32.3554			-1.1000			-106.0000			39.0000			47.0000			
-120.4812			76.8989			44.4551			0.8000			-104.0000			30.0000			52.0000			
-124.4568			69.0664			56.0048			0.6000			-102.0000			21.0000			58.0000			
-126.7286			62.9123			64.8046			0.9000			-99.0000			13.0000			63.0000			
-127.8645			56.7582			71.4045			0.2000			-96.0000			5.0000			69.0000			
-129.5684			51.1636			78.0043			-0.4000			-92.0000			-4.0000			75.0000			
-129.5684			42.7716			87.3541			0.5000			-88.0000			-11.0000			79.0000			
-130.7043			33.2608			96.7039			-0.7000			-83.0000			-20.0000			83.0000			
-127.8645			21.5120			107.1537			0.8000			-78.0000			-29.0000			87.0000			
-126.7286			9.2038			116.5035			-1.0000			-73.0000			-38.0000			90.0000			
-122.1850			-1.9854			124.2033			0.0000			-67.0000			-45.0000			93.0000			
-116.5056			-10.3774			127.5032			0.6000			-60.0000			-53.0000			96.0000			
-106.2825			-18.2098			124.2033			-0.2000			-55.0000			-61.0000			96.0000			
-94.3556			-27.1612			120.9034			-0.6000			-47.0000			-68.0000			96.0000			
-84.7005			-36.6721			120.3534			-1.0000			-40.0000			-75.0000			96.0000			
-75.6133			-47.3019			122.5533			-0.3000			-32.0000			-82.0000			95.0000			
-66.5261			-59.0506			124.2033			-1.3000			-24.0000			-89.0000			95.0000			
-60.8466			-68.0020			128.0532			-0.8000			-16.0000			-95.0000			92.0000			
-55.1672			-75.8345			130.8032			-0.2000			-9.0000			-100.0000			89.0000			
-48.3518			-83.1075			130.8032			-0.6000			-1.0000			-104.0000			87.0000			
-39.2646			-92.6184			131.9031			0.0000			6.0000			-108.0000			83.0000			
-28.4736			-104.3671			131.9031			-0.9000			13.0000			-112.0000			79.0000			
-17.1146			-112.7591			129.7032			-0.1000			21.0000			-116.0000			77.0000			
-5.1877			-121.1510			125.8533			-0.4000			27.0000			-118.0000			71.0000			
5.6033			-126.7456			120.3534			-0.7000			35.0000			-120.0000			66.0000			
12.9866			-127.8646			114.3035			-0.5000			41.0000			-122.0000			62.0000			
20.9379			-125.6267			102.2038			-2.4000			47.0000			-122.0000			54.0000			
31.1610			-122.8294			90.1041			-1.5000			53.0000			-122.0000			48.0000			
42.5199			-124.5078			81.8543			-0.1000			59.0000			-120.0000			41.0000			
52.1750			-126.7456			74.7044			0.1000			63.0000			-119.0000			34.0000			
61.2622			-130.1024			67.5546			-1.2000			69.0000			-116.0000			27.0000			
68.0776			-130.6619			61.5047			-1.0000			74.0000			-114.0000			20.0000			
75.4609			-131.7808			55.4549			-0.8000			76.0000			-110.0000			12.0000			
83.9801			-132.3403			47.2050			-1.1000			79.0000			-106.0000			6.0000			
94.7712			-132.3403			36.2053			-1.3000			82.0000			-101.0000			-3.0000			
104.9942			-131.7808			25.7555			-1.0000			85.0000			-97.0000			-11.0000			
113.5134			-129.5429			15.3058			-0.7000			87.0000			-90.0000			-19.0000			
120.3288			-125.0672			4.3060			-0.4000			88.0000			-85.0000			-26.0000			
124.3045			-120.0321			-4.4938			-0.2000			89.0000			-79.0000			-33.0000			
124.3045			-111.6401			-13.2936			-0.6000			91.0000			-72.0000			-41.0000			
120.8968			-99.3320			-22.0934			-0.5000			90.0000			-65.0000			-48.0000			
119.7609			-87.0238			-33.0932			-0.3000			87.0000			-59.0000			-54.0000			
120.3288			-76.9534			-44.6429			-1.2000			85.0000			-50.0000			-61.0000			
123.7365			-68.0020			-55.6427			0.0000			82.0000			-42.0000			-67.0000			
126.0083			-61.8479			-64.9924			-0.8000			79.0000			-33.0000			-72.0000			
128.2801			-56.2533			-72.1423			-0.1000			78.0000			-24.0000			-79.0000			
128.8480			-50.0992			-79.8421			-1.0000			71.0000			-16.0000			-83.0000			
129.4160			-42.2667			-87.5419			-0.3000			68.0000			-8.0000			-87.0000			
129.4160			-32.1964			-97.9917			-0.7000			63.0000			-1.0000			-91.0000			
128.8480			-20.4477			-108.4415			0.0000			57.0000			8.0000			-95.0000			
126.5763			-9.8179			-116.6913			0.0000			52.0000			18.0000			-98.0000			
123.1686			1.9308			-124.3911			0.7000			46.0000			27.0000			-102.0000			
117.4891			11.4417			-126.5911			2.3000			41.0000			34.0000			-103.0000			
106.6981			19.8336			-124.3911			2.1000			33.0000			41.0000			-105.0000			
96.4750			27.6661			-122.1912			1.9000			28.0000			50.0000			-105.0000			
84.5481			36.6175			-120.5412			0.6000			20.0000			56.0000			-105.0000			
76.0289			47.8068			-123.8411			0.0000			11.0000			63.0000			-104.0000			
66.9417			58.9960			-126.0411			-0.1000			5.0000			69.0000			-104.0000			
60.6943			68.5069			-128.2410			0.9000			-3.0000			75.0000			-102.0000			
55.0148			75.7799			-130.4410			0.3000			-11.0000			81.0000			-100.0000			
49.9033			83.6124			-130.9910			2.5000			-18.0000			85.0000			-96.0000			
40.8161			92.5638			-132.0909			1.2000			-27.0000			90.0000			-92.0000			
28.8892			103.1936			-132.0909			0.0000			-33.0000			92.0000			-89.0000			
16.9623			113.8234			-129.3410			1.4000			-40.0000			96.0000			-84.0000			
6.7392			120.5370			-125.4911			1.7000			-47.0000			99.0000			-79.0000			
-4.6198			125.5721			-120.5412			0.4000			-53.0000			101.0000			-74.0000			
-12.5710			127.2505			-113.9413			0.7000			-61.0000			103.0000			-70.0000			
-21.0903			123.8937			-102.3916			0.4000			-68.0000			103.0000			-63.0000			
-30.1774			122.2153			-90.2919			1.7000			-74.0000			103.0000			-57.0000			
-42.1044			123.8937			-82.0421			-0.2000			-78.0000			100.0000			-50.0000			
-51.7595			125.5721			-73.7922			0.0000			-84.0000			98.0000			-42.0000			
-61.4146			128.3694			-66.6424			0.3000			-88.0000			96.0000			-35.0000			
-68.2300			130.0478			-61.1425			0.6000			-93.0000			94.0000			-27.0000			
-75.6133			130.6073			-55.6427			-0.6000			-95.0000			89.0000			-20.0000			
-83.5646			131.7262			-47.9428			0.2000			-98.0000			87.0000			-13.0000			
-94.9235			131.7262			-35.2931			1.5000			-101.0000			81.0000			-5.0000			
-104.5787			130.0478			-24.2934			1.1000			-106.0000			77.0000			3.0000			
-113.0979			127.8100			-14.9436			-0.2000			-106.0000			71.0000			11.0000			
-119.9133			124.4532			-4.4938			0.0000			-107.0000			65.0000			18.0000			
-123.3209			118.8586			5.4060			0.9000			-109.0000			58.0000			27.0000			
-122.7530			109.9072			13.6558			0.8000			-109.0000			54.0000			32.0000			
-121.0491			97.5990			22.4556			-0.9000			-107.0000			44.0000			38.0000			
-119.3453			86.9692			33.4553			1.0000			-107.0000			38.0000			45.0000			
-120.4812			75.7799			45.5551			0.8000			-104.0000			30.0000			52.0000			
-124.4568			67.3880			57.1048			0.0000			-102.0000			22.0000			58.0000			
-127.8645			60.6744			64.8046			-2.3000			-99.0000			14.0000			64.0000			
-127.2966			55.0798			72.5045			0.2000			-96.0000			5.0000			70.0000			
-129.0004			50.0446			79.1043			0.1000			-93.0000			-4.0000			76.0000			
-130.1363			42.2122			87.3541			-0.5000			-87.0000			-13.0000			80.0000			
-129.5684			31.0229			97.8039			-0.7000			-82.0000			-21.0000			84.0000			
-128.4325			18.7147			108.2537			-1.4000			-78.0000			-29.0000			87.0000			
-126.7286			9.2038			117.0535			-0.4000			-71.0000			-37.0000			89.0000			
-123.3209			-1.9854			124.2033			-1.1000			-65.0000			-46.0000			93.0000			
-116.5056			-11.4963			126.4033			-1.5000			-60.0000			-53.0000			95.0000			
-105.1466			-19.8882			124.2033			-0.8000			-54.0000			-62.0000			97.0000			
-93.7876			-28.2802			120.9034			-1.1000			-46.0000			-69.0000			95.0000			
-84.1325			-37.2316			120.3534			-1.0000			-38.0000			-76.0000			97.0000			
-76.1812			-47.3019			122.5533			-0.9000			-31.0000			-82.0000			95.0000			
-66.5261			-58.4912			124.7533			-0.2000			-25.0000			-90.0000			95.0000			
-59.7107			-68.0020			127.5032			-0.2000			-15.0000			-94.0000			93.0000			
-54.0313			-76.3940			129.7032			-0.7000			-8.0000			-101.0000			90.0000			
-48.3518			-83.6670			131.3531			-0.6000			-1.0000			-106.0000			87.0000			
-38.6967			-92.0589			131.3531			0.5000			7.0000			-109.0000			82.0000			
-27.3377			-103.8077			130.8032			-0.3000			14.0000			-113.0000			79.0000			
-16.5467			-113.8780			128.6032			-1.8000			22.0000			-116.0000			74.0000			
-5.7557			-121.1510			125.8533			-1.0000			27.0000			-118.0000			70.0000			
6.1712			-127.3051			120.3534			-0.7000			35.0000			-121.0000			66.0000			
14.1225			-127.8646			112.6536			-1.0000			42.0000			-122.0000			59.0000			
22.0738			-125.6267			101.1038			-2.4000			49.0000			-122.0000			54.0000			
31.7289			-123.3889			90.1041			-1.5000			54.0000			-122.0000			47.0000			
42.5199			-124.5078			81.8543			-0.1000			59.0000			-121.0000			41.0000			
52.1750			-126.7456			73.6044			-0.9000			63.0000			-119.0000			34.0000			
61.8302			-129.5429			66.4546			-1.2000			68.0000			-117.0000			26.0000			
69.2135			-130.6619			61.5047			0.0000			74.0000			-113.0000			18.0000			
76.5968			-131.7808			54.9049			-0.2000			77.0000			-109.0000			10.0000			
85.1160			-133.4592			47.2050			-1.1000			80.0000			-106.0000			4.0000			
95.3391			-133.4592			36.7553			-1.3000			83.0000			-101.0000			-5.0000			
105.5622			-130.1024			24.6555			0.1000			86.0000			-97.0000			-12.0000			
113.5134			-129.5429			13.6558			-2.3000			87.0000			-91.0000			-20.0000			
120.3288			-125.0672			3.2060			-1.5000			88.0000			-84.0000			-28.0000			
123.7365			-120.0321			-5.0438			-1.3000			89.0000			-79.0000			-35.0000			
122.6006			-110.5212			-13.8436			-1.7000			90.0000			-73.0000			-42.0000			
120.8968			-97.6536			-22.6434			0.6000			88.0000			-66.0000			-49.0000			
119.7609			-87.0238			-33.6431			-0.9000			88.0000			-57.0000			-54.0000			
120.8968			-76.9534			-44.6429			-0.6000			85.0000			-49.0000			-62.0000			
123.7365			-68.5615			-55.6427			-0.4000			81.0000			-41.0000			-68.0000			
125.4404			-61.2885			-64.9924			-0.8000			79.0000			-33.0000			-73.0000			
127.7121			-55.6938			-72.6923			-0.6000			76.0000			-25.0000			-79.0000			
128.2801			-50.0992			-79.8421			-1.6000			73.0000			-15.0000			-84.0000			
131.1198			-42.8262			-87.5419			0.7000			68.0000			-6.0000			-88.0000			
129.4160			-31.6369			-97.9917			-0.2000			62.0000			1.0000			-92.0000			
128.2801			-19.3288			-108.4415			0.5000			57.0000			10.0000			-96.0000			
126.5763			-9.2584			-117.7913			-0.4000			52.0000			20.0000			-99.0000			
122.6006			2.4903			-123.8411			1.2000			47.0000			27.0000			-102.0000			
116.9211			11.4417			-126.5911			1.7000			39.0000			35.0000			-105.0000			
106.1301			19.2742			-123.8411			1.5000			33.0000			42.0000			-106.0000			
94.2032			28.2256			-120.5412			1.8000			26.0000			51.0000			-107.0000			
83.9801			37.1770			-119.9912			1.1000			19.0000			56.0000			-105.0000			
76.5968			47.8068			-122.7411			1.6000			12.0000			63.0000			-105.0000			
66.9417			58.9960			-125.4911			0.4000			4.0000			69.0000			-104.0000			
60.6943			67.9474			-127.6910			0.9000			-3.0000			76.0000			-103.0000			
55.0148			75.2205			-129.8910			0.3000			-10.0000			81.0000			-100.0000			
48.7674			83.6124			-131.5409			0.8000			-18.0000			86.0000			-96.0000			
40.8161			92.5638			-132.0909			1.2000			-27.0000			89.0000			-92.0000			
28.3212			103.1936			-130.4410			1.0000			-34.0000			93.0000			-89.0000			
15.8264			112.7045			-129.3410			-0.8000			-41.0000			96.0000			-85.0000			
6.1712			119.9775			-124.9411			1.2000			-47.0000			99.0000			-80.0000			
-5.1877			125.5721			-120.5412			-0.1000			-55.0000			102.0000			-74.0000			
-12.0031			126.6911			-113.9413			0.7000			-61.0000			103.0000			-69.0000			
-20.5223			123.3343			-101.2916			1.5000			-68.0000			103.0000			-63.0000			
-30.7454			121.0964			-89.7419			0.6000			-73.0000			103.0000			-58.0000			
-42.1044			123.3343			-81.4921			-0.2000			-78.0000			101.0000			-49.0000			
-52.3274			126.1316			-73.2423			0.5000			-84.0000			99.0000			-42.0000			
-60.8466			127.8100			-66.0924			0.8000			-89.0000			97.0000			-35.0000			
-68.2300			130.0478			-60.5925			1.2000			-92.0000			93.0000			-28.0000			
-74.4774			131.1668			-55.0927			1.5000			-96.0000			90.0000			-20.0000			
-84.7005			131.7262			-46.8429			0.1000			-98.0000			85.0000			-13.0000			
-94.9235			131.1668			-36.3931			-0.1000			-102.0000			81.0000			-5.0000			
-104.5787			130.0478			-24.2934			1.1000			-104.0000			75.0000			3.0000			
-111.9620			127.2505			-14.3936			0.8000			-106.0000			70.0000			11.0000			
-119.3453			123.3343			-3.9438			0.0000			-108.0000			63.0000			18.0000			
-122.7530			118.2991			5.4060			0.9000			-108.0000			59.0000			26.0000			
-123.3209			108.7882			14.2058			-0.3000			-109.0000			51.0000			31.0000			
-119.3453			96.4801			23.5556			0.6000			-108.0000			45.0000			40.0000			
-118.2094			84.7313			34.5553			1.0000			-106.0000			37.0000			47.0000			
-120.4812			75.2205			45.0051			-0.2000			-104.0000			28.0000			52.0000			
-123.3209			68.5069			56.0048			1.1000			-101.0000			21.0000			59.0000			
-126.1607			60.6744			64.8046			-0.6000			-99.0000			12.0000			64.0000			
-126.7286			55.0798			71.4045			-0.2000			-95.0000			4.0000			70.0000			
-128.4325			49.4852			79.1043			0.1000			-92.0000			-5.0000			76.0000			
-130.1363			41.6527			88.4541			0.0000			-87.0000			-13.0000			79.0000			
-129.0004			31.0229			97.2539			-0.7000			-82.0000			-21.0000			83.0000			
-127.8645			19.8336			108.8037			0.7000			-77.0000			-31.0000			87.0000			
-126.7286			9.2038			117.0535			-0.4000			-72.0000			-39.0000			91.0000			
-121.0491			-3.1043			123.6533			-0.5000			-65.0000			-47.0000			92.0000			
-114.8017			-11.4963			125.8533			-0.4000			-60.0000			-54.0000			96.0000			
-104.5787			-18.7693			123.1033			-0.2000			-53.0000			-62.0000			96.0000			
-93.2197			-27.7207			120.9034			0.0000			-46.0000			-70.0000			96.0000			
-82.4287			-37.7910			119.8034			-0.4000			-39.0000			-77.0000			96.0000			
-75.0453			-47.8614			122.5533			-0.3000			-31.0000			-84.0000			95.0000			
-65.9582			-59.6101			125.3033			-0.2000			-24.0000			-90.0000			94.0000			
-59.7107			-68.0020			127.5032			-0.2000			-15.0000			-95.0000			92.0000			
-54.5992			-77.5129			130.2532			-1.8000			-8.0000			-101.0000			89.0000			
-47.7838			-84.2265			130.8032			-1.2000			-1.0000			-106.0000			86.0000			
-39.2646			-93.1779			131.9031			-0.5000			6.0000			-109.0000			84.0000			
-27.3377			-103.8077			131.9031			0.7000			15.0000			-112.0000			78.0000			
-14.8428			-114.4375			128.6032			-0.6000			22.0000			-117.0000			74.0000			
-4.0518			-120.5915			124.7533			0.1000			28.0000			-120.0000			70.0000			
6.1712			-126.7456			119.2534			-1.3000			36.0000			-121.0000			64.0000			
13.5546			-127.8646			112.6536			-1.6000			42.0000			-122.0000			60.0000			
22.0738			-125.6267			101.1038			-2.4000			47.0000			-123.0000			53.0000			
31.7289			-122.8294			89.5541			-1.5000			54.0000			-123.0000			47.0000			
43.6558			-125.0672			81.3043			-0.1000			59.0000			-121.0000			40.0000			
53.8789			-127.8646			73.6044			-0.3000			65.0000			-119.0000			34.0000			
62.3981			-130.1024			65.9046			-1.8000			70.0000			-117.0000			24.0000			
69.2135			-130.6619			61.5047			0.0000			74.0000			-114.0000			18.0000			
76.5968			-132.3403			54.9049			-0.8000			77.0000			-110.0000			10.0000			
85.6840			-133.4592			46.6551			-1.1000			81.0000			-106.0000			3.0000			
97.0429			-132.3403			35.1053			-0.1000			84.0000			-101.0000			-4.0000			
106.6981			-131.2213			24.1056			-0.4000			86.0000			-96.0000			-12.0000			
114.6493			-129.5429			13.6558			-1.2000			87.0000			-90.0000			-20.0000			
120.8968			-124.5078			3.7560			0.1000			89.0000			-84.0000			-28.0000			
123.7365			-118.9132			-5.5938			-0.7000			91.0000			-79.0000			-34.0000			
123.1686			-109.4023			-14.9436			-1.1000			90.0000			-73.0000			-43.0000			
120.8968			-97.6536			-24.2934			-1.0000			88.0000			-65.0000			-50.0000			
119.7609			-86.4643			-33.6431			-0.3000			87.0000			-57.0000			-55.0000			
120.8968			-75.8345			-45.7429			-0.6000			84.0000			-49.0000			-62.0000			
123.7365			-67.4426			-57.2926			-0.9000			82.0000			-40.0000			-69.0000			
127.1442			-61.2885			-66.0924			-0.2000			80.0000			-33.0000			-73.0000			
127.7121			-55.6938			-72.1423			-0.1000			75.0000			-23.0000			-79.0000			
129.4160			-49.5398			-80.3921			-0.5000			73.0000			-16.0000			-84.0000			
129.9839			-42.2667			-89.1919			-1.4000			68.0000			-6.0000			-88.0000			
129.4160			-31.0775			-99.6417			-1.2000			62.0000			3.0000			-92.0000			
128.2801			-18.7693			-110.0914			-0.5000			57.0000			10.0000			-95.0000			
126.0083			-8.1395			-119.9912			-2.1000			51.0000			20.0000			-99.0000			
122.6006			3.6092			-124.9411			1.2000			46.0000			27.0000			-101.0000			
115.7852			11.4417			-128.2410			-1.0000			39.0000			36.0000			-104.0000			
105.5622			22.6310			-139.7908			-11.5000			35.0000			44.0000			-103.0000			
51.6071			-6.4611			-246.4884			-201.3000			32.0000			54.0000			-93.0000			
73.7571			29.9040			-244.2884			-140.6000			30.0000			68.0000			-85.0000			
72.6212			48.3662			-254.7382			-133.7000			29.0000			81.0000			-77.0000			
76.0289			71.8637			-232.1887			-84.2000			33.0000			98.0000			-66.0000			
65.2379			79.6962			-207.9892			-63.0000			33.0000			112.0000			-57.0000			
62.9661			91.4449			-177.7399			-23.3000			33.0000			126.0000			-50.0000			
48.7674			98.1584			-150.2405			-3.3000			31.0000			133.0000			-44.0000			
35.7045			109.9072			-115.5913			30.0000			24.0000			138.0000			-39.0000			
12.9866			109.9072			-132.0909			-9.1000			16.0000			140.0000			-36.0000			
-3.4839			111.5856			-129.3410			-21.2000			6.0000			141.0000			-32.0000			
2.1956			123.3343			-121.0912			4.4000			-7.0000			141.0000			-31.0000			
-2.9159			126.6911			-120.5412			3.2000			-15.0000			140.0000			-30.0000			
-13.1390			124.4532			-119.9912			-8.6000			-25.0000			140.0000			-28.0000			
-15.4108			127.8100			-104.0416			8.3000			-36.0000			135.0000			-26.0000			
-30.1774			124.4532			-94.6918			-0.4000			-45.0000			131.0000			-23.0000			
-43.8082			125.0127			-85.3420			-4.1000			-54.0000			125.0000			-22.0000			
-54.0313			129.4884			-72.1423			3.3000			-65.0000			119.0000			-20.0000			
-65.3902			127.8100			-61.6925			0.7000			-72.0000			114.0000			-16.0000			
-73.9094			128.3694			-55.6427			-1.1000			-80.0000			106.0000			-14.0000			
-77.3171			128.9289			-51.2428			0.3000			-89.0000			97.0000			-12.0000			
-84.7005			128.9289			-44.0929			0.1000			-95.0000			88.0000			-9.0000			
-92.6517			127.8100			-34.7431			0.4000			-104.0000			79.0000			-8.0000			
-102.3069			126.6911			-23.7434			0.6000			-111.0000			70.0000			-4.0000			
-111.9620			125.0127			-13.2936			-0.2000			-118.0000			59.0000			-3.0000			
-118.7774			121.0964			-2.2939			0.0000			-122.0000			49.0000			-1.0000			
-123.3209			116.0613			7.6059			0.3000			-127.0000			39.0000			4.0000			
-122.7530			104.8720			17.5057			-0.3000			-132.0000			29.0000			6.0000			
-121.0491			93.6827			27.9555			0.5000			-135.0000			18.0000			9.0000			
-121.0491			83.6124			38.4052			0.9000			-137.0000			5.0000			11.0000			
-123.3209			75.2205			48.8550			0.7000			-138.0000			-6.0000			12.0000			
-125.5927			66.2691			60.4047			1.0000			-139.0000			-17.0000			14.0000			
-127.2966			58.9960			69.2045			0.8000			-138.0000			-27.0000			17.0000			
-129.5684			53.9609			75.8044			0.1000			-138.0000			-39.0000			19.0000			
-130.1363			48.3662			82.4042			0.6000			-137.0000			-50.0000			22.0000			
-130.1363			39.4148			90.6541			0.0000			-134.0000			-62.0000			24.0000			
-129.0004			28.7850			101.1038			0.8000			-131.0000			-71.0000			26.0000			
-127.8645			16.4769			112.1036			0.7000			-128.0000			-81.0000			27.0000			
-125.5927			5.8471			120.9034			1.1000			-122.0000			-91.0000			30.0000			
-121.0491			-5.3422			128.0532			1.6000			-117.0000			-100.0000			32.0000			
-114.8017			-13.1747			129.7032			1.7000			-111.0000			-107.0000			33.0000			
-103.4428			-22.1261			126.9532			1.3000			-105.0000			-115.0000			35.0000			
-93.2197			-29.9586			124.7533			1.5000			-98.0000			-122.0000			36.0000			
-83.5646			-39.4694			125.8533			2.8000			-90.0000			-129.0000			36.0000			
-74.4774			-50.6587			126.4033			1.2000			-81.0000			-134.0000			37.0000			
-64.8223			-61.2885			128.0532			1.9000			-72.0000			-138.0000			37.0000			
-58.5748			-70.7993			131.3531			1.9000			-62.0000			-143.0000			37.0000			
-53.4633			-78.6318			133.5531			1.4000			-52.0000			-146.0000			39.0000			
-46.6479			-85.9048			134.1031			1.5000			-43.0000			-148.0000			38.0000			
-37.5608			-95.4157			134.6531			1.6000			-33.0000			-149.0000			38.0000			
-25.6339			-105.4860			133.5531			2.4000			-22.0000			-150.0000			37.0000			
-13.1390			-115.5564			131.3531			2.6000			-11.0000			-150.0000			36.0000			
-1.7800			-122.8294			128.0532			3.4000			-1.0000			-149.0000			36.0000			
8.4430			-127.3051			122.0034			3.1000			9.0000			-148.0000			36.0000			
16.3943			-127.8646			114.3035			2.8000			20.0000			-144.0000			35.0000			
24.3456			-125.0672			102.2038			1.4000			31.0000			-141.0000			35.0000			
35.1366			-124.5078			91.2041			1.8000			40.0000			-136.0000			31.0000			
45.9276			-126.1862			83.5042			3.2000			51.0000			-131.0000			29.0000			
56.1507			-128.4240			75.8044			3.5000			60.0000			-124.0000			27.0000			
65.2379			-130.6619			68.1046			2.6000			68.0000			-118.0000			25.0000			
72.6212			-130.6619			61.5047			3.4000			78.0000			-111.0000			23.0000			
80.0045			-132.8997			54.9049			2.0000			86.0000			-103.0000			20.0000			
89.0917			-133.4592			47.7550			3.3000			93.0000			-94.0000			17.0000			
98.1788			-132.3403			35.6553			1.4000			99.0000			-85.0000			15.0000			
108.4019			-130.1024			24.6555			2.9000			106.0000			-76.0000			11.0000			
116.9211			-128.4240			13.6558			2.1000			111.0000			-66.0000			9.0000			
122.6006			-123.3889			3.7560			2.9000			117.0000			-57.0000			5.0000			
124.8724			-117.7942			-5.0438			2.0000			121.0000			-49.0000			2.0000			
124.3045			-108.2834			-13.8436			2.1000			125.0000			-38.0000			-2.0000			
122.6006			-96.5346			-24.2934			1.7000			126.0000			-28.0000			-4.0000			
122.0327			-85.9048			-34.7431			1.3000			128.0000			-18.0000			-9.0000			
124.3045			-76.3940			-45.1929			2.7000			127.0000			-7.0000			-12.0000			
126.5763			-68.0020			-56.7426			1.8000			127.0000			4.0000			-15.0000			
127.7121			-60.7290			-66.0924			0.8000			126.0000			15.0000			-19.0000			
129.4160			-54.0155			-72.6923			2.7000			125.0000			25.0000			-22.0000			
129.9839			-47.8614			-79.8421			2.2000			123.0000			34.0000			-25.0000			
131.1198			-40.5884			-88.6419			1.8000			118.0000			44.0000			-30.0000			
130.5519			-30.5180			-98.5417			1.4000			113.0000			53.0000			-32.0000			
128.8480			-18.2098			-108.9915			1.6000			109.0000			62.0000			-36.0000			
126.0083			-7.0206			-117.7913			1.2000			103.0000			69.0000			-39.0000			
122.6006			4.1687			-124.9411			1.8000			95.0000			77.0000			-44.0000			
116.9211			13.1201			-127.1410			2.9000			90.0000			84.0000			-47.0000			
104.9942			21.5120			-125.4911			1.0000			81.0000			91.0000			-50.0000			
93.6353			29.9040			-122.1912			1.3000			73.0000			96.0000			-52.0000			
83.9801			39.9743			-122.7411			1.2000			63.0000			101.0000			-52.0000			
75.4609			51.1636			-126.0411			0.5000			54.0000			105.0000			-55.0000			
65.8058			61.2339			-127.6910			-0.6000			45.0000			110.0000			-56.0000			
59.5584			70.1853			-128.7910			0.9000			35.0000			114.0000			-59.0000			
53.8789			78.5772			-131.5409			0.9000			22.0000			116.0000			-58.0000			
47.0635			86.4097			-132.0909			1.3000			12.0000			117.0000			-59.0000			
37.9763			95.3611			-133.1909			0.1000			2.0000			117.0000			-60.0000			
25.4815			105.9909			-131.5409			0.0000			-9.0000			118.0000			-59.0000			
13.5546			115.5018			-129.3410			-0.2000			-21.0000			117.0000			-61.0000			
2.1956			121.6559			-124.3911			-0.5000			-33.0000			116.0000			-59.0000			
-8.0275			126.6911			-118.8912			-0.2000			-44.0000			114.0000			-60.0000			
-15.4108			126.6911			-111.1914			0.0000			-54.0000			111.0000			-59.0000			
-23.9300			123.3343			-99.0917			0.3000			-65.0000			108.0000			-58.0000			
-34.1531			122.2153			-88.0919			0.0000			-74.0000			102.0000			-56.0000			
-43.8082			124.4532			-79.8421			0.8000			-84.0000			96.0000			-54.0000			
-54.5992			126.6911			-72.1423			0.0000			-92.0000			91.0000			-52.0000			
-63.6864			128.9289			-65.5424			-0.2000			-102.0000			85.0000			-49.0000			
-71.6377			130.0478			-58.9426			-0.5000			-110.0000			78.0000			-47.0000			
-77.8851			131.1668			-52.8927			0.3000			-117.0000			69.0000			-43.0000			
-87.5402			131.7262			-45.1929			-1.0000			-124.0000			61.0000			-39.0000			
-97.7633			131.1668			-33.0932			0.3000			-130.0000			53.0000			-37.0000			
-107.4184			129.4884			-21.5434			0.5000			-135.0000			47.0000			-33.0000			
-114.8017			127.2505			-11.0937			1.3000			-140.0000			37.0000			-28.0000			
-121.6171			122.2153			-0.0939			0.4000			-144.0000			28.0000			-23.0000			
-124.4568			116.6207			8.1559			0.3000			-149.0000			20.0000			-20.0000			
-123.3209			107.1099			16.4057			0.1000			-150.0000			10.0000			-15.0000			
-121.0491			95.9206			26.8555			1.7000			-152.0000			-1.0000			-10.0000			
-121.0491			83.6124			38.4052			0.9000			-152.0000			-9.0000			-6.0000			
-122.7530			74.6610			49.9550			1.8000			-151.0000			-18.0000			-2.0000			
-125.5927			66.8285			60.4047			1.6000			-149.0000			-27.0000			4.0000			
-128.4325			60.1150			68.6546			0.3000			-148.0000			-37.0000			9.0000			
-127.8645			53.9609			75.8044			1.9000			-144.0000			-46.0000			15.0000			
-129.5684			47.8068			83.5042			1.7000			-141.0000			-53.0000			19.0000			
-130.7043			39.4148			92.3040			1.0000			-136.0000			-63.0000			23.0000			
-130.1363			29.3445			102.7538			1.9000			-130.0000			-70.0000			28.0000			
-128.4325			17.5958			113.2036			2.3000			-125.0000			-78.0000			33.0000			
-125.5927			6.4065			120.9034			1.7000			-117.0000			-85.0000			37.0000			
-122.1850			-4.2233			127.5032			1.0000			-110.0000			-93.0000			41.0000			
-115.3697			-12.6152			129.1532			1.1000			-103.0000			-98.0000			46.0000			
-102.8748			-21.0071			125.8533			1.9000			-93.0000			-104.0000			49.0000			
-92.6517			-29.3991			123.6533			1.6000			-83.0000			-110.0000			53.0000			
-82.4287			-39.4694			124.2033			2.3000			-74.0000			-113.0000			54.0000			
-73.3415			-51.2181			126.4033			1.8000			-64.0000			-116.0000			58.0000			
-64.8223			-61.2885			129.1532			3.0000			-52.0000			-121.0000			60.0000			
-58.5748			-69.6804			130.8032			2.5000			-41.0000			-122.0000			62.0000			
-53.4633			-76.9534			132.4531			2.0000			-30.0000			-124.0000			63.0000			
-46.6479			-84.7859			133.0031			1.5000			-19.0000			-126.0000			65.0000			
-36.9928			-94.2968			133.5531			2.2000			-8.0000			-125.0000			67.0000			
-24.4980			-105.4860			133.0031			3.0000			4.0000			-124.0000			67.0000			
-13.7069			-115.5564			130.8032			1.5000			14.0000			-123.0000			67.0000			
-2.9159			-122.2699			127.5032			2.3000			26.0000			-123.0000			68.0000			
7.8751			-126.1862			120.9034			2.5000			38.0000			-120.0000			67.0000			
15.8264			-127.3051			113.2036			1.7000			48.0000			-119.0000			66.0000			
23.2097			-125.0672			101.6538			-0.2000			58.0000			-114.0000			63.0000			
34.0007			-123.3889			90.6541			1.2000			68.0000			-110.0000			62.0000			
45.3597			-125.6267			82.4042			2.1000			77.0000			-105.0000			60.0000			
55.5827			-127.3051			74.7044			2.9000			86.0000			-99.0000			57.0000			
64.6699			-130.1024			67.5546			2.1000			94.0000			-93.0000			54.0000			
71.4853			-131.7808			62.6047			2.3000			101.0000			-87.0000			50.0000			
78.3007			-132.8997			56.5548			1.9000			109.0000			-81.0000			46.0000			
87.9558			-133.4592			47.2050			1.7000			115.0000			-73.0000			41.0000			
98.7468			-132.3403			35.1053			1.5000			119.0000			-65.0000			37.0000			
108.4019			-131.2213			25.2055			2.3000			124.0000			-57.0000			32.0000			
115.7852			-129.5429			14.7558			0.9000			128.0000			-49.0000			27.0000			
122.0327			-125.6267			4.3060			0.7000			130.0000			-42.0000			22.0000			
124.3045			-118.3537			-6.1438			-0.1000			135.0000			-35.0000			16.0000			
123.7365			-107.7239			-14.9436			1.0000			134.0000			-27.0000			11.0000			
121.4647			-96.5346			-24.2934			0.6000			135.0000			-18.0000			5.0000			
121.4647			-85.9048			-34.7431			0.8000			134.0000			-10.0000			-2.0000			
122.6006			-76.3940			-46.2929			0.0000			132.0000			-1.0000			-7.0000			
125.4404			-68.0020			-57.2926			0.1000			130.0000			7.0000			-13.0000			
127.1442			-61.2885			-66.0924			-0.2000			126.0000			16.0000			-20.0000			
128.8480			-55.6938			-73.2423			0.0000			123.0000			24.0000			-26.0000			
129.4160			-50.0992			-80.9421			-1.6000			118.0000			31.0000			-31.0000			
130.5519			-41.1478			-89.1919			0.2000			111.0000			38.0000			-37.0000			
129.9839			-29.9586			-99.6417			0.3000			105.0000			45.0000			-42.0000			
128.8480			-18.2098			-110.6414			0.0000			96.0000			52.0000			-48.0000			
126.5763			-7.5800			-118.3412			0.6000			90.0000			58.0000			-54.0000			
122.0327			3.0498			-124.3911			0.6000			82.0000			63.0000			-59.0000			
115.2173			12.0012			-126.0411			1.1000			73.0000			69.0000			-65.0000			
102.7224			20.3931			-123.2911			-0.1000			63.0000			74.0000			-70.0000			
93.0673			28.7850			-121.0912			0.7000			53.0000			79.0000			-74.0000			
83.4122			38.2959			-121.6412			0.0000			41.0000			83.0000			-77.0000			
74.3250			49.4852			-123.8411			0.0000			31.0000			86.0000			-80.0000			
65.2379			60.6744			-126.5911			-0.6000			20.0000			88.0000			-83.0000			
58.4225			70.1853			-129.3410			-0.7000			10.0000			91.0000			-85.0000			
53.8789			77.4583			-131.5409			-0.2000			-3.0000			92.0000			-86.0000			
47.6315			84.7313			-132.6409			-0.2000			-14.0000			93.0000			-88.0000			
37.9763			94.2422			-132.6409			-0.4000			-26.0000			93.0000			-90.0000			
24.9135			104.8720			-131.5409			-1.7000			-38.0000			93.0000			-89.0000			
12.9866			114.9423			-129.8910			-1.9000			-48.0000			91.0000			-91.0000			
3.3315			121.6559			-126.5911			-1.6000			-58.0000			90.0000			-90.0000			
-7.4595			125.0127			-119.9912			-2.4000			-69.0000			90.0000			-89.0000			
-15.9787			125.5721			-111.1914			-1.5000			-81.0000			87.0000			-88.0000			
-23.3621			122.7748			-99.0917			0.3000			-89.0000			83.0000			-86.0000			
-34.1531			122.7748			-89.1919			-0.5000			-99.0000			78.0000			-83.0000			
-44.3761			125.0127			-79.8421			0.7000			-107.0000			74.0000			-80.0000			
-54.5992			127.8100			-72.1423			1.0000			-115.0000			69.0000			-76.0000			
-63.6864			127.8100			-64.4425			-0.3000			-123.0000			65.0000			-72.0000			
-71.0697			130.6073			-58.3926			1.1000			-129.0000			57.0000			-67.0000			
-77.8851			131.7262			-53.4427			0.4000			-134.0000			52.0000			-62.0000			
-87.5402			132.2857			-44.0929			0.6000			-139.0000			45.0000			-57.0000			
-97.1953			131.1668			-32.5432			1.4000			-144.0000			39.0000			-51.0000			
-107.4184			129.4884			-20.9934			1.0000			-147.0000			32.0000			-46.0000			
-115.3697			127.8100			-11.6436			0.7000			-150.0000			25.0000			-39.0000			
-121.0491			123.3343			-1.1939			1.0000			-153.0000			19.0000			-32.0000			
-123.8889			116.6207			8.1559			0.8000			-155.0000			12.0000			-26.0000			
-122.7530			106.5504			18.0557			1.8000			-155.0000			5.0000			-19.0000			
-121.0491			94.8017			26.8555			0.6000			-154.0000			-1.0000			-12.0000			
-119.9133			83.6124			37.8552			1.5000			-152.0000			-10.0000			-5.0000			
-121.6171			75.7799			48.8550			3.0000			-148.0000			-17.0000			2.0000			
-125.0248			66.8285			59.8548			1.6000			-145.0000			-24.0000			10.0000			
-126.1607			59.5555			68.1046			1.4000			-141.0000			-31.0000			17.0000			
-127.2966			53.9609			75.2544			1.9000			-136.0000			-38.0000			24.0000			
-129.5684			48.9257			81.8543			1.2000			-131.0000			-46.0000			31.0000			
-130.1363			40.5338			91.2041			1.5000			-124.0000			-51.0000			37.0000			
-129.0004			29.3445			102.2038			2.5000			-117.0000			-58.0000			43.0000			
-127.2966			17.5958			112.6536			2.9000			-109.0000			-65.0000			49.0000			
-125.5927			6.9660			120.9034			2.2000			-101.0000			-70.0000			57.0000			
-121.0491			-3.6638			126.9532			2.2000			-91.0000			-76.0000			63.0000			
-114.8017			-11.4963			128.0532			1.7000			-82.0000			-79.0000			68.0000			
-102.3069			-21.0071			124.7533			1.4000			-72.0000			-84.0000			74.0000			
-91.5158			-29.3991			122.5533			1.6000			-63.0000			-88.0000			77.0000			
-81.8607			-40.0289			123.1033			1.2000			-51.0000			-92.0000			82.0000			
-73.9094			-49.5398			125.8533			2.4000			-40.0000			-95.0000			85.0000			
-64.2543			-60.1696			127.5032			3.0000			-29.0000			-96.0000			87.0000			
-58.0069			-69.6804			129.7032			2.0000			-17.0000			-99.0000			90.0000			
-52.8954			-78.6318			133.0031			1.4000			-5.0000			-100.0000			93.0000			
-46.0800			-85.3454			133.5531			2.1000			6.0000			-102.0000			93.0000			
-36.4249			-94.2968			133.5531			2.8000			18.0000			-101.0000			94.0000			
-25.0659			-104.9266			133.0031			3.0000			27.0000			-102.0000			95.0000			
-12.0031			-114.4375			130.2532			3.8000			38.0000			-101.0000			94.0000			
-2.3480			-121.7105			126.9532			2.8000			49.0000			-101.0000			94.0000			
6.7392			-125.6267			120.9034			2.0000			59.0000			-99.0000			92.0000			
14.6905			-126.7456			112.6536			0.5000			70.0000			-98.0000			89.0000			
24.3456			-122.8294			100.5538			2.0000			77.0000			-94.0000			87.0000			
35.1366			-122.2699			89.5541			2.4000			86.0000			-92.0000			83.0000			
44.7917			-125.0672			81.8543			1.5000			94.0000			-88.0000			79.0000			
55.0148			-127.8646			74.7044			1.8000			101.0000			-83.0000			74.0000			
63.5340			-129.5429			67.0046			0.9000			109.0000			-79.0000			69.0000			
70.3494			-130.6619			61.5047			1.1000			114.0000			-74.0000			63.0000			
78.8686			-131.7808			55.4549			2.5000			119.0000			-69.0000			57.0000			
87.3878			-134.0187			46.6551			0.0000			122.0000			-64.0000			51.0000			
97.0429			-131.7808			35.1053			0.3000			127.0000			-57.0000			44.0000			
107.2660			-131.2213			24.1056			0.1000			128.0000			-51.0000			36.0000			
115.7852			-128.4240			13.6558			1.0000			132.0000			-46.0000			29.0000			
120.8968			-125.0672			4.3060			0.1000			132.0000			-41.0000			22.0000			
123.7365			-118.9132			-5.0438			-0.2000			133.0000			-34.0000			15.0000			
122.6006			-108.2834			-13.8436			0.4000			132.0000			-29.0000			7.0000			
119.7609			-95.9752			-24.2934			-0.5000			130.0000			-22.0000			-1.0000			
119.1929			-85.3454			-35.2931			-1.4000			127.0000			-15.0000			-10.0000			
121.4647			-75.8345			-45.7429			-0.1000			124.0000			-8.0000			-17.0000			
124.3045			-69.1210			-56.7426			-1.5000			120.0000			-3.0000			-26.0000			
126.0083			-62.4074			-66.6424			-3.0000			114.0000			3.0000			-33.0000			
127.1442			-54.0155			-72.1423			0.9000			109.0000			10.0000			-42.0000			
129.4160			-49.5398			-79.8421			0.0000			102.0000			16.0000			-50.0000			
129.4160			-41.1478			-88.6419			-0.3000			95.0000			22.0000			-57.0000			
128.2801			-30.5180			-99.0917			-1.3000			85.0000			27.0000			-64.0000			
127.7121			-18.7693			-109.5414			-0.5000			79.0000			34.0000			-70.0000			
124.8724			-7.0206			-118.3412			-0.4000			70.0000			40.0000			-77.0000			
120.8968			3.6092			-123.8411			0.6000			60.0000			45.0000			-84.0000			
114.6493			12.0012			-125.4911			1.1000			51.0000			50.0000			-91.0000			
101.5865			20.3931			-121.6412			0.3000			41.0000			53.0000			-95.0000			
90.7955			28.2256			-118.8912			0.1000			30.0000			57.0000			-99.0000			
81.7083			38.8554			-120.5412			0.0000			19.0000			60.0000			-103.0000			
73.1891			50.0446			-123.2911			0.0000			7.0000			63.0000			-106.0000			
64.6699			60.1150			-126.5911			-1.8000			-2.0000			66.0000			-109.0000			
57.8545			68.5069			-128.2410			-1.8000			-15.0000			69.0000			-112.0000			
53.3109			77.4583			-130.9910			-0.2000			-26.0000			70.0000			-112.0000			
46.4956			84.7313			-132.0909			-0.8000			-36.0000			71.0000			-113.0000			
37.4084			93.6827			-132.0909			-0.9000			-47.0000			72.0000			-113.0000			
26.0494			103.7531			-130.4410			-0.6000			-57.0000			73.0000			-113.0000			
12.9866			113.8234			-128.2410			-1.4000			-66.0000			73.0000			-111.0000			
2.7636			120.5370			-124.9411			-1.6000			-77.0000			73.0000			-110.0000			
-7.4595			124.4532			-118.3412			-1.3000			-87.0000			72.0000			-109.0000			
-14.8428			125.5721			-110.0914			0.6000			-96.0000			72.0000			-106.0000			
-23.3621			121.6559			-97.9917			0.3000			-104.0000			70.0000			-102.0000			
-33.0172			120.5370			-86.9919			0.5000			-112.0000			66.0000			-97.0000			
-44.3761			121.6559			-81.4921			-4.2000			-118.0000			62.0000			-91.0000			
-52.8954			126.6911			-72.1423			1.6000			-124.0000			60.0000			-86.0000			
-63.1184			127.8100			-66.0924			-1.3000			-131.0000			57.0000			-79.0000			
-69.9338			128.9289			-60.5925			-1.5000			-135.0000			53.0000			-73.0000			
-76.1812			130.0478			-54.5427			-0.6000			-138.0000			48.0000			-65.0000			
-97.7633			122.2153			-56.7426			-32.2000			-141.0000			43.0000			-57.0000			
-95.4915			130.6073			-41.3430			-6.2000			-143.0000			39.0000			-49.0000			
-116.5056			120.5370			-47.3928			-43.3000			-142.0000			36.0000			-36.0000			
-134.6799			110.4666			-82.0421			-106.2000			-141.0000			35.0000			-24.0000			
-115.9376			125.5721			-53.9927			-44.3000			-137.0000			33.0000			-10.0000			
-116.5056			121.6559			-29.7932			-24.6000			-135.0000			32.0000			-1.0000			
-109.1222			116.0613			10.3559			17.2000			-129.0000			30.0000			11.0000			
-97.7633			109.3477			32.9054			44.4000			-125.0000			25.0000			18.0000			
-126.7286			73.5421			29.6054			-23.5000			-122.0000			21.0000			28.0000			
-122.1850			67.9474			57.1048			2.8000			-118.0000			13.0000			36.0000			
-122.7530			64.0312			70.8545			12.1000			-115.0000			5.0000			43.0000			
-130.1363			56.1987			72.5045			-1.4000			-111.0000			-1.0000			52.0000			
-126.7286			54.5203			78.0043			5.7000			-106.0000			-9.0000			60.0000			
-125.0248			53.4014			85.1542			13.5000			-101.0000			-16.0000			66.0000			
-129.5684			43.8905			94.5040			8.8000			-94.0000			-23.0000			72.0000			
-125.5927			32.1418			111.5536			18.1000			-89.0000			-31.0000			75.0000			
-114.2338			24.8688			144.0029			54.6000			-83.0000			-40.0000			79.0000			
-99.4671			27.6661			229.2510			157.4000			-81.0000			-51.0000			75.0000			
-114.8017			-8.6990			248.5005			125.0000			-78.0000			-61.0000			72.0000			
-103.4428			-14.8531			246.8506			128.5000			-79.0000			-76.0000			67.0000			
-102.8748			-26.6018			228.7010			99.2000			-79.0000			-90.0000			62.0000			
-96.6274			-36.1126			202.8515			70.1000			-79.0000			-105.0000			58.0000			
-82.4287			-45.0641			184.7020			57.2000			-75.0000			-116.0000			55.0000			
-74.4774			-53.4560			167.1023			39.1000			-71.0000			-126.0000			50.0000			
-60.2787			-60.1696			158.8525			38.4000			-65.0000			-134.0000			47.0000			
-55.7351			-69.1210			149.5027			24.6000			-57.0000			-139.0000			46.0000			
-48.3518			-76.3940			145.6528			20.9000			-48.0000			-142.0000			44.0000			
-43.8082			-88.7022			140.1530			7.6000			-39.0000			-144.0000			45.0000			
-35.2890			-99.8914			144.0029			8.8000			-27.0000			-146.0000			44.0000			
-23.9300			-109.9617			145.6528			11.7000			-16.0000			-144.0000			44.0000			
-11.4352			-117.7942			150.0527			20.8000			-3.0000			-144.0000			45.0000			
-1.2121			-122.8294			156.6526			32.6000			8.0000			-142.0000			45.0000			
11.8507			-123.3889			159.4025			47.8000			18.0000			-141.0000			43.0000			
15.8264			-123.3889			153.9026			46.3000			27.0000			-139.0000			41.0000			
24.3456			-120.5915			144.0029			47.7000			36.0000			-136.0000			39.0000			
35.7045			-121.1510			133.5531			48.1000			45.0000			-133.0000			36.0000			
44.7917			-123.9483			117.0535			37.8000			53.0000			-128.0000			32.0000			
58.4225			-123.9483			104.4038			38.8000			61.0000			-124.0000			29.0000			
65.2379			-127.8646			91.2041			28.5000			69.0000			-117.0000			26.0000			
73.7571			-128.4240			83.5042			28.8000			77.0000			-110.0000			23.0000			
80.0045			-129.5429			74.1544			24.6000			85.0000			-103.0000			21.0000			
92.4994			-126.7456			68.6546			34.4000			92.0000			-94.0000			17.0000			
97.0429			-131.2213			60.4047			26.2000			99.0000			-85.0000			13.0000			
108.9699			-128.4240			47.7550			28.2000			103.0000			-75.0000			10.0000			
115.7852			-127.3051			30.1554			18.6000			110.0000			-67.0000			7.0000			
118.6250			-124.5078			12.0058			6.1000			115.0000			-57.0000			5.0000			
126.0083			-114.4375			3.2060			14.7000			120.0000			-47.0000			2.0000			
122.0327			-105.4860			-6.6938			9.8000			124.0000			-37.0000			-1.0000			
120.8968			-93.7373			-20.9934			6.1000			127.0000			-26.0000			-3.0000			
122.0327			-82.5481			-29.7932			9.6000			128.0000			-13.0000			-5.0000			
118.6250			-77.5129			-29.7932			11.3000			131.0000			-1.0000			-8.0000			
128.2801			-62.4074			-33.6431			32.2000			131.0000			9.0000			-11.0000			
127.7121			-59.6101			-41.3430			26.7000			130.0000			19.0000			-15.0000			
129.4160			-54.0155			-46.8429			28.5000			127.0000			29.0000			-19.0000			
130.5519			-47.3019			-56.7426			26.5000			124.0000			40.0000			-22.0000			
129.4160			-40.0289			-71.5923			17.8000			120.0000			48.0000			-25.0000			
127.7121			-29.9586			-88.0919			9.6000			115.0000			57.0000			-28.0000			
126.0083			-17.6504			-104.5916			3.7000			112.0000			66.0000			-31.0000			
123.1686			-7.5800			-123.2911			-7.6000			105.0000			74.0000			-34.0000			
114.0814			3.6092			-124.3911			-6.6000			101.0000			85.0000			-35.0000			
115.2173			17.5958			-123.2911			9.5000			95.0000			93.0000			-38.0000			
99.8827			22.6310			-124.9411			-2.4000			88.0000			101.0000			-38.0000			
90.2276			30.4634			-124.9411			-4.2000			81.0000			108.0000			-38.0000			
82.8442			40.5338			-123.2911			0.0000			74.0000			116.0000			-38.0000			
73.1891			50.6041			-127.1410			-3.3000			65.0000			121.0000			-39.0000			
62.9661			60.6744			-128.2410			-4.5000			57.0000			126.0000			-39.0000			
57.8545			70.7448			-131.5409			-2.9000			47.0000			131.0000			-37.0000			
51.6071			78.0178			-134.2909			-4.6000			38.0000			133.0000			-38.0000			
45.9276			86.4097			-135.3909			-3.0000			28.0000			136.0000			-37.0000			
36.2725			96.4801			-135.9409			-3.1000			17.0000			137.0000			-36.0000			
24.3456			106.5504			-135.3909			-4.4000			7.0000			137.0000			-35.0000			
11.8507			116.0613			-132.0909			-4.1000			-3.0000			136.0000			-36.0000			
2.1956			121.6559			-128.2410			-4.3000			-14.0000			135.0000			-35.0000			
-9.1634			126.1316			-122.1912			-5.2000			-24.0000			134.0000			-35.0000			
-17.1146			125.0127			-111.7414			-3.8000			-34.0000			130.0000			-34.0000			
-25.6339			120.5370			-99.6417			-4.7000			-46.0000			126.0000			-32.0000			
-36.4249			121.0964			-89.1919			-4.5000			-56.0000			121.0000			-32.0000			
-45.5120			123.3343			-82.5920			-4.7000			-65.0000			114.0000			-29.0000			
-55.7351			126.1316			-74.8922			-4.4000			-75.0000			108.0000			-27.0000			
-64.2543			127.2505			-67.7424			-4.7000			-84.0000			101.0000			-26.0000			
-72.7736			129.4884			-62.7925			-6.0000			-94.0000			94.0000			-24.0000			
-79.0210			130.0478			-56.1926			-5.1000			-101.0000			84.0000			-22.0000			
-87.5402			131.1668			-47.9428			-4.3000			-109.0000			75.0000			-20.0000			
-98.3312			130.0478			-34.1931			-2.4000			-117.0000			65.0000			-18.0000			
-108.5543			128.3694			-23.7434			-3.9000			-123.0000			56.0000			-16.0000			
-115.9376			126.1316			-13.8436			-3.6000			-129.0000			47.0000			-13.0000			
-121.0491			121.0964			-3.9438			-3.9000			-134.0000			36.0000			-12.0000			
-124.4568			114.9423			5.9560			-3.5000			-140.0000			26.0000			-9.0000			
-122.7530			103.7531			13.6558			-5.3000			-144.0000			16.0000			-6.0000			
-120.4812			91.4449			24.1056			-4.9000			-145.0000			4.0000			-3.0000			
-120.4812			81.3746			35.6553			-3.4000			-148.0000			-7.0000			-1.0000			
-123.8889			73.5421			46.6551			-3.6000			-149.0000			-18.0000			2.0000			
-125.5927			64.5907			57.1048			-3.8000			-150.0000			-29.0000			6.0000			
-127.2966			57.3177			66.4546			-3.5000			-148.0000			-39.0000			9.0000			
-127.8645			51.7230			72.5045			-3.6000			-146.0000			-49.0000			12.0000			
-130.7043			46.1284			80.7543			-3.8000			-145.0000			-61.0000			15.0000			
-130.7043			38.2959			90.1041			-2.3000			-141.0000			-70.0000			18.0000			
-129.0004			26.5472			100.0039			-2.4000			-137.0000			-81.0000			21.0000			
-127.8645			14.2390			109.9036			-3.7000			-132.0000			-89.0000			23.0000			
-126.1607			4.7281			118.7034			-2.7000			-127.0000			-97.0000			26.0000			
-121.6171			-5.9017			124.7533			-2.7000			-121.0000			-105.0000			29.0000			
-113.6658			-14.8531			125.8533			-2.6000			-113.0000			-112.0000			32.0000			
-101.7389			-22.6855			120.9034			-3.5000			-106.0000			-120.0000			33.0000			
-90.3799			-31.6369			118.1534			-3.8000			-98.0000			-125.0000			36.0000			
-80.1569			-42.2667			119.2534			-3.1000			-89.0000			-131.0000			36.0000			
-73.3415			-52.3371			122.5533			-3.1000			-79.0000			-135.0000			38.0000			
-63.1184			-62.9669			124.7533			-1.3000			-69.0000			-139.0000			40.0000			
-57.4390			-70.7993			126.4033			-1.8000			-59.0000			-142.0000			41.0000			
-52.8954			-79.1913			129.7032			-2.3000			-48.0000			-143.0000			41.0000			
-45.5120			-86.4643			129.7032			-2.2000			-37.0000			-145.0000			43.0000			
-35.8569			-95.9752			130.2532			-1.5000			-26.0000			-145.0000			42.0000			
-22.7941			-106.6050			128.6032			-0.7000			-15.0000			-145.0000			44.0000			
-11.4352			-116.1158			125.8533			-1.6000			-4.0000			-143.0000			43.0000			
-1.2121			-122.2699			122.5533			-0.9000			7.0000			-142.0000			43.0000			
7.3071			-126.7456			117.0535			-2.3000			18.0000			-141.0000			43.0000			
16.3943			-126.1862			107.7037			-2.0000			31.0000			-137.0000			43.0000			
25.4815			-122.8294			95.0540			-2.2000			40.0000			-133.0000			43.0000			
36.2725			-122.2699			85.1542			-0.8000			51.0000			-127.0000			40.0000			
46.4956			-125.0672			77.4544			-1.1000			59.0000			-121.0000			40.0000			
56.7186			-127.8646			70.3045			-0.8000			70.0000			-115.0000			38.0000			
65.2379			-129.5429			62.6047			-1.7000			79.0000			-107.0000			35.0000			
72.6212			-130.1024			57.1048			-0.3000			88.0000			-101.0000			34.0000			
80.0045			-130.6619			49.9550			-0.7000			96.0000			-91.0000			30.0000			
89.0917			-132.3403			41.7052			-1.5000			103.0000			-82.0000			28.0000			
99.3147			-131.2213			30.1554			-1.7000			110.0000			-74.0000			25.0000			
108.9699			-129.5429			18.6057			-1.9000			115.0000			-65.0000			21.0000			
116.9211			-127.8646			8.7059			-2.2000			122.0000			-55.0000			18.0000			
121.4647			-122.2699			-1.1939			-1.9000			126.0000			-46.0000			14.0000			
124.3045			-116.1158			-9.9937			-1.8000			130.0000			-37.0000			10.0000			
122.6006			-105.4860			-19.3435			-2.2000			133.0000			-27.0000			7.0000			
119.7609			-93.1779			-29.2432			-2.6000			133.0000			-18.0000			2.0000			
119.7609			-83.1075			-40.2430			-3.5000			133.0000			-9.0000			-2.0000			
122.6006			-74.7156			-50.6928			-2.8000			134.0000			2.0000			-6.0000			
124.8724			-66.3236			-61.1425			-2.5000			133.0000			12.0000			-10.0000			
127.1442			-60.7290			-70.4923			-4.0000			130.0000			22.0000			-15.0000			
127.1442			-54.0155			-76.5422			-3.4000			128.0000			31.0000			-19.0000			
128.8480			-47.3019			-84.2420			-2.6000			124.0000			40.0000			-24.0000			
129.9839			-39.4694			-94.6918			-4.1000			119.0000			49.0000			-28.0000			
128.2801			-27.7207			-104.0416			-3.4000			114.0000			58.0000			-32.0000			
126.5763			-16.5314			-113.9413			-3.8000			108.0000			64.0000			-36.0000			
124.3045			-4.7827			-122.1912			-2.6000			102.0000			71.0000			-41.0000			
120.3288			4.7281			-128.2410			-3.1000			94.0000			78.0000			-45.0000			
112.3775			13.1201			-127.6910			-2.1000			86.0000			86.0000			-49.0000			
100.4506			20.3931			-125.4911			-4.6000			78.0000			90.0000			-51.0000			
89.6596			29.3445			-122.7411			-3.7000			68.0000			96.0000			-54.0000			
79.4366			40.5338			-123.8411			-3.8000			57.0000			100.0000			-58.0000			
72.0532			51.1636			-126.0411			-2.8000			46.0000			104.0000			-59.0000			
62.9661			62.3528			-129.3410			-4.0000			37.0000			106.0000			-63.0000			
57.8545			70.7448			-131.5409			-2.9000			25.0000			109.0000			-64.0000			
52.1750			78.0178			-134.2909			-4.0000			13.0000			111.0000			-66.0000			
43.6558			86.9692			-135.3909			-4.7000			3.0000			111.0000			-67.0000			
35.7045			96.4801			-134.8409			-2.6000			-9.0000			111.0000			-68.0000			
23.2097			106.5504			-134.2909			-4.5000			-21.0000			110.0000			-69.0000			
10.7148			115.5018			-131.5409			-5.3000			-33.0000			110.0000			-69.0000			
1.0597			121.6559			-127.6910			-4.9000			-44.0000			107.0000			-71.0000			
-9.7313			125.5721			-120.5412			-4.6000			-55.0000			104.0000			-70.0000			
-16.5467			125.5721			-112.2914			-3.2000			-66.0000			101.0000			-71.0000			
-25.6339			122.2153			-99.6417			-3.0000			-76.0000			97.0000			-68.0000			
-36.4249			122.2153			-89.1919			-3.3000			-86.0000			90.0000			-68.0000			
-48.3518			123.8937			-81.4921			-5.9000			-96.0000			84.0000			-65.0000			
-57.4390			126.1316			-73.7922			-5.0000			-105.0000			79.0000			-63.0000			
-65.9582			128.9289			-66.6424			-3.6000			-115.0000			72.0000			-60.0000			
-71.6377			130.0478			-61.6925			-3.2000			-122.0000			65.0000			-57.0000			
-79.5889			130.0478			-53.9927			-3.5000			-130.0000			58.0000			-53.0000			
-89.2441			130.6073			-45.1929			-3.8000			-135.0000			49.0000			-49.0000			
-99.4671			130.6073			-34.1931			-3.0000			-139.0000			42.0000			-45.0000			
-109.1222			128.9289			-23.1934			-3.3000			-145.0000			33.0000			-42.0000			
-116.5056			125.5721			-12.7436			-3.6000			-150.0000			24.0000			-37.0000			
-121.0491			121.0964			-2.2939			-2.2000			-153.0000			17.0000			-32.0000			
-124.4568			114.3829			6.5060			-3.5000			-157.0000			10.0000			-26.0000			
-122.1850			103.7531			15.8557			-2.5000			-158.0000			1.0000			-21.0000			
-120.4812			92.0044			26.3055			-2.1000			-158.0000			-8.0000			-17.0000			
-120.4812			81.3746			36.7553			-2.3000			-158.0000			-17.0000			-11.0000			
-122.7530			72.4232			48.3050			-2.0000			-156.0000			-25.0000			-6.0000			
-125.5927			64.0312			59.3048			-2.2000			-154.0000			-34.0000			-1.0000			
-127.8645			58.9960			66.4546			-2.4000			-150.0000			-43.0000			6.0000			
-128.4325			53.9609			73.0545			-1.4000			-146.0000			-51.0000			11.0000			
-129.0004			46.6879			80.7543			-1.5000			-142.0000			-59.0000			17.0000			
-130.1363			37.7365			91.2041			-1.2000			-136.0000			-66.0000			23.0000			
-129.0004			27.1067			101.6538			-0.2000			-129.0000			-73.0000			30.0000			
-127.8645			15.3579			111.0036			-1.5000			-122.0000			-80.0000			33.0000			
-125.0248			4.7281			119.8034			-0.4000			-114.0000			-86.0000			40.0000			
-119.9133			-6.4611			125.3033			-1.0000			-106.0000			-92.0000			46.0000			
-112.5299			-15.4125			125.8533			-2.0000			-97.0000			-98.0000			50.0000			
-100.6030			-22.6855			123.1033			-0.1000			-87.0000			-102.0000			55.0000			
-89.2441			-31.0775			120.3534			0.0000			-78.0000			-106.0000			58.0000			
-80.1569			-41.7073			121.4534			-0.4000			-67.0000			-110.0000			62.0000			
-71.0697			-52.3371			123.6533			0.2000			-55.0000			-113.0000			66.0000			
-61.9825			-64.6453			125.8533			-0.7000			-43.0000			-116.0000			68.0000			
-58.0069			-71.9183			128.6032			-1.3000			-33.0000			-117.0000			71.0000			
-52.8954			-79.1913			131.3531			-0.7000			-21.0000			-117.0000			73.0000			
-44.3761			-87.0238			131.3531			0.0000			-8.0000			-118.0000			74.0000			
-34.1531			-97.6536			130.8032			-1.0000			3.0000			-118.0000			76.0000			
-22.7941			-108.8428			130.8032			-0.8000			15.0000			-117.0000			76.0000			
-10.8672			-116.6753			127.5032			0.0000			27.0000			-114.0000			77.0000			
-0.6441			-123.3889			122.5533			-1.4000			38.0000			-114.0000			77.0000			
9.0110			-127.3051			116.5035			-1.7000			49.0000			-112.0000			77.0000			
18.6661			-126.7456			107.7037			-0.3000			60.0000			-108.0000			76.0000			
26.6174			-123.3889			95.0540			-1.7000			70.0000			-104.0000			75.0000			
36.2725			-123.3889			84.6042			-2.5000			79.0000			-99.0000			72.0000			
46.4956			-125.6267			77.4544			-1.6000			87.0000			-94.0000			68.0000			
57.2866			-127.8646			69.7545			-0.8000			97.0000			-88.0000			66.0000			
65.8058			-130.1024			62.6047			-1.6000			104.0000			-83.0000			62.0000			
72.6212			-131.2213			57.1048			-1.5000			111.0000			-76.0000			59.0000			
80.0045			-131.7808			50.5050			-1.2000			117.0000			-71.0000			54.0000			
89.6596			-132.3403			40.6052			-2.0000			123.0000			-63.0000			49.0000			
101.5865			-131.7808			28.5055			-1.6000			127.0000			-55.0000			43.0000			
110.6737			-131.2213			18.6057			-1.9000			131.0000			-48.0000			38.0000			
117.4891			-127.8646			8.1559			-2.2000			135.0000			-42.0000			32.0000			
122.0327			-122.8294			-2.2939			-3.0000			138.0000			-34.0000			26.0000			
124.3045			-114.9969			-11.0937			-1.7000			138.0000			-27.0000			20.0000			
123.1686			-105.4860			-20.4434			-2.7000			138.0000			-20.0000			14.0000			
121.4647			-93.7373			-29.7932			-2.0000			138.0000			-13.0000			6.0000			
120.8968			-83.1075			-41.3430			-3.5000			136.0000			-5.0000			0.0000			
122.6006			-74.1561			-52.8927			-4.4000			132.0000			2.0000			-7.0000			
124.8724			-65.2047			-63.3425			-3.6000			130.0000			10.0000			-14.0000			
127.1442			-58.4912			-71.0423			-2.3000			126.0000			18.0000			-21.0000			
128.8480			-54.0155			-78.1921			-3.3000			121.0000			24.0000			-28.0000			
129.4160			-47.8614			-85.8920			-4.3000			114.0000			32.0000			-34.0000			
130.5519			-38.3505			-95.7918			-3.5000			108.0000			38.0000			-42.0000			
128.8480			-26.6018			-106.2415			-3.9000			100.0000			44.0000			-48.0000			
127.7121			-15.4125			-115.5913			-3.2000			93.0000			50.0000			-53.0000			
125.4404			-5.3422			-123.8411			-3.7000			84.0000			56.0000			-61.0000			
120.3288			6.4065			-129.3410			-2.6000			75.0000			61.0000			-67.0000			
111.2417			14.2390			-128.7910			-3.3000			65.0000			65.0000			-73.0000			
100.4506			22.0715			-125.4911			-2.9000			54.0000			69.0000			-77.0000			
90.2276			31.0229			-124.3911			-3.1000			44.0000			73.0000			-83.0000			
80.0045			42.2122			-126.0411			-3.8000			33.0000			76.0000			-86.0000			
71.4853			52.8420			-127.6910			-3.3000			21.0000			79.0000			-90.0000			
63.5340			63.4717			-128.7910			-1.7000			8.0000			81.0000			-94.0000			
56.7186			71.8637			-132.0909			-3.5000			-4.0000			82.0000			-97.0000			
52.1750			79.1367			-134.8409			-3.5000			-15.0000			83.0000			-99.0000			
44.7917			86.9692			-134.2909			-2.5000			-26.0000			84.0000			-99.0000			
34.0007			96.4801			-134.2909			-3.8000			-38.0000			84.0000			-100.0000			
22.0738			108.2288			-133.7409			-3.4000			-49.0000			83.0000			-101.0000			
10.7148			116.6207			-130.9910			-3.6000			-61.0000			82.0000			-101.0000			
1.0597			122.7748			-127.1410			-3.3000			-71.0000			79.0000			-101.0000			
-9.1634			126.6911			-120.5412			-3.0000			-82.0000			79.0000			-101.0000			
-17.6826			126.6911			-110.0914			-1.0000			-92.0000			76.0000			-99.0000			
-26.2018			122.7748			-98.5417			-1.9000			-101.0000			73.0000			-96.0000			
-36.9928			122.7748			-88.6419			-2.8000			-110.0000			68.0000			-94.0000			
-47.7838			125.5721			-81.4921			-3.6000			-118.0000			64.0000			-89.0000			
-57.4390			128.3694			-73.7922			-2.8000			-125.0000			59.0000			-85.0000			
-65.9582			130.0478			-66.6424			-2.5000			-132.0000			54.0000			-80.0000			
-73.3415			131.1668			-60.0426			-2.2000			-138.0000			50.0000			-75.0000			
-80.7248			131.7262			-53.9927			-2.9000			-142.0000			43.0000			-69.0000			
-89.2441			132.8451			-44.0929			-0.4000			-146.0000			38.0000			-62.0000			
-100.6030			130.6073			-31.9932			-1.9000			-151.0000			31.0000			-57.0000			
-109.6902			129.4884			-19.8935			-0.1000			-154.0000			26.0000			-50.0000			
-117.0735			126.6911			-11.0937			-1.4000			-156.0000			19.0000			-43.0000			
-122.7530			122.2153			-1.7439			-2.2000			-157.0000			14.0000			-34.0000			
-123.8889			114.3829			8.1559			-1.3000			-158.0000			7.0000			-28.0000			
-122.1850			104.3125			17.5057			-0.3000			-157.0000			2.0000			-20.0000			
-121.0491			92.0044			27.9555			-1.0000			-154.0000			-6.0000			-11.0000			
-120.4812			81.3746			38.9552			-0.1000			-151.0000			-12.0000			-4.0000			
-123.3209			72.9826			49.9550			-0.3000			-148.0000			-19.0000			4.0000			
-126.1607			64.5907			60.9547			-0.6000			-143.0000			-26.0000			13.0000			
-126.7286			57.3177			69.2045			-0.2000			-138.0000			-32.0000			21.0000			
-127.8645			52.2825			75.2544			-0.3000			-132.0000			-38.0000			30.0000			
-130.1363			46.1284			82.9542			-1.0000			-126.0000			-44.0000			37.0000			
-130.7043			37.7365			92.8540			-0.1000			-117.0000			-49.0000			44.0000			
-128.4325			26.5472			103.3038			1.4000			-109.0000			-55.0000			52.0000			
-126.7286			13.6795			113.2036			0.1000			-101.0000			-60.0000			58.0000			
-125.0248			3.0498			120.3534			-1.6000			-91.0000			-65.0000			65.0000			
-119.3453			-7.0206			125.8533			-0.5000			-81.0000			-70.0000			73.0000			
-111.9620			-14.8531			125.8533			-0.9000			-73.0000			-73.0000			78.0000			
-100.6030			-22.6855			122.0034			-1.2000			-62.0000			-78.0000			83.0000			
-89.2441			-32.1964			121.4534			0.0000			-50.0000			-81.0000			88.0000			
-79.5889			-43.3857			122.5533			-0.4000			-40.0000			-85.0000			93.0000			
-71.0697			-53.4560			124.7533			0.2000			-26.0000			-86.0000			96.0000			
-62.5505			-64.0858			126.4033			-0.2000			-15.0000			-89.0000			99.0000			
-56.3031			-71.9183			128.6032			0.3000			-4.0000			-90.0000			101.0000			
-51.1915			-80.8697			130.8032			-1.2000			7.0000			-91.0000			103.0000			
-44.3761			-88.7022			131.9031			-1.1000			20.0000			-92.0000			106.0000			
-33.5851			-97.6536			131.3531			0.1000			29.0000			-92.0000			104.0000			
-22.2262			-109.4023			130.2532			-1.3000			40.0000			-92.0000			104.0000			
-9.7313			-117.7942			128.0532			0.5000			51.0000			-93.0000			104.0000			
0.4918			-124.5078			123.1033			-0.9000			61.0000			-90.0000			103.0000			
9.0110			-127.8646			117.0535			-1.8000			71.0000			-90.0000			101.0000			
18.0982			-127.3051			107.1537			-2.0000			81.0000			-89.0000			98.0000			
27.1853			-123.9483			93.9540			-2.8000			89.0000			-85.0000			95.0000			
37.9763			-123.9483			84.6042			-1.3000			98.0000			-82.0000			91.0000			
48.1994			-126.1862			77.4544			-0.5000			104.0000			-78.0000			86.0000			
57.8545			-128.4240			68.6546			-1.9000			110.0000			-75.0000			81.0000			
65.8058			-130.6619			62.6047			-2.2000			116.0000			-70.0000			75.0000			
72.6212			-130.6619			56.0048			-2.0000			121.0000			-66.0000			68.0000			
80.5725			-132.3403			49.4050			-2.3000			126.0000			-62.0000			61.0000			
90.2276			-133.4592			40.0552			-3.1000			129.0000			-57.0000			54.0000			
100.4506			-132.3403			27.9555			-3.9000			130.0000			-52.0000			46.0000			
109.5378			-130.1024			17.5057			-3.0000			131.0000			-46.0000			38.0000			
117.4891			-127.3051			6.5060			-3.3000			134.0000			-41.0000			30.0000			
122.0327			-123.3889			-2.8438			-4.2000			134.0000			-38.0000			21.0000			
123.7365			-116.1158			-11.6436			-4.0000			134.0000			-33.0000			13.0000			
122.0327			-104.3671			-20.4434			-2.7000			131.0000			-27.0000			3.0000			
120.3288			-93.7373			-30.8932			-4.2000			128.0000			-21.0000			-5.0000			
120.3288			-82.5481			-41.3430			-3.5000			124.0000			-15.0000			-15.0000			
122.6006			-74.7156			-52.3427			-4.4000			119.0000			-9.0000			-24.0000			
125.4404			-65.7642			-62.7925			-3.1000			115.0000			-3.0000			-31.0000			
127.1442			-59.6101			-71.5923			-4.0000			109.0000			3.0000			-42.0000			
127.7121			-55.1344			-77.6422			-5.0000			102.0000			8.0000			-51.0000			
128.8480			-47.8614			-85.8920			-4.9000			94.0000			14.0000			-58.0000			
130.5519			-38.3505			-96.3417			-4.1000			85.0000			18.0000			-67.0000			
128.2801			-27.1612			-106.2415			-5.1000			77.0000			23.0000			-74.0000			
127.1442			-15.9720			-115.0413			-3.8000			67.0000			28.0000			-82.0000			
124.3045			-4.2233			-123.8411			-3.7000			59.0000			33.0000			-89.0000			
119.7609			6.4065			-128.2410			-2.0000			49.0000			37.0000			-96.0000			
111.8096			13.6795			-128.2410			-2.7000			40.0000			42.0000			-104.0000			
99.3147			22.0715			-123.8411			-2.4000			28.0000			46.0000			-108.0000			
88.5237			31.0229			-123.2911			-3.7000			18.0000			47.0000			-113.0000			
79.4366			42.7716			-124.9411			-2.7000			6.0000			52.0000			-116.0000			
72.0532			52.2825			-126.5911			-2.2000			-4.0000			54.0000			-120.0000			
62.9661			62.9123			-129.3410			-3.4000			-16.0000			57.0000			-123.0000			
56.7186			72.4232			-132.0909			-2.9000			-28.0000			58.0000			-125.0000			
52.7430			78.5772			-134.2909			-2.9000			-39.0000			60.0000			-126.0000			
44.2238			86.4097			-134.2909			-3.6000			-50.0000			62.0000			-125.0000			
33.4328			97.0395			-133.7409			-3.2000			-61.0000			61.0000			-124.0000			
22.0738			107.6693			-132.0909			-2.3000			-70.0000			63.0000			-124.0000			
11.2828			116.0613			-129.8910			-2.5000			-80.0000			63.0000			-122.0000			
1.0597			122.2153			-124.3911			-1.1000			-89.0000			63.0000			-121.0000			
-8.5954			125.0127			-119.4412			-3.0000			-98.0000			63.0000			-118.0000			
-15.9787			125.0127			-110.0914			-1.0000			-106.0000			62.0000			-115.0000			
-23.9300			121.0964			-97.4417			-0.2000			-113.0000			60.0000			-110.0000			
-35.8569			121.6559			-87.5419			-1.7000			-121.0000			59.0000			-104.0000			
-45.5120			125.0127			-80.9421			-1.4000			-127.0000			55.0000			-99.0000			
-55.1672			127.2505			-73.2423			-1.1000			-132.0000			53.0000			-91.0000			
-62.5505			128.3694			-66.0924			-0.2000			-136.0000			50.0000			-84.0000			
-70.5018			129.4884			-60.5925			-1.6000			-139.0000			47.0000			-78.0000			
-78.4530			130.6073			-52.8927			-0.7000			-144.0000			43.0000			-69.0000			
-86.9723			131.7262			-44.0929			0.6000			-146.0000			40.0000			-60.0000			
-97.7633			129.4884			-31.9932			-0.2000			-147.0000			34.0000			-51.0000			
-107.4184			128.3694			-20.9934			0.0000			-148.0000			31.0000			-43.0000			
-114.2338			125.5721			-11.6436			-0.3000			-149.0000			27.0000			-34.0000			
-119.3453			120.5370			-1.1939			0.0000			-148.0000			22.0000			-23.0000			
-119.9133			113.8234			7.6059			1.5000			-145.0000			18.0000			-14.0000			
-118.7774			102.0747			16.4057			-0.3000			-143.0000			15.0000			-4.0000			
-115.9376			90.3260			26.3055			0.6000			-140.0000			10.0000			6.0000			
-116.5056			79.1367			38.4052			1.0000			-135.0000			3.0000			17.0000			
-119.9133			70.7448			48.8550			-0.3000			-129.0000			-2.0000			26.0000			
-122.1850			63.4717			59.8548			1.1000			-123.0000			-6.0000			35.0000			
-123.3209			57.8771			65.9046			0.4000			-118.0000			-12.0000			45.0000			
-125.0248			53.4014			72.5045			0.8000			-111.0000			-17.0000			55.0000			
-126.1607			46.6879			80.7543			1.2000			-103.0000			-22.0000			63.0000			
-127.8645			37.7365			90.6541			0.5000			-95.0000			-28.0000			72.0000			
-126.1607			25.9877			101.1038			0.9000			-85.0000			-32.0000			79.0000			
-125.5927			16.4769			110.4536			1.3000			-77.0000			-37.0000			87.0000			
-122.7530			4.1687			118.1534			-0.4000			-66.0000			-42.0000			95.0000			
-117.0735			-5.9017			123.1033			0.1000			-57.0000			-46.0000			101.0000			
-108.5543			-13.7341			122.5533			0.2000			-47.0000			-50.0000			107.0000			
-98.3312			-21.0071			118.7034			-0.6000			-37.0000			-55.0000			112.0000			
-88.6761			-29.3991			116.5035			-1.5000			-27.0000			-59.0000			115.0000			
-78.4530			-40.5884			118.1534			-0.8000			-16.0000			-61.0000			120.0000			
-69.3659			-51.2181			120.9034			0.3000			-4.0000			-66.0000			123.0000			
-63.1184			-61.2885			123.1033			-1.3000			7.0000			-69.0000			124.0000			
-56.8710			-69.6804			125.3033			-1.2000			17.0000			-70.0000			126.0000			
-52.8954			-76.9534			127.5032			-2.3000			27.0000			-73.0000			126.0000			
-44.3761			-84.7859			128.0532			-1.1000			37.0000			-74.0000			125.0000			
-33.5851			-95.4157			127.5032			-1.4000			47.0000			-75.0000			124.0000			
-22.2262			-105.4860			126.9532			-0.7000			55.0000			-77.0000			121.0000			
-12.0031			-113.8780			124.7533			-1.1000			65.0000			-78.0000			119.0000			
-1.7800			-120.0321			119.8034			-2.0000			73.0000			-80.0000			115.0000			
7.8751			-123.3889			112.1036			-3.4000			82.0000			-81.0000			111.0000			
15.8264			-122.2699			103.8538			-2.5000			89.0000			-80.0000			107.0000			
24.3456			-118.9132			92.8540			-1.7000			95.0000			-80.0000			101.0000			
34.0007			-119.4726			81.8543			-3.6000			101.0000			-78.0000			94.0000			
43.6558			-122.2699			74.7044			-3.9000			106.0000			-77.0000			88.0000			
54.4468			-125.0672			67.5546			-3.0000			111.0000			-75.0000			79.0000			
62.3981			-126.1862			60.9547			-2.8000			114.0000			-74.0000			71.0000			
69.2135			-127.8646			55.4549			-3.2000			118.0000			-70.0000			63.0000			
76.5968			-128.4240			48.8550			-2.9000			119.0000			-67.0000			54.0000			
86.8199			-128.9835			39.5052			-2.6000			121.0000			-65.0000			44.0000			
97.0429			-127.8646			27.4055			-3.4000			121.0000			-62.0000			35.0000			
106.1301			-127.3051			18.0557			-3.1000			122.0000			-58.0000			24.0000			
113.5134			-124.5078			8.7059			-2.2000			121.0000			-55.0000			14.0000			
118.6250			-120.5915			-1.7439			-3.7000			120.0000			-51.0000			2.0000			
118.6250			-112.1996			-9.9937			-3.5000			117.0000			-47.0000			-7.0000			
117.4891			-101.5698			-18.2435			-2.3000			113.0000			-44.0000			-18.0000			
115.7852			-90.3805			-28.6933			-3.2000			110.0000			-39.0000			-28.0000			
115.7852			-81.4291			-39.1430			-4.7000			105.0000			-35.0000			-38.0000			
118.6250			-72.4777			-50.1428			-3.9000			99.0000			-29.0000			-49.0000			
120.8968			-64.0858			-60.5925			-3.7000			93.0000			-25.0000			-58.0000			
123.1686			-57.9317			-68.2924			-3.0000			86.0000			-20.0000			-68.0000			
124.3045			-54.0155			-74.3422			-4.0000			78.0000			-14.0000			-77.0000			
125.4404			-47.8614			-80.9421			-3.3000			71.0000			-9.0000			-87.0000			
126.5763			-38.3505			-91.9418			-3.7000			62.0000			-4.0000			-94.0000			
124.8724			-26.0423			-101.8416			-3.0000			52.0000			-1.0000			-102.0000			
123.7365			-15.4125			-111.1914			-2.8000			44.0000			5.0000			-110.0000			
122.0327			-4.7827			-118.8912			-1.6000			36.0000			11.0000			-117.0000			
117.4891			4.1687			-123.8411			-2.1000			26.0000			15.0000			-124.0000			
107.8340			13.1201			-123.2911			-2.3000			17.0000			21.0000			-129.0000			
97.0429			20.3931			-119.9912			-2.5000			7.0000			24.0000			-133.0000			
86.8199			29.9040			-117.7913			-1.0000			-4.0000			29.0000			-136.0000			
78.8686			39.4148			-119.9912			-1.7000			-14.0000			32.0000			-138.0000			
70.3494			50.0446			-121.6412			-1.2000			-24.0000			38.0000			-141.0000			
61.8302			60.6744			-123.8411			-1.3000			-33.0000			40.0000			-143.0000			
56.1507			69.6258			-127.1410			-1.3000			-44.0000			44.0000			-141.0000			
52.1750			76.3394			-129.8910			-1.3000			-54.0000			47.0000			-140.0000			
45.3597			83.0529			-129.8910			-1.4000			-62.0000			50.0000			-140.0000			
34.5686			93.6827			-129.8910			-1.6000			-71.0000			52.0000			-137.0000			
22.0738			104.8720			-128.7910			-1.8000			-79.0000			55.0000			-133.0000			
11.8507			113.8234			-125.4911			0.1000			-87.0000			56.0000			-130.0000			
1.6277			118.8586			-121.6412			-1.1000			-95.0000			58.0000			-127.0000			
-7.4595			121.6559			-115.0413			-0.8000			-103.0000			60.0000			-122.0000			
-15.4108			121.0964			-105.1415			0.5000			-108.0000			60.0000			-115.0000			
-23.9300			117.1802			-92.4918			0.7000			-114.0000			60.0000			-108.0000			
-34.1531			118.2991			-83.6920			0.4000			-119.0000			60.0000			-101.0000			
-43.8082			121.6559			-78.1921			-0.3000			-123.0000			59.0000			-93.0000			
-54.0313			123.8937			-69.3923			0.4000			-126.0000			58.0000			-84.0000			
-61.4146			125.5721			-62.2425			1.9000			-129.0000			57.0000			-75.0000			
-68.7979			126.6911			-57.2926			0.6000			-131.0000			56.0000			-66.0000			
-76.7492			127.8100			-51.7927			-0.7000			-132.0000			54.0000			-56.0000			
-85.8364			128.9289			-41.8930			1.2000			-132.0000			51.0000			-45.0000			
-96.6274			127.2505			-29.2432			1.3000			-132.0000			48.0000			-34.0000			
-106.2825			125.5721			-18.7935			0.4000			-132.0000			45.0000			-23.0000			
-112.5299			122.7748			-8.8937			1.3000			-132.0000			43.0000			-13.0000			
-118.7774			119.9775			-0.6439			0.5000			-129.0000			39.0000			-1.0000			
-118.7774			112.1450			8.1559			1.5000			-126.0000			37.0000			10.0000			
-116.5056			100.3963			17.5057			1.3000			-124.0000			33.0000			20.0000			
-114.8017			88.0881			26.8555			0.1000			-119.0000			30.0000			31.0000			
-115.3697			79.1367			37.8552			1.6000			-113.0000			24.0000			42.0000			
-118.7774			71.3042			48.8550			1.3000			-107.0000			19.0000			52.0000			
-121.0491			62.9123			58.7548			0.6000			-101.0000			15.0000			61.0000			
-123.3209			56.7582			66.4546			-0.1000			-94.0000			9.0000			72.0000			
-124.4568			52.2825			72.5045			0.3000			-87.0000			5.0000			81.0000			
-125.5927			45.5689			80.2043			0.1000			-79.0000			-1.0000			90.0000			
-127.2966			37.7365			90.1041			0.5000			-72.0000			-5.0000			98.0000			
-126.1607			25.4283			101.1038			0.3000			-63.0000			-11.0000			104.0000			
-123.8889			14.7985			109.9036			0.8000			-54.0000			-17.0000			112.0000			
-120.4812			3.6092			118.1534			1.2000			-46.0000			-22.0000			118.0000			
-117.0735			-5.3422			122.5533			0.1000			-37.0000			-27.0000			123.0000			
-108.5543			-12.6152			121.4534			0.2000			-28.0000			-33.0000			129.0000			
-95.4915			-21.0071			117.0535			0.5000			-19.0000			-39.0000			134.0000			
-85.8364			-31.0775			115.4035			-1.5000			-10.0000			-43.0000			134.0000			
-77.3171			-41.1478			118.1534			-0.3000			-1.0000			-48.0000			136.0000			
-69.9338			-50.6587			120.3534			-0.2000			9.0000			-53.0000			137.0000			
-61.9825			-60.7290			122.5533			-0.1000			18.0000			-56.0000			137.0000			
-56.3031			-69.1210			124.2033			-1.2000			27.0000			-61.0000			137.0000			
-51.1915			-76.9534			126.9532			-1.1000			36.0000			-65.0000			134.0000			
-43.8082			-84.7859			127.5032			-1.0000			44.0000			-69.0000			132.0000			
-34.7210			-94.8562			128.0532			-1.5000			52.0000			-71.0000			128.0000			
-22.2262			-106.0455			126.4033			-1.8000			59.0000			-74.0000			124.0000			
-10.8672			-113.8780			123.1033			-1.6000			67.0000			-77.0000			119.0000			
-0.6441			-121.1510			118.7034			-3.0000			74.0000			-81.0000			114.0000			
7.8751			-122.2699			112.6536			-1.7000			79.0000			-83.0000			109.0000			
15.8264			-121.7105			102.7538			-3.1000			84.0000			-85.0000			102.0000			
24.9135			-117.7942			90.1041			-2.7000			88.0000			-85.0000			93.0000			
35.1366			-117.7942			80.2043			-2.4000			94.0000			-86.0000			85.0000			
44.7917			-121.7105			74.7044			-2.2000			97.0000			-86.0000			75.0000			
54.4468			-125.0672			67.0046			-3.6000			100.0000			-86.0000			67.0000			
62.3981			-125.6267			60.4047			-2.8000			102.0000			-84.0000			55.0000			
69.7814			-126.7456			54.3549			-2.6000			104.0000			-85.0000			46.0000			
77.1648			-127.8646			48.3050			-2.3000			104.0000			-83.0000			35.0000			
87.3878			-130.1024			38.9552			-3.7000			105.0000			-81.0000			24.0000			
97.6109			-128.9835			27.4055			-3.9000			103.0000			-79.0000			13.0000			
106.6981			-126.1862			16.9557			-2.5000			103.0000			-76.0000			1.0000			
113.5134			-123.9483			7.0559			-3.3000			101.0000			-74.0000			-9.0000			
118.0570			-119.4726			-2.2939			-3.7000			99.0000			-71.0000			-21.0000			
119.1929			-112.1996			-9.9937			-3.0000			96.0000			-68.0000			-33.0000			
116.9211			-101.0103			-18.7935			-2.8000			93.0000			-65.0000			-42.0000			
114.6493			-90.3805			-29.2432			-4.9000			88.0000			-60.0000			-54.0000			
115.7852			-78.6318			-39.6930			-2.5000			82.0000			-56.0000			-65.0000			
118.6250			-71.9183			-50.6928			-3.9000			76.0000			-50.0000			-74.0000			
121.4647			-64.6453			-60.5925			-3.7000			71.0000			-45.0000			-84.0000			
123.7365			-57.9317			-67.1924			-1.3000			63.0000			-40.0000			-93.0000			
124.3045			-52.8965			-74.3422			-2.9000			58.0000			-35.0000			-101.0000			
125.4404			-47.3019			-82.5920			-4.4000			50.0000			-29.0000			-110.0000			
127.1442			-37.2316			-91.9418			-2.0000			42.0000			-24.0000			-117.0000			
125.4404			-26.0423			-101.8416			-2.4000			35.0000			-18.0000			-124.0000			
124.3045			-15.4125			-111.1914			-2.2000			26.0000			-12.0000			-130.0000			
120.8968			-4.7827			-118.8912			-2.7000			19.0000			-6.0000			-135.0000			
116.3532			5.2876			-122.7411			-1.1000			10.0000			-1.0000			-141.0000			
108.9699			13.1201			-122.1912			0.0000			2.0000			7.0000			-145.0000			
97.0429			21.5120			-118.3412			0.2000			-6.0000			11.0000			-148.0000			
85.6840			29.9040			-116.6913			-1.1000			-15.0000			17.0000			-148.0000			
77.7327			40.5338			-118.8912			-0.6000			-23.0000			23.0000			-149.0000			
69.2135			51.1636			-121.0912			-0.7000			-33.0000			28.0000			-149.0000			
61.8302			61.2339			-123.2911			-0.2000			-40.0000			35.0000			-149.0000			
56.7186			69.0664			-126.5911			-0.8000			-49.0000			39.0000			-146.0000			
52.1750			75.7799			-127.6910			0.2000			-56.0000			45.0000			-143.0000			
44.2238			84.1719			-127.6910			0.7000			-64.0000			48.0000			-140.0000			
33.4328			95.3611			-128.7910			0.0000			-70.0000			53.0000			-135.0000			
22.0738			105.4315			-127.6910			-0.1000			-77.0000			57.0000			-129.0000			
11.8507			113.2639			-124.9411			0.1000			-84.0000			61.0000			-125.0000			
1.0597			118.8586			-119.9912			0.0000			-89.0000			64.0000			-119.0000			
-7.4595			122.2153			-114.4913			0.2000			-94.0000			67.0000			-112.0000			
-15.4108			121.0964			-104.0416			1.6000			-100.0000			71.0000			-105.0000			
-23.3621			117.7396			-91.9418			2.4000			-102.0000			73.0000			-95.0000			
-34.1531			118.2991			-83.1420			1.0000			-107.0000			71.0000			-86.0000			
-44.3761			121.6559			-75.9922			1.2000			-110.0000			73.0000			-76.0000			
-53.4633			123.3343			-68.2924			1.5000			-113.0000			72.0000			-65.0000			
-61.9825			125.5721			-62.7925			0.8000			-112.0000			74.0000			-55.0000			
-68.7979			126.1316			-57.2926			0.0000			-115.0000			72.0000			-45.0000			
-76.7492			127.8100			-50.6928			0.3000			-114.0000			71.0000			-33.0000			
-86.4043			128.3694			-40.2430			1.7000			-114.0000			69.0000			-22.0000			
-96.6274			127.8100			-28.6933			2.4000			-113.0000			68.0000			-10.0000			
-104.5787			126.6911			-18.7935			3.3000			-111.0000			65.0000			-1.0000			
-111.9620			123.3343			-8.8937			2.4000			-110.0000			63.0000			11.0000			
-117.6415			118.8586			0.4561			1.6000			-109.0000			59.0000			23.0000			
-117.0735			111.5856			8.7059			3.2000			-105.0000			57.0000			35.0000			
-115.3697			100.3963			17.5057			2.5000			-101.0000			54.0000			45.0000			
-113.0979			86.9692			26.8555			0.7000			-98.0000			49.0000			55.0000			
-114.2338			78.5772			37.8552			2.1000			-92.0000			44.0000			65.0000			
-117.6415			69.6258			48.3050			0.2000			-87.0000			38.0000			75.0000			
-120.4812			63.4717			58.2048			1.1000			-82.0000			32.0000			84.0000			
-122.7530			57.3177			65.9046			0.4000			-76.0000			27.0000			93.0000			
-123.8889			52.2825			71.4045			-0.2000			-69.0000			21.0000			101.0000			
-124.4568			45.5689			80.2043			1.3000			-63.0000			16.0000			110.0000			
-126.1607			35.4986			90.1041			-0.5000			-55.0000			9.0000			116.0000			
-125.0248			24.3093			100.5538			-0.1000			-49.0000			4.0000			121.0000			
-123.8889			14.2390			108.8037			-0.8000			-41.0000			-5.0000			127.0000			
-119.9133			4.1687			117.6035			1.8000			-34.0000			-10.0000			132.0000			
-115.9376			-6.4611			120.9034			-1.4000			-26.0000			-18.0000			136.0000			
-106.8504			-14.2936			119.2534			-1.8000			-20.0000			-24.0000			139.0000			
-95.4915			-22.1261			115.9535			-1.6000			-12.0000			-30.0000			140.0000			
-84.7005			-29.3991			114.8535			0.7000			-2.0000			-38.0000			141.0000			
-77.3171			-40.5884			116.5035			-1.4000			5.0000			-43.0000			140.0000			
-68.7979			-51.7776			118.7034			-1.8000			12.0000			-50.0000			139.0000			
-60.8466			-61.8479			121.4534			-1.2000			20.0000			-56.0000			137.0000			
-56.3031			-69.6804			123.6533			-2.3000			26.0000			-62.0000			134.0000			
-51.7595			-76.3940			125.8533			-2.3000			35.0000			-68.0000			132.0000			
-43.2402			-84.7859			125.8533			-2.1000			41.0000			-73.0000			126.0000			
-32.4492			-94.8562			125.8533			-1.4000			47.0000			-78.0000			120.0000			
-21.6582			-105.4860			125.3033			-1.8000			53.0000			-82.0000			115.0000			
-10.8672			-113.3185			121.4534			-2.7000			57.0000			-87.0000			107.0000			
-0.0762			-119.4726			117.0535			-2.5000			63.0000			-91.0000			101.0000			
7.3071			-122.2699			111.5536			-3.4000			68.0000			-95.0000			94.0000			
15.2584			-120.5915			101.1038			-4.2000			71.0000			-97.0000			85.0000			
24.9135			-116.6753			89.0041			-2.7000			76.0000			-100.0000			76.0000			
35.1366			-117.7942			80.2043			-2.4000			79.0000			-101.0000			67.0000			
44.7917			-121.1510			73.0545			-3.3000			81.0000			-103.0000			55.0000			
54.4468			-123.9483			65.9046			-3.5000			83.0000			-103.0000			46.0000			
62.3981			-124.5078			59.8548			-2.2000			85.0000			-103.0000			34.0000			
68.6455			-126.1862			54.3549			-3.1000			85.0000			-102.0000			23.0000			
77.1648			-127.8646			47.7550			-2.9000			85.0000			-102.0000			11.0000			
87.9558			-128.4240			37.8552			-2.6000			84.0000			-100.0000			-1.0000			
97.0429			-126.1862			26.3055			-2.8000			83.0000			-98.0000			-10.0000			
106.1301			-126.1862			16.4057			-3.6000			83.0000			-96.0000			-22.0000			
113.5134			-122.8294			7.0559			-2.2000			81.0000			-94.0000			-34.0000			
117.4891			-118.9132			-2.2939			-3.7000			79.0000			-90.0000			-46.0000			
118.0570			-110.5212			-11.0937			-3.5000			76.0000			-88.0000			-54.0000			
115.7852			-99.3320			-19.8935			-3.4000			73.0000			-84.0000			-66.0000			
114.0814			-87.5832			-28.6933			-2.1000			69.0000			-79.0000			-75.0000			
114.0814			-78.6318			-39.6930			-4.2000			63.0000			-73.0000			-85.0000			
117.4891			-70.7993			-50.1428			-3.4000			60.0000			-68.0000			-94.0000			
120.8968			-62.9669			-60.0426			-2.1000			54.0000			-60.0000			-103.0000			
122.0327			-56.8128			-67.1924			-1.9000			49.0000			-53.0000			-111.0000			
124.8724			-52.3371			-74.3422			-1.8000			44.0000			-48.0000			-117.0000			
125.4404			-45.6235			-81.4921			-1.6000			36.0000			-41.0000			-124.0000			
126.0083			-36.6721			-90.8419			-1.5000			31.0000			-34.0000			-131.0000			
124.3045			-24.9234			-101.8416			-2.4000			23.0000			-28.0000			-134.0000			
124.3045			-14.8531			-110.0914			-0.6000			17.0000			-20.0000			-140.0000			
120.8968			-3.6638			-117.7913			-0.5000			11.0000			-13.0000			-143.0000			
115.7852			5.8471			-122.1912			-0.5000			5.0000			-5.0000			-146.0000			
107.2660			13.6795			-121.0912			-0.1000			-2.0000			2.0000			-148.0000			
95.9071			22.0715			-117.2413			0.7000			-9.0000			10.0000			-150.0000			
85.6840			29.9040			-115.5913			0.0000			-16.0000			17.0000			-148.0000			
76.5968			41.0932			-117.7913			0.0000			-22.0000			26.0000			-147.0000			
69.2135			51.1636			-120.5412			-0.1000			-29.0000			31.0000			-145.0000			
61.8302			60.6744			-123.2911			-0.7000			-36.0000			38.0000			-143.0000			
56.1507			69.6258			-124.9411			0.8000			-43.0000			45.0000			-139.0000			
51.6071			76.8989			-127.6910			0.8000			-49.0000			52.0000			-135.0000			
43.6558			84.1719			-127.6910			0.1000			-55.0000			59.0000			-129.0000			
33.4328			94.2422			-127.1410			0.5000			-61.0000			62.0000			-123.0000			
22.0738			105.4315			-126.5911			0.9000			-65.0000			68.0000			-116.0000			
11.2828			113.8234			-123.8411			1.2000			-72.0000			73.0000			-110.0000			
1.0597			118.8586			-118.8912			1.0000			-75.0000			77.0000			-103.0000			
-6.8916			121.6559			-112.8414			1.9000			-79.0000			83.0000			-94.0000			
-15.4108			119.9775			-102.3916			2.1000			-83.0000			85.0000			-85.0000			
-24.4980			116.6207			-90.8419			1.2000			-87.0000			88.0000			-75.0000			
-34.7210			117.1802			-82.5920			-0.1000			-89.0000			89.0000			-65.0000			
-44.3761			121.0964			-75.4422			1.2000			-91.0000			90.0000			-55.0000			
-54.5992			123.3343			-67.1924			1.5000			-92.0000			91.0000			-43.0000			
-61.9825			124.4532			-61.1425			1.3000			-94.0000			92.0000			-33.0000			
-68.2300			125.5721			-56.7426			0.6000			-95.0000			90.0000			-22.0000			
-76.1812			127.2505			-49.5928			1.4000			-93.0000			90.0000			-10.0000			
-85.8364			127.8100			-40.7930			1.1000			-94.0000			88.0000			1.0000			
-96.6274			127.2505			-28.1433			2.4000			-93.0000			86.0000			12.0000			
-104.5787			124.4532			-18.2435			1.6000			-93.0000			83.0000			23.0000			
-111.9620			122.2153			-8.8937			1.3000			-92.0000			81.0000			35.0000			
-117.0735			118.2991			0.4561			1.6000			-90.0000			78.0000			46.0000			
-117.0735			109.9072			8.7059			1.5000			-89.0000			74.0000			54.0000			
-115.3697			98.7179			17.5057			0.8000			-87.0000			69.0000			65.0000			
-114.2338			86.4097			27.9555			0.1000			-82.0000			63.0000			74.0000			
-114.2338			76.8989			38.9552			1.6000			-78.0000			58.0000			82.0000			
-118.2094			69.6258			49.4050			0.8000			-73.0000			51.0000			92.0000			
-121.0491			61.7934			58.7548			-0.5000			-69.0000			46.0000			99.0000			
-122.1850			56.1987			65.3546			-0.6000			-65.0000			38.0000			106.0000			
-123.3209			51.1636			71.9545			-0.2000			-59.0000			31.0000			112.0000			
-125.0248			44.4500			80.7543			0.1000			-55.0000			23.0000			118.0000			
-126.1607			34.3797			91.2041			-0.5000			-48.0000			15.0000			122.0000			
-124.4568			23.1904			100.5538			-0.7000			-42.0000			7.0000			127.0000			
-122.7530			12.0012			109.9036			-0.8000			-36.0000			-1.0000			131.0000			
-119.9133			1.3714			117.0535			-1.4000			-31.0000			-9.0000			133.0000			
-114.8017			-6.4611			120.3534			-0.9000			-26.0000			-17.0000			136.0000			
-106.2825			-14.8531			119.2534			-1.8000			-20.0000			-25.0000			137.0000			
-94.3556			-23.2450			115.9535			-1.6000			-14.0000			-34.0000			136.0000			
-84.7005			-32.1964			114.3035			-2.5000			-7.0000			-42.0000			135.0000			
-75.6133			-41.7073			116.5035			-0.8000			-1.0000			-50.0000			134.0000			
-67.6620			-52.8965			118.7034			-1.8000			4.0000			-57.0000			130.0000			
-61.4146			-62.9669			122.5533			-1.8000			12.0000			-65.0000			127.0000			
-55.1672			-70.7993			124.7533			-1.2000			17.0000			-71.0000			123.0000			
-50.0556			-77.5129			125.3033			-2.2000			23.0000			-79.0000			117.0000			
-43.2402			-86.4643			126.4033			-3.3000			29.0000			-85.0000			111.0000			
-32.4492			-96.5346			126.9532			-2.0000			33.0000			-91.0000			104.0000			
-21.0903			-106.6050			124.7533			-2.9000			39.0000			-98.0000			97.0000			
-9.1634			-114.9969			121.4534			-2.7000			43.0000			-102.0000			90.0000			
0.4918			-120.5915			117.0535			-3.0000			48.0000			-107.0000			82.0000			
9.0110			-123.3889			111.0036			-3.3000			51.0000			-112.0000			74.0000			
16.9623			-120.5915			100.0039			-3.6000			55.0000			-115.0000			65.0000			
25.4815			-117.2348			87.9041			-3.8000			58.0000			-117.0000			55.0000			
36.8404			-118.9132			79.1043			-2.9000			59.0000			-118.0000			44.0000			
47.0635			-121.7105			73.0545			-1.5000			62.0000			-120.0000			34.0000			
56.1507			-123.9483			65.9046			-1.8000			65.0000			-121.0000			23.0000			
62.9661			-125.0672			58.7548			-3.3000			65.0000			-121.0000			12.0000			
69.7814			-127.3051			53.8049			-3.7000			67.0000			-120.0000			2.0000			
77.7327			-127.8646			47.7550			-2.3000			68.0000			-120.0000			-10.0000			
89.0917			-128.9835			36.7553			-3.1000			67.0000			-117.0000			-20.0000			
98.7468			-126.7456			25.7555			-2.2000			67.0000			-114.0000			-31.0000			
107.2660			-125.6267			15.3058			-3.0000			66.0000			-112.0000			-42.0000			
113.5134			-122.8294			5.9560			-3.3000			67.0000			-108.0000			-52.0000			
118.0570			-118.3537			-2.8438			-3.1000			63.0000			-105.0000			-61.0000			
118.6250			-109.9617			-11.0937			-2.4000			62.0000			-101.0000			-71.0000			
116.3532			-99.3320			-19.8935			-2.8000			60.0000			-95.0000			-81.0000			
115.2173			-87.5832			-30.3432			-2.7000			58.0000			-89.0000			-89.0000			
115.7852			-76.9534			-41.3430			-2.5000			54.0000			-83.0000			-96.0000			
118.0570			-70.7993			-51.7927			-4.5000			50.0000			-76.0000			-104.0000			
121.4647			-62.4074			-60.5925			-1.5000			46.0000			-69.0000			-111.0000			
123.7365			-56.8128			-68.8424			-1.9000			43.0000			-61.0000			-119.0000			
124.8724			-51.7776			-74.3422			-1.2000			38.0000			-52.0000			-123.0000			
124.8724			-45.0641			-82.0421			-2.2000			33.0000			-44.0000			-128.0000			
126.5763			-34.9937			-92.4918			-0.9000			29.0000			-36.0000			-132.0000			
126.0083			-23.8045			-102.9416			-0.7000			23.0000			-28.0000			-135.0000			
123.7365			-13.1747			-111.7414			-1.1000			19.0000			-17.0000			-138.0000			
120.3288			-1.9854			-118.8912			-0.5000			13.0000			-8.0000			-140.0000			
115.7852			7.5255			-122.7411			0.5000			9.0000			-1.0000			-141.0000			
107.2660			15.3579			-121.6412			0.9000			3.0000			9.0000			-141.0000			
95.3391			22.6310			-117.7913			0.1000			-2.0000			18.0000			-141.0000			
85.1160			31.5824			-116.1413			0.5000			-8.0000			26.0000			-138.0000			
76.0289			42.7716			-117.7913			1.0000			-13.0000			34.0000			-135.0000			
68.6455			52.8420			-119.9912			1.5000			-20.0000			42.0000			-133.0000			
61.2622			62.3528			-123.2911			0.3000			-25.0000			51.0000			-129.0000			
56.1507			70.1853			-125.4911			0.8000			-29.0000			60.0000			-123.0000			
51.0391			78.0178			-127.6910			1.3000			-36.0000			66.0000			-119.0000			
42.5199			85.8503			-127.6910			0.6000			-41.0000			71.0000			-111.0000			
31.7289			96.4801			-127.6910			0.5000			-45.0000			78.0000			-104.0000			
20.3699			107.1099			-127.1410			0.3000			-49.0000			85.0000			-98.0000			
10.1469			114.9423			-123.2911			1.8000			-54.0000			89.0000			-89.0000			
-0.6441			119.9775			-117.7913			1.5000			-57.0000			95.0000			-81.0000			
-9.1634			122.7748			-111.7414			1.8000			-62.0000			99.0000			-73.0000			
-17.1146			121.6559			-102.9416			1.6000			-66.0000			102.0000			-65.0000			
-25.0659			118.2991			-90.8419			2.4000			-68.0000			105.0000			-55.0000			
-36.4249			118.8586			-81.4921			0.9000			-71.0000			106.0000			-44.0000			
-46.6479			121.6559			-74.3422			0.6000			-73.0000			107.0000			-33.0000			
-56.8710			124.4532			-67.1924			0.3000			-75.0000			108.0000			-24.0000			
-64.2543			125.5721			-61.1425			0.1000			-77.0000			108.0000			-12.0000			
-69.9338			127.2505			-56.7426			0.5000			-79.0000			107.0000			-2.0000			
-77.8851			127.8100			-49.5928			0.3000			-79.0000			105.0000			8.0000			
-88.1082			128.3694			-39.1430			1.1000			-80.0000			102.0000			18.0000			
-98.8992			127.2505			-27.0433			1.3000			-81.0000			99.0000			28.0000			
-107.4184			125.5721			-17.6935			0.4000			-80.0000			96.0000			38.0000			
-113.0979			122.7748			-8.3437			1.3000			-79.0000			91.0000			47.0000			
-117.6415			117.1802			1.0061			0.5000			-80.0000			87.0000			57.0000			
-118.2094			109.3477			9.8059			0.9000			-79.0000			83.0000			66.0000			
-115.3697			98.1584			18.0557			0.8000			-77.0000			76.0000			75.0000			
-114.2338			86.4097			28.5055			0.6000			-75.0000			70.0000			83.0000			
-115.3697			75.7799			39.5052			0.0000			-71.0000			62.0000			90.0000			
-118.7774			67.9474			51.0550			0.2000			-69.0000			54.0000			95.0000			
-121.0491			61.2339			60.4047			0.5000			-66.0000			47.0000			102.0000			
-123.3209			55.6393			67.0046			-0.6000			-63.0000			38.0000			108.0000			
-125.5927			51.1636			73.6044			-0.8000			-59.0000			30.0000			113.0000			
-125.5927			43.3311			81.3043			-0.9000			-55.0000			21.0000			116.0000			
-126.7286			33.2608			91.2041			-2.2000			-50.0000			13.0000			119.0000			
-125.5927			22.0715			102.2038			-1.3000			-47.0000			3.0000			122.0000			
-124.4568			12.0012			110.4536			-2.0000			-42.0000			-7.0000			125.0000			
-121.0491			1.3714			117.6035			-2.0000			-37.0000			-16.0000			125.0000			
-114.8017			-8.1395			121.4534			-1.4000			-33.0000			-26.0000			126.0000			
-105.1466			-17.0909			119.8034			-2.4000			-29.0000			-35.0000			125.0000			
-94.9235			-24.3639			116.5035			-2.7000			-24.0000			-45.0000			124.0000			
-84.7005			-32.7559			115.4035			-2.0000			-18.0000			-54.0000			121.0000			
-75.6133			-43.9451			117.0535			-2.5000			-13.0000			-63.0000			118.0000			
-66.5261			-54.5749			119.8034			-1.3000			-7.0000			-71.0000			115.0000			
-60.2787			-64.0858			123.1033			-1.2000			-2.0000			-79.0000			111.0000			
-55.7351			-70.7993			124.7533			-1.7000			3.0000			-89.0000			104.0000			
-50.6236			-78.0724			125.8533			-2.8000			9.0000			-95.0000			99.0000			
-41.5364			-87.0238			126.9532			-1.6000			12.0000			-102.0000			92.0000			
-31.3133			-97.0941			126.4033			-2.0000			18.0000			-107.0000			85.0000			
-19.3864			-107.7239			124.7533			-2.3000			21.0000			-113.0000			77.0000			
-8.5954			-116.1158			122.0034			-2.7000			26.0000			-119.0000			70.0000			
2.1956			-121.7105			118.1534			-1.3000			31.0000			-125.0000			62.0000			
10.1469			-123.3889			110.4536			-2.7000			35.0000			-129.0000			54.0000			
18.0982			-122.2699			99.4539			-4.7000			39.0000			-132.0000			45.0000			
26.6174			-118.9132			88.4541			-3.8000			41.0000			-134.0000			35.0000			
37.4084			-120.0321			79.6543			-2.9000			43.0000			-135.0000			24.0000			
47.0635			-121.7105			72.5045			-2.1000			47.0000			-135.0000			15.0000			
56.7186			-125.0672			64.8046			-3.5000			49.0000			-136.0000			5.0000			
64.1020			-126.1862			59.3048			-2.7000			51.0000			-135.0000			-5.0000			
70.3494			-127.8646			53.8049			-3.7000			54.0000			-134.0000			-15.0000			
78.8686			-127.8646			47.7550			-1.2000			54.0000			-131.0000			-25.0000			
89.0917			-128.9835			36.7553			-3.1000			55.0000			-128.0000			-35.0000			
99.8827			-126.1862			24.6555			-1.6000			56.0000			-125.0000			-43.0000			
107.8340			-125.0672			14.7558			-2.4000			56.0000			-120.0000			-52.0000			
115.2173			-122.2699			5.9560			-1.0000			56.0000			-117.0000			-62.0000			
118.6250			-117.7942			-3.3938			-2.5000			58.0000			-110.0000			-71.0000			
118.6250			-108.8428			-12.1936			-2.4000			57.0000			-105.0000			-78.0000			
116.3532			-97.0941			-21.5434			-2.2000			56.0000			-99.0000			-85.0000			
115.2173			-86.4643			-30.3432			-1.5000			55.0000			-92.0000			-92.0000			
117.4891			-76.9534			-41.3430			-0.8000			52.0000			-83.0000			-98.0000			
120.3288			-69.1210			-52.3427			-1.1000			50.0000			-75.0000			-105.0000			
121.4647			-60.7290			-61.6925			-0.9000			47.0000			-66.0000			-109.0000			
123.7365			-54.5749			-69.3923			-0.2000			45.0000			-58.0000			-114.0000			
124.8724			-51.2181			-75.4422			-1.7000			42.0000			-48.0000			-117.0000			
127.1442			-43.9451			-83.1420			0.0000			40.0000			-39.0000			-122.0000			
126.5763			-33.8748			-93.0418			-0.3000			35.0000			-29.0000			-124.0000			
125.4404			-21.5666			-103.4916			0.3000			31.0000			-18.0000			-125.0000			
123.7365			-11.4963			-111.7414			0.5000			27.0000			-9.0000			-128.0000			
120.3288			-1.9854			-118.8912			-0.5000			24.0000			2.0000			-129.0000			
115.2173			8.0849			-121.6412			1.6000			20.0000			11.0000			-128.0000			
106.1301			15.9174			-121.0912			0.9000			15.0000			22.0000			-128.0000			
94.2032			24.8688			-117.7913			1.2000			11.0000			31.0000			-126.0000			
84.5481			33.2608			-116.6913			1.1000			6.0000			41.0000			-122.0000			
76.5968			43.3311			-118.3412			1.5000			1.0000			50.0000			-119.0000			
68.0776			53.4014			-120.5412			0.9000			-6.0000			59.0000			-114.0000			
60.6943			64.0312			-123.8411			0.8000			-9.0000			68.0000			-109.0000			
55.0148			71.8637			-126.0411			0.8000			-15.0000			75.0000			-106.0000			
50.4712			78.0178			-127.1410			1.3000			-19.0000			83.0000			-99.0000			
43.0879			86.9692			-128.2410			1.8000			-24.0000			89.0000			-92.0000			
31.1610			96.4801			-127.6910			0.0000			-29.0000			94.0000			-86.0000			
19.2340			107.1099			-125.4911			0.8000			-33.0000			101.0000			-77.0000			
8.4430			114.9423			-122.7411			0.6000			-37.0000			106.0000			-70.0000			
-0.6441			121.0964			-118.3412			2.1000			-41.0000			110.0000			-63.0000			
-9.1634			122.7748			-112.2914			1.3000			-46.0000			115.0000			-55.0000			
-18.2505			120.5370			-100.7416			1.5000			-50.0000			117.0000			-46.0000			
-26.7698			117.7396			-88.6419			2.3000			-54.0000			120.0000			-37.0000			
-37.5608			118.8586			-81.4921			-0.1000			-57.0000			120.0000			-28.0000			
-47.2159			122.2153			-74.8922			0.1000			-59.0000			120.0000			-18.0000			
-56.8710			123.8937			-66.0924			0.9000			-65.0000			119.0000			-8.0000			
-64.2543			125.5721			-60.5925			0.7000			-66.0000			119.0000			1.0000			
-71.0697			126.6911			-55.6427			0.0000			-69.0000			116.0000			10.0000			
-79.5889			128.3694			-49.5928			-0.8000			-70.0000			114.0000			19.0000			
-88.6761			127.2505			-38.0430			0.5000			-72.0000			111.0000			28.0000			
-98.8992			126.6911			-26.4933			1.3000			-73.0000			106.0000			36.0000			
-107.4184			124.4532			-16.5935			0.4000			-74.0000			101.0000			44.0000			
-114.2338			121.6559			-6.6938			0.7000			-75.0000			97.0000			53.0000			
-118.2094			117.1802			1.5561			0.5000			-77.0000			89.0000			61.0000			
