49.8277			-21.5402			-27.4613			0.8000			583.0000			59.0000			-559.0000			
50.9443			-18.1248			-32.3960			0.4000			550.0000			119.0000			-581.0000			
49.8277			-14.7095			-35.6857			-0.5000			515.0000			178.0000			-600.0000			
48.7110			-11.2942			-38.4271			-1.0000			477.0000			239.0000			-618.0000			
47.5944			-6.7404			-40.6203			0.2000			435.0000			302.0000			-631.0000			
46.4777			-2.7559			-43.3618			0.3000			387.0000			363.0000			-641.0000			
44.2444			1.2287			-45.5549			0.0000			334.0000			422.0000			-645.0000			
42.5694			4.6440			-47.7481			-0.5000			285.0000			475.0000			-646.0000			
40.8944			7.4901			-49.3930			-1.0000			238.0000			523.0000			-645.0000			
39.2194			13.7515			-52.1344			0.8000			189.0000			569.0000			-641.0000			
38.6611			17.1669			-55.9724			-0.1000			136.0000			617.0000			-632.0000			
35.8694			20.0130			-55.4242			0.4000			77.0000			663.0000			-620.0000			
30.8444			22.8591			-54.3276			-0.6000			18.0000			704.0000			-603.0000			
27.4944			25.1360			-53.7793			-1.1000			-40.0000			737.0000			-580.0000			
25.2611			29.1205			-54.3276			0.0000			-94.0000			762.0000			-554.0000			
23.0278			31.9666			-55.4242			-0.4000			-143.0000			787.0000			-528.0000			
18.5611			34.8127			-54.8759			-1.5000			-194.0000			806.0000			-500.0000			
13.5361			37.6588			-52.1344			-0.9000			-245.0000			822.0000			-469.0000			
9.6278			39.9357			-49.9412			-0.3000			-297.0000			834.0000			-432.0000			
5.7195			42.7818			-49.3930			-0.8000			-349.0000			836.0000			-388.0000			
1.8112			43.9203			-47.7481			-2.0000			-399.0000			836.0000			-346.0000			
-2.0971			45.6279			-45.5549			-2.0000			-444.0000			835.0000			-302.0000			
-6.5638			49.0432			-42.2652			0.2000			-483.0000			828.0000			-261.0000			
-11.0305			50.7509			-41.7169			-1.9000			-521.0000			815.0000			-216.0000			
-15.4971			50.7509			-37.3306			-2.0000			-558.0000			795.0000			-168.0000			
-19.4054			50.7509			-34.0408			-2.6000			-595.0000			772.0000			-117.0000			
-19.9638			50.1817			-30.2028			0.0000			-629.0000			743.0000			-62.0000			
-23.8721			50.7509			-28.0096			-1.1000			-654.0000			705.0000			-11.0000			
-27.7804			50.1817			-24.7199			-2.3000			-673.0000			670.0000			38.0000			
-32.2470			50.1817			-19.7853			-1.8000			-689.0000			630.0000			84.0000			
-33.9220			49.0432			-15.3989			-0.2000			-702.0000			589.0000			130.0000			
-37.2720			46.1971			-12.1092			-3.1000			-713.0000			541.0000			179.0000			
-40.0637			44.4895			-6.6263			-2.1000			-718.0000			484.0000			229.0000			
-42.2970			43.9203			-2.7883			-1.1000			-718.0000			426.0000			277.0000			
-43.9720			41.6434			1.0498			-1.2000			-715.0000			369.0000			322.0000			
-45.6470			38.2280			6.5327			-0.8000			-710.0000			315.0000			363.0000			
-48.9970			36.5204			9.2741			-3.1000			-700.0000			257.0000			403.0000			
-50.6720			34.8127			14.2088			-1.6000			-686.0000			194.0000			440.0000			
-51.7887			31.9666			18.0468			-1.7000			-665.0000			127.0000			478.0000			
-49.5553			27.9821			21.3365			-0.2000			-641.0000			57.0000			512.0000			
-48.9970			24.5667			23.5297			-0.8000			-612.0000			-11.0000			543.0000			
-50.6720			21.7206			26.8194			-2.1000			-580.0000			-76.0000			570.0000			
-51.2303			17.7361			31.7540			-1.7000			-546.0000			-136.0000			591.0000			
-50.1137			14.3208			35.5921			-0.1000			-512.0000			-194.0000			609.0000			
-48.9970			9.1978			38.8818			-0.9000			-473.0000			-257.0000			626.0000			
-46.7637			5.2132			40.5267			-1.0000			-431.0000			-317.0000			640.0000			
-46.7637			2.3671			43.2682			-1.1000			-381.0000			-379.0000			649.0000			
-44.5303			-1.6174			46.5579			0.4000			-330.0000			-437.0000			653.0000			
-42.8553			-4.4635			48.2028			0.8000			-280.0000			-489.0000			655.0000			
-40.0637			-10.1557			49.8476			-0.3000			-233.0000			-537.0000			653.0000			
-39.5054			-13.5711			52.0408			-1.0000			-184.0000			-584.0000			650.0000			
-37.8304			-16.4172			55.8788			1.6000			-131.0000			-630.0000			642.0000			
-33.3637			-19.8325			55.3305			2.1000			-74.0000			-676.0000			629.0000			
-31.1304			-22.1094			54.2340			0.9000			-12.0000			-717.0000			609.0000			
-28.8971			-25.5247			53.6857			-0.7000			45.0000			-750.0000			586.0000			
-24.4304			-29.5092			54.7823			0.8000			98.0000			-774.0000			561.0000			
-22.1971			-32.3554			55.8788			1.3000			149.0000			-797.0000			535.0000			
-18.2888			-35.2015			54.7823			1.2000			198.0000			-818.0000			508.0000			
-13.8221			-38.6168			53.1374			0.6000			251.0000			-834.0000			475.0000			
-9.3555			-39.7552			50.9442			1.8000			301.0000			-844.0000			439.0000			
-4.8888			-42.6013			49.2993			1.8000			354.0000			-847.0000			396.0000			
-2.0971			-43.7398			47.6545			1.8000			404.0000			-848.0000			351.0000			
2.3695			-46.0167			44.9130			1.2000			448.0000			-846.0000			310.0000			
6.2778			-47.7243			43.2682			1.8000			489.0000			-838.0000			267.0000			
11.3028			-50.5704			41.6233			2.3000			525.0000			-825.0000			223.0000			
15.2111			-51.1396			37.2370			1.3000			563.0000			-806.0000			175.0000			
17.4445			-50.0012			33.9472			1.3000			600.0000			-782.0000			123.0000			
20.7944			-48.8628			29.5609			1.4000			634.0000			-752.0000			68.0000			
23.5861			-50.0012			27.9160			1.5000			657.0000			-716.0000			17.0000			
27.4944			-50.5704			24.6263			1.5000			676.0000			-679.0000			-33.0000			
31.4027			-48.8628			19.1434			1.6000			692.0000			-641.0000			-79.0000			
34.1944			-48.2935			15.3053			1.2000			706.0000			-601.0000			-124.0000			
36.9861			-46.0167			10.9190			1.8000			716.0000			-551.0000			-173.0000			
39.7777			-43.7398			7.0810			3.1000			721.0000			-496.0000			-223.0000			
42.5694			-43.1706			3.2429			2.6000			722.0000			-437.0000			-271.0000			
43.6860			-40.3244			-1.6917			1.6000			718.0000			-381.0000			-316.0000			
45.3610			-38.6168			-5.5297			1.2000			713.0000			-325.0000			-356.0000			
49.2694			-36.3399			-10.4643			2.4000			703.0000			-269.0000			-396.0000			
50.3860			-34.6322			-15.3989			0.3000			689.0000			-207.0000			-434.0000			
50.9443			-32.3554			-17.5921			1.0000			667.0000			-138.0000			-471.0000			
50.3860			-28.3708			-20.8818			1.1000			643.0000			-68.0000			-507.0000			
49.2694			-24.3863			-23.6233			1.2000			614.0000			-1.0000			-538.0000			
49.8277			-22.1094			-28.0096			-0.2000			582.0000			62.0000			-563.0000			
50.9443			-18.1248			-32.3960			0.4000			549.0000			122.0000			-585.0000			
49.8277			-15.2787			-34.5891			0.0000			514.0000			181.0000			-603.0000			
49.2694			-11.2942			-37.8789			0.0000			475.0000			242.0000			-621.0000			
47.0360			-6.1712			-41.1686			-0.3000			432.0000			305.0000			-634.0000			
44.8027			-1.0482			-43.3618			0.3000			383.0000			366.0000			-643.0000			
44.2444			1.2287			-46.1032			-0.6000			331.0000			424.0000			-647.0000			
42.5694			4.0748			-46.6515			0.0000			282.0000			478.0000			-648.0000			
40.8944			8.6286			-49.3930			0.1000			234.0000			527.0000			-647.0000			
39.7777			13.7515			-53.7793			-0.2000			186.0000			573.0000			-643.0000			
37.5444			17.7361			-55.9724			-0.6000			132.0000			619.0000			-634.0000			
33.6361			20.0130			-55.4242			-1.7000			74.0000			663.0000			-622.0000			
30.8444			21.7206			-53.2310			-0.6000			14.0000			703.0000			-604.0000			
28.6111			25.7052			-53.2310			1.0000			-44.0000			737.0000			-580.0000			
25.8194			29.1205			-54.3276			0.6000			-97.0000			762.0000			-555.0000			
21.3528			31.9666			-54.8759			-1.5000			-148.0000			786.0000			-529.0000			
16.8861			35.3819			-53.7793			-1.5000			-198.0000			804.0000			-502.0000			
13.5361			38.2280			-52.6827			-0.9000			-248.0000			822.0000			-469.0000			
9.6278			41.0742			-50.4895			0.2000			-301.0000			829.0000			-431.0000			
5.1612			42.2126			-49.9412			-2.5000			-353.0000			835.0000			-389.0000			
0.1362			43.3510			-46.6515			-3.1000			-402.0000			835.0000			-345.0000			
-2.0971			46.1971			-45.0066			-0.8000			-446.0000			833.0000			-302.0000			
-7.1221			49.0432			-43.3618			-1.4000			-486.0000			826.0000			-261.0000			
-12.1471			50.1817			-40.0720			-2.0000			-523.0000			812.0000			-216.0000			
-15.4971			51.3201			-37.3306			-1.5000			-561.0000			794.0000			-170.0000			
-18.2888			50.7509			-33.4925			-1.0000			-598.0000			769.0000			-117.0000			
-21.0804			49.6125			-30.2028			-1.6000			-631.0000			738.0000			-62.0000			
-24.9887			50.1817			-26.9130			-1.7000			-655.0000			701.0000			-11.0000			
-28.3387			49.0432			-23.6233			-2.9000			-673.0000			664.0000			37.0000			
-31.1304			50.1817			-19.7853			-0.7000			-689.0000			629.0000			83.0000			
-33.9220			47.9048			-14.8507			-0.8000			-703.0000			586.0000			129.0000			
-37.2720			46.7664			-11.0126			-1.5000			-712.0000			536.0000			179.0000			
-40.0637			44.4895			-5.5297			-1.1000			-718.0000			479.0000			227.0000			
-41.7387			42.7818			-1.6917			-0.6000			-718.0000			421.0000			275.0000			
-43.4137			40.5049			1.5981			-1.3000			-714.0000			365.0000			320.0000			
-46.7637			38.2280			6.5327			-1.9000			-709.0000			310.0000			361.0000			
-48.9970			35.3819			10.3707			-3.2000			-700.0000			253.0000			400.0000			
-49.5553			34.2435			14.7570			-0.5000			-684.0000			190.0000			438.0000			
-51.2303			31.3974			19.1434			-0.6000			-664.0000			120.0000			476.0000			
-49.5553			27.4128			21.3365			-0.8000			-639.0000			51.0000			511.0000			
-50.1137			24.5667			24.0780			-1.4000			-609.0000			-17.0000			542.0000			
-50.6720			20.5822			28.4643			-1.6000			-577.0000			-81.0000			568.0000			
-51.2303			17.7361			32.3023			-1.1000			-545.0000			-140.0000			587.0000			
-50.1137			13.1823			35.5921			-1.3000			-509.0000			-199.0000			607.0000			
-49.5553			9.1978			39.4301			-0.9000			-470.0000			-259.0000			622.0000			
-48.9970			5.7825			41.6233			-1.5000			-428.0000			-321.0000			636.0000			
-45.6470			1.2287			43.2682			-1.1000			-378.0000			-384.0000			646.0000			
-43.9720			-2.1866			46.5579			0.4000			-327.0000			-441.0000			650.0000			
-41.7387			-5.6020			47.6545			0.3000			-276.0000			-493.0000			650.0000			
-41.7387			-9.0173			50.3959			-0.3000			-229.0000			-540.0000			651.0000			
-40.0637			-14.1403			53.1374			-1.0000			-180.0000			-588.0000			645.0000			
-36.7137			-18.1248			55.3305			0.4000			-126.0000			-634.0000			637.0000			
-33.3637			-20.4017			55.3305			1.5000			-70.0000			-680.0000			623.0000			
-31.1304			-23.2478			54.2340			-0.1000			-9.0000			-721.0000			604.0000			
-28.3387			-26.0939			54.2340			-0.1000			49.0000			-752.0000			582.0000			
-24.9887			-28.9400			54.7823			0.8000			102.0000			-777.0000			556.0000			
-21.6388			-32.3554			54.7823			0.7000			152.0000			-801.0000			531.0000			
-18.2888			-35.2015			54.7823			1.2000			201.0000			-821.0000			502.0000			
-13.8221			-39.1860			53.1374			0.1000			254.0000			-837.0000			472.0000			
-7.6805			-41.4629			50.9442			1.8000			306.0000			-846.0000			434.0000			
-5.4471			-43.1706			48.7511			0.1000			358.0000			-849.0000			389.0000			
-2.0971			-43.7398			47.1062			1.2000			408.0000			-850.0000			345.0000			
2.3695			-45.4474			44.9130			1.8000			452.0000			-847.0000			303.0000			
6.8362			-49.4320			43.2682			0.6000			490.0000			-839.0000			262.0000			
12.4195			-51.1396			41.0750			2.3000			529.0000			-825.0000			216.0000			
15.2111			-50.5704			36.6887			1.3000			566.0000			-807.0000			170.0000			
18.0028			-50.0012			32.8506			0.8000			603.0000			-783.0000			117.0000			
20.7944			-50.0012			30.1092			0.9000			634.0000			-751.0000			62.0000			
23.5861			-51.1396			28.4643			0.9000			659.0000			-715.0000			10.0000			
27.4944			-49.4320			24.0780			2.1000			679.0000			-678.0000			-38.0000			
30.8444			-48.2935			18.5951			1.1000			694.0000			-642.0000			-84.0000			
33.6361			-47.7243			14.7570			0.6000			705.0000			-600.0000			-129.0000			
37.5444			-46.5859			10.3707			1.3000			716.0000			-550.0000			-180.0000			
39.7777			-44.8782			7.0810			1.9000			721.0000			-493.0000			-229.0000			
40.8944			-42.0321			1.5981			0.4000			719.0000			-436.0000			-277.0000			
43.1277			-39.7552			-2.2400			1.1000			718.0000			-380.0000			-321.0000			
45.9194			-38.6168			-6.0780			1.2000			712.0000			-325.0000			-362.0000			
48.7110			-36.9091			-10.4643			1.3000			702.0000			-266.0000			-401.0000			
50.3860			-34.6322			-15.3989			0.3000			687.0000			-204.0000			-437.0000			
49.8277			-31.7861			-18.1404			0.0000			666.0000			-135.0000			-476.0000			
49.2694			-27.2324			-20.8818			1.1000			642.0000			-66.0000			-512.0000			
49.8277			-23.8170			-24.1716			1.8000			611.0000			2.0000			-542.0000			
50.3860			-22.1094			-28.5579			-0.2000			580.0000			66.0000			-567.0000			
50.3860			-18.6940			-31.2994			0.3000			545.0000			126.0000			-587.0000			
49.2694			-13.5711			-34.5891			1.1000			511.0000			185.0000			-607.0000			
49.2694			-9.5865			-38.9754			0.7000			471.0000			245.0000			-623.0000			
47.5944			-5.0327			-42.8135			-0.2000			428.0000			309.0000			-637.0000			
45.9194			-2.7559			-43.3618			-0.1000			379.0000			371.0000			-646.0000			
43.6860			1.2287			-45.0066			0.0000			327.0000			429.0000			-649.0000			
42.5694			5.2132			-47.1998			0.5000			277.0000			481.0000			-649.0000			
41.4527			9.1978			-51.0378			-0.3000			232.0000			529.0000			-649.0000			
39.7777			13.7515			-54.3276			-0.7000			181.0000			576.0000			-644.0000			
36.4277			17.7361			-55.4242			-1.2000			128.0000			622.0000			-635.0000			
33.6361			20.0130			-54.3276			-0.6000			69.0000			668.0000			-621.0000			
30.8444			22.2899			-53.7793			-0.6000			10.0000			708.0000			-603.0000			
28.6111			26.2744			-54.3276			0.5000			-48.0000			740.0000			-580.0000			
25.2611			28.5513			-55.4242			-1.6000			-102.0000			766.0000			-554.0000			
20.7944			31.9666			-54.8759			-2.1000			-151.0000			788.0000			-527.0000			
16.8861			35.9512			-53.2310			-0.3000			-200.0000			807.0000			-499.0000			
13.5361			38.2280			-52.6827			-0.9000			-251.0000			824.0000			-467.0000			
9.6278			39.9357			-51.5861			-2.0000			-305.0000			834.0000			-430.0000			
5.1612			41.6434			-49.3930			-2.5000			-356.0000			838.0000			-387.0000			
0.1362			44.4895			-45.5549			-0.9000			-404.0000			837.0000			-343.0000			
-2.6555			47.3356			-44.4583			0.2000			-449.0000			833.0000			-300.0000			
-7.1221			49.6125			-43.3618			-0.8000			-488.0000			825.0000			-259.0000			
-11.0305			50.7509			-41.7169			-1.9000			-525.0000			813.0000			-214.0000			
-14.9388			50.7509			-36.7823			-0.9000			-563.0000			793.0000			-166.0000			
-18.2888			50.1817			-32.9442			-1.0000			-599.0000			769.0000			-113.0000			
-22.1971			50.1817			-30.2028			-2.2000			-632.0000			737.0000			-60.0000			
-25.5471			50.7509			-28.0096			-2.8000			-656.0000			701.0000			-9.0000			
-27.7804			49.6125			-23.6233			-1.7000			-675.0000			662.0000			39.0000			
-31.1304			49.0432			-19.7853			-1.8000			-690.0000			625.0000			86.0000			
-34.4804			47.9048			-15.3989			-1.9000			-703.0000			582.0000			133.0000			
-37.8304			47.3356			-10.4643			-0.9000			-714.0000			533.0000			182.0000			
-41.1804			44.4895			-5.5297			-2.2000			-718.0000			476.0000			231.0000			
-41.1804			42.7818			-2.7883			-1.1000			-717.0000			418.0000			280.0000			
-43.4137			40.5049			1.5981			-1.3000			-715.0000			362.0000			325.0000			
-47.8803			38.7973			7.0810			-2.0000			-709.0000			305.0000			366.0000			
-50.1137			37.0896			11.4673			-1.5000			-699.0000			248.0000			404.0000			
-50.6720			34.2435			14.7570			-1.6000			-683.0000			184.0000			443.0000			
-50.6720			30.8282			18.5951			-1.2000			-663.0000			116.0000			479.0000			
-49.5553			27.4128			20.7882			-1.3000			-636.0000			46.0000			515.0000			
-50.6720			23.9975			25.1746			-1.4000			-607.0000			-22.0000			544.0000			
-51.2303			21.7206			28.4643			-1.0000			-574.0000			-84.0000			569.0000			
-50.6720			17.1669			31.7540			-1.7000			-541.0000			-144.0000			590.0000			
-49.5553			12.0439			35.5921			-1.9000			-507.0000			-203.0000			611.0000			
-50.6720			9.7670			39.4301			-1.4000			-468.0000			-265.0000			625.0000			
-48.4387			5.2132			42.1716			-1.0000			-424.0000			-327.0000			639.0000			
-45.6470			1.2287			43.8164			-0.5000			-374.0000			-387.0000			648.0000			
-43.9720			-1.6174			45.4613			-0.1000			-323.0000			-445.0000			652.0000			
-42.2970			-6.1712			47.6545			-0.8000			-274.0000			-496.0000			653.0000			
-42.2970			-10.1557			50.9442			-1.4000			-226.0000			-544.0000			651.0000			
-39.5054			-14.7095			53.6857			-0.5000			-178.0000			-591.0000			647.0000			
-36.7137			-17.5556			54.7823			0.5000			-123.0000			-637.0000			638.0000			
-33.3637			-20.4017			54.7823			1.0000			-65.0000			-684.0000			623.0000			
-31.1304			-23.8170			54.2340			-0.7000			-5.0000			-723.0000			605.0000			
-28.3387			-26.0939			55.3305			0.8000			52.0000			-754.0000			583.0000			
-24.9887			-29.5092			54.7823			0.2000			106.0000			-779.0000			557.0000			
-21.0804			-32.3554			54.2340			0.8000			154.0000			-801.0000			531.0000			
-17.1721			-35.7707			54.2340			1.2000			205.0000			-821.0000			503.0000			
-12.7054			-40.3244			53.6857			0.6000			255.0000			-837.0000			471.0000			
-8.7971			-40.8937			50.9442			1.2000			308.0000			-846.0000			434.0000			
-6.0055			-42.0321			47.6545			-0.3000			361.0000			-849.0000			390.0000			
-2.0971			-44.3090			47.1062			0.7000			409.0000			-848.0000			345.0000			
2.3695			-47.1551			44.9130			0.1000			455.0000			-846.0000			303.0000			
7.9528			-50.5704			43.2682			0.6000			492.0000			-838.0000			262.0000			
11.3028			-51.1396			40.5267			0.6000			529.0000			-825.0000			217.0000			
14.0945			-50.5704			36.1404			-0.3000			568.0000			-805.0000			169.0000			
17.4445			-50.0012			32.8506			0.2000			603.0000			-781.0000			115.0000			
21.3528			-50.5704			30.1092			0.8000			635.0000			-749.0000			62.0000			
25.2611			-51.7089			29.0126			2.5000			661.0000			-713.0000			9.0000			
28.0528			-50.0012			24.0780			2.1000			679.0000			-675.0000			-39.0000			
30.8444			-48.2935			18.0468			0.6000			695.0000			-638.0000			-83.0000			
34.7527			-48.2935			15.8536			2.3000			707.0000			-596.0000			-131.0000			
38.1027			-47.7243			11.4673			1.8000			717.0000			-546.0000			-179.0000			
39.7777			-44.8782			6.5327			1.4000			722.0000			-490.0000			-228.0000			
41.4527			-42.0321			2.6946			2.1000			721.0000			-432.0000			-277.0000			
43.6860			-40.3244			-1.6917			1.6000			717.0000			-375.0000			-321.0000			
47.0360			-39.1860			-5.5297			2.3000			712.0000			-321.0000			-361.0000			
48.7110			-37.4783			-10.4643			0.7000			702.0000			-263.0000			-401.0000			
49.8277			-33.4938			-14.3024			2.0000			686.0000			-199.0000			-439.0000			
49.8277			-31.7861			-17.5921			0.4000			665.0000			-130.0000			-476.0000			
49.8277			-28.3708			-21.4301			0.0000			639.0000			-60.0000			-511.0000			
50.9443			-24.9555			-24.7199			1.2000			609.0000			6.0000			-542.0000			
49.8277			-22.6786			-28.5579			-1.4000			577.0000			70.0000			-567.0000			
49.2694			-17.5556			-30.7511			0.9000			543.0000			128.0000			-586.0000			
48.7110			-14.1403			-35.1374			-0.5000			509.0000			188.0000			-605.0000			
49.2694			-9.0173			-40.0720			0.1000			470.0000			251.0000			-622.0000			
47.0360			-6.1712			-41.7169			-0.8000			425.0000			311.0000			-635.0000			
44.8027			-3.3251			-43.3618			-1.8000			376.0000			374.0000			-643.0000			
42.0110			1.7979			-43.9101			-0.1000			325.0000			431.0000			-645.0000			
43.1277			2.3671			-45.5549			0.0000			276.0000			482.0000			-647.0000			
40.8944			9.1978			-51.5861			-1.4000			230.0000			531.0000			-646.0000			
38.1027			14.3208			-53.2310			-0.8000			180.0000			578.0000			-642.0000			
35.8694			16.5977			-53.2310			-0.7000			124.0000			625.0000			-632.0000			
34.1944			20.0130			-54.3276			-0.1000			66.0000			670.0000			-618.0000			
31.4027			22.8591			-54.3276			0.0000			5.0000			709.0000			-599.0000			
28.0528			25.7052			-55.4242			-1.6000			-51.0000			739.0000			-575.0000			
25.2611			29.1205			-55.4242			-1.0000			-104.0000			766.0000			-550.0000			
95.0525			-155.8763			73.4241			12.6000			-120.0000			654.0000			-473.0000			
-15.4971			89.4579			-51.0378			22.9000			-41.0000			411.0000			-317.0000			
40.3360			0.6595			-55.4242			-14.4000			-114.0000			527.0000			-326.0000			
30.8444			-9.0173			-19.2370			2.5000			-153.0000			566.0000			-322.0000			
21.9111			6.3517			-31.8477			-3.5000			-183.0000			488.0000			-250.0000			
18.5611			-3.8943			-7.7229			6.9000			-265.0000			531.0000			-200.0000			
29.1694			-19.8325			-9.9160			-0.5000			-289.0000			437.0000			-119.0000			
4.6028			44.4895			-49.9412			-0.8000			-341.0000			507.0000			-104.0000			
26.9361			-22.1094			0.5015			5.3000			-378.0000			531.0000			-98.0000			
-19.4054			46.1971			-33.4925			-6.6000			-511.0000			754.0000			-138.0000			
-11.0305			38.7973			-25.2682			2.5000			-615.0000			847.0000			-142.0000			
-16.0554			44.4895			-31.8477			-3.4000			-678.0000			909.0000			-146.0000			
-40.0637			79.2120			-42.2652			-3.1000			-701.0000			900.0000			-123.0000			
-76.9136			112.2268			-41.1686			-5.8000			-784.0000			974.0000			-106.0000			
-112.0885			158.9029			-49.9412			-3.1000			-881.0000			1054.0000			-85.0000			
-120.4634			162.3182			-51.0378			-9.1000			-908.0000			1039.0000			-63.0000			
-108.1801			129.3034			-23.6233			-2.4000			-871.0000			901.0000			6.0000			
-106.5051			127.0265			-24.1716			-3.6000			-858.0000			795.0000			83.0000			
-106.5051			121.9035			-19.7853			-4.3000			-854.0000			722.0000			151.0000			
-108.1801			135.5648			-30.2028			-2.8000			-876.0000			744.0000			161.0000			
-91.9885			81.4888			4.8878			-5.6000			-831.0000			611.0000			214.0000			
-68.5386			36.5204			29.5609			-2.4000			-751.0000			328.0000			360.0000			
5.1612			20.5822			-21.4301			4.3000			-482.0000			31.0000			393.0000			
-75.2386			33.1051			18.5951			-23.5000			-449.0000			-94.0000			481.0000			
-59.0470			29.1205			30.6575			0.7000			-503.0000			-146.0000			572.0000			
-33.3637			2.3671			25.1746			-5.8000			-535.0000			-169.0000			626.0000			
-44.5303			12.0439			25.1746			-7.3000			-507.0000			-212.0000			641.0000			
-44.5303			6.9209			42.1716			4.5000			-544.0000			-213.0000			673.0000			
-46.7637			16.0284			26.2711			-4.4000			-491.0000			-242.0000			655.0000			
-65.1886			14.3208			49.8476			-1.0000			-515.0000			-233.0000			665.0000			
-48.9970			4.0748			45.4613			0.5000			-524.0000			-229.0000			666.0000			
-49.5553			9.7670			38.8818			-0.8000			-481.0000			-247.0000			644.0000			
-47.8803			9.7670			37.7852			-0.3000			-424.0000			-282.0000			619.0000			
-46.7637			-7.3096			53.1374			-0.9000			-370.0000			-355.0000			622.0000			
-53.4636			-1.0482			52.5891			-1.9000			-317.0000			-433.0000			639.0000			
-58.4886			9.7670			45.4613			-3.2000			-317.0000			-407.0000			623.0000			
-31.6887			-30.6477			64.1032			1.7000			-284.0000			-464.0000			627.0000			
-20.5221			-43.7398			64.6515			0.3000			-131.0000			-667.0000			648.0000			
-36.7137			-40.8937			78.3588			0.7000			35.0000			-852.0000			664.0000			
-50.1137			-32.9246			82.7451			-0.2000			98.0000			-891.0000			656.0000			
-30.0137			-51.1396			82.1968			1.0000			96.0000			-856.0000			634.0000			
-4.3305			-61.9548			69.0378			2.7000			156.0000			-870.0000			589.0000			
-7.6805			-53.9857			60.2652			-1.3000			252.0000			-909.0000			537.0000			
-17.7304			-57.9703			75.6173			0.0000			330.0000			-956.0000			506.0000			
-19.4054			-56.2626			74.5207			-1.1000			355.0000			-956.0000			485.0000			
-5.4471			-46.5859			52.0408			0.0000			351.0000			-881.0000			435.0000			
7.3945			-45.4474			39.4301			1.3000			356.0000			-784.0000			353.0000			
10.1861			-46.5859			38.3335			1.9000			407.0000			-741.0000			266.0000			
-19.4054			-44.8782			66.2964			2.0000			401.0000			-763.0000			273.0000			
15.7695			-46.0167			21.8848			-8.3000			418.0000			-771.0000			264.0000			
18.0028			-42.6013			20.2399			-4.3000			502.0000			-752.0000			184.0000			
11.3028			-36.9091			27.3677			1.7000			599.0000			-710.0000			66.0000			
19.1194			-42.0321			21.8848			-1.0000			631.0000			-659.0000			-8.0000			
28.0528			-60.2472			37.7852			5.5000			687.0000			-671.0000			-58.0000			
38.6611			-57.9703			22.9814			3.6000			742.0000			-737.0000			-61.0000			
49.8277			-51.1396			2.6946			1.3000			783.0000			-751.0000			-77.0000			
36.4277			-47.1551			9.8224			-0.8000			796.0000			-691.0000			-126.0000			
38.1027			-51.7089			15.3053			1.7000			781.0000			-615.0000			-174.0000			
42.0110			-52.8473			13.1122			2.2000			751.0000			-553.0000			-203.0000			
56.5277			-58.5395			4.3395			2.3000			750.0000			-516.0000			-233.0000			
66.5776			-55.6934			-11.5609			-0.6000			793.0000			-508.0000			-276.0000			
49.8277			-35.7707			-12.1092			1.9000			789.0000			-425.0000			-333.0000			
40.3360			-28.9400			-12.1092			-0.7000			716.0000			-271.0000			-392.0000			
48.1527			-26.6631			-20.3336			1.1000			638.0000			-108.0000			-459.0000			
56.5277			-30.0785			-24.7199			1.7000			606.0000			-7.0000			-522.0000			
52.6193			-25.5247			-25.8165			1.2000			599.0000			31.0000			-558.0000			
43.1277			-11.8634			-31.2994			0.0000			582.0000			69.0000			-574.0000			
44.8027			-10.1557			-35.1374			-0.4000			543.0000			131.0000			-592.0000			
45.9194			-12.4326			-34.5891			-1.1000			499.0000			196.0000			-605.0000			
49.8277			-8.4481			-40.6203			0.7000			466.0000			246.0000			-620.0000			
52.6193			-6.7404			-46.6515			-0.7000			459.0000			268.0000			-636.0000			
48.1527			-2.7559			-47.7481			-2.3000			456.0000			279.0000			-642.0000			
41.4527			4.6440			-46.6515			-0.5000			415.0000			315.0000			-636.0000			
42.0110			6.9209			-48.8447			0.0000			350.0000			379.0000			-631.0000			
47.5944			7.4901			-55.4242			-0.3000			299.0000			438.0000			-636.0000			
45.3610			9.7670			-55.4242			-0.2000			265.0000			476.0000			-639.0000			
40.3360			14.3208			-55.9724			-1.3000			228.0000			509.0000			-633.0000			
42.5694			13.1823			-55.4242			0.3000			188.0000			530.0000			-619.0000			
31.4027			26.2744			-56.5207			1.1000			132.0000			568.0000			-599.0000			
19.1194			37.6588			-58.7139			-1.9000			20.0000			668.0000			-579.0000			
20.2361			37.6588			-60.9071			-3.0000			-108.0000			789.0000			-568.0000			
23.5861			35.3819			-59.2622			-0.2000			-187.0000			854.0000			-555.0000			
19.6778			38.2280			-57.6173			0.2000			-219.0000			853.0000			-531.0000			
5.7195			53.0278			-59.8105			-1.0000			-249.0000			855.0000			-503.0000			
1.8112			54.7355			-59.2622			-2.7000			-296.0000			875.0000			-476.0000			
2.9278			51.3201			-57.0690			-2.8000			-344.0000			887.0000			-442.0000			
1.2528			51.8893			-55.4242			-2.2000			-386.0000			879.0000			-400.0000			
-2.6555			54.7355			-53.2310			-1.1000			-421.0000			869.0000			-357.0000			
-6.5638			51.8893			-46.6515			-1.3000			-445.0000			835.0000			-310.0000			
-9.9138			49.0432			-42.2652			-3.1000			-466.0000			788.0000			-252.0000			
-11.5888			49.6125			-40.0720			-2.0000			-491.0000			751.0000			-195.0000			
-15.4971			51.3201			-37.3306			-1.5000			-524.0000			731.0000			-147.0000			
-21.0804			50.7509			-31.8477			-2.1000			-561.0000			710.0000			-95.0000			
-22.7554			47.9048			-27.4613			-2.3000			-595.0000			679.0000			-39.0000			
-21.6388			46.7664			-26.9130			-1.7000			-618.0000			640.0000			12.0000			
-27.2221			49.0432			-23.6233			-1.8000			-635.0000			607.0000			57.0000			
-37.2720			50.7509			-17.5921			-4.1000			-669.0000			588.0000			104.0000			
64.3443			50.1817			-115.1878			-0.6000			-666.0000			575.0000			119.0000			
-23.3137			49.6125			-28.0096			-1.7000			-605.0000			545.0000			95.0000			
-62.3970			36.5204			21.3365			-4.5000			-685.0000			498.0000			194.0000			
-52.9053			45.6279			4.3395			-2.9000			-786.0000			441.0000			324.0000			
-60.1636			47.3356			4.3395			-8.4000			-805.0000			391.0000			390.0000			
-60.7220			54.1662			8.1776			1.6000			-812.0000			349.0000			434.0000			
-59.0470			47.9048			7.0810			-4.0000			-780.0000			307.0000			447.0000			
-60.7220			37.0896			22.4331			-1.1000			-732.0000			254.0000			447.0000			
-57.9303			35.3819			20.7882			-1.7000			-703.0000			177.0000			475.0000			
-44.5303			27.9821			14.2088			-2.3000			-646.0000			79.0000			502.0000			
-43.4137			21.7206			21.3365			-0.3000			-562.0000			-39.0000			525.0000			
-46.2053			17.1669			26.8194			-2.2000			-502.0000			-146.0000			557.0000			
-59.6053			12.6131			44.3647			-2.6000			-499.0000			-218.0000			613.0000			
-47.8803			8.0593			39.4301			-0.3000			-500.0000			-267.0000			654.0000			
-39.5054			2.9363			36.1404			-0.4000			-445.0000			-323.0000			655.0000			
-46.2053			1.2287			44.9130			0.0000			-382.0000			-379.0000			650.0000			
-49.5553			-3.3251			51.4925			-1.3000			-350.0000			-429.0000			661.0000			
-42.2970			-9.5865			50.3959			-1.4000			-321.0000			-471.0000			671.0000			
-40.6220			-11.2942			50.3959			-1.5000			-278.0000			-508.0000			666.0000			
-40.6220			-11.2942			52.0408			0.1000			-234.0000			-537.0000			653.0000			
-36.1554			-14.1403			50.9442			0.6000			-183.0000			-566.0000			633.0000			
-35.5970			-20.4017			54.2340			-1.7000			-124.0000			-608.0000			616.0000			
-37.2720			-24.3863			59.7169			-1.9000			-77.0000			-655.0000			612.0000			
-31.6887			-24.9555			57.5237			0.8000			-35.0000			-691.0000			606.0000			
-23.8721			-24.9555			49.2993			0.4000			27.0000			-718.0000			577.0000			
-23.8721			-24.9555			49.2993			0.4000			95.0000			-738.0000			538.0000			
-23.8721			-30.0785			53.6857			-0.2000			142.0000			-756.0000			510.0000			
-16.6138			-39.1860			54.7823			-1.0000			197.0000			-795.0000			489.0000			
-7.6805			-43.1706			51.4925			0.6000			269.0000			-843.0000			466.0000			
-3.7721			-43.1706			48.2028			1.2000			343.0000			-876.0000			433.0000			
-1.5388			-44.3090			46.0096			0.1000			402.0000			-880.0000			386.0000			
2.3695			-50.0012			47.6545			0.0000			458.0000			-879.0000			337.0000			
4.6028			-54.5550			49.8476			0.0000			498.0000			-883.0000			303.0000			
9.6278			-53.9857			46.0096			1.6000			522.0000			-880.0000			276.0000			
15.7695			-54.5550			40.5267			1.7000			551.0000			-862.0000			236.0000			
-6.5638			-52.2781			63.0066			4.1000			479.0000			-834.0000			264.0000			
23.5861			-54.5550			35.5921			4.6000			513.0000			-795.0000			206.0000			
42.5694			-52.8473			16.9502			6.6000			613.0000			-750.0000			90.0000			
18.0028			-47.1551			31.7540			2.6000			707.0000			-698.0000			-38.0000			
19.1194			-48.8628			26.8194			-2.9000			727.0000			-649.0000			-105.0000			
28.6111			-52.8473			26.8194			2.5000			750.0000			-614.0000			-159.0000			
34.1944			-44.8782			12.0156			1.3000			725.0000			-564.0000			-182.0000			
47.5944			-40.3244			-4.9814			2.2000			714.0000			-497.0000			-224.0000			
31.9611			-42.6013			9.8224			-0.8000			716.0000			-440.0000			-272.0000			
31.4027			-43.7398			12.5639			0.2000			703.0000			-395.0000			-299.0000			
44.2444			-41.4629			-0.5951			2.1000			692.0000			-353.0000			-324.0000			
50.9443			-35.7707			-13.7541			1.4000			702.0000			-302.0000			-369.0000			
55.4110			-34.6322			-19.2370			1.5000			728.0000			-249.0000			-433.0000			
46.4777			-37.4783			-7.7229			1.2000			720.0000			-193.0000			-472.0000			
44.2444			-36.9091			-7.1746			0.1000			680.0000			-141.0000			-483.0000			
56.5277			-31.2169			-24.1716			1.1000			647.0000			-86.0000			-499.0000			
56.5277			-25.5247			-30.7511			0.2000			635.0000			-24.0000			-536.0000			
50.9443			-24.3863			-27.4613			-0.8000			608.0000			41.0000			-567.0000			
51.5027			-27.2324			-23.6233			0.6000			562.0000			99.0000			-578.0000			
49.8277			-22.6786			-26.9130			0.2000			511.0000			151.0000			-579.0000			
46.4777			-11.8634			-35.6857			-1.0000			455.0000			221.0000			-586.0000			
47.5944			-5.0327			-42.2652			0.3000			403.0000			315.0000			-613.0000			
46.4777			-2.7559			-43.3618			0.3000			353.0000			406.0000			-647.0000			
41.4527			0.0902			-42.2652			-0.7000			299.0000			476.0000			-661.0000			
38.6611			2.3671			-41.7169			-0.6000			238.0000			525.0000			-654.0000			
40.8944			9.1978			-49.9412			0.1000			187.0000			566.0000			-645.0000			
42.0110			15.4592			-58.1656			-0.6000			153.0000			610.0000			-649.0000			
39.2194			20.0130			-60.9071			-1.6000			119.0000			652.0000			-653.0000			
33.6361			22.8591			-57.6173			-1.1000			68.0000			691.0000			-644.0000			
29.1694			22.8591			-54.3276			-2.2000			4.0000			721.0000			-616.0000			
29.1694			23.9975			-54.8759			-1.7000			-57.0000			739.0000			-580.0000			
29.1694			26.2744			-57.6173			-2.1000			-105.0000			754.0000			-549.0000			
26.3778			30.2590			-57.6173			-0.9000			-139.0000			770.0000			-529.0000			
18.0028			32.5358			-52.1344			-1.5000			-179.0000			784.0000			-503.0000			
12.9778			33.6743			-48.8447			-2.1000			-236.0000			793.0000			-463.0000			
12.9778			33.6743			-47.7481			-1.0000			-298.0000			798.0000			-413.0000			
10.7445			35.9512			-47.7481			-1.0000			-349.0000			799.0000			-368.0000			
2.9278			40.5049			-45.0066			-1.5000			-398.0000			802.0000			-324.0000			
-4.8888			43.9203			-41.1686			-2.1000			-456.0000			809.0000			-279.0000			
-8.2388			44.4895			-38.4271			-2.1000			-513.0000			809.0000			-231.0000			
-11.0305			46.7664			-37.3306			-1.5000			-561.0000			798.0000			-182.0000			
-15.4971			50.1817			-36.7823			-2.0000			-599.0000			783.0000			-135.0000			
-19.4054			52.4586			-35.6857			-2.6000			-627.0000			763.0000			-93.0000			
-23.8721			53.0278			-31.8477			-2.6000			-647.0000			737.0000			-53.0000			
-27.7804			53.0278			-27.4613			-2.2000			-669.0000			706.0000			-11.0000			
-29.4554			53.5970			-25.8165			-1.6000			-691.0000			671.0000			39.0000			
-31.1304			53.5970			-24.7199			-2.2000			-702.0000			630.0000			85.0000			
-34.4804			53.0278			-21.9784			-3.4000			-702.0000			579.0000			125.0000			
-38.3887			52.4586			-15.9472			-1.8000			-703.0000			526.0000			171.0000			
-41.7387			49.6125			-10.4643			-2.5000			-705.0000			465.0000			220.0000			
-42.2970			47.3356			-6.0780			-1.0000			-703.0000			398.0000			276.0000			
-45.6470			44.4895			-1.1434			-2.2000			-695.0000			327.0000			328.0000			
-47.3220			43.3510			2.1464			-1.8000			-685.0000			263.0000			375.0000			
-48.9970			39.9357			7.6293			-1.4000			-675.0000			202.0000			418.0000			
-51.7887			35.9512			13.6605			-2.1000			-664.0000			139.0000			459.0000			
-54.0220			33.1051			19.1434			-1.7000			-651.0000			74.0000			503.0000			
-54.0220			30.8282			22.4331			-0.7000			-630.0000			9.0000			541.0000			
-54.5803			26.8436			24.6263			-3.1000			-601.0000			-53.0000			568.0000			
-55.6970			23.4283			29.0126			-3.2000			-569.0000			-107.0000			588.0000			
-57.9303			21.1514			34.4955			-2.2000			-543.0000			-153.0000			605.0000			
-59.6053			17.7361			39.9784			-1.8000			-514.0000			-201.0000			620.0000			
-58.4886			13.1823			43.8164			-1.4000			-479.0000			-255.0000			634.0000			
-54.5803			9.7670			43.2682			-1.5000			-433.0000			-312.0000			642.0000			
-52.3470			6.3517			44.3647			-1.6000			-380.0000			-370.0000			645.0000			
-51.2303			2.9363			46.0096			-2.2000			-324.0000			-422.0000			641.0000			
-49.5553			0.0902			49.2993			-0.1000			-273.0000			-472.0000			639.0000			
-45.6470			-5.6020			50.9442			-0.2000			-224.0000			-520.0000			635.0000			
-41.7387			-10.7250			51.4925			-0.9000			-168.0000			-570.0000			628.0000			
-39.5054			-16.4172			54.2340			-1.6000			-102.0000			-628.0000			621.0000			
-37.2720			-19.8325			56.4271			-0.6000			-35.0000			-684.0000			609.0000			
-33.9220			-22.6786			57.5237			0.9000			25.0000			-728.0000			595.0000			
-30.0137			-27.2324			57.5237			0.2000			79.0000			-761.0000			575.0000			
-26.1054			-32.3554			58.6203			0.1000			129.0000			-786.0000			554.0000			
-22.1971			-38.0476			59.7169			-0.5000			175.0000			-810.0000			532.0000			
-18.2888			-42.0321			60.8135			0.4000			223.0000			-828.0000			508.0000			
-14.9388			-44.8782			60.2652			0.4000			269.0000			-841.0000			477.0000			
-11.0305			-46.5859			57.5237			0.0000			315.0000			-845.0000			441.0000			
-6.0055			-48.2935			55.3305			1.0000			362.0000			-840.0000			396.0000			
-3.2138			-51.7089			54.2340			-0.6000			406.0000			-832.0000			351.0000			
0.6945			-51.1396			51.4925			1.0000			447.0000			-823.0000			306.0000			
5.1612			-50.5704			47.1062			1.6000			486.0000			-809.0000			262.0000			
10.1861			-51.7089			42.1716			0.6000			522.0000			-788.0000			212.0000			
14.6528			-51.7089			38.3335			1.2000			563.0000			-761.0000			154.0000			
18.5611			-51.1396			35.0438			2.4000			604.0000			-732.0000			93.0000			
21.3528			-51.7089			30.6575			0.3000			639.0000			-698.0000			32.0000			
24.7028			-51.1396			27.3677			0.9000			669.0000			-668.0000			-20.0000			
29.1694			-51.7089			24.6263			2.0000			689.0000			-637.0000			-66.0000			
33.6361			-52.2781			19.6917			1.0000			705.0000			-605.0000			-109.0000			
38.1027			-52.2781			15.8536			1.6000			719.0000			-567.0000			-152.0000			
40.3360			-51.7089			10.3707			-1.0000			730.0000			-524.0000			-197.0000			
43.6860			-49.4320			7.0810			1.3000			735.0000			-474.0000			-241.0000			
47.0360			-49.4320			4.3395			1.9000			731.0000			-422.0000			-285.0000			
50.9443			-48.8628			-1.1434			0.9000			724.0000			-370.0000			-323.0000			
53.1777			-46.0167			-5.5297			1.6000			715.0000			-319.0000			-359.0000			
53.7360			-43.1706			-9.3677			1.2000			701.0000			-260.0000			-395.0000			
55.4110			-40.3244			-12.6575			2.4000			682.0000			-196.0000			-431.0000			
55.9693			-38.6168			-16.4955			0.8000			658.0000			-125.0000			-468.0000			
53.1777			-32.9246			-19.7853			0.4000			626.0000			-50.0000			-504.0000			
51.5027			-28.3708			-23.0750			0.0000			588.0000			28.0000			-537.0000			
51.5027			-24.9555			-27.4613			-0.9000			553.0000			104.0000			-568.0000			
53.7360			-21.5402			-32.9442			-0.7000			521.0000			168.0000			-595.0000			
54.8527			-16.4172			-37.8789			0.5000			488.0000			229.0000			-617.0000			
52.6193			-11.8634			-42.2652			-1.5000			452.0000			288.0000			-636.0000			
51.5027			-7.3096			-44.4583			-0.2000			411.0000			349.0000			-648.0000			
52.0610			-3.3251			-48.2964			0.4000			365.0000			406.0000			-657.0000			
50.3860			2.3671			-52.6827			0.0000			319.0000			459.0000			-660.0000			
49.8277			5.2132			-55.4242			-0.3000			275.0000			504.0000			-658.0000			
48.1527			8.6286			-57.6173			-0.8000			229.0000			547.0000			-655.0000			
46.4777			13.7515			-59.2622			0.9000			181.0000			588.0000			-648.0000			
43.6860			17.7361			-62.0036			-0.5000			129.0000			632.0000			-636.0000			
39.7777			21.1514			-62.0036			-1.0000			69.0000			671.0000			-618.0000			
35.3111			22.2899			-58.7139			-1.1000			7.0000			706.0000			-593.0000			
30.8444			24.5667			-56.5207			-1.1000			-55.0000			736.0000			-565.0000			
27.4944			27.4128			-56.5207			-1.6000			-113.0000			764.0000			-535.0000			
25.2611			31.9666			-57.0690			0.1000			-166.0000			786.0000			-507.0000			
20.2361			35.3819			-57.0690			-1.4000			-218.0000			807.0000			-478.0000			
13.5361			38.2280			-53.7793			-2.0000			-271.0000			826.0000			-446.0000			
9.0695			41.6434			-52.1344			-1.4000			-327.0000			840.0000			-408.0000			
5.1612			44.4895			-51.5861			-1.9000			-379.0000			845.0000			-367.0000			
2.9278			47.9048			-52.1344			-1.2000			-426.0000			848.0000			-328.0000			
-2.6555			51.3201			-50.4895			-1.8000			-465.0000			846.0000			-291.0000			
-9.3555			54.7355			-47.7481			-2.3000			-502.0000			842.0000			-254.0000			
-14.3804			57.0123			-45.0066			-2.3000			-539.0000			831.0000			-213.0000			
-17.7304			57.5816			-42.8135			-2.9000			-576.0000			813.0000			-165.0000			
-19.4054			56.4431			-39.5237			-2.4000			-606.0000			781.0000			-115.0000			
-21.6388			55.8739			-36.2340			-1.9000			-631.0000			743.0000			-62.0000			
-25.5471			54.7355			-32.3960			-3.1000			-651.0000			703.0000			-10.0000			
-28.8971			54.7355			-28.0096			-2.1000			-669.0000			664.0000			40.0000			
-33.3637			52.4586			-22.5267			-3.4000			-684.0000			621.0000			90.0000			
-36.1554			51.3201			-17.0438			-1.8000			-698.0000			568.0000			143.0000			
-39.5054			49.0432			-13.2058			-3.6000			-708.0000			508.0000			200.0000			
-41.7387			46.7664			-7.1746			-2.1000			-715.0000			448.0000			256.0000			
-45.6470			45.6279			-2.2400			-2.2000			-718.0000			390.0000			307.0000			
-48.4387			43.9203			2.6946			-1.8000			-717.0000			337.0000			352.0000			
-50.1137			41.6434			6.5327			-1.9000			-710.0000			285.0000			390.0000			
-53.4636			39.9357			10.3707			-3.1000			-699.0000			230.0000			425.0000			
-55.6970			38.2280			16.4019			-1.0000			-685.0000			172.0000			461.0000			
-56.8136			35.3819			20.7882			-0.6000			-666.0000			108.0000			495.0000			
-55.6970			31.3974			22.4331			-1.8000			-640.0000			43.0000			527.0000			
-55.1386			27.4128			25.7229			-2.0000			-608.0000			-19.0000			549.0000			
-55.6970			24.5667			28.4643			-2.6000			-572.0000			-79.0000			569.0000			
-56.8136			20.0130			32.8506			-3.9000			-538.0000			-137.0000			586.0000			
-55.6970			17.1669			37.2370			-1.2000			-501.0000			-196.0000			603.0000			
-53.4636			12.0439			40.5267			-0.8000			-459.0000			-260.0000			618.0000			
-49.5553			7.4901			41.0750			-0.9000			-411.0000			-326.0000			630.0000			
-48.4387			3.5056			43.8164			-1.1000			-357.0000			-392.0000			639.0000			
-47.8803			-0.4790			47.6545			-0.7000			-302.0000			-455.0000			644.0000			
-46.2053			-5.0327			51.4925			0.2000			-252.0000			-510.0000			649.0000			
-43.9720			-10.7250			53.6857			-1.0000			-207.0000			-561.0000			652.0000			
-41.7387			-16.4172			57.5237			-0.6000			-160.0000			-609.0000			648.0000			
-40.6220			-21.5402			60.2652			-1.8000			-106.0000			-658.0000			644.0000			
-37.2720			-24.9555			63.0066			0.7000			-48.0000			-703.0000			630.0000			
-34.4804			-28.3708			61.9100			-0.9000			10.0000			-740.0000			613.0000			
-31.1304			-31.7861			62.4583			-0.4000			62.0000			-767.0000			589.0000			
-28.3387			-35.2015			62.4583			-1.0000			112.0000			-787.0000			565.0000			
-23.8721			-39.1860			63.0066			0.0000			158.0000			-806.0000			538.0000			
-19.4054			-41.4629			61.9100			1.0000			207.0000			-821.0000			507.0000			
-14.9388			-43.7398			59.1686			0.4000			259.0000			-831.0000			471.0000			
-10.4721			-44.8782			55.8788			0.5000			313.0000			-835.0000			428.0000			
-5.4471			-47.1551			53.1374			0.5000			368.0000			-834.0000			379.0000			
-2.0971			-48.2935			50.9442			0.5000			419.0000			-830.0000			329.0000			
1.8112			-49.4320			47.6545			0.0000			464.0000			-826.0000			284.0000			
7.3945			-51.1396			45.4613			1.7000			504.0000			-818.0000			240.0000			
12.4195			-52.8473			42.1716			1.7000			543.0000			-805.0000			196.0000			
18.0028			-54.5550			37.7852			1.2000			582.0000			-787.0000			147.0000			
20.7944			-54.5550			34.4955			0.7000			618.0000			-763.0000			94.0000			
24.1444			-53.9857			32.3023			2.4000			651.0000			-733.0000			41.0000			
27.4944			-55.1242			29.5609			1.9000			673.0000			-702.0000			-6.0000			
31.9611			-56.2626			26.8194			2.5000			690.0000			-670.0000			-48.0000			
35.8694			-56.8319			22.4331			1.4000			702.0000			-636.0000			-89.0000			
38.1027			-55.6934			18.0468			0.4000			713.0000			-593.0000			-133.0000			
40.3360			-53.4165			13.1122			0.0000			720.0000			-543.0000			-180.0000			
43.6860			-50.5704			9.2741			2.3000			721.0000			-486.0000			-227.0000			
45.3610			-48.8628			5.9844			2.4000			716.0000			-426.0000			-275.0000			
47.5944			-47.1551			0.5015			0.9000			710.0000			-368.0000			-318.0000			
49.2694			-44.3090			-4.4331			0.5000			703.0000			-308.0000			-361.0000			
52.0610			-41.4629			-8.8195			1.7000			692.0000			-246.0000			-403.0000			
54.2943			-38.6168			-14.8507			0.8000			674.0000			-177.0000			-446.0000			
54.8527			-35.2015			-18.6887			0.9000			655.0000			-104.0000			-488.0000			
53.1777			-30.6477			-21.9784			0.5000			627.0000			-31.0000			-525.0000			
53.1777			-27.2324			-25.8165			0.1000			596.0000			39.0000			-558.0000			
55.4110			-23.8170			-30.7511			0.8000			567.0000			101.0000			-583.0000			
55.9693			-19.8325			-36.2340			0.0000			536.0000			154.0000			-604.0000			
55.9693			-15.8479			-40.6203			-0.5000			502.0000			209.0000			-620.0000			
54.2943			-11.2942			-43.9101			-0.9000			464.0000			267.0000			-634.0000			
52.6193			-7.8789			-45.0066			-0.2000			419.0000			326.0000			-645.0000			
50.9443			-3.8943			-47.1998			-0.1000			371.0000			382.0000			-648.0000			
49.2694			0.0902			-49.9412			-0.5000			322.0000			433.0000			-647.0000			
46.4777			2.9363			-51.0378			-1.6000			270.0000			480.0000			-643.0000			
44.8027			6.9209			-53.2310			-1.5000			220.0000			529.0000			-639.0000			
42.5694			12.6131			-55.4242			-0.2000			168.0000			577.0000			-632.0000			
39.2194			17.1669			-58.1656			-1.7000			111.0000			623.0000			-621.0000			
35.8694			20.0130			-57.6173			-1.7000			50.0000			667.0000			-604.0000			
31.9611			21.7206			-55.9724			-2.2000			-14.0000			708.0000			-582.0000			
29.1694			25.1360			-55.9724			-1.6000			-73.0000			743.0000			-558.0000			
26.9361			29.6897			-57.0690			-0.4000			-127.0000			772.0000			-535.0000			
22.4694			35.3819			-59.2622			-1.4000			-174.0000			796.0000			-513.0000			
17.4445			38.2280			-59.2622			-3.5000			-219.0000			815.0000			-487.0000			
12.4195			41.6434			-56.5207			-2.4000			-269.0000			831.0000			-457.0000			
9.6278			44.4895			-55.9724			-1.8000			-321.0000			844.0000			-420.0000			
5.1612			48.4740			-55.4242			-1.7000			-371.0000			848.0000			-379.0000			
0.1362			50.1817			-53.2310			-2.9000			-416.0000			844.0000			-338.0000			
-3.7721			52.4586			-51.5861			-2.8000			-456.0000			840.0000			-296.0000			
-8.7971			54.7355			-48.2964			-2.3000			-496.0000			831.0000			-253.0000			
-13.2638			56.4431			-46.1032			-2.9000			-534.0000			817.0000			-207.0000			
-16.0554			55.3047			-41.7169			-2.4000			-571.0000			794.0000			-156.0000			
-19.9638			54.7355			-36.7823			-2.0000			-606.0000			759.0000			-99.0000			
-22.7554			53.5970			-32.9442			-2.0000			-636.0000			724.0000			-42.0000			
-26.6637			53.5970			-29.1062			-2.1000			-661.0000			683.0000			16.0000			
-31.1304			53.0278			-24.7199			-2.8000			-682.0000			644.0000			66.0000			
-33.9220			51.3201			-19.7853			-2.3000			-697.0000			607.0000			114.0000			
-36.1554			50.7509			-15.9472			-1.3000			-709.0000			562.0000			160.0000			
-40.6220			49.6125			-11.5609			-2.5000			-718.0000			511.0000			209.0000			
-43.9720			47.3356			-5.5297			-2.1000			-722.0000			457.0000			260.0000			
-46.7637			45.0587			-0.5951			-2.2000			-722.0000			401.0000			305.0000			
-48.4387			43.3510			3.2429			-1.8000			-717.0000			347.0000			345.0000			
-50.1137			42.2126			6.5327			-1.3000			-708.0000			296.0000			382.0000			
-52.9053			40.5049			11.4673			-0.9000			-696.0000			241.0000			416.0000			
-55.1386			37.6588			15.8536			-1.6000			-680.0000			179.0000			451.0000			
-55.6970			32.5358			20.2399			-2.9000			-657.0000			111.0000			486.0000			
-52.9053			29.1205			21.8848			-1.8000			-629.0000			40.0000			519.0000			
-52.9053			26.2744			24.6263			-1.9000			-595.0000			-26.0000			546.0000			
-54.0220			22.2899			28.4643			-3.2000			-561.0000			-88.0000			568.0000			
-54.0220			17.7361			33.3989			-2.8000			-530.0000			-150.0000			590.0000			
-52.9053			12.6131			38.3335			-1.9000			-493.0000			-215.0000			609.0000			
-50.6720			7.4901			42.1716			-1.0000			-453.0000			-281.0000			628.0000			
-50.1137			3.5056			44.3647			-2.2000			-406.0000			-347.0000			644.0000			
-48.9970			0.0902			47.6545			-1.2000			-356.0000			-409.0000			652.0000			
-47.8803			-5.0327			52.0408			-0.8000			-306.0000			-466.0000			657.0000			
-45.6470			-9.5865			54.7823			-0.4000			-260.0000			-517.0000			660.0000			
-43.4137			-14.1403			56.9754			-0.5000			-214.0000			-565.0000			659.0000			
-42.8553			-18.6940			60.2652			-1.2000			-165.0000			-610.0000			655.0000			
-39.5054			-23.2478			63.0066			0.2000			-110.0000			-657.0000			646.0000			
-35.5970			-26.6631			62.4583			0.2000			-51.0000			-698.0000			630.0000			
-32.2470			-28.9400			61.3617			0.1000			6.0000			-732.0000			607.0000			
-28.8971			-32.3554			60.2652			-0.9000			63.0000			-759.0000			580.0000			
-24.9887			-35.7707			60.8135			0.0000			117.0000			-780.0000			552.0000			
-20.5221			-39.1860			60.2652			0.5000			165.0000			-801.0000			526.0000			
-16.6138			-40.8937			58.6203			1.1000			216.0000			-818.0000			493.0000			
-12.1471			-43.7398			55.3305			-0.5000			271.0000			-830.0000			458.0000			
-6.5638			-46.5859			53.6857			0.5000			327.0000			-838.0000			414.0000			
-2.0971			-48.8628			52.0408			1.0000			379.0000			-840.0000			369.0000			
1.2528			-50.5704			50.3959			1.0000			426.0000			-841.0000			326.0000			
5.1612			-52.2781			48.2028			1.0000			469.0000			-838.0000			286.0000			
10.1861			-55.1242			45.4613			0.5000			506.0000			-831.0000			246.0000			
15.7695			-56.2626			43.2682			2.7000			543.0000			-819.0000			203.0000			
20.2361			-58.5395			39.9784			1.6000			581.0000			-801.0000			155.0000			
22.4694			-57.4011			35.5921			0.6000			616.0000			-775.0000			103.0000			
25.2611			-57.4011			32.3023			0.1000			644.0000			-743.0000			51.0000			
29.7277			-58.5395			30.6575			1.8000			666.0000			-709.0000			4.0000			
34.1944			-59.1087			26.8194			1.9000			682.0000			-674.0000			-42.0000			
36.4277			-57.4011			20.7882			-0.1000			698.0000			-635.0000			-88.0000			
39.7777			-55.1242			15.8536			0.5000			709.0000			-590.0000			-134.0000			
42.5694			-52.8473			12.0156			1.7000			717.0000			-536.0000			-186.0000			
45.3610			-51.1396			7.6293			1.8000			719.0000			-476.0000			-236.0000			
48.1527			-49.4320			2.6946			1.4000			718.0000			-416.0000			-287.0000			
49.8277			-47.1551			-2.7883			-0.1000			713.0000			-357.0000			-333.0000			
52.0610			-43.7398			-7.7229			0.5000			709.0000			-299.0000			-378.0000			
54.2943			-42.0321			-12.1092			0.1000			698.0000			-238.0000			-418.0000			
56.5277			-38.6168			-16.4955			1.4000			681.0000			-172.0000			-458.0000			
56.5277			-35.2015			-20.8818			0.4000			659.0000			-103.0000			-496.0000			
55.4110			-30.0785			-23.6233			1.7000			632.0000			-35.0000			-530.0000			
55.9693			-27.8016			-27.4613			0.7000			600.0000			30.0000			-557.0000			
57.0860			-23.8170			-32.3960			0.8000			566.0000			91.0000			-579.0000			
56.5277			-20.4017			-37.3306			-1.2000			533.0000			146.0000			-598.0000			
55.4110			-16.4172			-40.0720			-1.0000			499.0000			200.0000			-614.0000			
54.2943			-11.8634			-42.2652			0.1000			458.0000			259.0000			-627.0000			
53.1777			-7.8789			-44.4583			0.8000			411.0000			319.0000			-636.0000			
51.5027			-4.4635			-47.1998			-0.1000			361.0000			379.0000			-641.0000			
48.1527			-0.4790			-48.8447			-1.1000			309.0000			434.0000			-641.0000			
46.4777			4.0748			-49.9412			0.6000			262.0000			483.0000			-641.0000			
44.8027			9.7670			-53.2310			1.3000			212.0000			534.0000			-640.0000			
42.5694			14.3208			-56.5207			0.3000			161.0000			583.0000			-634.0000			
40.3360			17.7361			-58.7139			-0.6000			105.0000			632.0000			-625.0000			
36.9861			21.7206			-59.8105			-1.1000			45.0000			678.0000			-611.0000			
32.5194			24.5667			-58.1656			-1.0000			-15.0000			718.0000			-593.0000			
29.7277			28.5513			-59.2622			-0.9000			-72.0000			751.0000			-570.0000			
27.4944			32.5358			-60.9071			-0.8000			-123.0000			775.0000			-546.0000			
24.7028			37.0896			-62.0036			-0.2000			-169.0000			798.0000			-522.0000			
18.5611			40.5049			-60.3588			-1.2000			-217.0000			816.0000			-495.0000			
13.5361			43.3510			-58.1656			-1.2000			-267.0000			831.0000			-461.0000			
10.7445			45.6279			-57.0690			-0.6000			-320.0000			838.0000			-421.0000			
5.1612			49.0432			-55.9724			-1.7000			-371.0000			839.0000			-377.0000			
1.2528			50.1817			-52.6827			-1.2000			-417.0000			836.0000			-332.0000			
-3.7721			51.8893			-49.9412			-1.8000			-461.0000			831.0000			-289.0000			
-8.2388			54.1662			-47.7481			-1.8000			-502.0000			819.0000			-243.0000			
-12.7054			55.3047			-44.4583			-1.8000			-540.0000			803.0000			-195.0000			
-16.6138			54.1662			-40.0720			-2.5000			-578.0000			780.0000			-143.0000			
-19.4054			53.0278			-35.1374			-1.5000			-614.0000			751.0000			-87.0000			
-23.3137			53.5970			-32.3960			-2.1000			-643.0000			717.0000			-33.0000			
-26.6637			53.5970			-29.6545			-2.7000			-666.0000			680.0000			18.0000			
-30.0137			53.5970			-25.2682			-1.6000			-683.0000			645.0000			63.0000			
-33.3637			52.4586			-20.3336			-1.2000			-697.0000			609.0000			107.0000			
-36.7137			51.3201			-15.9472			-1.3000			-709.0000			565.0000			153.0000			
-40.6220			49.6125			-11.5609			-2.5000			-717.0000			514.0000			203.0000			
-43.4137			47.9048			-7.1746			-2.6000			-719.0000			457.0000			250.0000			
-44.5303			46.7664			-3.3365			-1.0000			-718.0000			403.0000			294.0000			
-47.3220			44.4895			1.0498			-1.7000			-713.0000			349.0000			335.0000			
-49.5553			42.2126			5.4361			-1.9000			-706.0000			295.0000			373.0000			
-52.3470			40.5049			10.3707			-1.4000			-693.0000			236.0000			412.0000			
-53.4636			37.0896			15.3053			-1.0000			-676.0000			171.0000			449.0000			
-53.4636			33.1051			18.0468			-2.3000			-654.0000			100.0000			488.0000			
-51.7887			29.1205			21.8848			-0.7000			-627.0000			30.0000			522.0000			
-52.3470			25.1360			25.1746			-2.0000			-596.0000			-40.0000			551.0000			
-54.5803			22.2899			29.5609			-2.7000			-562.0000			-104.0000			576.0000			
-54.5803			18.3053			34.4955			-1.7000			-531.0000			-164.0000			599.0000			
-52.3470			12.6131			38.8818			-0.8000			-496.0000			-225.0000			617.0000			
-51.7887			8.0593			42.1716			-1.5000			-455.0000			-289.0000			635.0000			
-50.6720			4.0748			43.8164			-2.7000			-408.0000			-354.0000			648.0000			
-48.9970			0.6595			47.1062			-1.2000			-356.0000			-412.0000			654.0000			
-46.7637			-3.8943			50.3959			-0.2000			-307.0000			-467.0000			658.0000			
-44.5303			-9.0173			52.5891			-0.9000			-259.0000			-516.0000			657.0000			
-42.8553			-13.5711			55.3305			-1.0000			-213.0000			-562.0000			652.0000			
-41.1804			-18.1248			58.0720			-1.2000			-161.0000			-608.0000			646.0000			
-37.2720			-20.9709			59.1686			0.9000			-105.0000			-652.0000			635.0000			
-33.9220			-23.8170			58.0720			0.3000			-46.0000			-696.0000			618.0000			
-30.0137			-26.0939			56.9754			0.8000			16.0000			-730.0000			595.0000			
-26.6637			-29.5092			56.4271			0.2000			71.0000			-759.0000			569.0000			
-23.3137			-34.0630			56.9754			-0.3000			123.0000			-780.0000			542.0000			
-19.4054			-36.9091			56.9754			0.6000			173.0000			-802.0000			516.0000			
-16.0554			-39.7552			55.8788			0.0000			223.0000			-821.0000			486.0000			
-11.0305			-43.7398			54.2340			-0.5000			274.0000			-836.0000			452.0000			
-5.4471			-45.4474			52.0408			1.1000			329.0000			-844.0000			412.0000			
-2.0971			-48.2935			50.9442			0.5000			380.0000			-847.0000			370.0000			
1.2528			-49.4320			48.7511			0.5000			426.0000			-847.0000			327.0000			
6.8362			-52.2781			46.5579			1.1000			468.0000			-844.0000			286.0000			
11.3028			-55.6934			45.4613			1.0000			506.0000			-836.0000			246.0000			
16.3278			-56.2626			42.7199			2.7000			543.0000			-822.0000			203.0000			
19.1194			-56.2626			38.3335			1.1000			580.0000			-802.0000			152.0000			
23.0278			-56.2626			34.4955			1.2000			617.0000			-776.0000			99.0000			
26.3778			-55.6934			31.7540			2.4000			646.0000			-741.0000			45.0000			
29.7277			-57.4011			29.0126			1.3000			668.0000			-704.0000			-6.0000			
33.6361			-56.8319			24.6263			1.4000			684.0000			-668.0000			-53.0000			
37.5444			-54.5550			18.5951			1.5000			700.0000			-628.0000			-100.0000			
39.7777			-52.8473			13.6605			0.5000			713.0000			-581.0000			-149.0000			
43.1277			-51.7089			9.2741			0.6000			721.0000			-526.0000			-201.0000			
45.9194			-50.0012			5.9844			1.9000			722.0000			-467.0000			-252.0000			
47.0360			-47.1551			1.0498			0.9000			722.0000			-409.0000			-299.0000			
49.2694			-43.7398			-3.8848			1.6000			715.0000			-354.0000			-342.0000			
52.6193			-42.6013			-8.2712			1.7000			710.0000			-296.0000			-383.0000			
54.8527			-40.3244			-12.6575			1.8000			696.0000			-238.0000			-421.0000			
55.9693			-38.6168			-17.5921			-0.2000			679.0000			-173.0000			-457.0000			
54.8527			-33.4938			-20.8818			0.4000			657.0000			-105.0000			-495.0000			
54.2943			-29.5092			-24.1716			0.6000			628.0000			-35.0000			-528.0000			
54.8527			-27.2324			-26.9130			0.7000			596.0000			30.0000			-555.0000			
54.8527			-23.2478			-31.2994			0.3000			563.0000			89.0000			-577.0000			
54.2943			-20.4017			-35.1374			-1.2000			529.0000			145.0000			-595.0000			
53.1777			-15.2787			-37.8789			0.0000			494.0000			204.0000			-612.0000			
53.1777			-10.1557			-42.8135			0.2000			454.0000			265.0000			-627.0000			
51.5027			-6.7404			-45.5549			-0.7000			408.0000			325.0000			-638.0000			
49.2694			-2.7559			-46.6515			-0.1000			358.0000			387.0000			-644.0000			
46.4777			1.2287			-48.2964			-0.5000			308.0000			440.0000			-645.0000			
45.3610			6.3517			-51.5861			0.1000			261.0000			492.0000			-647.0000			
44.2444			10.9054			-55.4242			-0.2000			211.0000			543.0000			-646.0000			
43.1277			15.4592			-58.7139			-0.1000			159.0000			593.0000			-641.0000			
39.2194			18.8745			-59.2622			-1.1000			104.0000			640.0000			-632.0000			
35.8694			22.8591			-59.2622			-0.5000			45.0000			683.0000			-617.0000			
31.9611			26.8436			-59.8105			-1.0000			-16.0000			723.0000			-596.0000			
29.1694			29.6897			-60.9071			-2.0000			-73.0000			755.0000			-572.0000			
26.3778			33.1051			-60.9071			-1.4000			-126.0000			780.0000			-547.0000			
21.9111			36.5204			-60.3588			-1.9000			-173.0000			799.0000			-521.0000			
16.8861			39.9357			-58.7139			-1.8000			-223.0000			816.0000			-490.0000			
12.4195			43.9203			-57.0690			-0.7000			-274.0000			830.0000			-455.0000			
9.0695			44.4895			-56.5207			-2.9000			-328.0000			835.0000			-413.0000			
4.0445			46.1971			-53.2310			-2.9000			-378.0000			836.0000			-368.0000			
0.1362			48.4740			-49.9412			-1.3000			-423.0000			833.0000			-324.0000			
-4.3305			50.7509			-47.7481			-1.3000			-467.0000			828.0000			-281.0000			
-8.7971			54.1662			-46.6515			-1.2000			-507.0000			818.0000			-236.0000			
-12.7054			54.1662			-42.8135			-1.3000			-545.0000			803.0000			-190.0000			
-17.1721			53.5970			-38.4271			-1.9000			-580.0000			780.0000			-140.0000			
-20.5221			53.0278			-34.0408			-1.5000			-614.0000			754.0000			-86.0000			
-23.8721			53.5970			-31.8477			-2.1000			-643.0000			719.0000			-33.0000			
-27.2221			54.7355			-29.1062			-1.5000			-665.0000			683.0000			17.0000			
-30.0137			54.1662			-25.2682			-1.1000			-682.0000			649.0000			62.0000			
-33.9220			51.8893			-20.8818			-2.9000			-696.0000			611.0000			105.0000			
-38.3887			51.3201			-15.9472			-3.0000			-707.0000			566.0000			151.0000			
-41.7387			50.1817			-10.4643			-2.0000			-717.0000			513.0000			201.0000			
-44.5303			48.4740			-6.0780			-2.1000			-718.0000			459.0000			251.0000			
-45.6470			46.7664			-3.8848			-2.7000			-718.0000			400.0000			297.0000			
-46.7637			43.9203			1.5981			-1.2000			-714.0000			346.0000			339.0000			
-51.2303			41.6434			7.0810			-2.5000			-706.0000			289.0000			379.0000			
-53.4636			39.9357			11.4673			-2.0000			-694.0000			229.0000			419.0000			
-54.5803			37.0896			15.8536			-1.6000			-677.0000			161.0000			458.0000			
-53.4636			32.5358			19.1434			-1.7000			-654.0000			91.0000			497.0000			
-52.9053			28.5513			22.9814			-1.3000			-626.0000			20.0000			530.0000			
-54.5803			25.7052			26.8194			-2.0000			-594.0000			-48.0000			559.0000			
-55.1386			22.2899			30.6575			-2.1000			-562.0000			-110.0000			582.0000			
-53.4636			16.5977			35.5921			-1.2000			-529.0000			-168.0000			603.0000			
-53.4636			12.6131			38.3335			-2.5000			-493.0000			-229.0000			621.0000			
-52.3470			8.6286			42.1716			-1.5000			-451.0000			-291.0000			636.0000			
-50.6720			4.6440			44.9130			-1.1000			-404.0000			-355.0000			649.0000			
-47.8803			1.2287			46.5579			0.0000			-353.0000			-413.0000			654.0000			
-45.0887			-3.8943			48.7511			-0.2000			-303.0000			-467.0000			655.0000			
-43.4137			-8.4481			51.4925			-0.3000			-255.0000			-516.0000			654.0000			
-42.8553			-13.0018			54.2340			-1.6000			-206.0000			-562.0000			650.0000			
-40.6220			-16.4172			57.5237			0.4000			-155.0000			-608.0000			644.0000			
-37.2720			-20.4017			57.5237			-0.1000			-101.0000			-653.0000			632.0000			
-33.9220			-22.1094			56.9754			0.9000			-42.0000			-696.0000			615.0000			
-30.0137			-27.2324			55.8788			-1.3000			19.0000			-731.0000			596.0000			
-26.6637			-29.5092			56.9754			0.8000			74.0000			-761.0000			571.0000			
-23.8721			-32.9246			57.5237			0.7000			125.0000			-784.0000			546.0000			
-20.5221			-36.3399			57.5237			0.6000			175.0000			-806.0000			520.0000			
-16.0554			-39.1860			55.8788			0.6000			223.0000			-826.0000			492.0000			
-11.0305			-43.7398			55.3305			0.5000			277.0000			-840.0000			457.0000			
-6.0055			-46.5859			52.5891			0.0000			331.0000			-848.0000			417.0000			
-3.2138			-47.7243			51.4925			0.5000			381.0000			-850.0000			373.0000			
0.6945			-49.4320			49.8476			1.1000			429.0000			-851.0000			331.0000			
5.1612			-52.8473			47.6545			0.0000			471.0000			-846.0000			290.0000			
11.3028			-55.1242			45.4613			1.6000			509.0000			-836.0000			247.0000			
14.6528			-55.6934			42.7199			1.6000			549.0000			-821.0000			201.0000			
19.1194			-55.1242			37.7852			1.7000			585.0000			-800.0000			149.0000			
21.3528			-54.5550			33.9472			0.7000			620.0000			-772.0000			95.0000			
25.8194			-53.9857			31.2058			3.0000			649.0000			-736.0000			40.0000			
29.1694			-55.1242			27.9160			1.9000			670.0000			-698.0000			-11.0000			
31.9611			-53.9857			22.4331			0.4000			688.0000			-661.0000			-60.0000			
34.7527			-52.2781			18.0468			0.5000			702.0000			-623.0000			-105.0000			
38.6611			-51.1396			14.2088			1.7000			712.0000			-576.0000			-151.0000			
41.4527			-50.5704			9.8224			0.7000			719.0000			-521.0000			-202.0000			
44.2444			-47.7243			5.4361			1.9000			720.0000			-465.0000			-250.0000			
45.3610			-44.3090			1.5981			2.6000			719.0000			-407.0000			-297.0000			
46.4777			-42.6013			-3.3365			0.5000			715.0000			-353.0000			-339.0000			
50.3860			-41.4629			-7.7229			1.2000			708.0000			-297.0000			-377.0000			
53.1777			-39.1860			-12.6575			1.3000			693.0000			-238.0000			-416.0000			
53.1777			-35.7707			-15.9472			1.4000			676.0000			-173.0000			-453.0000			
53.1777			-32.3554			-19.7853			1.0000			655.0000			-105.0000			-489.0000			
53.1777			-28.9400			-22.5267			1.7000			628.0000			-35.0000			-524.0000			
53.1777			-25.5247			-27.4613			0.1000			593.0000			31.0000			-552.0000			
52.6193			-22.6786			-31.2994			-1.3000			561.0000			91.0000			-574.0000			
52.6193			-19.2633			-33.4925			-0.1000			528.0000			148.0000			-594.0000			
52.0610			-13.5711			-37.8789			0.6000			495.0000			207.0000			-611.0000			
51.5027			-8.4481			-42.8135			0.2000			454.0000			270.0000			-627.0000			
49.8277			-5.0327			-45.0066			-0.2000			406.0000			333.0000			-639.0000			
47.5944			-2.7559			-45.5549			-0.7000			356.0000			393.0000			-644.0000			
45.9194			2.3671			-47.7481			0.5000			307.0000			446.0000			-646.0000			
44.2444			7.4901			-52.1344			-0.3000			259.0000			499.0000			-647.0000			
43.1277			13.1823			-55.9724			0.3000			209.0000			549.0000			-645.0000			
41.4527			16.0284			-58.1656			-0.6000			155.0000			599.0000			-639.0000			
38.1027			20.0130			-58.7139			-0.5000			100.0000			644.0000			-628.0000			
34.7527			22.8591			-58.1656			-0.5000			40.0000			687.0000			-613.0000			
31.4027			27.4128			-57.6173			1.2000			-20.0000			723.0000			-590.0000			
27.4944			30.2590			-58.1656			-0.4000			-78.0000			753.0000			-565.0000			
24.7028			33.1051			-58.7139			-0.8000			-130.0000			777.0000			-538.0000			
20.2361			35.9512			-57.6173			-1.4000			-177.0000			797.0000			-513.0000			
16.8861			39.3665			-56.5207			-0.2000			-226.0000			814.0000			-482.0000			
12.4195			41.6434			-55.4242			-1.3000			-278.0000			827.0000			-447.0000			
7.9528			43.3510			-53.7793			-2.4000			-330.0000			831.0000			-405.0000			
3.4862			45.6279			-51.0378			-1.9000			-380.0000			831.0000			-361.0000			
-0.4222			47.9048			-47.7481			-0.2000			-425.0000			831.0000			-318.0000			
-4.8888			50.7509			-46.6515			-0.7000			-468.0000			828.0000			-277.0000			
-10.4721			53.0278			-45.5549			-2.9000			-506.0000			817.0000			-233.0000			
-13.2638			53.5970			-42.2652			-1.9000			-544.0000			801.0000			-188.0000			
-16.6138			53.0278			-36.7823			-0.3000			-580.0000			781.0000			-138.0000			
-21.6388			53.0278			-32.9442			-1.5000			-616.0000			753.0000			-85.0000			
-24.4304			53.5970			-31.2994			-2.1000			-644.0000			719.0000			-31.0000			
-27.7804			53.5970			-27.4613			-1.6000			-666.0000			683.0000			19.0000			
-30.5721			52.4586			-24.1716			-2.2000			-683.0000			648.0000			65.0000			
-33.9220			52.4586			-19.2370			-0.6000			-698.0000			609.0000			110.0000			
-38.3887			50.1817			-13.7541			-1.9000			-710.0000			564.0000			157.0000			
-41.7387			49.6125			-9.3677			-1.4000			-718.0000			510.0000			208.0000			
-43.4137			47.3356			-6.0780			-2.1000			-719.0000			452.0000			258.0000			
-44.5303			44.4895			-1.6917			-1.7000			-718.0000			393.0000			306.0000			
-47.8803			42.2126			3.2429			-2.4000			-715.0000			337.0000			348.0000			
-51.2303			39.9357			8.1776			-3.1000			-706.0000			282.0000			388.0000			
-51.7887			37.0896			13.1122			-1.5000			-694.0000			220.0000			426.0000			
-52.9053			34.8127			16.4019			-1.6000			-675.0000			152.0000			464.0000			
-52.9053			31.3974			19.6917			-1.8000			-652.0000			84.0000			502.0000			
-51.7887			27.4128			22.9814			-1.4000			-624.0000			15.0000			534.0000			
-52.3470			23.9975			27.3677			-0.9000			-592.0000			-52.0000			561.0000			
-52.3470			20.0130			31.2058			-1.1000			-558.0000			-114.0000			585.0000			
-51.7887			16.0284			34.4955			-1.2000			-526.0000			-172.0000			604.0000			
-51.7887			11.4747			37.7852			-2.5000			-491.0000			-232.0000			621.0000			
-51.2303			8.0593			42.1716			-0.9000			-448.0000			-293.0000			635.0000			
-48.4387			3.5056			43.8164			-1.1000			-400.0000			-355.0000			646.0000			
-46.2053			-0.4790			46.0096			-0.6000			-349.0000			-414.0000			652.0000			
-44.5303			-4.4635			48.7511			-0.2000			-300.0000			-468.0000			654.0000			
-42.8553			-8.4481			50.3959			-0.9000			-252.0000			-517.0000			655.0000			
-41.1804			-13.0018			54.2340			0.0000			-204.0000			-563.0000			652.0000			
-38.3887			-16.4172			56.9754			2.1000			-153.0000			-609.0000			643.0000			
-35.5970			-20.9709			56.9754			0.4000			-97.0000			-656.0000			632.0000			
-33.3637			-23.2478			56.4271			-0.1000			-38.0000			-699.0000			618.0000			
-28.8971			-27.2324			56.4271			0.3000			20.0000			-735.0000			597.0000			
-26.1054			-30.0785			56.9754			0.7000			76.0000			-763.0000			571.0000			
-23.8721			-32.9246			58.0720			1.2000			128.0000			-788.0000			546.0000			
-20.5221			-36.3399			57.5237			0.6000			177.0000			-811.0000			521.0000			
-14.3804			-40.8937			56.4271			1.1000			226.0000			-829.0000			493.0000			
-8.2388			-43.7398			54.7823			2.8000			281.0000			-842.0000			456.0000			
-4.3305			-46.0167			52.0408			1.6000			333.0000			-849.0000			414.0000			
-3.2138			-46.5859			51.4925			1.7000			389.0000			-851.0000			369.0000			
2.3695			-50.0012			48.7511			1.1000			433.0000			-850.0000			326.0000			
6.8362			-52.8473			47.1062			1.0000			475.0000			-844.0000			284.0000			
12.4195			-54.5550			44.3647			2.2000			512.0000			-833.0000			240.0000			
15.7695			-53.9857			39.9784			1.7000			551.0000			-817.0000			194.0000			
18.0028			-53.9857			37.2370			1.2000			588.0000			-795.0000			143.0000			
21.3528			-52.8473			33.9472			2.4000			623.0000			-766.0000			88.0000			
25.2611			-52.8473			31.2058			3.6000			650.0000			-730.0000			34.0000			
28.6111			-53.4165			27.3677			2.5000			672.0000			-692.0000			-17.0000			
31.9611			-52.2781			21.3365			1.0000			687.0000			-656.0000			-63.0000			
34.7527			-51.1396			18.0468			1.6000			702.0000			-619.0000			-108.0000			
38.1027			-50.5704			13.1122			0.6000			712.0000			-572.0000			-155.0000			
40.8944			-48.8628			9.2741			1.3000			719.0000			-518.0000			-205.0000			
42.5694			-46.0167			5.4361			1.9000			721.0000			-461.0000			-252.0000			
44.8027			-44.3090			1.5981			2.0000			719.0000			-405.0000			-299.0000			
47.5944			-43.1706			-2.7883			1.6000			715.0000			-351.0000			-341.0000			
50.3860			-40.3244			-8.2712			1.7000			708.0000			-294.0000			-380.0000			
50.9443			-37.4783			-12.6575			0.8000			695.0000			-234.0000			-419.0000			
52.0610			-34.6322			-15.9472			1.4000			677.0000			-170.0000			-457.0000			
51.5027			-31.2169			-19.2370			1.0000			653.0000			-101.0000			-493.0000			
52.0610			-27.2324			-23.0750			1.7000			627.0000			-31.0000			-528.0000			
51.5027			-23.8170			-26.9130			0.7000			595.0000			38.0000			-556.0000			
50.3860			-19.8325			-29.6545			0.9000			559.0000			97.0000			-579.0000			
50.3860			-15.8479			-33.4925			1.0000			527.0000			155.0000			-598.0000			
50.9443			-11.8634			-38.9754			0.1000			492.0000			214.0000			-616.0000			
49.8277			-7.3096			-42.8135			-0.2000			452.0000			277.0000			-632.0000			
47.0360			-4.4635			-43.3618			-0.7000			403.0000			339.0000			-643.0000			
44.8027			-0.4790			-44.4583			-0.1000			352.0000			398.0000			-647.0000			
43.6860			4.0748			-47.1998			0.5000			302.0000			452.0000			-649.0000			
43.6860			9.1978			-52.1344			0.7000			254.0000			505.0000			-648.0000			
40.8944			12.0439			-53.7793			-0.8000			204.0000			551.0000			-647.0000			
38.6611			16.0284			-55.4242			-0.7000			151.0000			598.0000			-639.0000			
34.7527			20.0130			-55.4242			-0.6000			95.0000			645.0000			-628.0000			
33.6361			22.8591			-56.5207			0.0000			35.0000			689.0000			-612.0000			
29.7277			25.7052			-56.5207			-1.0000			-26.0000			725.0000			-589.0000			
26.3778			29.6897			-56.5207			-0.4000			-81.0000			753.0000			-563.0000			
23.0278			31.3974			-55.9724			-1.5000			-131.0000			775.0000			-536.0000			
19.6778			35.9512			-55.4242			0.2000			-179.0000			796.0000			-510.0000			
16.3278			39.9357			-55.4242			0.8000			-227.0000			813.0000			-481.0000			
11.3028			41.0742			-54.3276			-1.9000			-280.0000			824.0000			-445.0000			
7.3945			42.7818			-51.5861			-1.4000			-333.0000			832.0000			-405.0000			
2.3695			45.0587			-48.8447			-1.4000			-381.0000			833.0000			-361.0000			
-0.4222			47.9048			-47.7481			-0.2000			-428.0000			831.0000			-319.0000			
-4.3305			50.1817			-47.1998			-1.3000			-470.0000			827.0000			-276.0000			
-9.3555			52.4586			-45.0066			-1.8000			-509.0000			819.0000			-234.0000			
-13.8221			52.4586			-41.1686			-2.5000			-547.0000			803.0000			-188.0000			
-17.1721			52.4586			-36.7823			-1.4000			-584.0000			782.0000			-137.0000			
-20.5221			53.5970			-34.0408			-0.9000			-619.0000			753.0000			-83.0000			
-23.8721			52.4586			-30.2028			-1.6000			-648.0000			718.0000			-29.0000			
-26.6637			52.4586			-27.4613			-1.6000			-668.0000			681.0000			21.0000			
-28.8971			51.8893			-24.1716			-1.1000			-685.0000			646.0000			67.0000			
-33.9220			50.7509			-18.1404			-1.3000			-700.0000			606.0000			112.0000			
-38.3887			49.0432			-13.7541			-3.1000			-712.0000			559.0000			161.0000			
-40.0637			47.9048			-8.2712			-0.4000			-718.0000			503.0000			212.0000			
-40.0637			45.0587			-5.5297			-0.5000			-720.0000			445.0000			261.0000			
-42.2970			42.7818			-1.6917			-1.2000			-717.0000			388.0000			308.0000			
-46.7637			41.0742			3.7912			-1.8000			-713.0000			331.0000			350.0000			
-48.9970			39.9357			9.2741			0.2000			-705.0000			274.0000			390.0000			
-50.1137			35.9512			12.5639			-1.5000			-691.0000			215.0000			429.0000			
-50.6720			33.1051			15.8536			-1.7000			-673.0000			150.0000			466.0000			
-51.7887			29.1205			20.2399			-2.4000			-649.0000			81.0000			502.0000			
-50.6720			25.7052			24.0780			-0.8000			-621.0000			10.0000			534.0000			
-50.6720			22.8591			26.2711			-1.5000			-589.0000			-57.0000			561.0000			
-50.1137			18.8745			30.1092			-1.1000			-555.0000			-116.0000			582.0000			
-50.6720			14.8900			33.9472			-1.8000			-523.0000			-173.0000			602.0000			
-50.6720			10.9054			38.3335			-1.4000			-488.0000			-232.0000			621.0000			
-48.9970			6.3517			41.6233			-1.0000			-445.0000			-297.0000			635.0000			
-46.7637			2.9363			43.2682			-0.5000			-397.0000			-358.0000			646.0000			
-43.9720			-1.0482			44.3647			-0.6000			-346.0000			-417.0000			652.0000			
-42.8553			-4.4635			47.1062			-0.2000			-297.0000			-469.0000			653.0000			
-41.7387			-8.4481			50.9442			0.7000			-249.0000			-519.0000			653.0000			
-40.0637			-13.0018			53.6857			0.6000			-200.0000			-567.0000			650.0000			
-36.7137			-16.9864			54.7823			1.0000			-149.0000			-614.0000			643.0000			
-33.9220			-21.5402			55.3305			-0.1000			-93.0000			-661.0000			632.0000			
-31.1304			-23.8170			56.4271			1.4000			-34.0000			-705.0000			617.0000			
-28.8971			-26.6631			56.4271			0.8000			26.0000			-739.0000			594.0000			
-24.9887			-29.5092			55.8788			1.3000			83.0000			-767.0000			570.0000			
-21.6388			-32.9246			55.8788			1.3000			132.0000			-791.0000			543.0000			
-17.7304			-37.4783			55.8788			0.6000			182.0000			-813.0000			518.0000			
-12.7054			-40.8937			54.7823			1.1000			233.0000			-831.0000			487.0000			
-8.7971			-43.1706			53.6857			1.7000			284.0000			-842.0000			451.0000			
-5.4471			-43.7398			50.3959			1.2000			340.0000			-849.0000			407.0000			
-1.5388			-46.5859			48.7511			0.6000			391.0000			-849.0000			363.0000			
2.3695			-48.8628			47.1062			0.6000			436.0000			-846.0000			322.0000			
8.5112			-51.1396			44.9130			2.2000			477.0000			-839.0000			278.0000			
12.4195			-51.7089			42.7199			3.4000			515.0000			-827.0000			236.0000			
15.7695			-51.7089			38.3335			2.3000			553.0000			-811.0000			188.0000			
18.5611			-51.7089			34.4955			1.3000			591.0000			-788.0000			137.0000			
21.9111			-52.2781			32.3023			1.9000			623.0000			-759.0000			83.0000			
24.7028			-52.8473			29.0126			0.8000			650.0000			-724.0000			28.0000			
27.4944			-51.1396			25.1746			1.5000			671.0000			-687.0000			-21.0000			
31.4027			-50.5704			20.7882			1.6000			689.0000			-652.0000			-67.0000			
35.3111			-50.5704			17.4985			2.2000			703.0000			-614.0000			-111.0000			
38.1027			-50.0012			13.6605			1.7000			715.0000			-568.0000			-159.0000			
40.3360			-47.1551			8.7258			1.9000			719.0000			-513.0000			-209.0000			
42.5694			-43.7398			3.7912			2.6000			721.0000			-456.0000			-256.0000			
44.8027			-42.0321			-0.0468			2.7000			719.0000			-401.0000			-302.0000			
48.1527			-40.8937			-3.8848			3.3000			715.0000			-346.0000			-343.0000			
49.8277			-38.6168			-8.8195			2.3000			709.0000			-289.0000			-384.0000			
50.3860			-36.3399			-12.6575			1.3000			693.0000			-228.0000			-423.0000			
51.5027			-32.9246			-17.0438			1.5000			675.0000			-162.0000			-461.0000			
52.0610			-30.6477			-20.8818			0.5000			652.0000			-93.0000			-498.0000			
51.5027			-26.0939			-24.7199			0.6000			624.0000			-23.0000			-532.0000			
50.3860			-22.6786			-27.4613			0.2000			592.0000			44.0000			-559.0000			
49.8277			-19.8325			-29.1062			0.8000			556.0000			106.0000			-584.0000			
51.5027			-16.4172			-33.4925			1.5000			525.0000			162.0000			-602.0000			
51.5027			-11.8634			-39.5237			0.1000			489.0000			221.0000			-620.0000			
49.2694			-7.8789			-42.2652			-0.8000			446.0000			283.0000			-634.0000			
46.4777			-3.8943			-42.2652			0.3000			398.0000			346.0000			-644.0000			
45.3610			-0.4790			-43.3618			1.5000			346.0000			402.0000			-648.0000			
44.2444			4.6440			-47.7481			1.1000			298.0000			456.0000			-649.0000			
42.5694			8.6286			-51.0378			0.1000			250.0000			507.0000			-649.0000			
40.3360			11.4747			-52.6827			-0.8000			201.0000			556.0000			-646.0000			
38.1027			16.0284			-53.2310			0.9000			149.0000			604.0000			-639.0000			
35.8694			20.5822			-55.4242			1.0000			92.0000			649.0000			-627.0000			
32.5194			23.4283			-56.5207			-0.5000			32.0000			690.0000			-610.0000			
29.1694			25.7052			-55.9724			-1.0000			-27.0000			725.0000			-588.0000			
25.8194			27.9821			-55.4242			-1.6000			-85.0000			754.0000			-561.0000			
23.0278			31.3974			-53.7793			0.6000			-136.0000			779.0000			-537.0000			
19.1194			35.9512			-55.4242			-0.3000			-183.0000			799.0000			-510.0000			
14.6528			39.9357			-55.4242			-0.8000			-231.0000			814.0000			-480.0000			
10.7445			41.6434			-52.6827			-0.2000			-284.0000			826.0000			-445.0000			
6.8362			42.2126			-50.4895			-1.4000			-337.0000			832.0000			-404.0000			
2.9278			45.0587			-47.7481			0.2000			-387.0000			835.0000			-360.0000			
-1.5388			48.4740			-47.1998			-0.2000			-432.0000			831.0000			-318.0000			
-6.5638			50.1817			-46.6515			-3.0000			-474.0000			826.0000			-276.0000			
-10.4721			51.8893			-43.3618			-1.9000			-513.0000			816.0000			-232.0000			
-12.7054			51.8893			-40.0720			-0.8000			-551.0000			799.0000			-185.0000			
-17.7304			52.4586			-36.7823			-2.0000			-587.0000			777.0000			-134.0000			
-21.0804			53.5970			-33.4925			-0.9000			-621.0000			749.0000			-81.0000			
-23.8721			53.0278			-30.2028			-1.0000			-649.0000			714.0000			-27.0000			
-26.6637			51.8893			-26.9130			-1.6000			-669.0000			675.0000			23.0000			
-30.5721			51.3201			-23.6233			-2.8000			-686.0000			639.0000			69.0000			
-33.9220			50.7509			-18.1404			-1.3000			-700.0000			599.0000			116.0000			
-37.8304			49.6125			-12.1092			-0.3000			-711.0000			552.0000			164.0000			
-38.9470			47.3356			-9.3677			-0.9000			-717.0000			496.0000			215.0000			
-41.1804			45.0587			-6.0780			-2.1000			-719.0000			438.0000			264.0000			
-43.9720			42.7818			-1.1434			-2.3000			-717.0000			382.0000			311.0000			
-46.7637			41.0742			5.4361			-0.2000			-712.0000			327.0000			351.0000			
-48.4387			38.2280			9.2741			-0.9000			-704.0000			270.0000			390.0000			
-49.5553			35.9512			12.0156			-1.5000			-690.0000			209.0000			429.0000			
-50.1137			33.1051			15.8536			-1.1000			-672.0000			143.0000			467.0000			
-50.6720			30.2590			20.2399			-0.1000			-648.0000			74.0000			503.0000			
-50.1137			25.7052			23.5297			-0.8000			-620.0000			6.0000			534.0000			
-49.5553			22.2899			26.2711			-0.9000			-588.0000			-60.0000			561.0000			
-49.5553			18.8745			29.5609			-1.1000			-554.0000			-120.0000			583.0000			
-50.6720			15.4592			33.9472			-1.2000			-522.0000			-176.0000			601.0000			
-51.2303			10.9054			38.3335			-1.9000			-485.0000			-238.0000			618.0000			
-51.7887			6.9209			43.8164			-1.0000			-441.0000			-301.0000			634.0000			
-47.3220			1.7979			44.9130			-0.6000			-393.0000			-364.0000			644.0000			
-46.7637			-1.0482			47.1062			-0.7000			-342.0000			-423.0000			650.0000			
-46.7637			-5.6020			52.5891			0.2000			-293.0000			-476.0000			653.0000			
-45.6470			-10.1557			55.8788			0.0000			-245.0000			-527.0000			651.0000			
-42.8553			-14.1403			57.5237			0.5000			-196.0000			-573.0000			649.0000			
-41.1804			-19.2633			60.2652			-0.1000			-145.0000			-620.0000			643.0000			
-38.9470			-23.2478			61.9100			-0.2000			-87.0000			-667.0000			631.0000			
-36.1554			-26.6631			63.0066			0.1000			-29.0000			-709.0000			614.0000			
-31.1304			-30.0785			63.0066			1.7000			30.0000			-743.0000			593.0000			
-28.8971			-32.3554			62.4583			1.2000			84.0000			-770.0000			568.0000			
-24.4304			-36.9091			63.0066			1.6000			136.0000			-793.0000			541.0000			
-20.5221			-42.0321			62.4583			0.0000			183.0000			-815.0000			516.0000			
-16.6138			-44.3090			62.4583			1.5000			236.0000			-832.0000			484.0000			
-12.1471			-47.1551			60.8135			1.5000			288.0000			-844.0000			448.0000			
-7.1221			-48.8628			58.0720			2.0000			341.0000			-849.0000			406.0000			
-3.2138			-52.2781			56.4271			0.9000			392.0000			-849.0000			361.0000			
1.2528			-55.1242			55.3305			1.4000			437.0000			-847.0000			319.0000			
6.2778			-56.8319			52.5891			2.0000			478.0000			-841.0000			277.0000			
10.7445			-57.9703			49.2993			2.0000			516.0000			-830.0000			233.0000			
15.2111			-59.6780			45.4613			0.9000			554.0000			-814.0000			187.0000			
18.5611			-59.6780			43.2682			2.1000			591.0000			-792.0000			136.0000			
24.1444			-59.1087			38.3335			3.3000			625.0000			-762.0000			81.0000			
26.3778			-59.1087			34.4955			1.7000			653.0000			-728.0000			27.0000			
29.7277			-58.5395			30.6575			1.8000			673.0000			-690.0000			-24.0000			
34.1944			-59.1087			26.8194			1.9000			691.0000			-655.0000			-68.0000			
38.6611			-58.5395			22.4331			2.5000			703.0000			-616.0000			-112.0000			
42.5694			-56.8319			16.9502			2.6000			715.0000			-570.0000			-161.0000			
44.8027			-53.9857			12.0156			2.8000			720.0000			-514.0000			-210.0000			
45.9194			-52.2781			7.6293			1.2000			720.0000			-457.0000			-258.0000			
49.8277			-50.5704			3.2429			2.5000			717.0000			-401.0000			-305.0000			
52.6193			-49.4320			-1.6917			1.4000			714.0000			-346.0000			-346.0000			
54.2943			-45.4474			-6.0780			2.7000			706.0000			-287.0000			-386.0000			
54.8527			-43.1706			-10.4643			1.2000			693.0000			-227.0000			-425.0000			
57.6443			-39.7552			-15.9472			1.9000			675.0000			-161.0000			-463.0000			
58.7610			-36.3399			-20.8818			1.5000			650.0000			-89.0000			-499.0000			
56.5277			-31.7861			-23.6233			1.1000			622.0000			-19.0000			-533.0000			
56.5277			-28.9400			-26.3648			1.2000			587.0000			47.0000			-560.0000			
56.5277			-25.5247			-30.2028			0.8000			555.0000			107.0000			-581.0000			
58.2027			-20.4017			-36.7823			1.0000			521.0000			164.0000			-601.0000			
56.5277			-15.2787			-41.7169			-0.4000			486.0000			223.0000			-619.0000			
54.8527			-11.2942			-43.3618			0.2000			443.0000			285.0000			-633.0000			
52.6193			-7.8789			-44.4583			0.2000			395.0000			347.0000			-642.0000			
51.5027			-2.7559			-47.7481			1.0000			344.0000			404.0000			-646.0000			
49.8277			1.7979			-52.6827			-1.0000			295.0000			457.0000			-647.0000			
48.1527			6.9209			-55.4242			-0.3000			248.0000			508.0000			-647.0000			
44.8027			11.4747			-56.5207			-0.2000			199.0000			556.0000			-643.0000			
43.1277			15.4592			-58.7139			-0.1000			144.0000			602.0000			-637.0000			
41.4527			20.0130			-61.4554			0.0000			88.0000			650.0000			-625.0000			
38.1027			22.2899			-62.0036			-1.6000			29.0000			691.0000			-608.0000			
33.0777			26.2744			-59.8105			-0.4000			-32.0000			726.0000			-586.0000			
29.1694			29.6897			-58.7139			0.1000			-88.0000			755.0000			-559.0000			
26.9361			34.2435			-60.3588			0.8000			-140.0000			778.0000			-533.0000			
22.4694			38.7973			-62.0036			-0.7000			-186.0000			798.0000			-508.0000			
17.4445			41.6434			-60.9071			-1.8000			-235.0000			815.0000			-478.0000			
12.4195			43.9203			-58.1656			-1.8000			-289.0000			828.0000			-441.0000			
7.9528			46.7664			-55.4242			-0.6000			-341.0000			833.0000			-400.0000			
4.6028			49.6125			-54.3276			-0.1000			-391.0000			835.0000			-357.0000			
-1.5388			53.0278			-53.7793			-2.2000			-434.0000			833.0000			-314.0000			
-6.5638			54.7355			-49.9412			-1.7000			-476.0000			828.0000			-272.0000			
-11.0305			56.4431			-47.1998			-1.7000			-515.0000			818.0000			-228.0000			
-14.3804			57.0123			-43.9101			-1.2000			-554.0000			802.0000			-181.0000			
-19.4054			57.5816			-41.1686			-2.9000			-589.0000			779.0000			-129.0000			
-22.1971			58.1508			-36.7823			-0.8000			-623.0000			747.0000			-76.0000			
-26.1054			56.4431			-32.3960			-2.0000			-650.0000			711.0000			-21.0000			
-28.8971			56.4431			-29.6545			-2.1000			-670.0000			675.0000			29.0000			
-34.4804			56.4431			-25.2682			-3.3000			-687.0000			639.0000			73.0000			
-38.3887			55.3047			-19.7853			-2.8000			-701.0000			599.0000			119.0000			
-41.1804			53.5970			-13.2058			-0.7000			-711.0000			551.0000			168.0000			
-43.4137			51.3201			-9.3677			-1.4000			-718.0000			495.0000			220.0000			
-46.2053			49.6125			-5.5297			-2.1000			-719.0000			437.0000			268.0000			
-49.5553			48.4740			-0.5951			-1.6000			-717.0000			381.0000			314.0000			
-52.9053			46.1971			5.4361			-1.2000			-712.0000			327.0000			357.0000			
-54.5803			42.7818			10.3707			-1.4000			-703.0000			271.0000			395.0000			
-55.6970			39.9357			14.2088			-1.5000			-690.0000			209.0000			431.0000			
-57.9303			37.6588			18.5951			-1.6000			-671.0000			143.0000			470.0000			
-57.9303			33.6743			22.9814			-1.2000			-648.0000			74.0000			506.0000			
-56.2553			29.1205			27.9160			0.7000			-618.0000			5.0000			535.0000			
-55.6970			25.1360			30.6575			0.1000			-585.0000			-61.0000			562.0000			
-57.9303			21.7206			33.3989			-2.8000			-553.0000			-121.0000			585.0000			
-57.9303			17.1669			39.4301			-1.3000			-520.0000			-178.0000			604.0000			
-56.8136			12.6131			44.3647			0.1000			-483.0000			-239.0000			622.0000			
-54.0220			6.9209			46.5579			-0.5000			-439.0000			-303.0000			637.0000			
-52.3470			2.9363			48.2028			-1.1000			-391.0000			-366.0000			647.0000			
-51.2303			-0.4790			50.9442			-0.7000			-339.0000			-423.0000			651.0000			
-48.9970			-6.1712			54.7823			-0.3000			-291.0000			-477.0000			653.0000			
-46.7637			-10.7250			58.0720			0.5000			-242.0000			-526.0000			653.0000			
-43.9720			-15.2787			59.7169			0.4000			-194.0000			-573.0000			649.0000			
-42.8553			-20.4017			62.4583			-0.7000			-142.0000			-619.0000			642.0000			
-40.0637			-23.8170			64.1032			0.2000			-85.0000			-665.0000			632.0000			
-35.5970			-27.8016			64.1032			0.7000			-26.0000			-707.0000			615.0000			
-32.2470			-29.5092			63.0066			1.2000			33.0000			-740.0000			592.0000			
-28.8971			-33.4938			63.0066			0.6000			88.0000			-767.0000			567.0000			
-23.8721			-38.0476			63.5549			1.6000			138.0000			-789.0000			540.0000			
-19.4054			-43.1706			63.5549			0.9000			186.0000			-810.0000			515.0000			
-15.4971			-45.4474			63.0066			2.0000			237.0000			-828.0000			483.0000			
-10.4721			-47.7243			59.7169			1.5000			290.0000			-839.0000			446.0000			
-5.4471			-50.0012			56.9754			1.5000			344.0000			-844.0000			402.0000			
-0.9805			-53.9857			55.8788			0.9000			395.0000			-845.0000			360.0000			
2.9278			-55.6934			55.3305			2.5000			438.0000			-843.0000			318.0000			
7.9528			-56.8319			51.4925			2.6000			480.0000			-837.0000			275.0000			
12.9778			-59.1087			47.6545			1.5000			517.0000			-826.0000			232.0000			
18.0028			-60.2472			44.3647			2.1000			558.0000			-810.0000			185.0000			
22.4694			-60.8164			41.0750			2.7000			594.0000			-788.0000			134.0000			
25.2611			-60.2472			36.6887			1.6000			628.0000			-758.0000			79.0000			
29.1694			-59.1087			32.8506			2.9000			653.0000			-721.0000			25.0000			
33.0777			-59.6780			29.0126			2.4000			673.0000			-685.0000			-24.0000			
37.5444			-60.2472			25.1746			2.4000			690.0000			-651.0000			-70.0000			
42.0110			-59.1087			19.6917			2.5000			703.0000			-611.0000			-115.0000			
44.2444			-57.4011			14.2088			1.0000			714.0000			-564.0000			-163.0000			
47.0360			-54.5550			9.2741			1.7000			719.0000			-507.0000			-213.0000			
49.8277			-53.4165			5.4361			1.8000			720.0000			-449.0000			-261.0000			
52.6193			-51.7089			1.5981			2.5000			719.0000			-394.0000			-306.0000			
55.4110			-47.7243			-4.4331			3.2000			714.0000			-338.0000			-348.0000			
56.5277			-45.4474			-9.3677			1.7000			705.0000			-280.0000			-388.0000			
57.6443			-42.6013			-14.3024			0.7000			690.0000			-219.0000			-427.0000			
60.9943			-39.7552			-18.6887			2.5000			671.0000			-152.0000			-465.0000			
60.9943			-35.7707			-23.0750			2.1000			649.0000			-83.0000			-501.0000			
58.7610			-31.7861			-26.3648			0.6000			619.0000			-13.0000			-534.0000			
58.2027			-27.8016			-28.0096			2.3000			585.0000			53.0000			-561.0000			
59.3193			-23.8170			-34.0408			1.4000			552.0000			113.0000			-582.0000			
59.8777			-18.6940			-41.1686			0.0000			521.0000			169.0000			-602.0000			
59.3193			-14.7095			-45.0066			-0.3000			483.0000			227.0000			-618.0000			
57.0860			-11.2942			-44.4583			1.3000			442.0000			290.0000			-632.0000			
54.2943			-6.1712			-47.7481			0.3000			392.0000			350.0000			-641.0000			
54.2943			-1.6174			-52.1344			0.5000			342.0000			409.0000			-646.0000			
51.5027			4.0748			-55.4242			0.1000			294.0000			463.0000			-648.0000			
49.8277			8.6286			-57.0690			1.3000			245.0000			513.0000			-646.0000			
47.5944			12.0439			-59.2622			0.3000			194.0000			561.0000			-643.0000			
45.9194			17.7361			-63.1002			0.5000			142.0000			607.0000			-636.0000			
43.1277			21.7206			-64.7451			0.1000			85.0000			654.0000			-624.0000			
38.6611			25.1360			-64.7451			-0.9000			25.0000			696.0000			-606.0000			
33.6361			26.8436			-63.1002			-2.6000			-35.0000			730.0000			-583.0000			
30.2861			31.9666			-63.1002			-0.8000			-92.0000			760.0000			-556.0000			
28.6111			36.5204			-64.7451			0.3000			-141.0000			782.0000			-531.0000			
24.7028			39.9357			-64.7451			0.0000			-188.0000			802.0000			-505.0000			
18.5611			43.3510			-63.1002			-1.1000			-237.0000			818.0000			-476.0000			
13.5361			45.6279			-59.8105			-0.6000			-291.0000			830.0000			-439.0000			
9.0695			49.0432			-58.1656			0.0000			-344.0000			838.0000			-397.0000			
5.1612			51.3201			-58.1656			-1.6000			-393.0000			837.0000			-354.0000			
-0.4222			54.1662			-55.9724			-2.2000			-437.0000			833.0000			-311.0000			
-4.8888			55.8739			-52.1344			-1.1000			-479.0000			828.0000			-269.0000			
-9.3555			58.7200			-49.3930			0.0000			-517.0000			817.0000			-225.0000			
-13.2638			59.2892			-46.6515			-0.6000			-554.0000			802.0000			-179.0000			
-19.4054			59.2892			-42.2652			-2.3000			-590.0000			778.0000			-127.0000			
-22.1971			58.1508			-37.3306			-1.3000			-625.0000			747.0000			-72.0000			
-24.4304			58.7200			-35.6857			-1.3000			-651.0000			711.0000			-18.0000			
-28.3387			58.7200			-31.8477			-1.4000			-671.0000			673.0000			32.0000			
-32.8054			57.5816			-26.9130			-2.1000			-687.0000			639.0000			76.0000			
-37.8304			57.0123			-21.4301			-2.2000			-701.0000			598.0000			122.0000			
-40.6220			55.3047			-15.9472			-1.2000			-712.0000			550.0000			171.0000			
-43.4137			53.5970			-12.1092			-1.9000			-719.0000			494.0000			222.0000			
-46.2053			51.8893			-6.6263			-0.9000			-720.0000			436.0000			271.0000			
-48.9970			49.6125			-1.6917			-1.0000			-718.0000			380.0000			315.0000			
-51.7887			47.9048			3.2429			-0.6000			-712.0000			327.0000			358.0000			
-54.0220			44.4895			7.0810			-2.4000			-703.0000			269.0000			396.0000			
-55.6970			41.6434			12.5639			-1.4000			-690.0000			207.0000			435.0000			
-57.9303			38.7973			16.9502			-2.1000			-670.0000			141.0000			471.0000			
-56.8136			34.2435			21.3365			-1.2000			-646.0000			71.0000			507.0000			
-55.6970			29.6897			23.5297			-2.4000			-617.0000			1.0000			539.0000			
-55.6970			27.4128			27.3677			-0.9000			-583.0000			-65.0000			565.0000			
-57.3720			23.4283			32.3023			-1.6000			-550.0000			-123.0000			589.0000			
-57.3720			18.3053			37.2370			-1.8000			-517.0000			-182.0000			607.0000			
-55.6970			13.1823			42.7199			0.2000			-480.0000			-243.0000			624.0000			
-52.9053			9.1978			43.8164			0.1000			-435.0000			-307.0000			640.0000			
-52.3470			5.2132			46.0096			-1.1000			-386.0000			-371.0000			649.0000			
-51.2303			1.7979			49.2993			-0.1000			-335.0000			-428.0000			654.0000			
-48.9970			-3.8943			53.1374			0.2000			-288.0000			-481.0000			655.0000			
-46.7637			-8.4481			55.3305			0.1000			-240.0000			-528.0000			655.0000			
-44.5303			-13.5711			57.5237			-0.5000			-190.0000			-576.0000			650.0000			
-43.4137			-17.5556			60.2652			-0.6000			-138.0000			-623.0000			643.0000			
-40.0637			-21.5402			62.4583			0.8000			-81.0000			-669.0000			630.0000			
-36.1554			-24.9555			61.3617			0.2000			-22.0000			-710.0000			615.0000			
-32.8054			-26.6631			60.2652			0.8000			37.0000			-743.0000			592.0000			
-28.8971			-31.7861			60.8135			0.1000			91.0000			-769.0000			566.0000			
-24.4304			-35.7707			61.3617			1.1000			140.0000			-792.0000			539.0000			
-21.0804			-39.7552			61.3617			0.5000			191.0000			-813.0000			514.0000			
-16.0554			-42.0321			60.2652			2.1000			240.0000			-830.0000			483.0000			
-11.0305			-44.8782			57.5237			1.6000			295.0000			-842.0000			445.0000			
-6.0055			-48.8628			55.3305			0.4000			348.0000			-846.0000			402.0000			
-1.5388			-51.7089			54.7823			1.5000			397.0000			-847.0000			357.0000			
2.3695			-52.2781			52.0408			2.1000			443.0000			-845.0000			313.0000			
6.8362			-53.9857			49.2993			2.1000			483.0000			-840.0000			274.0000			
12.4195			-56.8319			46.5579			2.1000			521.0000			-827.0000			228.0000			
17.4445			-57.9703			42.7199			2.1000			559.0000			-811.0000			182.0000			
20.7944			-57.9703			39.9784			2.8000			595.0000			-788.0000			131.0000			
24.1444			-56.8319			33.9472			1.2000			630.0000			-758.0000			76.0000			
27.4944			-56.8319			30.6575			1.3000			655.0000			-722.0000			22.0000			
31.9611			-57.9703			28.4643			2.4000			675.0000			-684.0000			-27.0000			
36.9861			-57.4011			24.6263			4.2000			693.0000			-649.0000			-72.0000			
39.2194			-55.6934			18.5951			2.1000			705.0000			-609.0000			-117.0000			
42.5694			-52.8473			13.1122			2.8000			715.0000			-560.0000			-166.0000			
45.3610			-51.7089			8.1776			1.8000			719.0000			-504.0000			-216.0000			
48.1527			-50.5704			5.4361			3.0000			720.0000			-446.0000			-265.0000			
50.3860			-48.8628			1.0498			2.5000			719.0000			-390.0000			-309.0000			
52.0610			-44.8782			-5.5297			1.6000			712.0000			-335.0000			-351.0000			
54.2943			-42.6013			-9.9160			1.7000			704.0000			-277.0000			-390.0000			
57.6443			-40.3244			-14.3024			3.0000			690.0000			-215.0000			-429.0000			
59.3193			-36.9091			-19.7853			2.6000			670.0000			-149.0000			-468.0000			
57.6443			-34.0630			-23.0750			0.5000			648.0000			-79.0000			-503.0000			
55.9693			-27.8016			-25.8165			2.3000			617.0000			-9.0000			-535.0000			
56.5277			-24.3863			-30.2028			1.9000			583.0000			55.0000			-562.0000			
57.6443			-21.5402			-35.6857			0.4000			551.0000			117.0000			-583.0000			
57.6443			-16.9864			-40.0720			0.5000			517.0000			171.0000			-602.0000			
55.9693			-13.0018			-43.3618			-0.3000			481.0000			231.0000			-619.0000			
54.2943			-7.8789			-45.0066			1.4000			440.0000			293.0000			-632.0000			
52.0610			-3.8943			-48.8447			-0.6000			389.0000			355.0000			-641.0000			
51.5027			0.0902			-52.1344			-0.5000			337.0000			414.0000			-645.0000			
49.2694			4.6440			-54.3276			-0.4000			289.0000			464.0000			-645.0000			
47.0360			9.1978			-55.9724			0.2000			242.0000			516.0000			-645.0000			
45.3610			14.8900			-59.8105			0.4000			191.0000			564.0000			-642.0000			
43.6860			20.0130			-62.5519			1.1000			139.0000			611.0000			-634.0000			
40.3360			22.8591			-63.6485			-0.4000			80.0000			657.0000			-621.0000			
35.3111			25.7052			-62.5519			-1.5000			21.0000			698.0000			-605.0000			
31.4027			29.6897			-60.9071			0.1000			-39.0000			732.0000			-581.0000			
29.1694			33.6743			-62.0036			0.8000			-95.0000			760.0000			-555.0000			
26.3778			38.2280			-64.1968			0.4000			-145.0000			783.0000			-529.0000			
21.9111			41.0742			-63.6485			-0.6000			-193.0000			804.0000			-502.0000			
15.7695			44.4895			-60.9071			-0.6000			-240.0000			819.0000			-473.0000			
10.1861			47.3356			-58.7139			-1.1000			-294.0000			831.0000			-436.0000			
6.8362			50.7509			-57.0690			0.5000			-347.0000			834.0000			-392.0000			
2.3695			52.4586			-56.5207			-1.6000			-396.0000			835.0000			-349.0000			
-2.6555			54.7355			-54.3276			-2.2000			-440.0000			833.0000			-306.0000			
-8.2388			57.0123			-49.3930			-0.6000			-482.0000			826.0000			-264.0000			
-12.1471			59.8584			-47.7481			0.0000			-520.0000			814.0000			-219.0000			
-17.1721			59.2892			-45.5549			-3.4000			-557.0000			797.0000			-172.0000			
-21.0804			59.8584			-40.6203			-1.8000			-593.0000			774.0000			-120.0000			
-23.8721			59.2892			-36.2340			-0.8000			-627.0000			744.0000			-66.0000			
-27.2221			59.2892			-32.9442			-0.8000			-653.0000			709.0000			-12.0000			
-32.8054			59.2892			-29.1062			-2.6000			-673.0000			671.0000			37.0000			
-36.1554			59.2892			-24.1716			-1.0000			-688.0000			634.0000			81.0000			
-40.0637			57.0123			-19.2370			-2.2000			-702.0000			591.0000			127.0000			
-42.2970			54.7355			-14.8507			-2.4000			-713.0000			541.0000			177.0000			
-46.2053			53.0278			-8.8195			-1.9000			-719.0000			485.0000			226.0000			
-48.9970			53.0278			-4.4331			-0.3000			-719.0000			427.0000			275.0000			
-51.2303			50.7509			-0.5951			-1.0000			-717.0000			369.0000			319.0000			
-53.4636			46.1971			5.4361			-1.8000			-711.0000			315.0000			361.0000			
-55.6970			44.4895			10.3707			-0.8000			-702.0000			259.0000			400.0000			
-59.0470			41.6434			14.2088			-3.1000			-687.0000			199.0000			438.0000			
-59.6053			39.3665			18.5951			-1.6000			-668.0000			131.0000			476.0000			
-58.4886			34.8127			22.4331			-1.2000			-643.0000			63.0000			512.0000			
-57.3720			30.2590			25.7229			-1.3000			-613.0000			-5.0000			542.0000			
-57.9303			26.8436			29.5609			-1.5000			-580.0000			-66.0000			566.0000			
-59.0470			22.8591			34.4955			-1.6000			-548.0000			-127.0000			589.0000			
-58.4886			18.3053			39.9784			-0.2000			-515.0000			-185.0000			608.0000			
-57.3720			13.7515			42.7199			-0.9000			-477.0000			-245.0000			627.0000			
-55.6970			8.6286			45.4613			-1.6000			-432.0000			-308.0000			641.0000			
-53.4636			5.2132			48.2028			0.0000			-383.0000			-369.0000			650.0000			
-52.3470			0.6595			51.4925			-0.1000			-333.0000			-426.0000			654.0000			
-50.6720			-4.4635			54.7823			-0.3000			-283.0000			-478.0000			654.0000			
-48.4387			-8.4481			56.4271			-0.4000			-236.0000			-524.0000			654.0000			
-46.7637			-13.5711			59.1686			-1.1000			-188.0000			-571.0000			649.0000			
-44.5303			-18.6940			63.0066			-0.2000			-135.0000			-617.0000			643.0000			
-41.1804			-22.1094			64.1032			0.8000			-77.0000			-662.0000			630.0000			
-36.7137			-24.3863			63.0066			1.9000			-17.0000			-701.0000			613.0000			
-33.3637			-27.8016			60.8135			-0.3000			41.0000			-733.0000			589.0000			
-30.0137			-32.3554			62.4583			0.0000			95.0000			-758.0000			564.0000			
-26.1054			-36.9091			64.1032			1.0000			145.0000			-780.0000			539.0000			
-22.1971			-39.7552			63.0066			1.0000			194.0000			-800.0000			511.0000			
-17.7304			-43.1706			61.3617			0.4000			245.0000			-816.0000			481.0000			
-11.0305			-46.0167			59.1686			2.1000			298.0000			-826.0000			443.0000			
-6.0055			-48.2935			56.9754			2.6000			352.0000			-829.0000			398.0000			
-3.2138			-52.2781			55.8788			0.3000			404.0000			-830.0000			355.0000			
0.1362			-53.4165			53.6857			0.4000			447.0000			-827.0000			313.0000			
5.7195			-55.1242			50.9442			1.5000			486.0000			-820.0000			270.0000			
11.3028			-57.9703			48.7511			2.0000			524.0000			-808.0000			228.0000			
16.8861			-59.1087			44.3647			2.1000			562.0000			-790.0000			181.0000			
20.2361			-58.5395			39.9784			1.6000			599.0000			-767.0000			127.0000			
22.4694			-57.4011			36.6887			1.7000			630.0000			-735.0000			74.0000			
26.9361			-57.4011			33.9472			3.4000			657.0000			-700.0000			21.0000			
31.4027			-57.4011			29.5609			3.5000			676.0000			-663.0000			-30.0000			
35.3111			-58.5395			24.6263			1.3000			693.0000			-629.0000			-74.0000			
38.1027			-55.1242			18.5951			1.5000			707.0000			-589.0000			-119.0000			
40.8944			-52.8473			13.6605			1.7000			714.0000			-540.0000			-168.0000			
44.8027			-52.2781			9.8224			2.3000			720.0000			-485.0000			-217.0000			
47.0360			-51.1396			5.9844			1.8000			719.0000			-429.0000			-266.0000			
49.2694			-48.8628			1.0498			1.4000			718.0000			-374.0000			-311.0000			
51.5027			-46.0167			-4.9814			0.5000			713.0000			-319.0000			-353.0000			
54.2943			-42.6013			-9.3677			2.3000			703.0000			-261.0000			-393.0000			
56.5277			-40.3244			-13.7541			2.4000			691.0000			-200.0000			-432.0000			
58.2027			-37.4783			-18.1404			2.5000			671.0000			-134.0000			-469.0000			
55.9693			-34.0630			-21.4301			0.4000			646.0000			-65.0000			-505.0000			
55.4110			-30.0785			-24.1716			1.1000			615.0000			5.0000			-537.0000			
55.9693			-25.5247			-28.5579			1.8000			582.0000			69.0000			-562.0000			
