-70.0748			27.7856			44.3829			2.0000			-21.0000			30.0000			91.0000			
-69.4942			20.7462			48.3634			-0.3000			-19.0000			24.0000			96.0000			
-66.0110			13.1202			53.4813			0.5000			-16.0000			18.0000			98.0000			
-66.0110			8.4272			59.1679			1.5000			-12.0000			11.0000			103.0000			
-66.0110			5.4942			60.3052			-0.2000			-8.0000			4.0000			105.0000			
-64.8500			3.7343			60.8739			-0.2000			-4.0000			-3.0000			107.0000			
-60.7862			0.2146			61.4425			0.8000			0.0000			-9.0000			107.0000			
-53.2393			-7.9980			62.0112			0.7000			5.0000			-15.0000			109.0000			
-45.1118			-16.7972			63.7171			1.8000			8.0000			-21.0000			109.0000			
-42.7897			-21.4902			64.8544			0.5000			13.0000			-27.0000			109.0000			
-43.3702			-23.8366			67.6977			0.4000			18.0000			-34.0000			109.0000			
-40.4675			-28.5296			68.8350			-0.1000			22.0000			-38.0000			108.0000			
-33.5011			-36.1556			69.9723			0.3000			26.0000			-42.0000			107.0000			
-28.8568			-40.8485			69.9723			0.2000			30.0000			-48.0000			106.0000			
-26.5347			-44.9548			69.4037			-2.0000			34.0000			-53.0000			104.0000			
-19.5683			-46.7146			65.9918			-0.2000			37.0000			-55.0000			101.0000			
-12.0213			-51.4076			62.0112			-1.4000			43.0000			-58.0000			98.0000			
-5.0549			-54.3407			59.1679			-0.2000			46.0000			-61.0000			94.0000			
-1.5717			-59.0336			60.8739			0.2000			51.0000			-63.0000			91.0000			
-0.4106			-60.2068			60.3052			-0.3000			53.0000			-65.0000			87.0000			
5.9753			-61.9667			56.3246			0.3000			57.0000			-66.0000			79.0000			
16.4249			-63.1399			45.5202			-1.1000			60.0000			-66.0000			74.0000			
25.1329			-64.3131			38.1276			-1.0000			62.0000			-66.0000			68.0000			
28.0356			-65.4864			36.9903			-0.4000			66.0000			-65.0000			61.0000			
29.7772			-69.0060			38.6963			-0.5000			68.0000			-64.0000			55.0000			
34.4215			-70.7659			34.7157			-1.6000			71.0000			-63.0000			49.0000			
42.5489			-71.9391			29.0292			-0.3000			73.0000			-61.0000			42.0000			
47.7738			-71.9391			23.3426			-0.8000			74.0000			-59.0000			36.0000			
50.0959			-69.5927			18.2247			-1.2000			74.0000			-57.0000			31.0000			
52.4180			-65.4864			10.8322			-2.2000			77.0000			-54.0000			24.0000			
57.6428			-62.5533			4.0083			-0.9000			76.0000			-51.0000			17.0000			
61.7066			-59.6202			-2.2469			-0.1000			78.0000			-47.0000			11.0000			
67.5119			-62.5533			-5.6588			-0.7000			77.0000			-42.0000			6.0000			
66.9314			-60.7934			-7.9334			-1.7000			77.0000			-37.0000			-2.0000			
67.5119			-57.8603			-12.4827			-2.8000			76.0000			-31.0000			-8.0000			
68.6730			-47.3013			-22.7185			-1.3000			76.0000			-25.0000			-15.0000			
71.5757			-42.6083			-30.1110			-1.1000			74.0000			-18.0000			-20.0000			
74.4784			-42.0217			-33.5229			-1.0000			72.0000			-11.0000			-27.0000			
76.2200			-41.4351			-34.6602			0.1000			70.0000			-7.0000			-33.0000			
75.0589			-38.5020			-37.5035			-0.9000			69.0000			-1.0000			-38.0000			
73.3173			-33.8091			-41.4841			-1.9000			67.0000			5.0000			-42.0000			
72.7367			-28.5296			-44.3274			-0.1000			63.0000			13.0000			-47.0000			
72.1562			-22.6634			-49.4453			0.0000			60.0000			17.0000			-51.0000			
68.6730			-15.0374			-55.1318			-1.4000			58.0000			24.0000			-53.0000			
67.5119			-7.9980			-59.6811			-0.1000			55.0000			31.0000			-57.0000			
66.9314			-5.0649			-61.9557			0.0000			52.0000			39.0000			-61.0000			
65.1898			-3.3051			-62.5243			-0.6000			49.0000			43.0000			-61.0000			
61.7066			0.8012			-62.5243			0.0000			43.0000			51.0000			-63.0000			
54.7402			9.0139			-64.2303			-0.4000			39.0000			57.0000			-62.0000			
47.1932			17.2265			-65.9363			-1.5000			34.0000			63.0000			-64.0000			
44.2905			22.5060			-66.5049			0.2000			28.0000			70.0000			-63.0000			
44.8711			25.4391			-69.3482			0.9000			25.0000			75.0000			-62.0000			
41.3879			29.5454			-71.6228			-0.6000			21.0000			80.0000			-62.0000			
34.4215			37.1714			-71.6228			0.0000			17.0000			86.0000			-60.0000			
29.7772			42.4510			-72.1915			0.0000			11.0000			89.0000			-58.0000			
26.8745			45.3840			-72.1915			0.0000			8.0000			93.0000			-57.0000			
21.0692			47.7305			-67.6422			1.1000			5.0000			95.0000			-53.0000			
11.2001			51.2502			-62.5243			0.0000			0.0000			99.0000			-51.0000			
4.2337			54.7699			-59.6811			-0.6000			-4.0000			102.0000			-47.0000			
2.4921			58.8762			-61.3870			0.0000			-8.0000			104.0000			-44.0000			
-0.4106			61.2227			-60.8184			0.0000			-12.0000			106.0000			-39.0000			
-6.2160			62.3959			-55.7005			0.4000			-13.0000			106.0000			-33.0000			
-18.4072			64.1557			-45.4647			0.2000			-18.0000			107.0000			-26.0000			
-25.9541			64.7424			-37.5035			1.2000			-21.0000			106.0000			-20.0000			
-29.4374			65.9156			-36.9349			-0.4000			-24.0000			105.0000			-14.0000			
-30.5984			69.4353			-38.0722			0.7000			-26.0000			106.0000			-8.0000			
-36.4038			71.1951			-35.2289			-0.4000			-30.0000			104.0000			-2.0000			
-42.2091			71.7817			-27.8364			1.7000			-31.0000			103.0000			3.0000			
-48.0145			72.3684			-22.7185			1.6000			-33.0000			102.0000			10.0000			
-50.9171			70.0219			-18.1692			0.9000			-33.0000			98.0000			15.0000			
-53.8198			65.9156			-10.7767			1.3000			-34.0000			95.0000			22.0000			
-58.4641			61.2227			-1.1096			1.6000			-35.0000			93.0000			28.0000			
-64.2694			61.8093			3.4397			0.9000			-35.0000			88.0000			36.0000			
-69.4942			62.9825			6.8516			0.3000			-36.0000			85.0000			42.0000			
-67.7526			61.2227			8.5576			2.0000			-36.0000			79.0000			47.0000			
-69.4942			55.3565			15.3814			1.2000			-34.0000			73.0000			54.0000			
-70.0748			47.1439			24.4799			1.5000			-33.0000			66.0000			60.0000			
-72.9775			41.2777			32.4411			0.7000			-32.0000			60.0000			68.0000			
-74.1385			39.5179			36.4217			1.7000			-30.0000			53.0000			73.0000			
-75.8801			38.9313			37.5590			0.6000			-26.0000			47.0000			79.0000			
-75.2996			36.5848			40.9709			2.2000			-26.0000			41.0000			84.0000			
-74.7191			30.7186			44.3829			0.3000			-23.0000			35.0000			87.0000			
-73.5580			24.8525			48.9321			0.2000			-20.0000			29.0000			93.0000			
-71.8164			19.5729			52.9127			0.6000			-17.0000			22.0000			95.0000			
-67.1721			11.3603			57.4619			1.6000			-15.0000			17.0000			99.0000			
-67.7526			4.9075			63.7171			0.8000			-11.0000			9.0000			103.0000			
-68.3332			3.1477			67.1291			1.9000			-8.0000			4.0000			105.0000			
-66.0110			1.3878			65.4231			0.8000			-4.0000			-3.0000			107.0000			
-59.6252			-4.4783			64.8544			0.7000			2.0000			-10.0000			108.0000			
-53.2393			-13.2775			67.1291			0.6000			5.0000			-16.0000			109.0000			
-47.4339			-20.9036			68.2664			0.0000			10.0000			-22.0000			108.0000			
-42.7897			-26.7697			69.4037			-0.1000			15.0000			-29.0000			108.0000			
-42.2091			-29.7028			71.1096			-0.8000			19.0000			-34.0000			108.0000			
-39.3064			-33.8091			73.9529			0.8000			23.0000			-40.0000			107.0000			
-32.9206			-40.8485			72.8156			-0.9000			27.0000			-46.0000			107.0000			
-27.6958			-46.1280			73.3843			-0.4000			31.0000			-48.0000			105.0000			
-23.6320			-49.0611			72.8156			0.1000			35.0000			-52.0000			102.0000			
-17.2461			-51.9942			69.4037			0.1000			39.0000			-55.0000			100.0000			
-7.9576			-56.1005			63.7171			-0.3000			43.0000			-58.0000			97.0000			
-0.4106			-61.3800			61.4425			-0.3000			46.0000			-63.0000			94.0000			
1.3310			-64.3131			63.7171			0.7000			51.0000			-64.0000			89.0000			
3.0726			-65.4864			62.0112			-0.4000			54.0000			-65.0000			84.0000			
10.0390			-66.6596			55.7560			-0.8000			57.0000			-65.0000			79.0000			
22.2302			-67.8328			46.0888			0.4000			61.0000			-66.0000			73.0000			
28.6161			-68.4194			38.1276			-1.6000			63.0000			-65.0000			67.0000			
32.6799			-69.5927			36.4217			-0.4000			66.0000			-65.0000			60.0000			
34.4215			-72.5257			36.9903			-1.1000			70.0000			-63.0000			54.0000			
39.0657			-76.0454			34.7157			-2.2000			71.0000			-62.0000			47.0000			
46.6127			-75.4588			28.4605			-0.3000			72.0000			-62.0000			42.0000			
52.4180			-76.0454			21.6366			-1.9000			74.0000			-59.0000			35.0000			
55.3207			-73.6990			16.5187			-1.8000			75.0000			-57.0000			30.0000			
57.6428			-68.4194			9.6949			-1.0000			76.0000			-53.0000			23.0000			
64.0287			-63.7265			0.5964			0.9000			77.0000			-50.0000			17.0000			
68.6730			-61.9667			-6.2275			0.4000			77.0000			-46.0000			10.0000			
72.1562			-66.0730			-8.5021			-2.4000			77.0000			-41.0000			4.0000			
70.9951			-63.1399			-10.2081			-2.3000			77.0000			-36.0000			-2.0000			
72.1562			-56.6871			-17.6006			-2.1000			76.0000			-31.0000			-9.0000			
72.7367			-48.4745			-26.6991			-2.4000			75.0000			-25.0000			-15.0000			
76.8005			-44.3682			-33.5229			-1.0000			73.0000			-17.0000			-22.0000			
77.9616			-42.0217			-37.5035			-1.5000			71.0000			-11.0000			-29.0000			
78.5421			-39.0886			-39.7781			-0.3000			69.0000			-4.0000			-33.0000			
77.9616			-36.1556			-42.0528			-0.2000			67.0000			2.0000			-38.0000			
76.2200			-31.4626			-47.1706			-2.4000			66.0000			7.0000			-43.0000			
76.2200			-26.1831			-51.7199			-1.6000			63.0000			12.0000			-47.0000			
73.8978			-20.9036			-54.5632			-1.5000			61.0000			19.0000			-51.0000			
70.9951			-13.8642			-59.1124			-1.9000			57.0000			26.0000			-54.0000			
68.6730			-3.3051			-65.9363			-0.5000			54.0000			31.0000			-58.0000			
68.6730			-2.7185			-68.2109			-2.2000			51.0000			39.0000			-59.0000			
66.9314			-0.9586			-65.9363			0.0000			47.0000			45.0000			-61.0000			
61.1261			4.3209			-66.5049			-1.0000			42.0000			51.0000			-62.0000			
52.9986			13.7068			-67.6422			-0.9000			38.0000			58.0000			-63.0000			
48.3543			20.7462			-69.3482			-0.2000			34.0000			64.0000			-65.0000			
45.4516			25.4391			-71.0542			-0.1000			29.0000			71.0000			-63.0000			
43.7100			30.1320			-73.3288			0.5000			24.0000			76.0000			-61.0000			
39.0657			34.8249			-75.0348			-1.1000			19.0000			81.0000			-62.0000			
34.4215			40.6911			-75.0348			0.0000			16.0000			85.0000			-60.0000			
28.6161			46.5573			-75.0348			0.1000			11.0000			89.0000			-58.0000			
23.9718			49.4903			-73.8974			-0.4000			8.0000			94.0000			-57.0000			
19.3276			51.8368			-71.0542			0.1000			4.0000			98.0000			-55.0000			
8.8779			55.9431			-64.7990			0.0000			-1.0000			100.0000			-50.0000			
1.3310			60.0494			-61.3870			0.0000			-5.0000			103.0000			-47.0000			
-0.4106			64.1557			-64.2303			-0.4000			-8.0000			105.0000			-42.0000			
-2.1522			64.7424			-63.0930			-0.4000			-12.0000			106.0000			-37.0000			
-10.2797			65.9156			-55.1318			0.5000			-13.0000			108.0000			-32.0000			
-21.8904			68.2620			-45.4647			0.9000			-18.0000			107.0000			-25.0000			
-28.8568			68.2620			-39.2095			0.1000			-21.0000			105.0000			-20.0000			
-32.3400			69.4353			-37.5035			-0.4000			-24.0000			107.0000			-13.0000			
-34.0816			71.7817			-36.9349			0.7000			-27.0000			106.0000			-6.0000			
-39.8870			75.8881			-34.6602			1.3000			-29.0000			104.0000			-1.0000			
-46.2729			75.3014			-28.4050			0.6000			-30.0000			103.0000			6.0000			
-52.6587			74.7148			-21.0125			1.0000			-33.0000			102.0000			10.0000			
-55.5614			72.3684			-15.3260			1.4000			-33.0000			98.0000			16.0000			
-58.4641			67.6754			-9.0707			0.1000			-35.0000			94.0000			23.0000			
-61.9473			62.3959			1.7337			2.1000			-34.0000			92.0000			30.0000			
-67.7526			63.5691			6.8516			2.6000			-35.0000			88.0000			37.0000			
-73.5580			67.0888			7.9889			1.5000			-34.0000			83.0000			43.0000			
-71.8164			62.3959			10.2635			0.8000			-35.0000			79.0000			49.0000			
-71.2359			54.1833			19.9307			2.8000			-34.0000			73.0000			55.0000			
-74.1385			45.9706			29.0292			0.8000			-32.0000			66.0000			62.0000			
-77.0412			43.0376			35.2844			1.2000			-31.0000			58.0000			67.0000			
-78.7828			40.6911			38.1276			0.0000			-29.0000			53.0000			74.0000			
-78.2023			38.3446			41.5396			1.6000			-26.0000			47.0000			80.0000			
-78.2023			35.4116			43.8142			1.0000			-25.0000			40.0000			84.0000			
-76.4607			29.5454			48.3634			1.4000			-22.0000			34.0000			89.0000			
-75.2996			22.5060			53.4813			0.6000			-20.0000			28.0000			91.0000			
-73.5580			17.2265			56.8933			0.5000			-17.0000			22.0000			95.0000			
-70.0748			10.1871			60.8739			0.9000			-13.0000			16.0000			99.0000			
-68.9137			3.7343			65.4231			0.2000			-10.0000			9.0000			103.0000			
-70.0748			1.3878			69.4037			0.7000			-7.0000			3.0000			105.0000			
-67.7526			0.2146			67.1291			-0.4000			-2.0000			-4.0000			107.0000			
-61.3668			-6.2382			68.2664			0.6000			1.0000			-9.0000			109.0000			
-50.9171			-17.3839			69.9723			1.6000			6.0000			-17.0000			109.0000			
-46.8534			-23.8366			71.1096			0.4000			10.0000			-23.0000			110.0000			
-44.5313			-28.5296			72.8156			-0.2000			15.0000			-28.0000			109.0000			
-42.2091			-31.4626			73.9529			0.2000			20.0000			-34.0000			109.0000			
-38.1454			-37.9154			76.2275			0.1000			24.0000			-40.0000			107.0000			
-32.3400			-43.7816			76.2275			0.1000			28.0000			-44.0000			107.0000			
-27.1152			-49.0611			75.6589			-0.5000			31.0000			-49.0000			104.0000			
-21.8904			-52.5808			74.5216			0.0000			35.0000			-51.0000			103.0000			
-15.5045			-55.5139			71.1096			0.0000			40.0000			-57.0000			100.0000			
-6.7965			-58.4470			64.8544			-0.3000			44.0000			-59.0000			96.0000			
0.7504			-63.7265			62.0112			-0.9000			48.0000			-62.0000			93.0000			
1.9115			-67.8328			65.4231			-0.4000			50.0000			-65.0000			89.0000			
3.0726			-69.0060			64.8544			-1.0000			54.0000			-65.0000			84.0000			
12.9417			-69.5927			55.7560			-0.8000			58.0000			-65.0000			78.0000			
25.1329			-70.7659			44.3829			-1.2000			62.0000			-65.0000			71.0000			
30.9382			-70.7659			38.1276			-1.6000			65.0000			-65.0000			65.0000			
33.8409			-72.5257			38.1276			-0.5000			67.0000			-64.0000			59.0000			
36.7436			-74.2856			37.5590			0.0000			71.0000			-63.0000			52.0000			
43.7100			-78.3919			33.5784			-1.1000			73.0000			-62.0000			46.0000			
48.9348			-77.8053			27.8918			-0.9000			74.0000			-60.0000			41.0000			
54.1596			-77.8053			21.0680			-2.5000			75.0000			-58.0000			33.0000			
57.6428			-73.6990			14.2441			-1.8000			77.0000			-56.0000			29.0000			
60.5455			-70.1793			7.4203			-2.2000			77.0000			-53.0000			22.0000			
65.1898			-67.8328			-1.1096			-3.7000			78.0000			-49.0000			17.0000			
72.1562			-65.4864			-6.2275			0.4000			78.0000			-45.0000			10.0000			
75.6394			-67.8328			-9.0707			-1.2000			78.0000			-41.0000			3.0000			
74.4784			-62.5533			-13.0513			-1.1000			78.0000			-35.0000			-3.0000			
74.4784			-54.9273			-22.1498			-2.5000			75.0000			-30.0000			-11.0000			
76.2200			-48.4745			-30.6796			-2.9000			74.0000			-22.0000			-17.0000			
79.1226			-44.9548			-35.7975			-1.6000			74.0000			-15.0000			-23.0000			
81.4448			-43.1950			-38.6408			-0.3000			72.0000			-11.0000			-28.0000			
80.8642			-38.5020			-43.1901			-0.8000			70.0000			-3.0000			-35.0000			
80.8642			-36.1556			-45.4647			-0.7000			67.0000			2.0000			-39.0000			
79.7032			-30.8760			-50.0139			-1.1000			65.0000			9.0000			-43.0000			
77.9616			-25.0099			-53.4259			-0.4000			63.0000			15.0000			-48.0000			
75.6394			-18.5571			-58.5438			-1.4000			60.0000			19.0000			-50.0000			
73.8978			-11.5177			-62.5243			-0.1000			57.0000			26.0000			-54.0000			
70.9951			-2.7185			-68.7795			-0.5000			54.0000			34.0000			-57.0000			
70.9951			-0.3720			-71.6228			-0.9000			50.0000			40.0000			-60.0000			
69.2535			0.2146			-69.9169			-0.4000			46.0000			47.0000			-62.0000			
62.2871			6.6674			-69.3482			-0.3000			43.0000			54.0000			-62.0000			
52.4180			17.8131			-70.4855			-0.2000			38.0000			60.0000			-63.0000			
48.3543			24.8525			-72.1915			1.0000			32.0000			65.0000			-63.0000			
46.6127			27.7856			-74.4661			0.0000			28.0000			71.0000			-62.0000			
43.7100			31.3053			-76.1721			-1.1000			24.0000			77.0000			-61.0000			
38.4852			39.5179			-77.8780			0.1000			19.0000			82.0000			-60.0000			
33.8409			43.6242			-77.8780			-0.4000			16.0000			87.0000			-59.0000			
28.6161			48.9037			-77.8780			-0.3000			12.0000			89.0000			-58.0000			
23.3913			52.4234			-75.6034			0.2000			7.0000			94.0000			-56.0000			
17.0054			55.9431			-72.1915			0.7000			4.0000			98.0000			-53.0000			
7.1363			59.4628			-67.0736			-0.4000			-1.0000			101.0000			-50.0000			
-0.9912			63.5691			-63.0930			-0.5000			-4.0000			103.0000			-45.0000			
-2.7328			68.8487			-65.9363			0.1000			-8.0000			105.0000			-42.0000			
-5.0549			69.4353			-63.6617			0.7000			-11.0000			107.0000			-35.0000			
-14.3435			70.6085			-56.2691			0.0000			-15.0000			107.0000			-30.0000			
-25.9541			71.1951			-44.3274			0.9000			-18.0000			107.0000			-26.0000			
-32.3400			70.6085			-38.0722			0.1000			-21.0000			107.0000			-19.0000			
-34.6622			74.7148			-38.6408			1.4000			-24.0000			106.0000			-12.0000			
-37.5648			75.3014			-37.5035			0.2000			-27.0000			107.0000			-6.0000			
-45.6923			79.4077			-32.3856			1.3000			-30.0000			104.0000			1.0000			
-50.3366			79.4077			-26.6991			2.3000			-31.0000			102.0000			6.0000			
-55.5614			77.6479			-21.5812			0.5000			-32.0000			100.0000			12.0000			
-60.2057			75.3014			-13.6200			1.4000			-33.0000			98.0000			18.0000			
-61.9473			71.1951			-6.7961			2.4000			-33.0000			95.0000			24.0000			
-67.1721			65.3290			2.3024			0.4000			-35.0000			92.0000			31.0000			
-72.9775			65.3290			7.9889			0.3000			-35.0000			88.0000			38.0000			
-77.6217			67.6754			11.4008			1.4000			-35.0000			83.0000			44.0000			
-76.4607			63.5691			13.6755			0.7000			-34.0000			78.0000			50.0000			
-75.8801			54.1833			24.4799			2.7000			-33.0000			71.0000			58.0000			
-78.2023			46.5573			34.1471			2.5000			-32.0000			64.0000			63.0000			
-81.1049			43.6242			39.2650			1.7000			-29.0000			59.0000			69.0000			
-83.4271			43.0376			40.9709			0.5000			-28.0000			52.0000			75.0000			
-82.2660			38.3446			44.9515			1.0000			-25.0000			45.0000			81.0000			
-81.6855			33.0651			50.0694			1.4000			-23.0000			39.0000			84.0000			
-81.1049			28.9588			52.9127			0.7000			-21.0000			33.0000			89.0000			
-78.7828			23.0926			56.3246			0.6000			-20.0000			27.0000			94.0000			
-76.4607			15.4666			62.0112			1.0000			-16.0000			21.0000			96.0000			
-72.9775			7.8406			66.5604			1.4000			-12.0000			15.0000			102.0000			
-71.2359			0.8012			71.1096			0.6000			-9.0000			9.0000			103.0000			
-71.8164			-1.5452			73.9529			0.5000			-6.0000			2.0000			107.0000			
-68.9137			-3.8917			72.8156			0.0000			-2.0000			-5.0000			107.0000			
-63.1084			-10.3445			73.3843			0.0000			2.0000			-12.0000			109.0000			
-52.0782			-21.4902			74.5216			0.9000			7.0000			-17.0000			110.0000			
-47.4339			-29.1162			75.6589			-0.8000			12.0000			-23.0000			109.0000			
-46.8534			-32.6359			77.9335			-1.5000			16.0000			-28.0000			109.0000			
-43.9507			-34.9823			78.5022			-0.4000			21.0000			-36.0000			108.0000			
-38.1454			-43.7816			80.2081			-1.7000			24.0000			-41.0000			107.0000			
-31.7595			-50.2343			80.2081			-1.7000			29.0000			-45.0000			106.0000			
-27.1152			-53.7540			80.2081			-0.6000			32.0000			-50.0000			104.0000			
-21.3099			-56.6871			77.9335			0.0000			36.0000			-53.0000			102.0000			
-13.1824			-60.2068			74.5216			1.1000			41.0000			-56.0000			100.0000			
-3.8938			-64.3131			67.1291			-1.0000			44.0000			-60.0000			97.0000			
2.4921			-69.0060			64.8544			-1.6000			48.0000			-62.0000			93.0000			
5.3947			-73.1124			67.1291			-0.5000			52.0000			-65.0000			88.0000			
7.1363			-74.2856			66.5604			-0.5000			55.0000			-66.0000			83.0000			
16.4249			-75.4588			58.0306			-1.0000			58.0000			-65.0000			77.0000			
29.1966			-76.0454			45.5202			-1.3000			62.0000			-65.0000			71.0000			
35.5825			-76.6321			38.1276			-2.9000			64.0000			-65.0000			65.0000			
37.9047			-78.9785			39.2650			-1.8000			68.0000			-65.0000			59.0000			
40.2268			-80.1517			38.1276			-1.7000			70.0000			-64.0000			53.0000			
48.3543			-83.0848			32.4411			-2.2000			71.0000			-61.0000			46.0000			
54.7402			-82.4982			25.6172			-2.1000			73.0000			-60.0000			40.0000			
59.3844			-80.7384			21.0680			-0.2000			75.0000			-58.0000			33.0000			
62.8677			-77.2187			13.6755			-0.6000			76.0000			-55.0000			28.0000			
66.3509			-73.1124			4.0083			-2.7000			77.0000			-52.0000			23.0000			
70.4146			-69.5927			-4.5215			-3.6000			78.0000			-49.0000			15.0000			
77.3810			-68.4194			-9.6394			-0.6000			78.0000			-44.0000			7.0000			
80.2837			-70.7659			-10.7767			-1.2000			77.0000			-39.0000			2.0000			
79.7032			-66.6596			-13.6200			-0.5000			78.0000			-34.0000			-4.0000			
79.7032			-55.5139			-24.9931			-0.8000			77.0000			-27.0000			-10.0000			
81.4448			-47.3013			-35.2289			-1.0000			75.0000			-22.0000			-18.0000			
84.3474			-45.5414			-40.9154			-2.1000			73.0000			-15.0000			-24.0000			
86.0890			-45.5414			-42.0528			-1.5000			72.0000			-8.0000			-29.0000			
85.5085			-40.2619			-46.0333			-0.7000			69.0000			-2.0000			-35.0000			
85.5085			-35.5689			-51.1512			-1.2000			67.0000			3.0000			-40.0000			
83.7669			-29.7028			-54.5632			-0.4000			65.0000			9.0000			-43.0000			
81.4448			-23.2500			-57.9751			0.2000			62.0000			15.0000			-49.0000			
78.5421			-16.7972			-63.6617			-1.9000			60.0000			22.0000			-51.0000			
157.4948			53.5967			73.9529			285.0000			65.0000			40.0000			-17.0000			
62.2871			-9.1712			-189.3345			-136.2000			84.0000			84.0000			-14.0000			
22.8108			-68.4194			-116.5466			-162.1000			84.0000			96.0000			-6.0000			
119.1795			72.9550			-12.4827			179.6000			78.0000			105.0000			-12.0000			
52.4180			-13.8642			-123.3705			-84.8000			70.0000			101.0000			-16.0000			
37.3241			1.3878			-75.0348			-36.3000			62.0000			107.0000			-16.0000			
87.2501			73.5416			-50.5826			110.2000			59.0000			114.0000			-16.0000			
19.9081			9.6005			-113.7033			-84.1000			55.0000			120.0000			-15.0000			
43.7100			43.6242			-83.5646			3.7000			50.0000			126.0000			-16.0000			
44.2905			49.4903			-76.1721			17.6000			44.0000			127.0000			-17.0000			
12.3611			26.0257			-108.0168			-69.6000			37.0000			128.0000			-16.0000			
48.3543			76.4747			-84.1332			40.6000			34.0000			134.0000			-14.0000			
13.5222			67.6754			-121.6645			-40.4000			30.0000			138.0000			-14.0000			
-5.0549			55.9431			-100.6242			-49.7000			26.0000			140.0000			-12.0000			
11.2001			80.5810			-59.1124			32.6000			20.0000			140.0000			-11.0000			
-18.4072			54.1833			-68.7795			-33.0000			13.0000			139.0000			-10.0000			
-5.6354			67.0888			-73.8974			-12.4000			8.0000			140.0000			-8.0000			
-7.9576			74.1282			-75.0348			-8.8000			3.0000			138.0000			-5.0000			
-30.0179			66.5022			-65.3676			-28.8000			-3.0000			135.0000			-4.0000			
-32.9206			76.4747			-47.7393			-4.1000			-8.0000			131.0000			-2.0000			
-42.2091			67.6754			-44.8960			-19.4000			-15.0000			127.0000			1.0000			
-41.0480			71.7817			-50.0139			-19.2000			-20.0000			121.0000			3.0000			
-40.4675			75.3014			-46.0333			-11.2000			-25.0000			116.0000			7.0000			
-52.0782			79.4077			-40.3468			-13.0000			-29.0000			112.0000			9.0000			
-60.2057			78.8211			-31.2483			-12.6000			-32.0000			107.0000			11.0000			
-64.8500			76.4747			-25.5617			-13.9000			-36.0000			102.0000			13.0000			
-68.3332			72.9550			-21.0125			-16.3000			-39.0000			96.0000			14.0000			
-72.9775			71.7817			-14.1886			-15.3000			-41.0000			90.0000			18.0000			
-78.2023			68.8487			-4.5215			-13.8000			-45.0000			82.0000			21.0000			
-84.5881			66.5022			2.8710			-15.2000			-47.0000			73.0000			23.0000			
-86.3298			66.5022			6.8516			-12.9000			-49.0000			65.0000			26.0000			
-86.3298			63.5691			7.4203			-15.3000			-50.0000			55.0000			30.0000			
-84.0076			53.0100			15.3814			-15.6000			-51.0000			46.0000			32.0000			
-87.4908			45.9706			26.7545			-14.7000			-51.0000			36.0000			35.0000			
-89.8130			42.4510			33.5784			-13.7000			-51.0000			26.0000			37.0000			
-91.5546			38.9313			37.5590			-15.0000			-51.0000			15.0000			40.0000			
-90.3935			35.9982			42.6769			-11.7000			-51.0000			6.0000			43.0000			
-89.8130			31.3053			46.6575			-11.8000			-50.0000			-3.0000			43.0000			
-88.6519			27.1989			49.5007			-11.9000			-49.0000			-10.0000			46.0000			
-86.3298			21.9194			52.3440			-12.0000			-48.0000			-19.0000			48.0000			
-83.4271			12.5335			56.8933			-13.9000			-45.0000			-27.0000			50.0000			
-78.2023			4.9075			62.5798			-10.7000			-42.0000			-35.0000			51.0000			
-77.0412			-2.1318			66.5604			-12.6000			-40.0000			-44.0000			54.0000			
-77.0412			-3.8917			69.9723			-10.9000			-37.0000			-50.0000			54.0000			
-73.5580			-6.8248			71.6783			-8.7000			-33.0000			-58.0000			55.0000			
-66.0110			-12.1043			70.5410			-7.5000			-28.0000			-65.0000			56.0000			
-56.7225			-24.4232			68.8350			-12.3000			-24.0000			-71.0000			56.0000			
-49.1755			-29.7028			70.5410			-8.3000			-18.0000			-76.0000			56.0000			
-49.1755			-33.2225			72.2470			-10.1000			-13.0000			-81.0000			55.0000			
-47.4339			-37.3288			75.6589			-9.1000			-7.0000			-87.0000			57.0000			
-40.4675			-44.3682			76.2275			-8.6000			-2.0000			-91.0000			56.0000			
-34.0816			-51.9942			76.2275			-9.8000			3.0000			-94.0000			56.0000			
-28.2763			-55.5139			76.2275			-7.5000			7.0000			-97.0000			55.0000			
-22.4709			-59.0336			74.5216			-6.9000			12.0000			-98.0000			55.0000			
-14.9240			-62.5533			71.1096			-6.3000			18.0000			-100.0000			55.0000			
-5.0549			-65.4864			64.8544			-5.6000			23.0000			-102.0000			53.0000			
1.3310			-68.4194			62.0112			-5.0000			28.0000			-101.0000			52.0000			
3.0726			-72.5257			63.1485			-6.3000			34.0000			-100.0000			50.0000			
8.2974			-74.2856			63.1485			-2.8000			39.0000			-99.0000			48.0000			
17.0054			-75.4588			54.0500			-4.4000			45.0000			-95.0000			45.0000			
29.1966			-76.0454			40.4023			-6.4000			50.0000			-91.0000			43.0000			
35.5825			-76.6321			36.4217			-4.6000			55.0000			-87.0000			40.0000			
37.9047			-78.3919			36.9903			-3.4000			61.0000			-83.0000			39.0000			
41.3879			-80.1517			34.1471			-4.6000			66.0000			-77.0000			36.0000			
50.0959			-83.6714			26.1859			-7.3000			70.0000			-72.0000			33.0000			
54.1596			-85.4313			22.2053			-9.0000			73.0000			-68.0000			31.0000			
59.9650			-81.3250			17.6561			-3.6000			77.0000			-62.0000			27.0000			
62.2871			-78.3919			7.9889			-8.1000			79.0000			-57.0000			25.0000			
66.3509			-74.8722			-1.6782			-10.2000			81.0000			-51.0000			21.0000			
72.1562			-71.3525			-6.2275			-5.4000			84.0000			-45.0000			17.0000			
77.3810			-72.5257			-13.0513			-8.1000			85.0000			-38.0000			13.0000			
79.7032			-71.3525			-14.7573			-6.4000			88.0000			-29.0000			10.0000			
80.8642			-64.8997			-20.4439			-4.4000			88.0000			-21.0000			7.0000			
78.5421			-54.3407			-31.2483			-7.0000			88.0000			-13.0000			2.0000			
79.7032			-46.7146			-39.7781			-6.7000			88.0000			-2.0000			-1.0000			
83.7669			-44.3682			-46.0333			-6.6000			87.0000			5.0000			-5.0000			
85.5085			-45.5414			-47.7393			-7.7000			87.0000			14.0000			-8.0000			
84.3474			-41.4351			-49.4453			-6.5000			87.0000			23.0000			-11.0000			
82.0253			-34.9823			-54.5632			-7.5000			86.0000			30.0000			-14.0000			
83.1864			-29.7028			-60.8184			-7.3000			84.0000			39.0000			-17.0000			
80.8642			-25.0099			-64.7990			-8.9000			82.0000			46.0000			-19.0000			
76.2200			-16.2106			-69.3482			-9.3000			80.0000			54.0000			-20.0000			
75.0589			-9.7579			-73.3288			-8.0000			78.0000			61.0000			-23.0000			
72.1562			-2.1318			-78.4467			-8.4000			75.0000			69.0000			-25.0000			
71.5757			1.3878			-81.8586			-8.8000			72.0000			76.0000			-26.0000			
66.9314			4.3209			-80.7213			-9.4000			67.0000			83.0000			-26.0000			
59.9650			12.5335			-80.7213			-8.2000			63.0000			90.0000			-26.0000			
50.6764			21.3328			-81.2900			-9.2000			58.0000			95.0000			-27.0000			
46.0322			27.1989			-82.4273			-9.2000			52.0000			101.0000			-27.0000			
44.8711			30.7186			-84.7019			-9.1000			48.0000			108.0000			-28.0000			
41.9684			34.8249			-86.9765			-10.1000			43.0000			114.0000			-27.0000			
35.0020			42.4510			-87.5452			-10.0000			38.0000			117.0000			-26.0000			
29.1966			48.3171			-88.1138			-10.5000			33.0000			120.0000			-25.0000			
23.9718			54.7699			-88.6825			-9.9000			29.0000			123.0000			-25.0000			
18.7470			55.9431			-85.2706			-10.5000			24.0000			125.0000			-23.0000			
9.4585			58.2896			-79.0153			-11.2000			19.0000			127.0000			-22.0000			
1.3310			64.7424			-75.6034			-9.5000			14.0000			128.0000			-21.0000			
-4.4744			67.0888			-75.0348			-12.4000			9.0000			129.0000			-20.0000			
-7.9576			70.0219			-73.8974			-11.8000			4.0000			128.0000			-17.0000			
-12.6019			71.1951			-69.9169			-11.3000			-2.0000			128.0000			-14.0000			
-21.8904			73.5416			-62.5243			-10.8000			-6.0000			125.0000			-10.0000			
-32.9206			74.7148			-53.4259			-11.6000			-10.0000			123.0000			-6.0000			
-39.3064			72.9550			-47.1706			-13.5000			-16.0000			120.0000			-3.0000			
-42.2091			75.3014			-45.4647			-12.3000			-20.0000			117.0000			1.0000			
-45.1118			79.4077			-45.4647			-11.1000			-25.0000			113.0000			4.0000			
-54.9809			83.5141			-40.3468			-11.8000			-28.0000			110.0000			7.0000			
-60.7862			81.7542			-32.9543			-11.9000			-31.0000			104.0000			10.0000			
-64.2694			77.6479			-26.1304			-12.7000			-33.0000			99.0000			14.0000			
-66.5916			74.1282			-18.1692			-10.6000			-37.0000			95.0000			15.0000			
-70.0748			72.3684			-10.2081			-7.9000			-38.0000			89.0000			21.0000			
-77.0412			70.6085			-2.8155			-9.2000			-41.0000			82.0000			25.0000			
-82.8465			71.7817			0.5964			-10.4000			-42.0000			74.0000			28.0000			
-84.0076			67.6754			3.4397			-12.8000			-44.0000			68.0000			32.0000			
-83.4271			62.3959			10.8322			-10.2000			-44.0000			60.0000			37.0000			
-82.8465			52.4234			21.0680			-9.3000			-44.0000			50.0000			41.0000			
-84.5881			45.3840			29.5978			-9.6000			-43.0000			42.0000			45.0000			
-88.6519			42.4510			34.7157			-11.4000			-43.0000			35.0000			49.0000			
-89.2324			41.8643			36.9903			-10.3000			-42.0000			26.0000			54.0000			
-88.6519			38.9313			39.8336			-9.8000			-42.0000			18.0000			56.0000			
-86.9103			31.8919			45.5202			-9.5000			-40.0000			10.0000			58.0000			
-86.9103			27.1989			51.2067			-8.5000			-38.0000			2.0000			62.0000			
-84.0076			21.3328			55.1873			-7.4000			-34.0000			-4.0000			65.0000			
-80.5244			13.7068			58.0306			-8.7000			-34.0000			-11.0000			68.0000			
-78.2023			6.0808			64.2858			-7.8000			-30.0000			-18.0000			71.0000			
-76.4607			-0.3720			67.6977			-9.1000			-26.0000			-25.0000			74.0000			
-76.4607			-2.7185			69.9723			-9.2000			-23.0000			-31.0000			76.0000			
-70.6553			-5.6515			68.8350			-7.4000			-18.0000			-38.0000			77.0000			
-63.6889			-13.2775			71.1096			-5.8000			-13.0000			-44.0000			78.0000			
-56.7225			-22.0768			71.1096			-7.6000			-7.0000			-49.0000			79.0000			
-50.3366			-28.5296			72.2470			-6.6000			-2.0000			-55.0000			80.0000			
-48.5950			-32.6359			75.0902			-6.1000			2.0000			-60.0000			80.0000			
-46.2729			-36.1556			77.3649			-5.0000			6.0000			-65.0000			80.0000			
-39.8870			-44.3682			78.5022			-5.7000			12.0000			-69.0000			81.0000			
-31.7595			-50.2343			76.7962			-5.1000			18.0000			-71.0000			81.0000			
-27.6958			-54.9273			77.3649			-5.2000			23.0000			-74.0000			81.0000			
-22.4709			-59.0336			75.6589			-5.8000			26.0000			-74.0000			81.0000			
-13.1824			-60.7934			69.9723			-4.0000			32.0000			-77.0000			78.0000			
-3.8938			-64.3131			63.7171			-4.4000			38.0000			-77.0000			78.0000			
0.7504			-69.0060			63.1485			-5.1000			43.0000			-78.0000			77.0000			
2.4921			-72.5257			65.9918			-4.0000			48.0000			-78.0000			75.0000			
8.8779			-73.6990			60.8739			-3.9000			53.0000			-75.0000			71.0000			
18.7470			-74.8722			51.7754			-4.3000			57.0000			-74.0000			67.0000			
28.6161			-76.0454			43.2455			-4.1000			62.0000			-70.0000			65.0000			
33.8409			-76.0454			38.1276			-4.0000			66.0000			-68.0000			60.0000			
37.9047			-77.2187			35.2844			-4.0000			71.0000			-64.0000			57.0000			
40.8073			-80.7384			34.7157			-5.2000			76.0000			-60.0000			53.0000			
49.5154			-84.2581			29.5978			-5.1000			79.0000			-56.0000			50.0000			
55.9012			-84.2581			23.3426			-5.0000			81.0000			-51.0000			47.0000			
59.9650			-81.9116			17.6561			-4.2000			85.0000			-47.0000			43.0000			
61.7066			-76.0454			8.5576			-5.7000			87.0000			-41.0000			40.0000			
65.1898			-70.1793			-0.5409			-5.5000			89.0000			-36.0000			36.0000			
71.5757			-70.7659			-7.3648			-6.5000			91.0000			-29.0000			30.0000			
77.3810			-73.6990			-10.2081			-6.5000			92.0000			-23.0000			27.0000			
78.5421			-71.9391			-13.0513			-6.4000			92.0000			-16.0000			22.0000			
77.9616			-64.3131			-19.8752			-6.2000			93.0000			-10.0000			17.0000			
77.9616			-53.1674			-28.9737			-4.1000			93.0000			-1.0000			13.0000			
80.8642			-47.8879			-38.6408			-5.6000			92.0000			7.0000			8.0000			
83.1864			-44.9548			-43.7587			-5.5000			90.0000			16.0000			3.0000			
83.7669			-43.7816			-46.6020			-6.6000			90.0000			23.0000			-1.0000			
84.3474			-40.8485			-49.4453			-5.9000			88.0000			30.0000			-6.0000			
81.4448			-35.5689			-53.4259			-7.5000			87.0000			36.0000			-9.0000			
80.8642			-30.8760			-59.1124			-9.1000			85.0000			42.0000			-13.0000			
80.2837			-24.4232			-63.6617			-7.8000			81.0000			49.0000			-17.0000			
76.2200			-17.3839			-67.6422			-8.8000			80.0000			55.0000			-20.0000			
72.1562			-8.5846			-72.1915			-8.6000			76.0000			63.0000			-23.0000			
70.9951			-2.7185			-76.7407			-8.4000			72.0000			68.0000			-26.0000			
70.9951			-0.3720			-79.5840			-8.9000			68.0000			75.0000			-29.0000			
65.7703			2.5611			-77.8780			-9.5000			63.0000			80.0000			-32.0000			
58.2234			11.9469			-79.0153			-8.8000			58.0000			86.0000			-33.0000			
50.0959			21.3328			-80.7213			-9.2000			52.0000			90.0000			-33.0000			
45.4516			26.6123			-81.8586			-9.7000			47.0000			95.0000			-34.0000			
44.2905			29.5454			-84.7019			-10.8000			41.0000			100.0000			-36.0000			
40.8073			35.4116			-86.9765			-10.7000			35.0000			103.0000			-36.0000			
34.4215			41.8643			-87.5452			-11.2000			29.0000			107.0000			-37.0000			
27.4550			48.3171			-86.4079			-10.6000			25.0000			109.0000			-38.0000			
22.8108			52.4234			-86.4079			-11.1000			19.0000			109.0000			-38.0000			
68.0925			95.2464			25.0486			188.3000			20.0000			122.0000			-15.0000			
-3.3133			58.8762			-181.9419			-126.3000			29.0000			145.0000			-11.0000			
-27.6958			24.2659			-96.0750			-99.5000			25.0000			148.0000			-3.0000			
35.0020			108.7385			-7.9334			135.8000			19.0000			150.0000			-1.0000			
-24.2125			40.1045			-97.7810			-81.8000			13.0000			146.0000			-2.0000			
-20.7293			51.8368			-80.1527			-49.0000			7.0000			143.0000			-1.0000			
3.0726			104.6322			-40.9154			66.7000			1.0000			139.0000			4.0000			
-61.3668			52.4234			-77.3094			-86.2000			-6.0000			134.0000			5.0000			
-41.0480			74.7148			-27.2677			6.3000			-11.0000			130.0000			8.0000			
-35.2427			83.5141			-30.1110			18.1000			-18.0000			125.0000			9.0000			
-60.2057			56.5297			-65.3676			-69.0000			-24.0000			117.0000			10.0000			
-35.2427			91.7267			-39.7781			16.7000			-27.0000			112.0000			13.0000			
-53.8198			84.1007			-44.8960			-14.6000			-33.0000			105.0000			13.0000			
-72.3969			70.6085			-38.6408			-40.4000			-35.0000			98.0000			14.0000			
-60.2057			84.6873			-9.0707			15.4000			-39.0000			91.0000			15.0000			
-75.8801			65.3290			-14.7573			-25.3000			-44.0000			84.0000			16.0000			
-79.9439			59.4628			-2.8155			-23.2000			-48.0000			75.0000			19.0000			
-77.0412			73.5416			7.4203			3.9000			-51.0000			65.0000			20.0000			
-89.8130			61.8093			0.0277			-27.9000			-52.0000			57.0000			22.0000			
-81.6855			58.2896			12.5382			-10.8000			-53.0000			46.0000			24.0000			
-79.3633			49.4903			22.7740			-7.0000			-53.0000			35.0000			28.0000			
-86.3298			40.6911			21.6366			-24.0000			-54.0000			25.0000			29.0000			
-82.8465			44.7974			30.7351			-7.3000			-54.0000			15.0000			32.0000			
-85.7492			42.4510			31.3038			-11.9000			-54.0000			5.0000			35.0000			
-88.0714			35.9982			35.2844			-16.7000			-54.0000			-4.0000			37.0000			
-84.0076			32.4785			46.0888			-5.4000			-53.0000			-12.0000			39.0000			
-85.1687			23.0926			50.6381			-11.4000			-51.0000			-21.0000			40.0000			
-84.5881			17.2265			55.1873			-12.1000			-49.0000			-29.0000			42.0000			
-79.3633			13.1202			60.3052			-5.9000			-47.0000			-37.0000			45.0000			
-78.2023			3.1477			61.4425			-13.6000			-43.0000			-45.0000			46.0000			
-74.7191			-0.9586			65.9918			-9.6000			-41.0000			-52.0000			49.0000			
-74.1385			-0.3720			67.6977			-6.8000			-38.0000			-59.0000			51.0000			
-68.3332			-5.6515			63.7171			-10.2000			-33.0000			-65.0000			52.0000			
-59.6252			-12.6909			67.1291			-5.1000			-27.0000			-69.0000			54.0000			
-53.8198			-22.6634			71.1096			-5.3000			-22.0000			-76.0000			53.0000			
-51.4977			-27.3563			71.6783			-7.1000			-17.0000			-81.0000			56.0000			
-47.4339			-31.4626			75.6589			-3.2000			-10.0000			-85.0000			57.0000			
-44.5313			-37.9154			77.3649			-5.0000			-5.0000			-88.0000			56.0000			
-38.1454			-44.9548			77.3649			-5.7000			1.0000			-91.0000			57.0000			
-30.5984			-48.4745			76.2275			-2.8000			7.0000			-93.0000			60.0000			
-25.9541			-53.7540			74.5216			-5.1000			12.0000			-94.0000			62.0000			
-20.1488			-55.5139			72.8156			-2.8000			19.0000			-94.0000			62.0000			
-11.4408			-58.4470			67.6977			-2.1000			24.0000			-94.0000			63.0000			
-2.1522			-61.9667			61.4425			-2.6000			30.0000			-94.0000			62.0000			
1.9115			-66.6596			64.2858			-0.4000			38.0000			-91.0000			62.0000			
2.4921			-70.1793			67.1291			-0.5000			44.0000			-89.0000			62.0000			
7.1363			-69.5927			60.3052			-2.1000			50.0000			-85.0000			62.0000			
21.0692			-71.3525			48.9321			-1.3000			56.0000			-81.0000			59.0000			
30.3577			-73.1124			41.5396			-1.2000			61.0000			-76.0000			58.0000			
33.8409			-74.2856			37.5590			-2.8000			67.0000			-71.0000			55.0000			
37.3241			-75.4588			38.1276			0.0000			71.0000			-65.0000			54.0000			
42.5489			-77.8053			35.2844			0.0000			78.0000			-60.0000			52.0000			
48.9348			-80.1517			29.0292			-2.1000			83.0000			-53.0000			53.0000			
55.3207			-80.1517			22.7740			-2.0000			85.0000			-46.0000			51.0000			
59.9650			-78.9785			17.6561			-1.3000			90.0000			-40.0000			49.0000			
62.2871			-76.0454			10.8322			-2.9000			94.0000			-33.0000			48.0000			
65.1898			-70.1793			1.7337			-3.2000			97.0000			-24.0000			46.0000			
70.4146			-66.0730			-6.7961			-2.4000			99.0000			-16.0000			43.0000			
76.8005			-69.5927			-10.7767			-3.5000			102.0000			-9.0000			40.0000			
77.9616			-69.0060			-12.4827			-3.5000			104.0000			-1.0000			38.0000			
76.2200			-61.9667			-17.6006			-3.3000			103.0000			9.0000			35.0000			
75.6394			-49.6477			-29.5423			-3.5000			105.0000			18.0000			31.0000			
80.2837			-46.7146			-36.3662			-2.7000			104.0000			29.0000			27.0000			
82.6058			-44.9548			-42.0528			-4.3000			103.0000			36.0000			24.0000			
82.6058			-43.1950			-43.7587			-4.3000			103.0000			46.0000			20.0000			
81.4448			-40.2619			-47.7393			-6.5000			102.0000			54.0000			17.0000			
80.8642			-35.5689			-50.5826			-5.2000			100.0000			60.0000			15.0000			
79.1226			-29.1162			-55.7005			-5.6000			99.0000			68.0000			11.0000			
76.8005			-22.6634			-61.9557			-7.8000			95.0000			75.0000			8.0000			
74.4784			-17.3839			-66.5049			-9.4000			93.0000			79.0000			5.0000			
70.4146			-9.1712			-71.0542			-9.8000			90.0000			88.0000			2.0000			
69.2535			-3.8917			-74.4661			-9.1000			86.0000			94.0000			-2.0000			
69.2535			-3.3051			-76.1721			-10.2000			80.0000			99.0000			-5.0000			
65.1898			-0.9586			-74.4661			-10.2000			76.0000			103.0000			-7.0000			
55.9012			9.6005			-75.6034			-10.1000			71.0000			109.0000			-9.0000			
48.3543			20.7462			-79.0153			-9.9000			63.0000			113.0000			-12.0000			
45.4516			24.2659			-80.1527			-10.4000			57.0000			117.0000			-13.0000			
43.7100			26.6123			-82.4273			-12.1000			51.0000			120.0000			-15.0000			
39.0657			32.4785			-84.1332			-12.5000			45.0000			123.0000			-18.0000			
33.8409			40.1045			-85.8392			-11.8000			39.0000			124.0000			-21.0000			
28.0356			44.2108			-85.8392			-13.5000			31.0000			124.0000			-21.0000			
22.8108			48.3171			-84.1332			-13.0000			26.0000			126.0000			-24.0000			
17.5860			51.8368			-82.9959			-13.5000			20.0000			125.0000			-25.0000			
8.8779			53.0100			-76.1721			-14.2000			13.0000			124.0000			-26.0000			
0.1699			58.2896			-71.0542			-12.5000			6.0000			122.0000			-26.0000			
-3.8938			62.3959			-72.1915			-13.6000			-1.0000			119.0000			-27.0000			
-5.6354			65.9156			-74.4661			-14.1000			-6.0000			117.0000			-26.0000			
-10.2797			65.9156			-68.7795			-13.1000			-13.0000			113.0000			-26.0000			
-23.6320			67.6754			-57.4064			-13.3000			-18.0000			109.0000			-24.0000			
-32.9206			69.4353			-50.0139			-13.4000			-25.0000			105.0000			-24.0000			
-35.8232			70.0219			-47.7393			-13.5000			-30.0000			99.0000			-21.0000			
-38.1454			70.6085			-46.0333			-13.5000			-36.0000			95.0000			-19.0000			
-44.5313			74.1282			-44.3274			-14.7000			-41.0000			89.0000			-18.0000			
-51.4977			77.6479			-38.6408			-12.4000			-45.0000			82.0000			-16.0000			
-56.1420			77.0613			-31.8170			-10.9000			-49.0000			77.0000			-15.0000			
-60.2057			74.1282			-25.5617			-11.6000			-52.0000			71.0000			-13.0000			
-64.2694			70.6085			-18.7379			-12.4000			-54.0000			65.0000			-10.0000			
-67.1721			68.2620			-11.9140			-10.8000			-58.0000			58.0000			-7.0000			
-71.8164			64.1557			-2.8155			-10.4000			-60.0000			50.0000			-3.0000			
-78.2023			65.9156			1.7337			-10.5000			-63.0000			42.0000			-1.0000			
-79.3633			65.9156			2.8710			-10.5000			-63.0000			35.0000			3.0000			
-76.4607			58.8762			8.5576			-9.0000			-63.0000			27.0000			8.0000			
-76.4607			46.5573			21.0680			-8.8000			-62.0000			19.0000			12.0000			
-81.1049			42.4510			29.5978			-9.0000			-62.0000			11.0000			17.0000			
-84.0076			42.4510			33.5784			-7.9000			-60.0000			2.0000			20.0000			
-83.4271			40.1045			34.7157			-8.6000			-58.0000			-5.0000			25.0000			
-82.8465			36.5848			40.4023			-5.8000			-57.0000			-12.0000			30.0000			
-81.6855			33.0651			43.2455			-5.3000			-54.0000			-19.0000			33.0000			
-79.9439			27.1989			47.7948			-4.9000			-51.0000			-24.0000			38.0000			
-78.2023			20.1596			52.9127			-5.1000			-48.0000			-29.0000			42.0000			
-75.8801			14.2934			56.8933			-4.6000			-44.0000			-34.0000			45.0000			
-74.1385			7.2540			62.5798			-4.3000			-39.0000			-40.0000			51.0000			
-71.8164			1.9745			65.9918			-3.8000			-36.0000			-45.0000			55.0000			
-71.8164			-0.3720			67.1291			-5.0000			-29.0000			-51.0000			59.0000			
-66.5916			-2.7185			67.1291			-2.1000			-23.0000			-53.0000			63.0000			
-58.4641			-10.3445			67.1291			-1.6000			-17.0000			-57.0000			67.0000			
-49.1755			-21.4902			69.4037			-1.2000			-12.0000			-61.0000			70.0000			
-46.8534			-25.0099			71.1096			-0.7000			-5.0000			-65.0000			72.0000			
-45.6923			-27.9429			73.3843			-0.2000			2.0000			-67.0000			76.0000			
-41.0480			-32.6359			74.5216			0.8000			9.0000			-69.0000			78.0000			
-35.2427			-41.4351			76.2275			-0.4000			15.0000			-69.0000			80.0000			
-31.1790			-44.3682			75.0902			-0.4000			21.0000			-69.0000			84.0000			
-25.9541			-48.4745			74.5216			0.0000			28.0000			-69.0000			86.0000			
-19.5683			-51.9942			71.1096			-0.4000			33.0000			-69.0000			87.0000			
-12.0213			-55.5139			67.6977			0.1000			40.0000			-68.0000			89.0000			
-2.7328			-59.0336			62.0112			0.2000			48.0000			-65.0000			89.0000			
1.3310			-63.7265			63.1485			0.7000			55.0000			-64.0000			90.0000			
2.4921			-67.2462			63.7171			-1.0000			60.0000			-60.0000			90.0000			
-55.5614			-125.3212			-93.8004			-274.6000			61.0000			-67.0000			60.0000			
37.9047			-57.2737			144.4662			125.1000			47.0000			-93.0000			53.0000			
52.9986			-19.1437			68.8350			102.6000			50.0000			-93.0000			43.0000			
-16.6656			-122.3881			-47.1706			-186.2000			55.0000			-90.0000			40.0000			
58.2234			-43.7816			66.5604			80.9000			61.0000			-83.0000			41.0000			
57.6428			-56.6871			54.0500			55.0000			67.0000			-78.0000			39.0000			
13.5222			-118.8684			-0.5409			-105.8000			72.0000			-69.0000			37.0000			
87.8306			-49.6477			48.9321			87.1000			79.0000			-62.0000			36.0000			
62.2871			-73.1124			-5.0902			-15.9000			82.0000			-54.0000			34.0000			
52.4180			-87.1911			-14.7573			-49.5000			88.0000			-46.0000			36.0000			
84.9280			-44.9548			25.6172			65.5000			90.0000			-37.0000			34.0000			
47.7738			-78.3919			-1.6782			-32.3000			95.0000			-27.0000			32.0000			
61.7066			-76.6321			8.5576			-6.3000			98.0000			-17.0000			31.0000			
83.1864			-59.0336			9.6949			33.8000			100.0000			-7.0000			30.0000			
64.0287			-73.6990			-26.1304			-35.8000			101.0000			3.0000			29.0000			
77.9616			-40.8485			-25.5617			11.5000			103.0000			15.0000			27.0000			
81.4448			-34.3957			-36.9349			10.1000			103.0000			26.0000			26.0000			
76.2200			-51.4076			-50.0139			-25.1000			104.0000			37.0000			23.0000			
88.4112			-39.0886			-36.3662			12.9000			104.0000			47.0000			20.0000			
80.8642			-38.5020			-46.0333			-3.6000			104.0000			56.0000			19.0000			
73.8978			-36.7422			-50.5826			-13.4000			104.0000			65.0000			18.0000			
80.2837			-25.5965			-45.4647			9.2000			102.0000			73.0000			17.0000			
70.9951			-27.9429			-53.9945			-10.9000			100.0000			83.0000			14.0000			
69.2535			-21.4902			-56.2691			-8.5000			98.0000			89.0000			13.0000			
71.5757			-9.1712			-60.8184			1.5000			95.0000			97.0000			11.0000			
65.7703			-7.9980			-72.7601			-14.9000			92.0000			105.0000			9.0000			
69.2535			0.2146			-74.4661			-4.9000			88.0000			111.0000			7.0000			
67.5119			3.7343			-76.1721			-4.9000			83.0000			118.0000			7.0000			
54.7402			7.8406			-77.3094			-14.7000			79.0000			123.0000			4.0000			
46.6127			20.1596			-73.3288			-6.5000			73.0000			128.0000			3.0000			
43.7100			23.0926			-75.0348			-8.2000			66.0000			132.0000			3.0000			
41.3879			24.8525			-78.4467			-12.1000			61.0000			138.0000			1.0000			
37.9047			29.5454			-77.3094			-9.8000			54.0000			139.0000			-1.0000			
30.9382			35.9982			-80.1527			-13.2000			48.0000			141.0000			-1.0000			
27.4550			41.2777			-82.4273			-13.6000			42.0000			143.0000			-3.0000			
25.1329			46.5573			-82.4273			-10.7000			35.0000			142.0000			-4.0000			
18.1665			48.9037			-81.2900			-14.2000			29.0000			142.0000			-6.0000			
8.8779			52.4234			-74.4661			-13.1000			22.0000			141.0000			-6.0000			
0.1699			56.5297			-68.7795			-12.0000			16.0000			139.0000			-8.0000			
-5.0549			58.2896			-69.3482			-16.1000			9.0000			137.0000			-9.0000			
-7.3770			60.6360			-68.2109			-14.9000			4.0000			134.0000			-10.0000			
-13.1824			61.8093			-63.0930			-14.4000			-4.0000			129.0000			-9.0000			
-24.2125			61.8093			-52.8572			-15.2000			-11.0000			124.0000			-7.0000			
-31.7595			63.5691			-46.0333			-14.2000			-18.0000			119.0000			-7.0000			
-34.0816			65.3290			-46.0333			-14.7000			-25.0000			112.0000			-7.0000			
-35.8232			67.0888			-47.1706			-15.9000			-30.0000			104.0000			-5.0000			
-41.6286			71.7817			-44.3274			-14.1000			-35.0000			99.0000			-4.0000			
-52.0782			74.1282			-38.0722			-16.0000			-40.0000			92.0000			-5.0000			
-56.1420			72.3684			-31.2483			-15.0000			-45.0000			86.0000			-5.0000			
-59.0446			69.4353			-23.8558			-13.4000			-49.0000			77.0000			-4.0000			
-63.1084			65.3290			-15.3260			-13.1000			-54.0000			69.0000			-3.0000			
-66.0110			62.3959			-9.0707			-12.6000			-57.0000			61.0000			-1.0000			
-71.8164			60.6360			-2.2469			-13.4000			-60.0000			54.0000			-1.0000			
-76.4607			62.3959			0.5964			-13.4000			-62.0000			43.0000			3.0000			
-75.8801			61.2227			1.7337			-12.9000			-64.0000			35.0000			4.0000			
-75.2996			55.3565			9.6949			-10.2000			-64.0000			24.0000			8.0000			
-75.8801			45.3840			22.2053			-8.2000			-65.0000			14.0000			14.0000			
-13.7629			97.5928			29.0292			112.8000			-54.0000			20.0000			34.0000			
-124.6450			34.8249			-125.6451			-215.4000			-46.0000			27.0000			42.0000			
-92.7156			41.8643			9.6949			-41.1000			-45.0000			19.0000			51.0000			
-46.2729			67.0888			84.7574			105.5000			-44.0000			12.0000			52.0000			
-120.0008			-12.1043			21.0680			-111.0000			-44.0000			3.0000			52.0000			
-68.9137			35.4116			67.1291			33.6000			-42.0000			-5.0000			56.0000			
-61.9473			36.5848			67.1291			41.7000			-41.0000			-13.0000			59.0000			
-103.7458			-17.3839			29.5978			-91.5000			-40.0000			-22.0000			60.0000			
-63.1084			14.2934			80.2081			31.3000			-37.0000			-31.0000			62.0000			
-66.0110			3.1477			66.5604			3.6000			-33.0000			-38.0000			63.0000			
-82.8465			-17.3839			47.2261			-53.0000			-31.0000			-46.0000			64.0000			
-51.4977			12.5335			71.1096			32.1000			-26.0000			-53.0000			65.0000			
-62.5278			-9.7579			53.4813			-18.8000			-22.0000			-59.0000			66.0000			
-57.3030			-24.4232			58.0306			-23.6000			-16.0000			-65.0000			66.0000			
-39.8870			-14.4508			76.2275			21.8000			-11.0000			-71.0000			65.0000			
-53.8198			-35.5689			65.4231			-23.9000			-7.0000			-76.0000			65.0000			
-43.3702			-37.9154			76.2275			-5.0000			-2.0000			-81.0000			65.0000			
-32.3400			-39.0886			77.3649			5.9000			2.0000			-85.0000			65.0000			
-35.2427			-53.1674			67.1291			-21.2000			8.0000			-88.0000			65.0000			
-24.2125			-48.4745			74.5216			1.8000			13.0000			-91.0000			66.0000			
-20.1488			-49.6477			67.1291			-2.6000			19.0000			-93.0000			63.0000			
-15.5045			-57.8603			60.3052			-13.0000			24.0000			-92.0000			63.0000			
-1.5717			-56.1005			60.8739			3.2000			30.0000			-95.0000			63.0000			
-2.7328			-61.9667			58.5992			-6.0000			34.0000			-94.0000			61.0000			
-1.5717			-64.8997			59.7365			-6.7000			40.0000			-93.0000			59.0000			
6.5558			-64.3131			59.7365			1.9000			46.0000			-90.0000			57.0000			
15.8443			-70.1793			47.7948			-6.5000			51.0000			-86.0000			54.0000			
25.1329			-69.0060			41.5396			-2.3000			57.0000			-83.0000			51.0000			
30.9382			-69.0060			38.6963			0.6000			62.0000			-78.0000			48.0000			
31.5188			-73.1124			35.8530			-5.7000			65.0000			-74.0000			45.0000			
38.4852			-73.6990			33.5784			-1.6000			69.0000			-70.0000			42.0000			
45.4516			-74.8722			27.3232			-2.0000			74.0000			-65.0000			40.0000			
49.5154			-75.4588			20.4993			-5.4000			77.0000			-58.0000			39.0000			
53.5791			-71.9391			17.0874			-1.2000			81.0000			-53.0000			35.0000			
55.3207			-69.0060			10.2635			-3.4000			83.0000			-46.0000			33.0000			
60.5455			-66.0730			2.8710			-2.6000			87.0000			-39.0000			31.0000			
65.7703			-66.0730			-1.6782			-1.9000			89.0000			-32.0000			27.0000			
70.4146			-69.0060			-5.6588			-4.2000			92.0000			-23.0000			24.0000			
70.9951			-66.6596			-9.0707			-4.7000			93.0000			-16.0000			21.0000			
71.5757			-59.6202			-17.0319			-5.0000			93.0000			-7.0000			17.0000			
71.5757			-47.8879			-27.8364			-4.1000			94.0000			4.0000			15.0000			
75.0589			-43.1950			-34.6602			-2.7000			95.0000			13.0000			10.0000			
77.3810			-43.7816			-38.0722			-4.4000			94.0000			21.0000			7.0000			
77.3810			-43.7816			-38.6408			-5.0000			93.0000			30.0000			4.0000			
76.2200			-41.4351			-40.9154			-6.1000			92.0000			38.0000			-1.0000			
75.6394			-36.1556			-44.8960			-5.4000			93.0000			45.0000			-2.0000			
76.2200			-30.8760			-50.5826			-5.2000			89.0000			53.0000			-4.0000			
73.3173			-24.4232			-55.1318			-6.2000			87.0000			60.0000			-6.0000			
69.8341			-17.3839			-59.6811			-7.2000			84.0000			69.0000			-9.0000			
68.0925			-9.7579			-65.9363			-7.5000			82.0000			75.0000			-11.0000			
66.9314			-6.2382			-68.7795			-8.0000			78.0000			82.0000			-14.0000			
65.1898			-4.4783			-69.3482			-8.6000			73.0000			90.0000			-16.0000			
61.7066			-1.5452			-69.3482			-9.1000			69.0000			95.0000			-17.0000			
54.1596			7.2540			-69.9169			-8.4000			63.0000			101.0000			-19.0000			
46.0322			16.0532			-71.0542			-8.9000			59.0000			107.0000			-19.0000			
44.2905			20.1596			-73.3288			-8.8000			53.0000			111.0000			-20.0000			
44.2905			23.0926			-76.7407			-9.3000			49.0000			116.0000			-21.0000			
39.0657			28.3722			-77.8780			-10.4000			43.0000			119.0000			-21.0000			
32.6799			36.5848			-79.0153			-9.7000			37.0000			122.0000			-22.0000			
28.0356			40.6911			-79.5840			-10.8000			31.0000			124.0000			-23.0000			
23.3913			44.2108			-78.4467			-10.8000			26.0000			125.0000			-24.0000			
18.1665			46.5573			-75.6034			-10.8000			20.0000			126.0000			-23.0000			
8.2974			48.3171			-69.3482			-12.7000			14.0000			127.0000			-22.0000			
1.3310			53.0100			-65.9363			-11.5000			8.0000			126.0000			-22.0000			
-0.9912			57.1163			-68.2109			-12.0000			3.0000			125.0000			-21.0000			
-2.7328			58.8762			-68.7795			-12.6000			-3.0000			124.0000			-19.0000			
-9.1186			60.0494			-63.6617			-12.7000			-8.0000			119.0000			-17.0000			
-21.8904			61.8093			-51.7199			-11.8000			-13.0000			117.0000			-15.0000			
-28.8568			62.9825			-46.0333			-11.9000			-19.0000			115.0000			-12.0000			
-31.7595			64.7424			-44.8960			-11.9000			-24.0000			110.0000			-9.0000			
-34.6622			64.7424			-44.8960			-14.8000			-28.0000			106.0000			-7.0000			
-39.8870			68.8487			-40.9154			-11.9000			-34.0000			101.0000			-3.0000			
-46.2729			71.1951			-35.7975			-10.8000			-38.0000			95.0000			-1.0000			
-51.4977			72.9550			-31.2483			-9.7000			-40.0000			92.0000			1.0000			
-55.5614			70.6085			-26.6991			-11.6000			-44.0000			86.0000			2.0000			
-58.4641			64.7424			-18.7379			-12.4000			-46.0000			79.0000			5.0000			
-62.5278			61.2227			-10.2081			-11.5000			-49.0000			71.0000			8.0000			
-67.7526			61.8093			-3.3842			-9.3000			-52.0000			66.0000			13.0000			
-72.3969			63.5691			0.0277			-8.8000			-53.0000			58.0000			17.0000			
-72.3969			61.8093			0.5964			-9.9000			-54.0000			51.0000			21.0000			
-71.8164			54.7699			8.5576			-8.4000			-54.0000			42.0000			25.0000			
-71.8164			44.2108			18.7934			-8.8000			-53.0000			33.0000			29.0000			
-75.8801			40.1045			26.7545			-9.0000			-53.0000			24.0000			32.0000			
-78.7828			39.5179			30.1665			-9.0000			-52.0000			16.0000			37.0000			
-78.2023			37.7580			31.3038			-9.1000			-50.0000			8.0000			40.0000			
-77.6217			34.8249			35.2844			-7.5000			-50.0000			2.0000			45.0000			
-77.0412			30.1320			39.2650			-7.6000			-47.0000			-5.0000			47.0000			
-75.8801			26.0257			44.3829			-5.4000			-45.0000			-13.0000			51.0000			
-74.1385			20.7462			47.7948			-5.5000			-43.0000			-19.0000			55.0000			
-70.0748			11.9469			51.2067			-6.9000			-40.0000			-25.0000			57.0000			
-69.4942			6.6674			58.0306			-4.7000			-36.0000			-33.0000			62.0000			
-70.0748			4.3209			60.3052			-5.4000			-32.0000			-37.0000			66.0000			
-68.3332			1.9745			60.8739			-5.4000			-26.0000			-43.0000			66.0000			
-61.9473			-2.7185			61.4425			-3.2000			-23.0000			-48.0000			69.0000			
-54.9809			-11.5177			62.0112			-4.4000			-16.0000			-54.0000			71.0000			
-49.1755			-18.5571			63.7171			-4.0000			-10.0000			-57.0000			73.0000			
-45.6923			-23.2500			64.8544			-4.0000			-5.0000			-62.0000			75.0000			
-45.6923			-26.1831			67.6977			-4.1000			2.0000			-66.0000			77.0000			
-41.0480			-30.8760			69.9723			-1.9000			8.0000			-69.0000			77.0000			
-35.2427			-38.5020			71.1096			-2.6000			13.0000			-72.0000			79.0000			
-30.5984			-42.0217			71.1096			-1.5000			19.0000			-73.0000			80.0000			
-26.5347			-46.1280			69.9723			-2.6000			24.0000			-75.0000			82.0000			
-21.3099			-48.4745			67.1291			-2.6000			30.0000			-75.0000			81.0000			
-12.6019			-53.1674			62.5798			-3.1000			35.0000			-76.0000			81.0000			
-4.4744			-56.6871			59.1679			-1.9000			42.0000			-75.0000			82.0000			
-2.1522			-60.2068			61.4425			-0.9000			47.0000			-73.0000			81.0000			
-0.4106			-61.3800			60.8739			-0.9000			54.0000			-72.0000			79.0000			
-37.5648			-105.3762			-44.8960			-187.8000			53.0000			-78.0000			56.0000			
26.2940			-74.8722			142.7602			94.1000			45.0000			-95.0000			51.0000			
48.3543			-32.0493			47.7948			64.0000			49.0000			-93.0000			41.0000			
-11.4408			-106.5495			-30.6796			-148.6000			53.0000			-92.0000			39.0000			
54.1596			-39.0886			59.7365			74.8000			59.0000			-84.0000			38.0000			
42.5489			-63.1399			42.1082			21.5000			63.0000			-79.0000			34.0000			
21.0692			-100.6833			11.9695			-67.6000			69.0000			-73.0000			32.0000			
77.3810			-47.3013			43.8142			73.8000			76.0000			-66.0000			31.0000			
51.8375			-74.8722			-3.3842			-26.4000			77.0000			-59.0000			30.0000			
50.0959			-76.0454			-2.2469			-28.1000			82.0000			-50.0000			27.0000			
73.8978			-47.3013			21.6366			48.2000			86.0000			-42.0000			25.0000			
46.6127			-76.6321			-2.8155			-32.8000			88.0000			-34.0000			24.0000			
64.6093			-69.5927			10.8322			5.8000			91.0000			-25.0000			22.0000			
74.4784			-57.2737			4.5770			21.7000			93.0000			-15.0000			20.0000			
61.1261			-65.4864			-23.8558			-28.2000			94.0000			-6.0000			18.0000			
73.8978			-39.6753			-21.0125			13.2000			94.0000			5.0000			16.0000			
74.4784			-38.5020			-32.3856			3.5000			95.0000			15.0000			13.0000			
72.7367			-47.3013			-40.9154			-15.4000			95.0000			27.0000			11.0000			
82.0253			-37.9154			-32.3856			11.7000			97.0000			36.0000			9.0000			
74.4784			-39.0886			-42.0528			-6.6000			96.0000			44.0000			7.0000			
70.9951			-35.5689			-42.6214			-7.1000			95.0000			53.0000			6.0000			
75.0589			-26.7697			-41.4841			6.8000			95.0000			63.0000			3.0000			
67.5119			-29.1162			-50.0139			-11.6000			93.0000			70.0000			1.0000			
66.9314			-20.3169			-51.1512			-4.5000			90.0000			78.0000			-1.0000			
66.9314			-7.9980			-57.9751			0.9000			86.0000			86.0000			-1.0000			
64.6093			-9.1712			-67.0736			-11.6000			83.0000			92.0000			-3.0000			
66.9314			-3.3051			-65.9363			-2.3000			82.0000			101.0000			-4.0000			
61.7066			0.2146			-67.6422			-5.7000			76.0000			107.0000			-5.0000			
51.8375			7.2540			-69.9169			-10.8000			71.0000			113.0000			-7.0000			
46.6127			15.4666			-67.6422			-5.5000			65.0000			119.0000			-6.0000			
42.5489			17.2265			-69.3482			-9.5000			60.0000			126.0000			-7.0000			
41.9684			20.1596			-71.6228			-9.4000			55.0000			128.0000			-7.0000			
37.9047			26.6123			-71.0542			-6.5000			49.0000			133.0000			-9.0000			
31.5188			31.3053			-74.4661			-11.6000			44.0000			134.0000			-9.0000			
27.4550			37.7580			-76.1721			-10.9000			38.0000			137.0000			-9.0000			
26.2940			41.2777			-76.7407			-9.1000			32.0000			137.0000			-10.0000			
20.4886			42.4510			-73.3288			-10.3000			26.0000			139.0000			-11.0000			
10.0390			47.1439			-66.5049			-9.3000			20.0000			138.0000			-10.0000			
1.3310			51.2502			-63.6617			-11.0000			14.0000			137.0000			-11.0000			
0.1699			53.0100			-65.9363			-12.7000			8.0000			136.0000			-11.0000			
-2.1522			54.7699			-63.0930			-10.4000			2.0000			132.0000			-9.0000			
-9.1186			55.3565			-58.5438			-12.3000			-5.0000			129.0000			-8.0000			
-21.3099			57.1163			-48.8766			-13.0000			-11.0000			125.0000			-7.0000			
-27.1152			57.7030			-42.0528			-11.4000			-18.0000			120.0000			-5.0000			
-29.4374			60.0494			-43.1901			-12.5000			-22.0000			115.0000			-2.0000			
-30.5984			63.5691			-45.4647			-12.4000			-27.0000			109.0000			-1.0000			
-37.5648			67.0888			-42.6214			-13.0000			-33.0000			104.0000			0.0000			
-44.5313			67.6754			-35.2289			-12.0000			-37.0000			97.0000			1.0000			
-50.3366			67.0888			-28.4050			-11.6000			-41.0000			92.0000			2.0000			
-53.2393			66.5022			-24.4244			-11.1000			-45.0000			84.0000			4.0000			
-56.1420			62.3959			-17.0319			-10.7000			-49.0000			76.0000			6.0000			
-59.6252			58.2896			-9.6394			-10.9000			-52.0000			69.0000			7.0000			
-66.0110			58.2896			-4.5215			-12.2000			-55.0000			61.0000			11.0000			
-70.0748			61.2227			-1.1096			-9.9000			-56.0000			54.0000			13.0000			
-68.3332			57.7030			0.0277			-10.5000			-58.0000			43.0000			16.0000			
-68.3332			49.4903			9.1262			-9.7000			-58.0000			34.0000			19.0000			
-69.4942			43.6242			17.6561			-8.2000			-58.0000			24.0000			22.0000			
-72.3969			39.5179			24.4799			-8.4000			-58.0000			15.0000			26.0000			
-75.2996			38.3446			27.3232			-9.6000			-58.0000			6.0000			29.0000			
-75.2996			37.1714			30.1665			-7.9000			-57.0000			-4.0000			31.0000			
-74.7191			34.2383			33.5784			-6.9000			-57.0000			-11.0000			35.0000			
-74.1385			29.5454			37.5590			-7.0000			-54.0000			-18.0000			37.0000			
-72.9775			24.8525			42.1082			-6.0000			-53.0000			-26.0000			40.0000			
-70.6553			18.9863			46.0888			-5.5000			-50.0000			-33.0000			42.0000			
-67.7526			12.5335			48.9321			-6.2000			-47.0000			-40.0000			45.0000			
-67.1721			6.0808			55.1873			-5.9000			-44.0000			-46.0000			47.0000			
-67.7526			4.9075			59.7365			-3.1000			-39.0000			-53.0000			50.0000			
-66.0110			3.7343			57.4619			-4.8000			-35.0000			-58.0000			53.0000			
-60.7862			-0.9586			58.0306			-3.7000			-30.0000			-63.0000			55.0000			
-51.4977			-10.3445			60.8739			-0.9000			-24.0000			-68.0000			58.0000			
-46.8534			-17.3839			61.4425			-2.7000			-19.0000			-73.0000			59.0000			
-44.5313			-21.4902			63.7171			-2.3000			-12.0000			-77.0000			61.0000			
-43.3702			-23.2500			65.4231			-1.1000			-6.0000			-81.0000			63.0000			
-39.8870			-29.7028			67.6977			-1.8000			-1.0000			-84.0000			64.0000			
-34.0816			-36.1556			67.6977			-2.5000			6.0000			-85.0000			67.0000			
-28.2763			-39.0886			68.2664			0.8000			13.0000			-86.0000			69.0000			
-25.9541			-42.6083			67.6977			-0.8000			18.0000			-86.0000			71.0000			
-20.7293			-44.9548			64.8544			-0.8000			24.0000			-86.0000			71.0000			
-11.4408			-48.4745			60.8739			0.9000			31.0000			-86.0000			71.0000			
-3.8938			-52.5808			58.0306			1.5000			38.0000			-84.0000			72.0000			
-2.7328			-56.6871			60.3052			0.8000			44.0000			-82.0000			72.0000			
-2.1522			-58.4470			60.8739			0.2000			49.0000			-79.0000			71.0000			
6.5558			-59.6202			54.0500			0.9000			56.0000			-75.0000			70.0000			
19.3276			-60.7934			42.6769			1.2000			61.0000			-71.0000			68.0000			
24.5524			-60.2068			36.4217			0.7000			67.0000			-66.0000			66.0000			
26.8745			-62.5533			36.4217			0.7000			74.0000			-61.0000			65.0000			
29.1966			-65.4864			38.1276			1.8000			77.0000			-55.0000			63.0000			
35.0020			-70.1793			36.4217			1.2000			84.0000			-49.0000			60.0000			
40.8073			-69.5927			30.1665			1.3000			87.0000			-43.0000			60.0000			
46.0322			-70.1793			23.3426			-0.8000			91.0000			-39.0000			59.0000			
50.0959			-68.4194			18.7934			0.4000			95.0000			-31.0000			55.0000			
51.8375			-65.4864			13.1068			-0.5000			96.0000			-24.0000			54.0000			
57.0623			-61.3800			4.5770			0.2000			99.0000			-17.0000			48.0000			
61.7066			-60.7934			-1.1096			-0.1000			102.0000			-8.0000			46.0000			
65.7703			-64.3131			-2.8155			-1.3000			103.0000			-1.0000			43.0000			
65.1898			-60.7934			-6.2275			-1.8000			105.0000			6.0000			39.0000			
64.0287			-53.1674			-14.1886			-3.3000			105.0000			14.0000			37.0000			
66.9314			-45.5414			-23.2871			-1.9000			103.0000			23.0000			31.0000			
69.8341			-44.9548			-28.9737			-4.0000			103.0000			32.0000			27.0000			
72.1562			-43.7816			-31.2483			-2.8000			102.0000			39.0000			23.0000			
71.5757			-42.0217			-34.0916			-4.5000			102.0000			48.0000			19.0000			
71.5757			-39.0886			-37.5035			-5.0000			100.0000			54.0000			14.0000			
70.4146			-33.8091			-41.4841			-4.8000			97.0000			61.0000			11.0000			
68.6730			-29.7028			-46.0333			-7.0000			95.0000			67.0000			7.0000			
67.5119			-23.8366			-50.5826			-6.9000			91.0000			72.0000			3.0000			
65.1898			-17.3839			-55.1318			-7.3000			89.0000			78.0000			-1.0000			
62.8677			-9.7579			-60.2497			-7.1000			83.0000			83.0000			-5.0000			
64.6093			-9.7579			-63.0930			-8.2000			78.0000			89.0000			-9.0000			
61.7066			-7.9980			-61.9557			-8.2000			75.0000			94.0000			-12.0000			
56.4818			-3.3051			-61.9557			-8.7000			67.0000			97.0000			-16.0000			
47.7738			7.2540			-64.2303			-9.2000			62.0000			102.0000			-18.0000			
43.7100			13.7068			-66.5049			-9.0000			55.0000			106.0000			-21.0000			
43.1295			15.4666			-68.7795			-10.1000			48.0000			110.0000			-24.0000			
41.3879			18.9863			-71.0542			-10.6000			42.0000			112.0000			-26.0000			
36.1631			26.0257			-72.7601			-10.5000			36.0000			113.0000			-28.0000			
30.9382			31.3053			-73.3288			-11.0000			28.0000			114.0000			-31.0000			
27.4550			34.8249			-73.3288			-11.0000			23.0000			114.0000			-33.0000			
20.4886			38.3446			46.6575			105.4000			17.0000			115.0000			-26.0000			
42.5489			67.0888			-48.8766			60.7000			20.0000			130.0000			-16.0000			
2.4921			27.7856			-175.6867			-145.4000			22.0000			142.0000			-13.0000			
-6.2160			60.0494			-83.5646			-29.7000			16.0000			142.0000			-8.0000			
20.4886			87.6204			-36.9349			71.1000			9.0000			141.0000			-9.0000			
-30.5984			23.6792			-92.0944			-99.0000			3.0000			134.0000			-11.0000			
3.0726			68.2620			-42.0528			29.2000			-5.0000			131.0000			-9.0000			
-14.9240			67.6754			-44.3274			8.4000			-13.0000			125.0000			-9.0000			
-52.0782			37.1714			-58.5438			-73.4000			-19.0000			119.0000			-8.0000			
-21.8904			70.0219			-17.6006			30.5000			-25.0000			112.0000			-7.0000			
-36.4038			56.5297			-39.7781			-19.6000			-31.0000			104.0000			-5.0000			
-43.3702			55.9431			-51.7199			-39.1000			-37.0000			97.0000			-7.0000			
-27.1152			83.5141			-34.6602			21.7000			-42.0000			90.0000			-6.0000			
-52.6587			64.7424			-43.7587			-31.6000			-48.0000			82.0000			-7.0000			
-54.4003			61.8093			-22.7185			-15.3000			-51.0000			75.0000			-6.0000			
-30.5984			45.9706			48.9321			64.2000			-52.0000			71.0000			13.0000			
-57.3030			49.4903			-19.3065			-27.1000			-41.0000			82.0000			19.0000			
-96.7794			23.0926			-54.5632			-128.2000			-43.0000			78.0000			27.0000			
-27.6958			90.5534			53.4813			116.3000			-47.0000			71.0000			28.0000			
-86.3298			37.1714			-11.9140			-61.0000			-48.0000			60.0000			29.0000			
-84.5881			28.3722			-6.2275			-62.4000			-49.0000			49.0000			30.0000			
-45.6923			70.0219			45.5202			69.8000			-52.0000			36.0000			34.0000			
-93.2962			22.5060			7.4203			-63.3000			-54.0000			23.0000			35.0000			
-79.3633			35.9982			34.7157			-8.6000			-53.0000			13.0000			37.0000			
-63.6889			45.3840			44.9515			26.6000			-54.0000			3.0000			39.0000			
-88.0714			14.2934			15.9501			-57.8000			-54.0000			-8.0000			38.0000			
-64.2694			35.4116			38.6963			9.8000			-53.0000			-17.0000			39.0000			
-67.7526			31.3053			36.4217			0.0000			-53.0000			-27.0000			39.0000			
-79.3633			10.7737			34.1471			-34.4000			-52.0000			-36.0000			40.0000			
-61.9473			18.3997			58.0306			14.4000			-51.0000			-44.0000			41.0000			
-70.0748			3.1477			52.3440			-14.5000			-48.0000			-53.0000			40.0000			
-71.8164			-3.8917			58.0306			-17.6000			-45.0000			-62.0000			42.0000			
-60.2057			4.3209			63.7171			7.8000			-41.0000			-69.0000			43.0000			
-63.6889			-7.9980			54.6186			-17.0000			-37.0000			-77.0000			42.0000			
-50.3366			-14.4508			59.1679			-5.6000			-32.0000			-83.0000			43.0000			
-43.3702			-16.7972			63.1485			2.9000			-27.0000			-88.0000			43.0000			
-47.4339			-25.5965			59.7365			-13.2000			-22.0000			-95.0000			43.0000			
-41.6286			-23.2500			65.9918			1.1000			-15.0000			-99.0000			45.0000			
-37.5648			-29.7028			65.9918			-1.2000			-11.0000			-104.0000			45.0000			
-34.6622			-37.9154			64.2858			-8.2000			-7.0000			-106.0000			46.0000			
-28.2763			-39.6753			69.9723			2.0000			-1.0000			-108.0000			46.0000			
-24.2125			-44.9548			67.6977			-1.4000			5.0000			-109.0000			45.0000			
-18.9877			-49.6477			64.8544			-3.7000			11.0000			-109.0000			46.0000			
-7.9576			-51.9942			62.5798			2.6000			17.0000			-109.0000			47.0000			
-3.3133			-56.1005			57.4619			-1.9000			23.0000			-109.0000			46.0000			
-1.5717			-57.8603			60.8739			1.4000			30.0000			-107.0000			47.0000			
1.9115			-57.8603			59.7365			3.7000			36.0000			-104.0000			45.0000			
9.4585			-59.6202			50.0694			0.0000			42.0000			-100.0000			45.0000			
22.2302			-60.2068			40.9709			2.9000			48.0000			-94.0000			43.0000			
27.4550			-60.7934			36.4217			3.0000			55.0000			-89.0000			42.0000			
29.1966			-64.3131			37.5590			2.4000			60.0000			-83.0000			40.0000			
30.9382			-66.0730			38.6963			3.5000			67.0000			-77.0000			39.0000			
38.4852			-70.1793			34.7157			3.0000			72.0000			-70.0000			39.0000			
44.2905			-71.3525			29.0292			1.9000			77.0000			-63.0000			39.0000			
48.9348			-69.0060			22.7740			2.7000			81.0000			-56.0000			37.0000			
51.8375			-66.0730			15.9501			1.7000			85.0000			-48.0000			36.0000			
55.9012			-62.5533			8.5576			1.9000			89.0000			-38.0000			35.0000			
60.5455			-61.9667			2.3024			0.8000			93.0000			-30.0000			35.0000			
66.3509			-61.3800			-1.6782			3.2000			96.0000			-22.0000			32.0000			
68.0925			-63.1399			-4.5215			0.4000			98.0000			-11.0000			31.0000			
67.5119			-59.0336			-7.3648			1.1000			101.0000			-1.0000			30.0000			
68.0925			-50.8210			-16.4633			0.8000			102.0000			9.0000			27.0000			
70.4146			-44.3682			-25.5617			0.4000			103.0000			19.0000			25.0000			
73.3173			-42.6083			-31.2483			-0.5000			103.0000			30.0000			23.0000			
75.0589			-42.0217			-32.3856			0.6000			103.0000			41.0000			21.0000			
75.0589			-39.6753			-35.2289			0.1000			103.0000			49.0000			18.0000			
73.8978			-33.8091			-40.9154			-0.8000			102.0000			57.0000			15.0000			
73.3173			-32.0493			-44.3274			-3.0000			101.0000			67.0000			15.0000			
72.1562			-27.9429			-47.7393			-3.5000			99.0000			75.0000			12.0000			
69.8341			-20.3169			-51.7199			-2.2000			98.0000			82.0000			9.0000			
68.6730			-15.6240			-57.9751			-4.9000			95.0000			90.0000			8.0000			
66.3509			-7.9980			-61.9557			-3.6000			92.0000			98.0000			6.0000			
65.1898			-6.2382			-64.2303			-5.2000			88.0000			104.0000			4.0000			
62.2871			-4.4783			-63.0930			-5.2000			83.0000			110.0000			2.0000			
57.0623			1.3878			-64.7990			-6.3000			79.0000			117.0000			0.0000			
48.9348			10.7737			-67.0736			-7.3000			73.0000			121.0000			-1.0000			
44.2905			16.0532			-67.6422			-7.2000			67.0000			126.0000			-3.0000			
43.1295			18.9863			-70.4855			-8.3000			60.0000			130.0000			-3.0000			
41.3879			22.5060			-72.1915			-8.2000			55.0000			134.0000			-5.0000			
35.5825			29.5454			-73.8974			-8.7000			49.0000			137.0000			-5.0000			
30.3577			35.4116			-75.6034			-9.8000			42.0000			139.0000			-8.0000			
26.2940			38.3446			-75.6034			-10.9000			36.0000			139.0000			-10.0000			
22.2302			41.2777			-73.8974			-10.3000			31.0000			138.0000			-10.0000			
14.6833			44.7974			-70.4855			-11.0000			23.0000			138.0000			-12.0000			
7.1363			49.4903			-68.2109			-11.5000			17.0000			136.0000			-13.0000			
0.7504			51.8368			-64.7990			-12.2000			10.0000			135.0000			-13.0000			
-1.5717			55.3565			-65.3676			-11.5000			5.0000			132.0000			-14.0000			
-4.4744			57.1163			-64.7990			-12.1000			-3.0000			129.0000			-13.0000			
-13.1824			58.2896			-57.9751			-12.8000			-9.0000			123.0000			-12.0000			
-24.2125			59.4628			-47.1706			-11.9000			-16.0000			118.0000			-12.0000			
-29.4374			58.2896			-42.0528			-13.2000			-22.0000			113.0000			-11.0000			
-31.7595			61.8093			-42.6214			-12.5000			-28.0000			107.0000			-9.0000			
-34.0816			63.5691			-42.0528			-12.5000			-33.0000			100.0000			-7.0000			
-41.0480			67.0888			-38.0722			-12.0000			-39.0000			95.0000			-7.0000			
-46.2729			67.6754			-31.8170			-10.4000			-43.0000			88.0000			-7.0000			
-50.9171			67.0888			-27.2677			-11.1000			-47.0000			81.0000			-7.0000			
-53.8198			64.1557			-21.5812			-11.2000			-52.0000			74.0000			-6.0000			
-57.3030			61.2227			-13.6200			-9.6000			-55.0000			66.0000			-3.0000			
-62.5278			57.1163			-5.6588			-11.0000			-58.0000			56.0000			-2.0000			
-67.7526			58.2896			-2.2469			-11.7000			-61.0000			50.0000			1.0000			
-69.4942			59.4628			0.0277			-9.9000			-63.0000			41.0000			3.0000			
-68.9137			55.3565			4.5770			-8.9000			-65.0000			31.0000			6.0000			
-69.4942			47.1439			14.8128			-7.5000			-64.0000			21.0000			9.0000			
-71.8164			41.2777			22.2053			-8.3000			-64.0000			12.0000			12.0000			
-95.6183			10.7737			177.4482			92.6000			-64.0000			3.0000			32.0000			
4.8142			102.8724			57.4619			165.1000			-49.0000			14.0000			40.0000			
-127.5477			2.5611			-44.8960			-169.8000			-45.0000			14.0000			49.0000			
-32.3400			63.5691			50.0694			81.2000			-43.0000			9.0000			54.0000			
-58.4641			35.4116			45.5202			22.4000			-41.0000			-1.0000			55.0000			
-103.1653			-10.9311			9.6949			-104.3000			-40.0000			-8.0000			56.0000			
-47.4339			45.3840			85.8947			83.8000			-39.0000			-13.0000			62.0000			
-77.6217			1.3878			53.4813			-22.7000			-36.0000			-24.0000			63.0000			
-85.1687			-12.6909			52.9127			-44.9000			-33.0000			-32.0000			65.0000			
-49.1755			18.9863			82.4828			52.2000			-29.0000			-37.0000			68.0000			
-72.3969			-17.3839			46.0888			-43.6000			-26.0000			-47.0000			68.0000			
-56.7225			-9.1712			56.8933			-8.9000			-21.0000			-51.0000			69.0000			
-39.8870			1.3878			65.4231			26.9000			-16.0000			-57.0000			69.0000			
-56.1420			-26.7697			46.6575			-36.2000			-11.0000			-64.0000			70.0000			
-41.0480			-19.1437			69.4037			9.2000			-6.0000			-69.0000			71.0000			
-40.4675			-24.4232			70.5410			5.6000			-1.0000			-73.0000			71.0000			
-45.1118			-44.9548			65.4231			-24.6000			4.0000			-78.0000			71.0000			
-26.5347			-37.9154			77.3649			12.9000			9.0000			-81.0000			71.0000			
-27.6958			-46.1280			68.8350			-4.9000			14.0000			-83.0000			70.0000			
-24.2125			-52.5808			64.2858			-12.5000			19.0000			-85.0000			71.0000			
-10.2797			-46.7146			67.1291			10.1000			24.0000			-86.0000			70.0000			
-8.5381			-54.9273			55.1873			-8.2000			31.0000			-88.0000			68.0000			
-2.1522			-56.6871			56.3246			-2.5000			36.0000			-87.0000			68.0000			
1.3310			-56.6871			60.8739			5.5000			41.0000			-86.0000			65.0000			
0.7504			-63.1399			54.6186			-7.7000			46.0000			-85.0000			61.0000			
11.2001			-62.5533			51.7754			0.4000			52.0000			-83.0000			60.0000			
22.2302			-63.7265			43.2455			1.7000			55.0000			-78.0000			58.0000			
25.7134			-66.6596			36.4217			-4.5000			62.0000			-75.0000			52.0000			
32.0993			-67.2462			36.9903			1.8000			67.0000			-71.0000			49.0000			
33.2604			-69.5927			35.2844			-1.0000			71.0000			-68.0000			47.0000			
40.8073			-71.9391			29.5978			-1.5000			74.0000			-63.0000			43.0000			
46.6127			-70.1793			24.4799			0.9000			78.0000			-58.0000			41.0000			
48.9348			-70.1793			18.2247			-3.0000			81.0000			-51.0000			39.0000			
52.9986			-67.2462			11.9695			-2.2000			83.0000			-47.0000			36.0000			
56.4818			-62.5533			5.7143			-0.3000			86.0000			-41.0000			33.0000			
60.5455			-63.1399			-0.5409			-3.1000			88.0000			-33.0000			29.0000			
67.5119			-66.0730			-3.9528			-2.5000			90.0000			-26.0000			26.0000			
68.0925			-66.0730			-3.9528			-1.9000			92.0000			-19.0000			21.0000			
68.6730			-60.2068			-11.3454			-2.8000			92.0000			-11.0000			18.0000			
69.8341			-50.2343			-21.0125			-1.4000			92.0000			-3.0000			14.0000			
72.1562			-43.7816			-30.1110			-1.7000			93.0000			7.0000			10.0000			
73.8978			-42.0217			-34.6602			-2.7000			92.0000			16.0000			7.0000			
76.2200			-42.6083			-35.7975			-2.1000			91.0000			23.0000			2.0000			
76.2200			-39.6753			-39.2095			-2.6000			91.0000			31.0000			-1.0000			
74.4784			-34.9823			-42.0528			-2.5000			88.0000			38.0000			-5.0000			
74.4784			-31.4626			-46.6020			-3.5000			87.0000			45.0000			-8.0000			
73.3173			-27.3563			-50.5826			-4.6000			84.0000			52.0000			-10.0000			
70.9951			-20.9036			-55.7005			-5.6000			82.0000			59.0000			-14.0000			
68.6730			-12.6909			-61.3870			-5.4000			80.0000			67.0000			-17.0000			
66.9314			-5.6515			-66.5049			-5.2000			76.0000			74.0000			-20.0000			
68.0925			-5.0649			-67.6422			-4.6000			72.0000			80.0000			-23.0000			
63.4482			-3.3051			-66.5049			-6.3000			68.0000			86.0000			-23.0000			
56.4818			4.3209			-67.6422			-6.8000			62.0000			91.0000			-25.0000			
48.9348			13.7068			-69.3482			-6.7000			58.0000			97.0000			-26.0000			
44.2905			18.3997			-69.9169			-7.2000			50.0000			103.0000			-27.0000			
43.7100			20.1596			-72.1915			-8.3000			46.0000			107.0000			-28.0000			
41.9684			26.0257			-75.0348			-7.0000			40.0000			110.0000			-30.0000			
36.1631			33.0651			-76.7407			-7.5000			35.0000			114.0000			-31.0000			
29.7772			38.9313			-76.7407			-8.0000			30.0000			115.0000			-31.0000			
26.2940			42.4510			-77.8780			-9.1000			24.0000			118.0000			-30.0000			
21.6497			45.3840			-75.6034			-8.5000			19.0000			118.0000			-32.0000			
13.5222			48.3171			-69.9169			-8.0000			14.0000			119.0000			-30.0000			
4.8142			53.5967			-67.0736			-8.6000			7.0000			120.0000			-30.0000			
-0.4106			55.9431			-65.9363			-10.3000			2.0000			119.0000			-30.0000			
-1.5717			59.4628			-67.0736			-9.1000			-5.0000			118.0000			-28.0000			
-5.0549			60.0494			-62.5243			-7.5000			-9.0000			115.0000			-25.0000			
-14.3435			61.8093			-56.2691			-8.8000			-13.0000			113.0000			-23.0000			
-24.7931			62.9825			-47.1706			-8.9000			-20.0000			111.0000			-19.0000			
-30.5984			62.3959			-41.4841			-9.6000			-25.0000			108.0000			-16.0000			
-32.3400			65.3290			-41.4841			-8.4000			-29.0000			104.0000			-12.0000			
-35.8232			68.8487			-41.4841			-8.4000			-34.0000			99.0000			-10.0000			
-42.7897			71.1951			-36.9349			-8.5000			-37.0000			94.0000			-8.0000			
-48.5950			70.0219			-31.2483			-9.8000			-41.0000			90.0000			-4.0000			
-52.0782			68.2620			-23.8558			-7.6000			-44.0000			85.0000			-2.0000			
-56.1420			66.5022			-18.1692			-7.8000			-47.0000			81.0000			1.0000			
-58.4641			62.3959			-10.7767			-6.8000			-49.0000			73.0000			5.0000			
-64.2694			58.2896			-1.6782			-7.6000			-50.0000			68.0000			10.0000			
-70.0748			61.8093			1.1650			-7.0000			-52.0000			62.0000			14.0000			
-71.2359			62.9825			1.1650			-7.0000			-52.0000			54.0000			18.0000			
-70.0748			57.1163			6.2829			-6.6000			-53.0000			46.0000			22.0000			
-70.6553			47.7305			17.0874			-5.8000			-53.0000			38.0000			27.0000			
-72.9775			41.2777			26.7545			-4.9000			-51.0000			30.0000			32.0000			
-75.8801			38.9313			30.7351			-6.2000			-50.0000			21.0000			37.0000			
-77.0412			38.9313			33.0097			-5.1000			-50.0000			15.0000			42.0000			
-77.0412			36.5848			36.4217			-4.0000			-49.0000			8.0000			45.0000			
-75.8801			31.8919			40.4023			-3.5000			-47.0000			-1.0000			50.0000			
-75.8801			26.6123			44.9515			-4.3000			-43.0000			-6.0000			53.0000			
-73.5580			20.7462			49.5007			-3.3000			-40.0000			-12.0000			57.0000			
-70.6553			14.8800			54.0500			-1.7000			-38.0000			-17.0000			60.0000			
-67.7526			8.4272			57.4619			-1.8000			-34.0000			-24.0000			64.0000			
-66.5916			1.9745			61.4425			-3.1000			-30.0000			-31.0000			67.0000			
-67.7526			0.8012			64.8544			-2.0000			-26.0000			-36.0000			71.0000			
-64.8500			-1.5452			63.1485			-3.2000			-21.0000			-41.0000			73.0000			
-56.1420			-9.7579			65.4231			-0.4000			-16.0000			-45.0000			76.0000			
-48.5950			-19.7303			65.9918			-2.3000			-10.0000			-50.0000			78.0000			
-45.1118			-23.2500			65.9918			-2.3000			-4.0000			-54.0000			80.0000			
-42.7897			-26.7697			69.4037			-0.1000			2.0000			-59.0000			81.0000			
-41.0480			-29.7028			71.6783			0.9000			8.0000			-62.0000			83.0000			
-36.4038			-37.9154			72.8156			-1.4000			13.0000			-65.0000			83.0000			
-61.9473			-87.7778			84.1887			-65.5000			12.0000			-79.0000			65.0000			
-37.5648			-68.4194			179.7228			73.7000			7.0000			-96.0000			60.0000			
10.6195			-42.6083			92.1499			60.1000			11.0000			-100.0000			57.0000			
-49.1755			-95.9904			17.6561			-127.5000			17.0000			-102.0000			57.0000			
28.6161			-26.7697			81.9141			83.7000			23.0000			-100.0000			58.0000			
-0.9912			-56.1005			60.3052			3.2000			30.0000			-100.0000			57.0000			
-13.1824			-80.7384			47.2261			-46.6000			38.0000			-96.0000			55.0000			
33.8409			-42.6083			80.2081			71.4000			44.0000			-91.0000			55.0000			
13.5222			-74.8722			30.7351			-30.6000			49.0000			-88.0000			54.0000			
24.5524			-68.4194			34.1471			-9.7000			57.0000			-83.0000			52.0000			
40.2268			-51.4076			54.6186			43.4000			62.0000			-76.0000			51.0000			
17.0054			-83.6714			36.4217			-30.2000			68.0000			-72.0000			50.0000			
39.0657			-74.8722			50.6381			14.8000			73.0000			-65.0000			47.0000			
51.2570			-70.1793			39.2650			20.3000			79.0000			-58.0000			47.0000			
44.8711			-80.7384			13.6755			-22.1000			83.0000			-52.0000			47.0000			
61.1261			-66.0730			23.3426			18.3000			88.0000			-44.0000			47.0000			
59.3844			-66.6596			10.8322			3.5000			91.0000			-36.0000			45.0000			
57.0623			-68.4194			1.1650			-10.1000			94.0000			-28.0000			45.0000			
71.5757			-57.2737			0.5964			14.9000			98.0000			-21.0000			43.0000			
70.9951			-66.0730			-9.0707			-4.1000			100.0000			-11.0000			40.0000			
72.7367			-67.2462			-7.9334			-2.4000			103.0000			-1.0000			38.0000			
73.8978			-57.8603			-5.6588			10.3000			104.0000			8.0000			35.0000			
68.6730			-52.5808			-21.5812			-5.4000			104.0000			18.0000			33.0000			
106.9883			-17.3839			-88.1138			1.4000			101.0000			24.0000			13.0000			
75.0589			-47.8879			-17.6006			9.5000			91.0000			16.0000			7.0000			
123.2433			-7.9980			-4.5215			110.7000			88.0000			21.0000			-2.0000			
51.2570			-67.8328			-94.9377			-111.5000			86.0000			27.0000			-4.0000			
88.4112			-13.8642			-32.3856			42.1000			87.0000			37.0000			-6.0000			
91.3139			-10.3445			-26.6991			54.2000			86.0000			44.0000			-7.0000			
52.9986			-51.9942			-78.4467			-77.4000			84.0000			52.0000			-11.0000			
90.1528			-0.3720			-44.3274			45.4000			83.0000			62.0000			-13.0000			
72.7367			-9.1712			-66.5049			-2.9000			79.0000			70.0000			-13.0000			
54.7402			-16.2106			-81.8586			-43.3000			77.0000			79.0000			-16.0000			
79.7032			14.2934			-53.4259			40.5000			74.0000			87.0000			-17.0000			
58.2234			-6.2382			-68.7795			-16.8000			70.0000			94.0000			-17.0000			
54.7402			-2.1318			-67.0736			-14.4000			66.0000			99.0000			-18.0000			
58.8039			23.6792			-60.8184			21.6000			61.0000			107.0000			-18.0000			
40.2268			14.2934			-79.5840			-25.0000			55.0000			112.0000			-18.0000			
45.4516			27.1989			-73.8974			-1.2000			52.0000			117.0000			-17.0000			
44.2905			35.9982			-75.6034			4.6000			46.0000			122.0000			-18.0000			
29.7772			32.4785			-84.7019			-22.4000			40.0000			126.0000			-18.0000			
32.0993			44.7974			-73.8974			2.9000			35.0000			129.0000			-17.0000			
25.7134			47.1439			-77.8780			-5.0000			31.0000			131.0000			-17.0000			
17.5860			44.7974			-77.8780			-15.4000			26.0000			133.0000			-18.0000			
14.6833			51.8368			-65.3676			1.1000			19.0000			134.0000			-17.0000			
3.0726			53.5967			-67.6422			-10.9000			15.0000			135.0000			-15.0000			
-1.5717			55.9431			-65.3676			-10.9000			8.0000			135.0000			-14.0000			
-1.5717			62.3959			-65.3676			-4.5000			3.0000			134.0000			-12.0000			
-8.5381			60.6360			-65.3676			-13.2000			-2.0000			131.0000			-9.0000			
-17.2461			66.5022			-55.1318			-5.8000			-7.0000			126.0000			-8.0000			
-27.6958			67.6754			-47.1706			-7.1000			-14.0000			125.0000			-4.0000			
-34.0816			64.7424			-43.7587			-13.0000			-18.0000			122.0000			-2.0000			
-34.0816			68.8487			-42.0528			-7.2000			-24.0000			117.0000			1.0000			
-38.7259			70.0219			-40.3468			-9.0000			-29.0000			111.0000			4.0000			
-46.8534			71.1951			-34.6602			-10.3000			-32.0000			107.0000			5.0000			
-51.4977			72.3684			-27.2677			-6.4000			-36.0000			102.0000			7.0000			
-55.5614			70.6085			-23.2871			-8.2000			-39.0000			95.0000			10.0000			
-59.0446			68.2620			-17.0319			-7.8000			-42.0000			90.0000			12.0000			
-63.1084			66.5022			-10.2081			-6.8000			-46.0000			82.0000			15.0000			
-68.9137			62.9825			-3.3842			-9.3000			-48.0000			76.0000			18.0000			
-74.1385			62.9825			1.7337			-9.4000			-50.0000			67.0000			22.0000			
-75.2996			62.9825			4.5770			-7.7000			-51.0000			60.0000			25.0000			
-74.1385			55.9431			10.2635			-7.9000			-52.0000			51.0000			28.0000			
-75.2996			45.9706			22.2053			-7.1000			-51.0000			41.0000			31.0000			
-78.2023			40.1045			30.7351			-7.3000			-52.0000			31.0000			34.0000			
-81.1049			38.9313			34.7157			-7.4000			-52.0000			23.0000			39.0000			
-80.5244			39.5179			35.8530			-5.1000			-51.0000			14.0000			41.0000			
-81.1049			36.5848			38.6963			-5.8000			-50.0000			5.0000			45.0000			
-79.9439			31.8919			42.6769			-5.3000			-49.0000			-3.0000			46.0000			
-78.7828			26.6123			47.7948			-4.3000			-47.0000			-9.0000			49.0000			
-77.0412			19.5729			51.7754			-5.6000			-45.0000			-17.0000			52.0000			
-74.1385			11.9469			57.4619			-4.7000			-42.0000			-24.0000			55.0000			
-71.8164			3.7343			63.1485			-4.9000			-39.0000			-32.0000			57.0000			
-69.4942			-0.9586			65.9918			-4.4000			-35.0000			-39.0000			60.0000			
-69.4942			-2.7185			68.2664			-3.9000			-32.0000			-45.0000			63.0000			
-64.8500			-4.4783			66.5604			-2.7000			-27.0000			-51.0000			63.0000			
-57.8836			-10.9311			67.6977			-1.1000			-21.0000			-56.0000			65.0000			
-49.1755			-20.9036			68.8350			-1.2000			-16.0000			-63.0000			66.0000			
-44.5313			-26.7697			69.9723			-1.3000			-12.0000			-67.0000			67.0000			
-43.3702			-29.7028			73.3843			0.3000			-5.0000			-72.0000			69.0000			
-41.6286			-33.2225			75.0902			0.2000			-1.0000			-76.0000			69.0000			
-35.2427			-41.4351			75.6589			-1.0000			5.0000			-80.0000			70.0000			
-28.2763			-46.7146			75.6589			0.6000			11.0000			-81.0000			71.0000			
-23.6320			-51.9942			76.7962			1.1000			16.0000			-83.0000			72.0000			
-17.8267			-53.1674			73.3843			2.3000			20.0000			-84.0000			72.0000			
-10.2797			-56.1005			68.2664			1.8000			29.0000			-85.0000			72.0000			
-0.4106			-59.0336			61.4425			1.9000			33.0000			-85.0000			71.0000			
1.9115			-63.7265			63.7171			1.9000			39.0000			-83.0000			71.0000			
4.2337			-66.6596			65.4231			2.9000			45.0000			-82.0000			68.0000			
9.4585			-67.8328			59.1679			0.7000			50.0000			-78.0000			68.0000			
19.9081			-69.5927			50.6381			0.9000			57.0000			-76.0000			64.0000			
30.3577			-71.3525			43.2455			2.2000			61.0000			-72.0000			61.0000			
35.5825			-71.3525			37.5590			1.7000			65.0000			-68.0000			59.0000			
37.3241			-72.5257			38.1276			2.9000			71.0000			-65.0000			55.0000			
40.8073			-77.2187			38.1276			1.7000			75.0000			-58.0000			53.0000			
48.9348			-79.5651			33.0097			2.3000			79.0000			-54.0000			51.0000			
55.3207			-77.2187			23.3426			1.4000			82.0000			-49.0000			49.0000			
57.6428			-75.4588			17.6561			-0.1000			86.0000			-43.0000			47.0000			
61.7066			-71.9391			11.4008			1.1000			90.0000			-37.0000			44.0000			
64.0287			-67.2462			2.8710			-0.3000			91.0000			-30.0000			40.0000			
69.2535			-64.3131			-4.5215			0.4000			94.0000			-23.0000			36.0000			
76.2200			-67.8328			-7.3648			1.0000			95.0000			-17.0000			33.0000			
76.8005			-66.6596			-10.2081			0.0000			97.0000			-8.0000			30.0000			
76.2200			-61.9667			-14.7573			-0.5000			96.0000			0.0000			26.0000			
76.8005			-50.2343			-26.1304			0.4000			97.0000			8.0000			21.0000			
79.1226			-44.3682			-35.7975			-1.0000			95.0000			17.0000			17.0000			
83.1864			-42.0217			-40.9154			0.2000			95.0000			25.0000			11.0000			
82.6058			-42.6083			-42.0528			-2.0000			94.0000			33.0000			7.0000			
82.6058			-39.6753			-45.4647			-2.5000			93.0000			40.0000			4.0000			
82.0253			-34.3957			-48.8766			-1.2000			91.0000			46.0000			1.0000			
79.7032			-27.9429			-53.9945			-2.2000			89.0000			53.0000			-3.0000			
77.3810			-22.6634			-57.9751			-3.2000			87.0000			60.0000			-5.0000			
74.4784			-16.2106			-64.2303			-5.9000			84.0000			67.0000			-9.0000			
71.5757			-9.1712			-68.2109			-5.8000			80.0000			73.0000			-13.0000			
70.4146			-2.1318			-72.1915			-3.9000			76.0000			79.0000			-17.0000			
70.4146			-0.9586			-73.8974			-4.4000			71.0000			83.0000			-18.0000			
65.7703			2.5611			-73.8974			-5.5000			67.0000			90.0000			-22.0000			
57.6428			10.7737			-73.8974			-5.4000			62.0000			94.0000			-24.0000			
48.3543			21.3328			-75.0348			-5.3000			56.0000			99.0000			-25.0000			
45.4516			26.0257			-77.3094			-5.8000			49.0000			103.0000			-28.0000			
43.7100			28.9588			-80.1527			-7.4000			43.0000			108.0000			-29.0000			
40.8073			33.0651			-81.2900			-7.4000			38.0000			111.0000			-31.0000			
34.4215			41.2777			-83.5646			-7.8000			31.0000			112.0000			-32.0000			
28.6161			45.9706			-82.9959			-8.4000			26.0000			114.0000			-33.0000			
23.9718			49.4903			-81.2900			-7.8000			20.0000			115.0000			-33.0000			
18.1665			53.0100			-78.4467			-7.2000			14.0000			116.0000			-35.0000			
10.0390			55.9431			-73.3288			-7.3000			7.0000			115.0000			-35.0000			
-30.0179			33.6517			86.4633			90.0000			4.0000			118.0000			-15.0000			
5.3947			72.9550			-79.5840			-1.2000			12.0000			139.0000			-9.0000			
-34.0816			20.7462			-133.6062			-146.9000			11.0000			143.0000			-3.0000			
14.6833			101.1125			-27.2677			88.5000			7.0000			143.0000			-1.0000			
-30.5984			67.0888			-61.3870			-24.9000			-1.0000			137.0000			3.0000			
-55.5614			48.3171			-84.7019			-91.9000			-7.0000			132.0000			2.0000			
-8.5381			105.8055			-15.3260			81.9000			-13.0000			128.0000			7.0000			
-57.8836			64.7424			-53.9945			-47.1000			-20.0000			121.0000			8.0000			
-56.7225			63.5691			-35.2289			-28.3000			-26.0000			115.0000			10.0000			
-39.3064			90.5534			-9.0707			42.1000			-31.0000			109.0000			10.0000			
-71.2359			58.2896			-43.1901			-56.1000			-36.0000			102.0000			10.0000			
-52.6587			78.2345			-29.5423			-3.9000			-41.0000			95.0000			11.0000			
-50.3366			85.2739			-22.7185			12.2000			-43.0000			87.0000			12.0000			
-75.8801			60.0494			-24.4244			-40.2000			-47.0000			79.0000			13.0000			
-68.9137			70.0219			6.8516			7.9000			-50.0000			71.0000			15.0000			
-80.5244			65.9156			6.2829			-8.3000			-53.0000			61.0000			17.0000			
-86.3298			55.3565			3.4397			-27.5000			-55.0000			51.0000			18.0000			
-74.1385			61.2227			21.6366			8.7000			-57.0000			41.0000			20.0000			
-84.0076			45.3840			23.3426			-15.2000			-57.0000			29.0000			22.0000			
-85.1687			38.9313			31.3038			-14.9000			-58.0000			20.0000			25.0000			
-80.5244			41.8643			40.9709			2.3000			-57.0000			10.0000			28.0000			
-85.7492			35.4116			33.5784			-16.7000			-58.0000			-1.0000			29.0000			
-80.5244			35.4116			39.2650			-5.8000			-58.0000			-9.0000			31.0000			
-78.2023			34.2383			41.5396			-2.4000			-56.0000			-19.0000			34.0000			
-81.6855			23.0926			44.9515			-13.6000			-55.0000			-27.0000			34.0000			
-77.6217			19.5729			56.3246			-1.7000			-54.0000			-34.0000			36.0000			
-75.8801			10.1871			63.1485			-2.5000			-50.0000			-42.0000			39.0000			
-77.0412			0.2146			69.4037			-7.4000			-47.0000			-49.0000			41.0000			
-73.5580			-0.9586			73.3843			-1.1000			-44.0000			-57.0000			43.0000			
-72.3969			-4.4783			70.5410			-6.3000			-40.0000			-64.0000			47.0000			
-65.4305			-7.9980			68.2664			-5.1000			-34.0000			-69.0000			47.0000			
-55.5614			-15.0374			70.5410			0.0000			-30.0000			-75.0000			50.0000			
-49.1755			-24.4232			69.4037			-4.1000			-24.0000			-81.0000			49.0000			
-45.1118			-28.5296			71.6783			-1.9000			-18.0000			-84.0000			52.0000			
-43.3702			-32.0493			75.0902			-0.3000			-12.0000			-88.0000			53.0000			
-41.0480			-37.9154			77.3649			-1.5000			-6.0000			-92.0000			54.0000			
-34.6622			-45.5414			80.7768			0.5000			-1.0000			-95.0000			55.0000			
-28.8568			-50.2343			80.7768			1.6000			5.0000			-95.0000			57.0000			
-23.0515			-54.9273			79.0708			1.0000			11.0000			-95.0000			58.0000			
-14.9240			-56.6871			74.5216			2.9000			18.0000			-96.0000			60.0000			
-6.7965			-60.2068			68.8350			1.8000			23.0000			-95.0000			60.0000			
2.4921			-63.7265			63.1485			1.9000			31.0000			-94.0000			61.0000			
5.3947			-66.6596			65.4231			4.1000			38.0000			-91.0000			62.0000			
5.9753			-67.8328			65.9918			4.1000			44.0000			-89.0000			61.0000			
12.3611			-71.9391			61.4425			1.8000			49.0000			-84.0000			62.0000			
25.1329			-72.5257			50.6381			3.2000			55.0000			-80.0000			59.0000			
32.6799			-73.1124			43.8142			3.3000			62.0000			-75.0000			59.0000			
37.3241			-72.5257			39.2650			4.0000			68.0000			-69.0000			57.0000			
40.2268			-74.8722			38.6963			4.0000			74.0000			-65.0000			55.0000			
45.4516			-78.3919			35.8530			2.9000			79.0000			-56.0000			54.0000			
52.9986			-81.3250			30.1665			1.8000			84.0000			-50.0000			53.0000			
58.8039			-80.1517			24.4799			3.1000			88.0000			-44.0000			53.0000			
62.2871			-77.2187			18.2247			3.2000			93.0000			-36.0000			51.0000			
65.1898			-73.1124			-89.8198			-97.7000			96.0000			-29.0000			44.0000			
34.4215			-100.0967			-15.3260			-80.9000			89.0000			-35.0000			30.0000			
97.6997			-54.3407			126.8379			170.1000			85.0000			-40.0000			21.0000			
79.1226			-70.7659			9.6949			18.0000			87.0000			-34.0000			17.0000			
57.0623			-95.4038			-43.7587			-82.1000			88.0000			-26.0000			15.0000			
112.7936			-26.1831			0.0277			86.6000			90.0000			-14.0000			14.0000			
66.3509			-59.6202			-49.4453			-42.7000			92.0000			-4.0000			9.0000			
75.0589			-51.4076			-44.3274			-20.6000			93.0000			8.0000			6.0000			
108.1494			-20.3169			-24.4244			63.4000			93.0000			19.0000			4.0000			
73.8978			-51.4076			-65.3676			-42.8000			92.0000			28.0000			1.0000			
87.8306			-31.4626			-44.8960			11.4000			92.0000			39.0000			1.0000			
87.8306			-24.4232			-40.3468			23.0000			92.0000			47.0000			-1.0000			
67.5119			-44.3682			-59.6811			-36.5000			92.0000			55.0000			-1.0000			
85.5085			-20.9036			-44.8960			19.7000			90.0000			65.0000			-3.0000			
78.5421			-15.0374			-60.8184			2.6000			88.0000			73.0000			-4.0000			
68.0925			-13.2775			-75.0348			-20.2000			87.0000			81.0000			-5.0000			
78.5421			6.6674			-69.3482			15.8000			84.0000			89.0000			-7.0000			
69.8341			1.3878			-80.7213			-9.5000			80.0000			97.0000			-7.0000			
65.7703			3.1477			-79.0153			-10.0000			77.0000			105.0000			-7.0000			
62.2871			17.8131			-72.1915			7.9000			72.0000			112.0000			-6.0000			
46.0322			20.1596			-79.0153			-12.8000			67.0000			117.0000			-7.0000			
46.6127			26.6123			-75.6034			-2.3000			62.0000			124.0000			-7.0000			
47.1932			30.7186			-76.7407			1.1000			55.0000			128.0000			-7.0000			
37.9047			30.1320			-81.2900			-13.2000			51.0000			133.0000			-7.0000			
36.1631			41.2777			-79.0153			-1.5000			45.0000			136.0000			-9.0000			
29.7772			45.3840			-82.4273			-7.2000			41.0000			137.0000			-7.0000			
24.5524			49.4903			-84.7019			-10.6000			35.0000			141.0000			-8.0000			
20.4886			55.9431			-81.2900			-4.8000			30.0000			142.0000			-8.0000			
8.8779			57.7030			-74.4661			-7.8000			23.0000			141.0000			-7.0000			
-0.4106			61.2227			-69.9169			-9.0000			18.0000			142.0000			-7.0000			
-3.3133			65.9156			-69.3482			-6.7000			12.0000			142.0000			-6.0000			
-6.7965			65.9156			-68.7795			-9.6000			6.0000			139.0000			-4.0000			
-12.0213			65.9156			-63.0930			-9.1000			-1.0000			137.0000			-3.0000			
-25.3736			67.6754			-50.5826			-8.2000			-6.0000			133.0000			-1.0000			
-33.5011			68.2620			-46.0333			-11.2000			-11.0000			128.0000			2.0000			
-35.2427			69.4353			-43.7587			-9.5000			-17.0000			123.0000			4.0000			
-36.9843			73.5416			-46.6020			-10.0000			-22.0000			117.0000			5.0000			
-43.3702			76.4747			-43.1901			-10.0000			-27.0000			113.0000			7.0000			
-52.0782			78.2345			-35.7975			-9.6000			-32.0000			107.0000			9.0000			
-57.3030			77.0613			-28.9737			-9.2000			-36.0000			99.0000			9.0000			
-60.7862			72.9550			-21.0125			-8.8000			-39.0000			93.0000			10.0000			
-64.2694			68.8487			-13.0513			-8.4000			-44.0000			85.0000			12.0000			
-68.3332			66.5022			-6.2275			-8.0000			-46.0000			79.0000			15.0000			
-73.5580			64.1557			1.1650			-8.2000			-50.0000			71.0000			17.0000			
-80.5244			66.5022			2.8710			-11.1000			-51.0000			61.0000			20.0000			
-78.7828			64.7424			4.5770			-9.4000			-54.0000			53.0000			22.0000			
-78.2023			58.2896			12.5382			-7.3000			-54.0000			43.0000			25.0000			
-78.7828			47.7305			23.9113			-7.1000			-55.0000			34.0000			26.0000			
-81.6855			43.0376			31.3038			-7.3000			-55.0000			22.0000			29.0000			
-84.0076			40.6911			36.4217			-6.9000			-54.0000			14.0000			33.0000			
-84.5881			40.1045			37.5590			-6.9000			-54.0000			4.0000			37.0000			
-82.8465			34.2383			42.1082			-6.5000			-53.0000			-5.0000			38.0000			
-82.2660			29.5454			47.2261			-5.4000			-52.0000			-13.0000			40.0000			
-81.1049			24.2659			51.7754			-5.0000			-50.0000			-20.0000			43.0000			
-78.2023			17.8131			55.7560			-4.6000			-49.0000			-28.0000			44.0000			
