-14.1582			-48.5468			61.6007			-1.1000			26.0000			-72.0000			76.0000			
-7.8392			-50.7993			58.2855			-0.3000			31.0000			-77.0000			73.0000			
-3.2436			-53.6150			56.6279			-0.2000			36.0000			-79.0000			70.0000			
1.3521			-56.9939			54.9703			-0.6000			40.0000			-81.0000			66.0000			
4.7988			-59.8096			53.3127			-1.7000			45.0000			-82.0000			61.0000			
11.1178			-63.1884			50.5501			-1.5000			49.0000			-83.0000			57.0000			
17.4368			-65.4410			46.6823			-1.3000			54.0000			-82.0000			54.0000			
22.6068			-66.0041			42.8146			-0.5000			58.0000			-82.0000			47.0000			
27.7769			-67.1304			39.4994			0.1000			62.0000			-82.0000			43.0000			
32.3726			-68.8198			35.6317			-0.8000			67.0000			-80.0000			39.0000			
39.8405			-69.9461			30.6589			0.5000			69.0000			-79.0000			33.0000			
42.1383			-72.1986			28.4487			-1.6000			72.0000			-76.0000			29.0000			
43.8616			-71.0724			25.1335			-2.0000			74.0000			-74.0000			26.0000			
49.0317			-66.0041			18.5031			1.5000			76.0000			-71.0000			21.0000			
52.4784			-62.0621			9.6626			0.0000			78.0000			-66.0000			16.0000			
57.0741			-60.3727			3.0322			-0.2000			80.0000			-62.0000			11.0000			
61.0952			-60.9359			-0.8355			-0.6000			82.0000			-57.0000			7.0000			
62.2441			-56.9939			-5.8083			-0.5000			82.0000			-51.0000			3.0000			
64.5420			-55.8676			-9.1235			-0.4000			83.0000			-44.0000			-2.0000			
66.8398			-49.6731			-15.7539			1.4000			81.0000			-37.0000			-7.0000			
68.5631			-46.2942			-22.3843			-0.1000			81.0000			-30.0000			-11.0000			
69.1376			-44.0417			-26.2521			-1.1000			81.0000			-21.0000			-16.0000			
72.0099			-42.9154			-30.1198			-1.0000			79.0000			-13.0000			-20.0000			
73.1588			-39.5365			-33.9875			-0.3000			79.0000			-6.0000			-23.0000			
72.5843			-33.3420			-38.4078			0.8000			78.0000			-1.0000			-27.0000			
71.4354			-28.8369			-41.7230			0.8000			74.0000			8.0000			-30.0000			
69.7120			-25.4580			-45.0382			-0.7000			72.0000			15.0000			-33.0000			
66.2653			-17.5741			-47.8009			0.8000			70.0000			22.0000			-34.0000			
63.9675			-11.9427			-52.7737			-0.7000			68.0000			30.0000			-36.0000			
62.8186			-6.8744			-56.6414			-0.6000			63.0000			39.0000			-39.0000			
61.6697			-1.8062			-59.9566			0.0000			61.0000			47.0000			-40.0000			
58.2230			3.2621			-61.0617			0.4000			56.0000			54.0000			-41.0000			
55.3507			8.3303			-63.2718			0.4000			51.0000			63.0000			-41.0000			
49.6062			15.0880			-64.3769			0.3000			46.0000			71.0000			-40.0000			
45.5850			21.2826			-64.9294			1.9000			41.0000			77.0000			-39.0000			
42.7127			25.2245			-68.2446			-0.3000			35.0000			84.0000			-38.0000			
40.4149			28.6034			-69.3497			-0.3000			30.0000			91.0000			-39.0000			
35.8193			35.3611			-71.5598			-0.3000			25.0000			97.0000			-38.0000			
32.3726			40.4293			-71.5598			1.2000			21.0000			103.0000			-35.0000			
28.9258			43.2450			-73.2174			-1.0000			15.0000			107.0000			-34.0000			
23.1813			46.6239			-68.7971			1.0000			10.0000			111.0000			-33.0000			
14.5645			48.8764			-63.8243			-0.3000			7.0000			116.0000			-30.0000			
8.2455			53.3815			-62.1667			-0.5000			1.0000			120.0000			-26.0000			
4.7988			57.3235			-60.5091			1.6000			-4.0000			122.0000			-24.0000			
-0.3713			59.0129			-58.2990			0.3000			-9.0000			125.0000			-19.0000			
-6.6903			61.2655			-54.9838			-0.4000			-13.0000			124.0000			-16.0000			
-12.4348			64.6443			-52.2211			0.0000			-18.0000			127.0000			-12.0000			
-18.1794			67.4600			-48.9059			0.3000			-21.0000			127.0000			-8.0000			
-24.4983			68.0232			-42.2755			1.2000			-27.0000			126.0000			-2.0000			
-29.0940			70.2757			-40.0654			1.1000			-32.0000			126.0000			3.0000			
-33.6896			71.4020			-37.8553			-0.1000			-35.0000			124.0000			7.0000			
-39.4341			71.9652			-33.4350			-0.8000			-38.0000			123.0000			11.0000			
-42.8809			73.0914			-29.5673			0.6000			-41.0000			121.0000			15.0000			
-45.1787			71.9652			-25.6995			1.0000			-43.0000			118.0000			19.0000			
-49.1998			68.0232			-19.0691			-0.2000			-44.0000			115.0000			24.0000			
-53.7955			64.6443			-9.1235			1.7000			-48.0000			112.0000			28.0000			
-59.5400			62.9549			-3.5982			-0.1000			-49.0000			105.0000			33.0000			
-62.9867			61.8286			1.9271			0.7000			-50.0000			101.0000			39.0000			
-63.5612			58.4498			5.7949			0.6000			-51.0000			95.0000			42.0000			
-65.8590			55.6341			9.6626			-0.5000			-52.0000			87.0000			48.0000			
-68.1568			51.1290			16.2930			-0.7000			-50.0000			81.0000			52.0000			
-68.7313			46.6239			22.3709			0.2000			-49.0000			73.0000			57.0000			
-69.8802			43.2450			27.8962			1.2000			-49.0000			65.0000			62.0000			
-71.6035			42.1187			31.2114			1.7000			-48.0000			58.0000			65.0000			
-73.3269			39.8662			35.6317			2.1000			-46.0000			49.0000			68.0000			
-72.1780			32.5454			40.0519			0.4000			-44.0000			43.0000			72.0000			
-72.1780			26.9140			44.4722			-0.7000			-42.0000			36.0000			74.0000			
-69.3057			22.9720			47.2349			0.8000			-41.0000			28.0000			77.0000			
-65.8590			15.0880			50.5501			-0.2000			-38.0000			20.0000			79.0000			
-64.1356			10.0198			54.9703			0.8000			-35.0000			13.0000			82.0000			
-63.5612			4.9515			58.8381			0.2000			-30.0000			4.0000			81.0000			
-61.8378			0.4464			61.0482			-0.3000			-27.0000			-3.0000			85.0000			
-56.0933			-4.6219			60.4957			-0.2000			-22.0000			-11.0000			86.0000			
-53.2210			-10.8164			64.3634			0.3000			-18.0000			-17.0000			84.0000			
-49.1998			-16.4478			66.5735			0.9000			-13.0000			-27.0000			85.0000			
-44.6042			-23.2055			66.0210			-1.7000			-7.0000			-33.0000			85.0000			
-40.5830			-28.2737			67.6786			-1.1000			-4.0000			-42.0000			85.0000			
-38.8597			-31.0894			69.8887			0.0000			3.0000			-48.0000			83.0000			
-34.8385			-36.1577			71.5463			0.5000			8.0000			-54.0000			82.0000			
-30.8173			-42.3522			72.0988			-1.0000			11.0000			-58.0000			81.0000			
-25.6472			-47.4205			72.6514			-0.4000			16.0000			-65.0000			79.0000			
-20.4772			-49.1099			69.8887			0.2000			20.0000			-69.0000			77.0000			
-11.8604			-52.4888			63.2583			-1.0000			27.0000			-72.0000			76.0000			
-3.2436			-57.5570			59.9431			-0.8000			31.0000			-75.0000			73.0000			
-0.3713			-59.8096			59.9431			-0.2000			37.0000			-78.0000			69.0000			
4.2243			-61.4990			56.6279			-0.6000			41.0000			-81.0000			66.0000			
9.3944			-63.1884			53.3127			-0.4000			45.0000			-82.0000			61.0000			
16.2879			-66.5672			50.5501			0.2000			51.0000			-82.0000			57.0000			
20.8835			-69.3829			48.3399			-0.1000			55.0000			-83.0000			52.0000			
26.6280			-69.9461			42.2621			-1.0000			59.0000			-83.0000			46.0000			
32.9470			-71.6355			37.8418			-0.8000			63.0000			-81.0000			43.0000			
36.9682			-73.3249			35.0791			-1.2000			67.0000			-80.0000			37.0000			
41.5638			-73.8881			31.2114			-1.1000			70.0000			-78.0000			33.0000			
46.7339			-75.0143			26.2386			-2.0000			72.0000			-77.0000			30.0000			
50.1806			-73.8881			22.3709			-1.3000			74.0000			-74.0000			25.0000			
52.4784			-69.3829			15.7405			-1.1000			78.0000			-70.0000			22.0000			
57.6485			-63.1884			5.7949			0.2000			79.0000			-65.0000			16.0000			
62.8186			-63.1884			-0.2830			-0.6000			82.0000			-61.0000			11.0000			
66.2653			-64.8778			-3.5982			-2.2000			83.0000			-55.0000			6.0000			
66.8398			-58.1202			-8.0185			0.6000			82.0000			-49.0000			3.0000			
68.5631			-54.1782			-14.0963			0.2000			84.0000			-43.0000			-2.0000			
71.4354			-50.2362			-20.7267			0.4000			82.0000			-35.0000			-6.0000			
72.5843			-47.9836			-25.1470			-0.5000			81.0000			-27.0000			-12.0000			
73.1588			-42.9154			-31.2249			-0.9000			80.0000			-21.0000			-17.0000			
75.4566			-40.6628			-35.0926			-0.2000			80.0000			-13.0000			-21.0000			
77.1799			-38.9734			-38.9603			-0.7000			78.0000			-5.0000			-24.0000			
74.8821			-32.7789			-42.2755			-0.1000			77.0000			2.0000			-27.0000			
74.3077			-28.8369			-46.6958			-1.2000			74.0000			8.0000			-30.0000			
72.5843			-23.2055			-49.4585			0.0000			72.0000			16.0000			-33.0000			
68.5631			-14.7584			-53.3262			0.4000			70.0000			24.0000			-33.0000			
64.5420			-6.8744			-57.1939			0.4000			67.0000			32.0000			-37.0000			
64.5420			-3.4956			-61.0617			0.0000			63.0000			40.0000			-38.0000			
62.8186			1.0095			-63.8243			0.0000			60.0000			47.0000			-39.0000			
58.2230			6.6409			-64.3769			0.4000			55.0000			56.0000			-40.0000			
54.2018			12.8355			-66.5870			0.4000			50.0000			63.0000			-41.0000			
50.7551			17.9037			-69.3497			-0.6000			45.0000			71.0000			-41.0000			
46.7339			24.0983			-69.9022			0.9000			39.0000			80.0000			-40.0000			
41.5638			29.7297			-71.5598			-0.2000			34.0000			85.0000			-39.0000			
38.6915			34.2348			-73.2174			-0.2000			29.0000			93.0000			-39.0000			
36.9682			38.7399			-75.4275			0.2000			24.0000			99.0000			-36.0000			
31.2237			43.8082			-75.4275			-0.4000			20.0000			103.0000			-36.0000			
26.6280			48.3133			-74.8750			0.0000			15.0000			108.0000			-34.0000			
20.8835			50.5658			-72.1123			-0.6000			10.0000			113.0000			-33.0000			
12.2667			52.8184			-65.4819			-0.3000			6.0000			117.0000			-29.0000			
4.2243			58.4498			-62.1667			0.5000			1.0000			120.0000			-27.0000			
0.7776			62.9549			-62.1667			1.5000			-5.0000			123.0000			-24.0000			
-3.2436			62.9549			-59.9566			-0.2000			-9.0000			124.0000			-19.0000			
-9.5625			64.6443			-55.5363			-0.4000			-15.0000			126.0000			-15.0000			
-17.0304			69.7126			-50.5635			2.1000			-18.0000			126.0000			-10.0000			
-21.0516			70.8389			-49.4585			0.3000			-24.0000			128.0000			-7.0000			
-27.3706			71.9652			-44.4857			0.1000			-28.0000			127.0000			-2.0000			
-33.6896			72.5283			-39.5129			-0.6000			-33.0000			126.0000			3.0000			
-38.8597			75.9071			-36.1977			0.8000			-36.0000			125.0000			8.0000			
-41.1575			75.3440			-33.4350			0.7000			-38.0000			122.0000			12.0000			
-46.3276			75.3440			-28.4622			0.5000			-41.0000			121.0000			17.0000			
-50.3488			74.2177			-24.0419			-0.1000			-44.0000			117.0000			20.0000			
-54.3699			70.8389			-15.7539			0.7000			-46.0000			116.0000			25.0000			
-57.2422			65.7706			-7.4659			1.0000			-49.0000			111.0000			29.0000			
-61.8378			65.2075			-1.3881			1.9000			-49.0000			106.0000			35.0000			
-67.0079			64.6443			3.0322			0.6000			-51.0000			100.0000			39.0000			
-67.0079			59.5761			8.0050			0.5000			-50.0000			93.0000			43.0000			
-67.5824			53.9447			14.0829			0.4000			-51.0000			88.0000			48.0000			
-72.1780			50.5658			20.7133			-0.8000			-50.0000			80.0000			53.0000			
-72.7524			48.8764			24.5810			0.7000			-49.0000			72.0000			58.0000			
-73.9013			43.2450			30.1063			-0.5000			-48.0000			64.0000			62.0000			
-75.0503			39.8662			35.6317			0.4000			-48.0000			57.0000			66.0000			
-76.7736			38.1768			39.4994			0.9000			-46.0000			49.0000			70.0000			
-75.0503			32.5454			42.8146			0.3000			-44.0000			42.0000			73.0000			
-73.9013			26.9140			47.2349			0.2000			-43.0000			36.0000			75.0000			
-71.6035			22.4088			49.9975			0.8000			-39.0000			28.0000			77.0000			
-68.1568			14.5249			52.7602			-0.8000			-38.0000			20.0000			79.0000			
-65.2845			7.2041			57.7330			-0.3000			-33.0000			12.0000			81.0000			
-64.1356			2.6990			62.1533			0.7000			-31.0000			4.0000			83.0000			
-62.9867			-1.8062			63.8109			-0.9000			-27.0000			-4.0000			85.0000			
-57.8166			-6.3113			63.8109			-0.3000			-22.0000			-12.0000			86.0000			
-52.0721			-14.7584			66.5735			-0.2000			-18.0000			-19.0000			85.0000			
-49.7743			-19.2635			69.3362			0.3000			-12.0000			-27.0000			86.0000			
-46.3276			-24.3318			70.4412			-0.2000			-8.0000			-35.0000			84.0000			
-41.1575			-30.5263			70.4412			-1.2000			-2.0000			-42.0000			84.0000			
-37.1363			-36.7208			72.6514			-1.2000			4.0000			-48.0000			83.0000			
-34.2641			-40.0997			74.3090			0.0000			8.0000			-54.0000			82.0000			
-29.6684			-45.1679			74.8615			0.0000			12.0000			-59.0000			81.0000			
-24.4983			-50.2362			73.7564			-0.9000			17.0000			-65.0000			79.0000			
-17.6049			-53.6150			71.5463			0.3000			22.0000			-69.0000			78.0000			
-10.7115			-53.6150			65.4685			1.1000			27.0000			-73.0000			74.0000			
-2.6691			-58.1202			61.6007			0.8000			34.0000			-76.0000			72.0000			
0.7776			-62.0621			61.6007			0.3000			36.0000			-78.0000			70.0000			
5.3732			-64.8778			59.3906			-0.1000			42.0000			-81.0000			65.0000			
9.9689			-66.0041			54.9703			-1.0000			47.0000			-82.0000			62.0000			
20.3090			-69.9461			49.9975			0.3000			51.0000			-83.0000			57.0000			
23.7558			-72.1986			47.7874			-0.6000			55.0000			-82.0000			52.0000			
27.7769			-72.7618			43.9197			-1.0000			60.0000			-82.0000			46.0000			
35.2448			-73.3249			38.3943			0.3000			63.0000			-81.0000			42.0000			
40.9894			-76.1406			34.5266			-0.6000			67.0000			-80.0000			37.0000			
45.0105			-76.1406			31.7639			0.6000			71.0000			-78.0000			32.0000			
48.4573			-75.5775			26.7911			-0.3000			73.0000			-77.0000			29.0000			
53.6273			-75.0143			20.7133			-0.6000			75.0000			-74.0000			24.0000			
56.4996			-72.1986			14.0829			-1.6000			78.0000			-71.0000			21.0000			
60.5208			-66.0041			5.7949			0.3000			80.0000			-66.0000			15.0000			
65.6909			-62.6253			-1.9406			1.1000			82.0000			-62.0000			11.0000			
69.7120			-65.4410			-6.3609			-2.0000			83.0000			-57.0000			6.0000			
70.2865			-63.1884			-10.2286			-3.1000			83.0000			-51.0000			2.0000			
71.4354			-57.5570			-15.7539			-1.8000			83.0000			-43.0000			-3.0000			
73.7332			-49.6731			-23.4894			0.5000			82.0000			-36.0000			-8.0000			
75.4566			-49.1099			-27.9097			-1.5000			80.0000			-28.0000			-12.0000			
77.1799			-45.1679			-32.3299			-0.3000			81.0000			-21.0000			-17.0000			
78.3288			-42.3522			-38.4078			-2.4000			78.0000			-12.0000			-21.0000			
79.4778			-38.9734			-42.2755			-1.7000			79.0000			-6.0000			-24.0000			
78.3288			-34.4683			-45.0382			-1.1000			77.0000			1.0000			-28.0000			
76.0310			-29.4000			-48.3534			-1.7000			75.0000			8.0000			-30.0000			
73.7332			-22.0792			-52.7737			-1.1000			71.0000			16.0000			-33.0000			
70.8609			-15.8847			-56.6414			-1.6000			70.0000			23.0000			-34.0000			
66.8398			-8.5638			-60.5091			-2.2000			67.0000			31.0000			-36.0000			
65.6909			-2.3693			-65.4819			-2.1000			63.0000			40.0000			-38.0000			
63.9675			2.6990			-66.5870			0.0000			59.0000			47.0000			-40.0000			
59.9463			6.6409			-68.2446			-1.6000			55.0000			56.0000			-40.0000			
52.4784			13.3986			-69.9022			-4.0000			50.0000			63.0000			-39.0000			
51.3295			20.1563			-73.2174			-1.7000			44.0000			71.0000			-39.0000			
47.3084			24.6614			-73.2174			-1.2000			39.0000			78.0000			-38.0000			
42.1383			31.4191			-74.3225			-0.7000			34.0000			85.0000			-38.0000			
38.1171			35.9242			-74.8750			-0.8000			28.0000			92.0000			-38.0000			
35.8193			42.1187			-78.1902			-0.2000			23.0000			98.0000			-38.0000			
31.7981			45.4976			-78.7427			-1.4000			19.0000			103.0000			-35.0000			
25.4791			50.5658			-77.0851			-1.0000			14.0000			108.0000			-33.0000			
19.7346			53.9447			-73.2174			0.4000			10.0000			111.0000			-32.0000			
11.6922			56.1972			-67.6921			0.1000			4.0000			116.0000			-30.0000			
2.5010			60.7024			-64.3769			-1.1000			-1.0000			121.0000			-25.0000			
-2.0947			65.7706			-63.8243			-0.1000			-5.0000			123.0000			-24.0000			
-6.1158			68.0232			-62.1667			-0.2000			-9.0000			125.0000			-18.0000			
-11.2859			68.5863			-57.7465			-0.4000			-15.0000			126.0000			-15.0000			
-19.9027			71.9652			-51.1161			0.9000			-19.0000			127.0000			-10.0000			
-24.4983			75.3440			-48.3534			2.4000			-23.0000			128.0000			-5.0000			
-29.6684			75.9071			-45.5907			0.6000			-29.0000			126.0000			-1.0000			
-35.9874			76.4703			-40.0654			0.4000			-32.0000			125.0000			4.0000			
-42.3064			78.1597			-35.6451			0.2000			-36.0000			124.0000			9.0000			
-46.3276			79.2860			-32.3299			0.6000			-39.0000			122.0000			14.0000			
-49.7743			79.2860			-27.9097			1.6000			-41.0000			121.0000			17.0000			
-54.3699			77.5965			-21.8318			1.3000			-43.0000			119.0000			22.0000			
-58.3911			75.3440			-14.0963			2.8000			-47.0000			115.0000			26.0000			
-62.4123			69.7126			-6.3609			0.9000			-49.0000			111.0000			31.0000			
-66.4335			65.7706			1.3746			0.7000			-49.0000			106.0000			36.0000			
-70.4546			65.2075			6.3474			1.1000			-50.0000			101.0000			40.0000			
-71.6035			63.5181			10.2151			2.1000			-51.0000			95.0000			45.0000			
-73.3269			57.8867			17.3981			1.9000			-51.0000			88.0000			49.0000			
-75.6247			51.6921			24.5810			0.6000			-50.0000			81.0000			54.0000			
-77.9225			49.4396			28.4487			0.0000			-49.0000			73.0000			60.0000			
-77.9225			47.1870			33.4215			2.6000			-47.0000			66.0000			62.0000			
-79.0714			42.1187			39.4994			2.5000			-48.0000			58.0000			66.0000			
-80.2203			37.6136			45.0247			2.4000			-45.0000			51.0000			70.0000			
-79.0714			34.2348			47.2349			2.4000			-43.0000			43.0000			73.0000			
-77.3481			26.9140			50.5501			0.1000			-41.0000			36.0000			76.0000			
-74.4758			20.7194			56.0754			2.3000			-39.0000			29.0000			78.0000			
-71.0291			14.5249			58.8381			2.3000			-36.0000			20.0000			79.0000			
-68.7313			7.2041			62.1533			0.6000			-34.0000			12.0000			83.0000			
-67.5824			0.4464			66.5735			-0.5000			-29.0000			4.0000			84.0000			
-64.1356			-4.0587			69.3362			1.1000			-26.0000			-4.0000			84.0000			
-60.1145			-7.4376			69.8887			2.3000			-22.0000			-11.0000			86.0000			
-53.7955			-14.7584			70.4412			1.8000			-17.0000			-19.0000			86.0000			
-50.3488			-22.6423			73.2039			0.2000			-12.0000			-27.0000			85.0000			
-46.3276			-27.1475			74.8615			1.3000			-5.0000			-34.0000			85.0000			
-42.8809			-32.7789			75.4140			-0.2000			-1.0000			-41.0000			85.0000			
-37.7108			-37.8471			77.0716			1.5000			3.0000			-47.0000			83.0000			
-33.1151			-44.6048			78.1767			0.4000			9.0000			-54.0000			82.0000			
-29.6684			-49.1099			79.2818			0.4000			14.0000			-60.0000			82.0000			
-23.3494			-53.0519			77.6242			1.2000			18.0000			-65.0000			79.0000			
-15.3071			-56.9939			74.3090			2.0000			23.0000			-68.0000			78.0000			
-7.8392			-60.3727			68.2311			0.0000			28.0000			-73.0000			76.0000			
-0.9457			-64.8778			64.3634			-1.4000			33.0000			-77.0000			73.0000			
5.3732			-68.2567			63.2583			0.3000			38.0000			-79.0000			68.0000			
8.8200			-69.9461			60.4957			-0.6000			43.0000			-80.0000			64.0000			
13.9900			-71.6355			57.1805			-0.4000			47.0000			-82.0000			61.0000			
22.6068			-75.0143			51.1026			-1.3000			52.0000			-82.0000			56.0000			
29.5003			-77.2669			47.7874			0.0000			56.0000			-82.0000			51.0000			
32.9470			-78.3932			44.4722			-0.9000			60.0000			-82.0000			46.0000			
39.2660			-78.9563			38.9469			-0.7000			65.0000			-81.0000			41.0000			
46.1594			-80.6457			32.8690			-1.6000			67.0000			-79.0000			38.0000			
49.6062			-81.7720			30.6589			-1.5000			71.0000			-78.0000			31.0000			
53.6273			-81.2089			25.6861			-1.8000			74.0000			-75.0000			28.0000			
57.6485			-78.3932			19.6082			-1.1000			75.0000			-72.0000			24.0000			
62.2441			-73.8881			11.3202			-0.3000			78.0000			-69.0000			20.0000			
67.4142			-70.5092			3.0322			0.0000			81.0000			-65.0000			15.0000			
70.2865			-67.6935			-2.4931			0.1000			81.0000			-59.0000			11.0000			
74.3077			-66.0041			-8.0185			0.2000			83.0000			-54.0000			6.0000			
74.8821			-61.4990			-12.9913			0.3000			83.0000			-48.0000			-1.0000			
77.1799			-58.6833			-19.0691			-0.5000			83.0000			-41.0000			-4.0000			
78.9033			-53.0519			-26.8046			-0.9000			82.0000			-34.0000			-9.0000			
80.6267			-49.6731			-31.7774			-0.8000			82.0000			-26.0000			-14.0000			
82.9245			-45.1679			-35.6451			2.1000			79.0000			-18.0000			-18.0000			
82.3500			-40.6628			-42.2755			-0.5000			78.0000			-11.0000			-21.0000			
84.0734			-36.7208			-48.3534			-1.0000			78.0000			-4.0000			-24.0000			
82.3500			-32.7789			-51.1161			-1.5000			76.0000			3.0000			-27.0000			
80.0522			-28.2737			-54.4313			-2.6000			74.0000			10.0000			-30.0000			
77.7544			-20.9529			-58.2990			-1.5000			71.0000			18.0000			-33.0000			
60.5208			-48.5468			201.3916			213.3000			73.0000			25.0000			-12.0000			
85.7967			26.9140			-4.7033			108.0000			104.0000			66.0000			-5.0000			
-1.5202			-73.3249			-171.0158			-245.8000			112.0000			89.0000			4.0000			
131.7530			67.4600			-88.6883			110.5000			104.0000			92.0000			-4.0000			
69.7120			8.8935			-96.4238			-17.8000			94.0000			94.0000			-7.0000			
32.3726			-2.3693			-128.4707			-98.4000			88.0000			102.0000			-9.0000			
87.5201			68.5863			-44.4857			111.6000			80.0000			108.0000			-9.0000			
25.4791			32.5454			-103.6067			-45.5000			78.0000			117.0000			-6.0000			
32.9470			22.9720			-88.1358			-32.2000			72.0000			126.0000			-7.0000			
53.6273			53.3815			-59.9566			47.0000			66.0000			130.0000			-8.0000			
16.8623			22.9720			-99.1865			-59.3000			58.0000			134.0000			-9.0000			
50.1806			69.1495			-77.6377			41.6000			53.0000			136.0000			-7.0000			
32.9470			67.4600			-95.3187			5.0000			48.0000			145.0000			-5.0000			
-3.2436			41.5556			-97.5289			-59.2000			43.0000			148.0000			-5.0000			
17.4368			75.3440			-57.1939			35.5000			36.0000			150.0000			-5.0000			
-6.1158			57.8867			-64.3769			-12.6000			28.0000			151.0000			-3.0000			
-7.2647			58.4498			-68.7971			-17.6000			22.0000			152.0000			-2.0000			
-3.2436			74.7809			-61.0617			10.4000			15.0000			153.0000			-1.0000			
-22.7750			65.2075			-61.6142			-19.1000			8.0000			150.0000			1.0000			
-23.3494			76.4703			-51.1161			2.0000			-1.0000			149.0000			1.0000			
-31.9662			73.0914			-47.2483			-6.1000			-8.0000			146.0000			4.0000			
-34.8385			72.5283			-48.3534			-10.6000			-17.0000			143.0000			6.0000			
-36.5619			77.5965			-43.3806			-2.3000			-25.0000			137.0000			8.0000			
-45.7531			78.7228			-37.8553			-4.8000			-32.0000			134.0000			10.0000			
-50.9232			79.2860			-32.3299			-3.9000			-37.0000			130.0000			11.0000			
-55.5188			78.1597			-26.8046			-4.1000			-42.0000			125.0000			13.0000			
-59.5400			75.9071			-21.2793			-4.9000			-46.0000			121.0000			14.0000			
-65.2845			73.0914			-14.6489			-6.8000			-53.0000			115.0000			15.0000			
-70.4546			73.0914			-6.9134			-4.2000			-57.0000			107.0000			19.0000			
-75.0503			69.1495			-0.2830			-6.1000			-61.0000			98.0000			20.0000			
-76.1992			64.6443			6.3474			-5.2000			-66.0000			90.0000			23.0000			
-77.3481			61.8286			11.3202			-4.2000			-69.0000			81.0000			24.0000			
-79.0714			57.8867			16.2930			-4.8000			-72.0000			71.0000			27.0000			
-80.7948			52.8184			22.9234			-5.0000			-74.0000			60.0000			28.0000			
-83.0926			48.3133			31.2114			-3.5000			-74.0000			50.0000			31.0000			
-84.8160			42.6819			35.0791			-7.0000			-76.0000			39.0000			32.0000			
-83.6671			37.6136			41.7095			-4.3000			-78.0000			29.0000			34.0000			
-84.2415			34.2348			46.6823			-3.3000			-78.0000			19.0000			35.0000			
-84.2415			30.8559			50.5501			-2.8000			-79.0000			10.0000			37.0000			
-81.3692			25.7877			51.6551			-3.9000			-79.0000			-1.0000			38.0000			
-77.3481			19.0300			54.9703			-3.3000			-78.0000			-8.0000			40.0000			
-72.1780			10.5829			59.9431			-1.6000			-77.0000			-18.0000			40.0000			
-71.0291			5.5146			63.8109			-1.7000			-74.0000			-27.0000			42.0000			
-69.3057			-0.6799			67.6786			-2.3000			-72.0000			-36.0000			43.0000			
-64.7101			-6.3113			70.9938			0.0000			-70.0000			-46.0000			44.0000			
-61.8378			-11.9427			72.6514			-1.1000			-65.0000			-54.0000			45.0000			
-56.0933			-18.7004			73.2039			-1.5000			-60.0000			-62.0000			44.0000			
-49.7743			-24.3318			75.4140			1.3000			-55.0000			-70.0000			45.0000			
-45.7531			-29.9632			75.9666			0.2000			-49.0000			-77.0000			44.0000			
-42.8809			-35.0314			76.5191			-1.3000			-42.0000			-85.0000			46.0000			
-37.1363			-39.5365			78.7292			2.0000			-38.0000			-90.0000			46.0000			
-32.5407			-45.7311			79.8343			1.5000			-32.0000			-95.0000			45.0000			
-28.5195			-51.3625			81.4919			1.6000			-26.0000			-99.0000			44.0000			
-22.7750			-54.1782			79.2818			2.3000			-19.0000			-103.0000			45.0000			
-14.1582			-58.1202			75.9666			3.6000			-14.0000			-107.0000			45.0000			
-4.9669			-61.4990			69.8887			3.4000			-7.0000			-110.0000			44.0000			
0.7776			-65.4410			66.5735			1.9000			0.0000			-111.0000			42.0000			
5.9477			-68.8198			64.9159			2.0000			8.0000			-113.0000			42.0000			
11.6922			-68.2567			62.7058			6.1000			16.0000			-111.0000			40.0000			
18.0112			-71.0724			59.3906			6.3000			22.0000			-110.0000			39.0000			
24.9047			-75.5775			54.4178			3.7000			30.0000			-107.0000			37.0000			
32.3726			-76.7038			49.9975			5.6000			38.0000			-105.0000			37.0000			
37.5426			-76.7038			45.5773			6.4000			45.0000			-101.0000			33.0000			
42.7127			-77.2669			40.0519			5.4000			52.0000			-97.0000			31.0000			
49.6062			-81.2089			33.4215			1.8000			59.0000			-93.0000			30.0000			
53.6273			-83.4614			28.4487			-1.3000			63.0000			-88.0000			27.0000			
58.7974			-81.7720			26.7911			3.8000			70.0000			-85.0000			27.0000			
60.5208			-79.5195			20.7133			1.7000			74.0000			-79.0000			24.0000			
63.9675			-75.5775			11.3202			-0.2000			77.0000			-73.0000			22.0000			
72.0099			-72.1986			5.7949			5.6000			83.0000			-67.0000			20.0000			
75.4566			-68.8198			-0.8355			5.8000			87.0000			-59.0000			17.0000			
76.6055			-66.5672			-7.4659			2.5000			90.0000			-51.0000			14.0000			
79.4778			-62.0621			-12.9913			4.4000			93.0000			-44.0000			12.0000			
79.4778			-57.5570			-21.8318			0.0000			94.0000			-34.0000			9.0000			
81.2011			-51.9256			-26.8046			2.4000			96.0000			-24.0000			5.0000			
82.9245			-47.4205			-32.8825			2.6000			97.0000			-14.0000			3.0000			
84.0734			-45.7311			-35.6451			2.6000			98.0000			-4.0000			-1.0000			
84.6478			-40.0997			-41.1705			3.3000			99.0000			5.0000			-1.0000			
85.2223			-35.5946			-46.6958			2.9000			97.0000			15.0000			-3.0000			
84.0734			-32.2157			-51.1161			0.7000			99.0000			23.0000			-4.0000			
82.3500			-27.1475			-53.8787			1.3000			97.0000			31.0000			-7.0000			
77.7544			-19.8266			-57.1939			0.7000			95.0000			41.0000			-8.0000			
74.8821			-10.8164			-62.1667			1.9000			95.0000			49.0000			-9.0000			
72.5843			-2.9324			-67.6921			1.9000			91.0000			59.0000			-10.0000			
70.2865			0.4464			-70.4547			0.2000			90.0000			68.0000			-11.0000			
65.1164			6.6409			-72.1123			-0.3000			87.0000			77.0000			-13.0000			
60.5208			11.1460			-72.6649			-0.9000			82.0000			85.0000			-12.0000			
55.9252			17.9037			-75.4275			-1.5000			78.0000			93.0000			-13.0000			
50.7551			23.5351			-76.5326			-2.2000			72.0000			100.0000			-14.0000			
47.3084			29.7297			-77.6377			-0.6000			65.0000			109.0000			-12.0000			
43.8616			34.2348			-79.8478			-1.7000			61.0000			115.0000			-13.0000			
39.2660			40.4293			-80.9529			-1.2000			57.0000			120.0000			-11.0000			
34.6704			46.6239			-82.6105			-1.3000			50.0000			126.0000			-11.0000			
30.0747			51.6921			-85.3731			-3.6000			44.0000			130.0000			-11.0000			
23.7558			53.9447			-82.0579			-4.3000			38.0000			135.0000			-10.0000			
16.8623			57.8867			-75.9801			-1.2000			31.0000			136.0000			-9.0000			
6.5221			61.2655			-73.2174			-5.4000			26.0000			140.0000			-9.0000			
0.7776			63.5181			-69.9022			-5.6000			19.0000			143.0000			-6.0000			
-4.3925			68.0232			-67.1395			-3.5000			13.0000			145.0000			-5.0000			
-9.5625			70.2757			-62.7193			-2.0000			4.0000			144.0000			-2.0000			
-15.8815			72.5283			-61.0617			-4.4000			-1.0000			143.0000			-1.0000			
-23.3494			73.6546			-56.0889			-5.7000			-8.0000			141.0000			2.0000			
-30.2429			75.3440			-50.5635			-5.4000			-13.0000			140.0000			6.0000			
-35.9874			78.7228			-46.1433			-3.4000			-21.0000			137.0000			8.0000			
-41.1575			80.4122			-42.2755			-3.0000			-26.0000			135.0000			11.0000			
-48.6254			80.4122			-39.5129			-7.7000			-33.0000			132.0000			13.0000			
-52.0721			80.9754			-33.4350			-4.5000			-38.0000			127.0000			15.0000			
-55.5188			82.1017			-29.0147			-2.4000			-42.0000			122.0000			16.0000			
-59.5400			81.5385			-23.4894			-1.4000			-47.0000			118.0000			18.0000			
-63.5612			76.4703			-15.7539			-2.8000			-51.0000			112.0000			21.0000			
-68.7313			70.8389			-6.9134			-4.8000			-56.0000			106.0000			25.0000			
-72.7524			69.7126			0.2695			-2.7000			-58.0000			98.0000			28.0000			
-74.4758			66.3338			5.2423			-2.9000			-62.0000			91.0000			31.0000			
-75.6247			61.8286			11.3202			-2.4000			-65.0000			83.0000			34.0000			
-77.3481			56.7604			18.5031			-2.0000			-65.0000			74.0000			36.0000			
-78.4970			52.2553			24.0285			-2.2000			-66.0000			64.0000			39.0000			
-80.2203			47.7501			29.0013			-3.4000			-67.0000			55.0000			42.0000			
-82.5182			44.9344			34.5266			-3.0000			-67.0000			45.0000			45.0000			
-82.5182			41.5556			40.0519			-0.9000			-67.0000			38.0000			47.0000			
-81.9437			35.3611			45.5773			-1.0000			-66.0000			27.0000			51.0000			
-81.9437			31.4191			49.4450			-1.0000			-66.0000			19.0000			51.0000			
-79.6459			26.3508			52.7602			-0.5000			-65.0000			12.0000			53.0000			
-75.6247			19.0300			55.5229			-1.0000			-63.0000			4.0000			56.0000			
-70.4546			10.5829			59.9431			0.0000			-61.0000			-6.0000			58.0000			
-69.8802			4.3884			64.9159			-0.5000			-58.0000			-14.0000			60.0000			
-69.8802			1.0095			67.6786			-1.1000			-55.0000			-23.0000			61.0000			
-62.4123			-4.6219			68.2311			1.1000			-51.0000			-30.0000			62.0000			
-59.5400			-10.8164			71.5463			1.1000			-45.0000			-38.0000			63.0000			
-54.9444			-18.1372			73.2039			0.1000			-40.0000			-46.0000			64.0000			
-50.3488			-22.6423			74.3090			1.3000			-34.0000			-53.0000			63.0000			
-45.1787			-29.4000			75.9666			1.3000			-28.0000			-60.0000			65.0000			
-41.7319			-34.4683			78.1767			1.9000			-22.0000			-66.0000			65.0000			
-37.7108			-40.0997			79.2818			1.4000			-17.0000			-71.0000			65.0000			
-31.9662			-45.1679			80.3868			3.2000			-10.0000			-76.0000			66.0000			
-26.7962			-51.9256			81.4919			2.7000			-3.0000			-81.0000			65.0000			
-22.2005			-54.7413			79.2818			2.3000			2.0000			-84.0000			65.0000			
-13.5837			-55.8676			73.7564			4.3000			8.0000			-87.0000			64.0000			
-3.8180			-60.3727			67.1261			2.9000			16.0000			-90.0000			63.0000			
1.3521			-66.0041			67.6786			3.0000			23.0000			-92.0000			62.0000			
5.3732			-68.2567			66.5735			3.6000			29.0000			-92.0000			61.0000			
11.1178			-68.8198			60.4957			2.7000			37.0000			-91.0000			59.0000			
18.5857			-72.7618			57.7330			3.5000			43.0000			-90.0000			56.0000			
23.7558			-75.5775			54.9703			3.1000			49.0000			-89.0000			53.0000			
30.6492			-75.0143			48.8925			4.5000			55.0000			-87.0000			51.0000			
36.9682			-77.2669			42.8146			2.5000			62.0000			-85.0000			47.0000			
42.1383			-79.5195			40.0519			2.6000			69.0000			-82.0000			44.0000			
47.8828			-81.7720			36.1842			2.2000			72.0000			-77.0000			42.0000			
53.6273			-79.5195			31.2114			5.3000			78.0000			-74.0000			40.0000			
56.4996			-80.0826			26.2386			2.6000			83.0000			-69.0000			37.0000			
59.9463			-79.5195			19.6082			0.0000			87.0000			-65.0000			35.0000			
63.9675			-74.4512			10.7677			0.2000			92.0000			-58.0000			31.0000			
69.7120			-72.7618			2.4797			-0.5000			95.0000			-52.0000			29.0000			
74.3077			-70.5092			-1.9406			1.8000			98.0000			-46.0000			26.0000			
76.0310			-66.5672			-6.3609			3.1000			101.0000			-39.0000			22.0000			
76.0310			-60.3727			-12.9913			2.6000			103.0000			-31.0000			19.0000			
77.7544			-55.8676			-21.2793			0.5000			104.0000			-22.0000			16.0000			
79.4778			-53.0519			-25.6995			0.7000			104.0000			-13.0000			12.0000			
81.2011			-48.5468			-31.7774			0.8000			105.0000			-4.0000			8.0000			
82.9245			-45.1679			-37.3027			0.4000			104.0000			6.0000			5.0000			
84.6478			-42.9154			-41.7230			0.0000			104.0000			14.0000			2.0000			
82.9245			-37.2840			-45.5907			0.0000			103.0000			22.0000			-1.0000			
81.7756			-30.5263			-50.5635			0.6000			102.0000			29.0000			-3.0000			
80.6267			-27.1475			-54.4313			-0.9000			99.0000			38.0000			-6.0000			
77.1799			-21.5161			-56.6414			-0.9000			98.0000			45.0000			-9.0000			
72.0099			-11.3795			-61.6142			-0.9000			95.0000			53.0000			-11.0000			
71.4354			-2.9324			-67.6921			0.8000			91.0000			61.0000			-14.0000			
69.7120			-0.6799			-71.0073			-1.9000			87.0000			69.0000			-16.0000			
64.5420			4.3884			-71.5598			-2.6000			83.0000			76.0000			-17.0000			
59.3719			11.7092			-73.2174			-2.1000			79.0000			83.0000			-18.0000			
55.9252			17.3406			-75.9801			-2.7000			71.0000			90.0000			-17.0000			
50.7551			22.4088			-77.6377			-4.4000			66.0000			98.0000			-20.0000			
46.1594			28.6034			-77.6377			-2.8000			58.0000			104.0000			-20.0000			
42.1383			34.7979			-80.4003			-3.4000			52.0000			110.0000			-20.0000			
39.2660			39.3030			-82.6105			-4.0000			46.0000			115.0000			-23.0000			
33.5215			43.8082			-81.5054			-4.1000			40.0000			119.0000			-21.0000			
28.3514			51.6921			-83.1630			-3.1000			34.0000			123.0000			-22.0000			
15.7134			28.6034			48.3399			92.6000			29.0000			126.0000			-8.0000			
23.1813			69.1495			-45.0382			47.2000			43.0000			149.0000			-2.0000			
-38.8597			8.8935			-125.1555			-155.1000			43.0000			158.0000			4.0000			
44.4361			101.8116			-35.6451			110.6000			34.0000			159.0000			3.0000			
-10.7115			64.6443			-81.5054			-27.5000			27.0000			159.0000			4.0000			
-32.5407			45.4976			-96.4238			-83.4000			20.0000			159.0000			6.0000			
9.3944			108.0061			-25.6995			91.6000			10.0000			155.0000			6.0000			
-46.9020			67.4600			-67.6921			-47.1000			2.0000			152.0000			10.0000			
-36.5619			66.3338			-52.7737			-22.9000			-5.0000			149.0000			11.0000			
-22.2005			92.8013			-21.8318			48.7000			-15.0000			144.0000			12.0000			
-58.3911			57.3235			-55.5363			-56.5000			-21.0000			139.0000			14.0000			
-38.8597			82.1017			-41.7230			1.5000			-30.0000			136.0000			14.0000			
-37.7108			93.9276			-38.4078			17.8000			-36.0000			129.0000			15.0000			
-63.5612			71.4020			-47.2483			-39.4000			-42.0000			124.0000			15.0000			
-53.2210			86.6068			-15.7539			17.6000			-49.0000			117.0000			16.0000			
-65.2845			74.2177			-12.9913			-4.0000			-55.0000			111.0000			16.0000			
-75.0503			57.8867			-8.0185			-25.1000			-59.0000			103.0000			19.0000			
-67.5824			71.4020			7.4525			11.2000			-65.0000			92.0000			20.0000			
-77.9225			61.8286			1.9271			-14.1000			-71.0000			83.0000			20.0000			
-76.7736			55.6341			9.6626			-11.4000			-73.0000			75.0000			23.0000			
-73.3269			56.7604			22.3709			5.7000			-76.0000			63.0000			25.0000			
-80.7948			48.3133			18.5031			-13.9000			-79.0000			53.0000			27.0000			
-76.7736			48.8764			24.0285			-3.8000			-82.0000			41.0000			28.0000			
-77.3481			46.6239			30.1063			-0.6000			-84.0000			30.0000			30.0000			
-82.5182			37.6136			33.9741			-10.9000			-84.0000			20.0000			31.0000			
-80.2203			36.4873			44.4722			0.7000			-85.0000			11.0000			33.0000			
-80.2203			28.0402			49.9975			-2.1000			-85.0000			2.0000			34.0000			
-80.2203			22.4088			52.7602			-5.0000			-84.0000			-7.0000			34.0000			
-75.0503			20.1563			57.7330			2.8000			-83.0000			-17.0000			37.0000			
-71.0291			10.0198			58.2855			-2.7000			-81.0000			-26.0000			39.0000			
-68.1568			2.6990			62.1533			-3.3000			-78.0000			-35.0000			41.0000			
-66.4335			2.6990			66.0210			2.2000			-74.0000			-43.0000			42.0000			
-61.8378			-3.4956			64.9159			-0.4000			-71.0000			-52.0000			44.0000			
-57.2422			-9.6901			67.1261			0.1000			-66.0000			-59.0000			44.0000			
-53.7955			-16.4478			71.5463			1.2000			-61.0000			-68.0000			44.0000			
-49.7743			-23.2055			73.7564			0.7000			-53.0000			-74.0000			47.0000			
-45.1787			-27.1475			75.9666			3.6000			-47.0000			-80.0000			46.0000			
-40.5830			-33.9051			77.6242			3.1000			-40.0000			-87.0000			47.0000			
-36.5619			-39.5365			79.8343			3.7000			-34.0000			-91.0000			49.0000			
-31.3918			-43.4785			79.2818			4.4000			-29.0000			-94.0000			49.0000			
-25.0728			-49.1099			78.1767			3.9000			-20.0000			-98.0000			50.0000			
-21.0516			-51.9256			77.0716			4.0000			-13.0000			-100.0000			52.0000			
-12.4348			-53.6150			72.6514			6.6000			-5.0000			-102.0000			52.0000			
-3.8180			-56.4307			64.3634			4.1000			5.0000			-103.0000			53.0000			
2.5010			-62.6253			65.4685			5.3000			12.0000			-104.0000			53.0000			
5.3732			-64.8778			66.5735			7.0000			20.0000			-103.0000			53.0000			
9.3944			-64.8778			61.6007			6.1000			29.0000			-102.0000			51.0000			
18.0112			-68.8198			57.1805			6.3000			37.0000			-99.0000			51.0000			
25.4791			-72.7618			53.8653			6.5000			44.0000			-96.0000			49.0000			
30.0747			-72.1986			49.9975			7.8000			53.0000			-92.0000			48.0000			
36.3937			-71.6355			43.9197			8.6000			61.0000			-87.0000			47.0000			
42.7127			-75.0143			38.3943			6.0000			68.0000			-82.0000			46.0000			
48.4573			-79.5195			36.1842			5.1000			74.0000			-78.0000			45.0000			
51.9040			-81.2089			33.9741			4.6000			82.0000			-72.0000			44.0000			
55.9252			-77.8300			29.0013			7.0000			89.0000			-67.0000			43.0000			
59.9463			-75.0143			21.2658			6.2000			94.0000			-60.0000			42.0000			
62.2441			-70.5092			13.5303			5.2000			101.0000			-52.0000			40.0000			
69.1376			-67.6935			4.1373			5.5000			105.0000			-44.0000			38.0000			
73.1588			-65.4410			-1.3881			6.3000			110.0000			-35.0000			38.0000			
74.3077			-64.3147			-4.7033			5.2000			115.0000			-26.0000			35.0000			
74.8821			-59.2464			-10.7811			4.8000			117.0000			-19.0000			32.0000			
76.0310			-51.3625			-19.6217			5.0000			119.0000			-9.0000			29.0000			
78.9033			-51.3625			-24.5945			2.9000			120.0000			2.0000			26.0000			
80.6267			-48.5468			-29.5673			2.5000			123.0000			12.0000			24.0000			
80.0522			-44.6048			-33.4350			2.0000			124.0000			22.0000			21.0000			
81.7756			-40.6628			-40.0654			1.0000			125.0000			31.0000			18.0000			
82.3500			-37.2840			-43.3806			1.6000			123.0000			39.0000			16.0000			
79.4778			-31.6526			-47.8009			0.0000			122.0000			47.0000			13.0000			
77.7544			-26.0212			-52.2211			-0.4000			122.0000			57.0000			11.0000			
74.3077			-20.3898			-56.0889			-2.1000			119.0000			65.0000			9.0000			
71.4354			-13.6321			-59.4041			-1.5000			117.0000			73.0000			6.0000			
68.5631			-4.6219			-63.8243			0.1000			112.0000			81.0000			4.0000			
66.8398			-0.6799			-68.7971			-2.6000			109.0000			88.0000			2.0000			
63.9675			3.8252			-68.7971			-1.0000			104.0000			95.0000			-1.0000			
56.4996			9.4566			-70.4547			-4.4000			97.0000			102.0000			-1.0000			
52.4784			16.7774			-73.2174			-3.9000			90.0000			108.0000			-3.0000			
49.6062			20.1563			-75.4275			-5.6000			83.0000			115.0000			-4.0000			
44.4361			25.2245			-75.9801			-6.3000			77.0000			121.0000			-6.0000			
40.4149			31.4191			-77.0851			-5.2000			68.0000			127.0000			-7.0000			
36.9682			39.3030			-80.4003			-4.1000			60.0000			129.0000			-10.0000			
33.5215			40.9925			-81.5054			-6.9000			53.0000			134.0000			-11.0000			
27.7769			46.6239			-80.4003			-5.9000			45.0000			135.0000			-13.0000			
22.6068			50.0027			-79.2953			-6.6000			37.0000			137.0000			-13.0000			
15.1390			52.8184			-73.7699			-5.8000			28.0000			139.0000			-14.0000			
6.5221			56.1972			-71.0073			-8.2000			21.0000			139.0000			-15.0000			
0.2032			60.1392			-67.6921			-7.3000			12.0000			139.0000			-15.0000			
-4.3925			64.0812			-66.5870			-6.8000			4.0000			137.0000			-15.0000			
-8.9881			64.0812			-63.8243			-8.7000			-5.0000			135.0000			-14.0000			
-17.0304			66.8969			-58.8515			-8.9000			-14.0000			133.0000			-12.0000			
-23.3494			70.8389			-55.5363			-8.0000			-22.0000			129.0000			-12.0000			
-27.9451			71.9652			-51.1161			-7.0000			-30.0000			127.0000			-10.0000			
-33.6896			72.5283			-46.1433			-7.3000			-37.0000			122.0000			-9.0000			
-40.0086			74.2177			-40.6179			-6.4000			-45.0000			117.0000			-7.0000			
-46.9020			77.5965			-38.9603			-8.2000			-54.0000			111.0000			-6.0000			
-48.6254			77.0334			-35.0926			-6.6000			-58.0000			107.0000			-5.0000			
-52.0721			76.4703			-30.1198			-5.7000			-65.0000			101.0000			-4.0000			
-56.0933			74.2177			-22.3843			-4.2000			-71.0000			94.0000			-2.0000			
-60.1145			71.4020			-15.2014			-3.9000			-74.0000			89.0000			0.0000			
-65.2845			65.2075			-6.3609			-6.4000			-79.0000			82.0000			4.0000			
-69.3057			65.2075			-0.2830			-4.3000			-83.0000			72.0000			5.0000			
-70.4546			64.0812			3.0322			-3.3000			-87.0000			65.0000			8.0000			
-70.4546			59.0129			8.5575			-2.8000			-89.0000			57.0000			11.0000			
-71.0291			50.5658			17.9506			-2.5000			-90.0000			48.0000			14.0000			
-75.0503			50.5658			23.4759			-1.0000			-90.0000			38.0000			18.0000			
-77.3481			48.8764			27.3437			-1.1000			-90.0000			29.0000			22.0000			
-77.3481			44.9344			32.3165			0.0000			-90.0000			20.0000			25.0000			
-77.3481			39.3030			37.8418			-0.2000			-89.0000			12.0000			28.0000			
-78.4970			35.9242			41.7095			-0.8000			-88.0000			4.0000			30.0000			
-76.7736			31.4191			45.5773			0.2000			-85.0000			-3.0000			33.0000			
-73.9013			25.7877			49.4450			1.3000			-83.0000			-11.0000			37.0000			
-70.4546			19.0300			53.3127			1.8000			-81.0000			-19.0000			41.0000			
-67.5824			12.2723			57.7330			2.4000			-77.0000			-25.0000			43.0000			
-64.1356			6.6409			61.6007			4.0000			-71.0000			-33.0000			47.0000			
-64.1356			2.1358			65.4685			3.4000			-67.0000			-40.0000			50.0000			
-60.1145			-1.2430			66.0210			4.6000			-59.0000			-47.0000			53.0000			
-56.0933			-7.4376			67.1261			3.5000			-53.0000			-51.0000			55.0000			
-49.7743			-15.3215			69.8887			4.7000			-46.0000			-57.0000			57.0000			
-47.4765			-20.3898			72.0988			4.2000			-38.0000			-63.0000			60.0000			
-42.8809			-24.8949			73.2039			5.4000			-30.0000			-68.0000			60.0000			
-38.8597			-29.4000			73.2039			4.9000			-23.0000			-72.0000			64.0000			
-34.2641			-37.2840			76.5191			4.9000			-15.0000			-75.0000			66.0000			
-31.3918			-40.6628			77.6242			5.5000			-6.0000			-79.0000			67.0000			
-26.2217			-44.6048			77.6242			6.8000			2.0000			-80.0000			70.0000			
-19.9027			-47.4205			74.8615			7.5000			10.0000			-81.0000			71.0000			
-13.0093			-51.3625			70.9938			6.6000			19.0000			-82.0000			73.0000			
-4.9669			-53.0519			64.9159			6.8000			27.0000			-83.0000			73.0000			
1.3521			-56.9939			62.7058			7.0000			36.0000			-82.0000			73.0000			
5.3732			-62.0621			62.1533			5.4000			44.0000			-81.0000			73.0000			
19.1601			-30.5263			-147.2568			-158.6000			49.0000			-78.0000			54.0000			
7.0966			-86.2771			3.5847			-75.5000			31.0000			-103.0000			47.0000			
72.0099			-2.9324			138.4028			207.4000			28.0000			-111.0000			37.0000			
-23.9239			-110.4922			16.2930			-118.1000			39.0000			-105.0000			37.0000			
40.9894			-74.4512			54.9703			21.5000			46.0000			-101.0000			36.0000			
70.8609			-40.6628			85.9122			116.1000			54.0000			-97.0000			36.0000			
12.8411			-116.6867			-6.9134			-110.7000			63.0000			-88.0000			36.0000			
75.4566			-63.7516			40.0519			51.7000			70.0000			-82.0000			33.0000			
67.9887			-59.2464			26.7911			35.5000			79.0000			-76.0000			33.0000			
42.7127			-92.4717			-15.2014			-64.9000			84.0000			-68.0000			33.0000			
82.9245			-44.6048			28.4487			66.7000			92.0000			-60.0000			32.0000			
53.6273			-66.5672			12.9778			0.0000			99.0000			-51.0000			31.0000			
51.9040			-81.7720			4.1373			-25.7000			105.0000			-42.0000			30.0000			
81.2011			-51.3625			19.6082			49.4000			109.0000			-33.0000			30.0000			
65.6909			-67.6935			-15.7539			-17.7000			113.0000			-22.0000			29.0000			
71.4354			-48.5468			-20.1742			2.7000			116.0000			-11.0000			28.0000			
82.9245			-33.3420			-20.1742			29.4000			120.0000			0.0000			27.0000			
73.7332			-50.2362			-39.5129			-16.0000			122.0000			12.0000			24.0000			
85.2223			-40.6628			-30.6723			13.8000			124.0000			23.0000			22.0000			
83.4989			-32.2157			-36.1977			15.0000			125.0000			33.0000			21.0000			
74.3077			-37.8471			-46.6958			-10.2000			126.0000			42.0000			20.0000			
80.0522			-27.1475			-39.5129			13.3000			128.0000			53.0000			19.0000			
72.5843			-27.7106			-44.4857			0.3000			128.0000			62.0000			16.0000			
67.4142			-24.8949			-48.9059			-6.3000			125.0000			71.0000			16.0000			
71.4354			-11.3795			-50.0110			10.0000			123.0000			79.0000			14.0000			
65.6909			-8.5638			-62.7193			-5.5000			121.0000			89.0000			13.0000			
66.8398			-0.1167			-67.1395			-0.4000			117.0000			98.0000			12.0000			
66.8398			6.0778			-68.7971			4.1000			113.0000			106.0000			11.0000			
58.2230			7.2041			-72.6649			-7.2000			108.0000			114.0000			10.0000			
53.6273			17.3406			-69.9022			1.0000			102.0000			120.0000			8.0000			
47.3084			22.9720			-71.0073			-0.7000			95.0000			127.0000			8.0000			
41.5638			24.6614			-73.7699			-7.5000			88.0000			134.0000			6.0000			
39.8405			28.6034			-71.5598			-3.1000			81.0000			138.0000			5.0000			
35.8193			34.2348			-75.4275			-5.3000			74.0000			143.0000			4.0000			
32.3726			38.7399			-78.7427			-7.6000			67.0000			147.0000			4.0000			
29.5003			44.9344			-79.8478			-5.4000			59.0000			149.0000			1.0000			
23.1813			47.7501			-79.2953			-8.3000			51.0000			151.0000			1.0000			
15.7134			51.1290			-73.7699			-6.9000			43.0000			152.0000			-1.0000			
7.0966			55.6341			-69.3497			-6.6000			34.0000			153.0000			-2.0000			
-0.3713			56.7604			-66.0345			-9.6000			25.0000			151.0000			-2.0000			
-5.5414			60.1392			-63.2718			-8.6000			15.0000			151.0000			-3.0000			
-10.1370			60.7024			-58.8515			-8.2000			7.0000			148.0000			-3.0000			
-17.6049			61.8286			-55.5363			-11.3000			-2.0000			145.0000			-1.0000			
-22.2005			67.4600			-53.3262			-8.0000			-11.0000			141.0000			-1.0000			
-27.3706			68.0232			-50.5635			-9.9000			-21.0000			137.0000			-1.0000			
-31.3918			68.5863			-47.2483			-10.0000			-30.0000			132.0000			-1.0000			
-37.1363			70.2757			-42.8281			-9.6000			-37.0000			126.0000			1.0000			
-44.0298			74.2177			-38.9603			-8.7000			-45.0000			121.0000			-1.0000			
-48.6254			74.2177			-35.0926			-9.5000			-52.0000			115.0000			0.0000			
-51.4977			72.5283			-29.5673			-8.5000			-59.0000			108.0000			-1.0000			
-56.0933			69.1495			-20.1742			-7.1000			-66.0000			100.0000			2.0000			
-60.6889			65.7706			-13.5438			-8.4000			-72.0000			93.0000			4.0000			
-64.7101			62.9549			-6.3609			-8.1000			-78.0000			84.0000			4.0000			
-67.5824			61.2655			-0.8355			-7.1000			-82.0000			75.0000			6.0000			
-68.1568			60.1392			1.9271			-6.0000			-86.0000			65.0000			8.0000			
-70.4546			56.1972			6.8999			-7.3000			-89.0000			56.0000			11.0000			
-70.4546			50.5658			14.6354			-5.2000			-92.0000			46.0000			11.0000			
-26.2217			93.3645			77.6242			144.7000			-86.0000			38.0000			30.0000			
-87.1138			43.2450			-40.0654			-83.9000			-69.0000			47.0000			37.0000			
-110.0919			5.5146			19.0557			-85.5000			-69.0000			39.0000			42.0000			
-33.6896			77.0334			103.5932			146.9000			-72.0000			30.0000			41.0000			
-104.9218			4.3884			12.9778			-87.5000			-70.0000			21.0000			44.0000			
-81.3692			20.1563			35.6317			-25.5000			-72.0000			13.0000			45.0000			
-53.2210			53.9447			67.1261			67.8000			-72.0000			1.0000			47.0000			
-96.3050			-9.1270			29.0013			-76.4000			-70.0000			-7.0000			49.0000			
-59.5400			14.5249			72.6514			27.6000			-69.0000			-18.0000			50.0000			
-57.8166			11.1460			71.5463			24.8000			-67.0000			-26.0000			51.0000			
-74.4758			-19.8266			44.4722			-49.8000			-65.0000			-36.0000			52.0000			
-45.1787			10.0198			68.2311			33.0000			-60.0000			-45.0000			51.0000			
-54.9444			-2.9324			57.7330			-0.1000			-55.0000			-53.0000			52.0000			
-59.5400			-20.3898			55.5229			-24.4000			-50.0000			-60.0000			53.0000			
-40.0086			-8.0007			77.0716			29.0000			-44.0000			-68.0000			52.0000			
-48.0509			-31.0894			68.7837			-10.3000			-39.0000			-74.0000			52.0000			
-41.7319			-36.1577			73.7564			-4.1000			-35.0000			-81.0000			52.0000			
-29.6684			-31.6526			80.9394			19.6000			-27.0000			-86.0000			53.0000			
-35.9874			-46.8574			70.9938			-11.8000			-23.0000			-92.0000			52.0000			
-24.4983			-45.1679			75.4140			5.7000			-16.0000			-96.0000			53.0000			
-18.1794			-44.0417			72.0988			9.8000			-10.0000			-100.0000			53.0000			
-15.8815			-51.9256			61.6007			-6.2000			-3.0000			-103.0000			52.0000			
-2.0947			-49.6731			62.7058			10.9000			4.0000			-104.0000			51.0000			
-0.3713			-54.7413			59.3906			4.2000			12.0000			-105.0000			50.0000			
2.5010			-59.2464			57.7330			0.9000			19.0000			-106.0000			47.0000			
9.3944			-59.2464			59.9431			10.0000			27.0000			-104.0000			47.0000			
13.9900			-66.5672			53.8653			1.2000			33.0000			-102.0000			46.0000			
20.3090			-69.9461			52.2077			2.5000			41.0000			-100.0000			44.0000			
28.3514			-68.2567			48.3399			8.4000			47.0000			-97.0000			40.0000			
32.3726			-71.0724			41.1570			2.4000			54.0000			-93.0000			38.0000			
38.1171			-69.9461			37.2893			5.4000			61.0000			-89.0000			36.0000			
44.4361			-70.5092			32.8690			6.7000			67.0000			-86.0000			34.0000			
46.7339			-72.7618			29.0013			2.9000			73.0000			-80.0000			33.0000			
50.1806			-71.6355			26.2386			4.7000			78.0000			-75.0000			31.0000			
53.6273			-68.2567			19.6082			4.9000			84.0000			-69.0000			30.0000			
57.6485			-65.4410			10.7677			2.9000			88.0000			-62.0000			28.0000			
63.3931			-66.0041			7.4525			4.8000			93.0000			-55.0000			26.0000			
66.8398			-65.4410			1.9271			3.3000			95.0000			-46.0000			23.0000			
67.4142			-59.8096			-4.1507			3.4000			100.0000			-37.0000			20.0000			
70.2865			-55.3045			-10.7811			4.2000			103.0000			-28.0000			18.0000			
70.8609			-48.5468			-17.9641			4.3000			105.0000			-18.0000			16.0000			
73.7332			-46.8574			-23.4894			3.3000			106.0000			-9.0000			14.0000			
74.8821			-45.1679			-27.9097			1.7000			107.0000			2.0000			11.0000			
75.4566			-43.4785			-30.6723			1.3000			109.0000			11.0000			7.0000			
76.6055			-39.5365			-35.0926			1.9000			108.0000			20.0000			6.0000			
76.0310			-35.5946			-38.4078			2.0000			109.0000			29.0000			5.0000			
75.4566			-31.6526			-43.3806			0.4000			108.0000			37.0000			2.0000			
73.1588			-25.4580			-47.2483			0.4000			107.0000			47.0000			1.0000			
69.7120			-18.1372			-51.1161			0.4000			106.0000			55.0000			-1.0000			
66.2653			-10.8164			-56.0889			-0.6000			103.0000			63.0000			-2.0000			
66.2653			-6.3113			-59.9566			0.0000			99.0000			72.0000			-5.0000			
62.8186			-1.8062			-62.1667			-1.1000			95.0000			80.0000			-7.0000			
58.7974			1.5727			-63.2718			-2.8000			92.0000			90.0000			-7.0000			
55.3507			7.7672			-64.9294			-1.8000			87.0000			97.0000			-7.0000			
50.7551			14.5249			-67.1395			-1.8000			81.0000			105.0000			-9.0000			
46.7339			19.0300			-68.2446			-2.4000			74.0000			111.0000			-10.0000			
43.8616			24.0983			-72.1123			-4.1000			67.0000			116.0000			-9.0000			
40.4149			28.6034			-72.6649			-3.6000			61.0000			122.0000			-10.0000			
35.8193			35.3611			-74.8750			-3.6000			54.0000			127.0000			-11.0000			
31.7981			39.3030			-76.5326			-5.4000			49.0000			132.0000			-11.0000			
27.7769			43.8082			-76.5326			-4.9000			42.0000			134.0000			-11.0000			
22.0324			46.0607			-73.2174			-5.1000			35.0000			137.0000			-11.0000			
13.9900			47.1870			-66.0345			-4.8000			28.0000			139.0000			-11.0000			
5.9477			52.8184			-64.3769			-5.6000			20.0000			141.0000			-10.0000			
2.5010			56.7604			-64.9294			-5.6000			12.0000			142.0000			-9.0000			
-2.6691			57.8867			-62.1667			-6.9000			6.0000			140.0000			-9.0000			
-7.2647			59.0129			-57.7465			-5.9000			-2.0000			140.0000			-7.0000			
-15.3071			64.0812			-54.4313			-5.6000			-9.0000			137.0000			-6.0000			
-19.9027			66.8969			-53.3262			-6.3000			-16.0000			136.0000			-3.0000			
-25.6472			66.8969			-48.3534			-7.1000			-24.0000			132.0000			-1.0000			
-31.3918			68.0232			-42.8281			-6.1000			-32.0000			129.0000			1.0000			
-35.9874			70.8389			-38.9603			-4.1000			-38.0000			125.0000			3.0000			
-40.5830			73.0914			-36.1977			-3.6000			-44.0000			120.0000			4.0000			
-45.1787			73.0914			-35.6451			-7.7000			-49.0000			115.0000			6.0000			
-47.4765			71.4020			-30.1198			-6.2000			-55.0000			111.0000			8.0000			
-50.9232			65.7706			-20.7267			-5.8000			-61.0000			105.0000			10.0000			
-55.5188			65.2075			-12.9913			-3.3000			-65.0000			99.0000			12.0000			
-61.2634			64.6443			-7.4659			-4.0000			-68.0000			91.0000			15.0000			
-64.1356			62.9549			-2.4931			-3.6000			-72.0000			83.0000			17.0000			
-64.7101			59.0129			0.8221			-4.8000			-74.0000			76.0000			21.0000			
-67.0079			54.5078			8.5575			-3.9000			-76.0000			66.0000			23.0000			
-67.5824			48.3133			14.0829			-5.1000			-78.0000			57.0000			26.0000			
-69.8802			46.6239			19.6082			-3.6000			-78.0000			49.0000			29.0000			
-71.6035			44.3713			24.5810			-2.6000			-80.0000			38.0000			34.0000			
-72.7524			41.5556			29.5538			-1.6000			-79.0000			29.0000			37.0000			
-73.9013			38.1768			33.4215			-2.3000			-79.0000			20.0000			39.0000			
-72.1780			33.1085			37.2893			-1.7000			-78.0000			12.0000			42.0000			
-71.6035			29.1665			41.1570			-1.2000			-78.0000			3.0000			43.0000			
-68.7313			25.2245			44.4722			0.9000			-74.0000			-4.0000			45.0000			
-65.8590			17.3406			47.7874			-0.7000			-73.0000			-13.0000			48.0000			
-64.1356			11.1460			53.3127			0.3000			-68.0000			-20.0000			51.0000			
-62.4123			7.7672			56.0754			1.4000			-65.0000			-29.0000			53.0000			
-60.1145			2.1358			58.2855			0.3000			-61.0000			-36.0000			55.0000			
-55.5188			-1.8062			59.3906			2.0000			-55.0000			-42.0000			55.0000			
-53.2210			-7.4376			62.1533			1.4000			-50.0000			-50.0000			57.0000			
-49.7743			-13.0690			64.3634			1.5000			-43.0000			-55.0000			59.0000			
-45.7531			-18.1372			65.4685			1.5000			-36.0000			-63.0000			61.0000			
-41.1575			-23.7686			67.6786			2.7000			-29.0000			-68.0000			61.0000			
-38.2852			-27.1475			69.3362			3.9000			-22.0000			-73.0000			63.0000			
-34.8385			-32.7789			70.9938			3.3000			-16.0000			-78.0000			63.0000			
-30.8173			-36.7208			72.6514			5.1000			-9.0000			-81.0000			64.0000			
-26.2217			-42.3522			72.0988			3.5000			-2.0000			-85.0000			65.0000			
-20.4772			-45.1679			69.8887			4.2000			6.0000			-87.0000			67.0000			
-12.4348			-47.4205			65.4685			5.6000			13.0000			-89.0000			65.0000			
-5.5414			-50.7993			59.9431			3.6000			21.0000			-90.0000			65.0000			
-1.5202			-54.1782			60.4957			4.7000			30.0000			-90.0000			64.0000			
2.5010			-56.9939			58.8381			4.3000			37.0000			-89.0000			64.0000			
-41.1575			-89.0928			-3.5982			-133.8000			39.0000			-90.0000			48.0000			
34.0959			-54.1782			54.9703			34.8000			27.0000			-109.0000			40.0000			
53.6273			-10.8164			80.9394			123.7000			31.0000			-109.0000			34.0000			
-19.9027			-102.6082			-14.0963			-136.6000			40.0000			-105.0000			35.0000			
47.8828			-47.9836			65.4685			65.3000			45.0000			-102.0000			33.0000			
45.5850			-55.3045			57.1805			47.4000			52.0000			-97.0000			32.0000			
20.3090			-101.4819			8.0050			-73.1000			60.0000			-91.0000			31.0000			
72.0099			-49.6731			46.6823			69.0000			67.0000			-86.0000			28.0000			
51.9040			-68.2567			11.8727			-4.4000			75.0000			-78.0000			27.0000			
45.0105			-81.7720			-0.2830			-37.0000			80.0000			-72.0000			27.0000			
71.4354			-43.4785			29.0013			56.9000			85.0000			-65.0000			25.0000			
46.1594			-70.5092			6.3474			-18.0000			91.0000			-55.0000			25.0000			
57.0741			-69.3829			10.7677			-1.5000			97.0000			-47.0000			22.0000			
71.4354			-49.6731			11.8727			33.6000			99.0000			-37.0000			22.0000			
59.3719			-63.7516			-16.8590			-21.2000			105.0000			-27.0000			21.0000			
71.4354			-42.9154			-15.2014			13.3000			107.0000			-16.0000			18.0000			
73.7332			-38.4103			-20.1742			15.1000			109.0000			-4.0000			17.0000			
69.1376			-48.5468			-32.8825			-12.2000			111.0000			6.0000			15.0000			
80.0522			-36.7208			-26.8046			16.5000			112.0000			16.0000			13.0000			
75.4566			-36.7208			-35.0926			3.6000			115.0000			27.0000			11.0000			
70.2865			-36.1577			-39.5129			-5.3000			114.0000			37.0000			12.0000			
74.8821			-26.5843			-35.0926			13.2000			115.0000			45.0000			9.0000			
67.9887			-29.4000			-41.7230			-3.1000			115.0000			54.0000			8.0000			
65.1164			-20.9529			-43.3806			0.7000			113.0000			63.0000			7.0000			
65.1164			-9.1270			-48.9059			7.0000			111.0000			71.0000			6.0000			
62.2441			-9.6901			-58.8515			-6.3000			109.0000			83.0000			5.0000			
63.3931			-2.3693			-60.5091			0.5000			105.0000			91.0000			3.0000			
59.3719			2.6990			-61.6142			0.4000			101.0000			99.0000			3.0000			
53.0529			7.2041			-64.9294			-4.6000			95.0000			107.0000			1.0000			
50.7551			13.3986			-64.3769			-0.2000			90.0000			115.0000			2.0000			
44.4361			17.9037			-65.4819			-3.1000			85.0000			123.0000			1.0000			
41.5638			21.8457			-67.1395			-3.7000			78.0000			128.0000			-1.0000			
39.2660			25.2245			-66.5870			-2.0000			71.0000			134.0000			-1.0000			
35.2448			30.8559			-70.4547			-4.3000			65.0000			139.0000			-1.0000			
31.2237			35.9242			-73.2174			-6.0000			57.0000			143.0000			-2.0000			
28.9258			39.3030			-73.7699			-5.5000			51.0000			146.0000			-1.0000			
22.6068			43.2450			-71.5598			-5.7000			44.0000			148.0000			-2.0000			
13.4156			46.0607			-65.4819			-6.0000			35.0000			149.0000			-3.0000			
5.9477			48.8764			-62.7193			-7.8000			28.0000			151.0000			-3.0000			
1.9265			52.2553			-61.6142			-7.4000			21.0000			151.0000			-3.0000			
-2.6691			54.5078			-58.8515			-7.0000			13.0000			150.0000			-1.0000			
-7.2647			55.6341			-55.5363			-7.1000			5.0000			148.0000			-1.0000			
-15.8815			57.3235			-50.5635			-9.1000			-4.0000			145.0000			0.0000			
-18.1794			61.2655			-50.0110			-6.9000			-12.0000			142.0000			2.0000			
-23.3494			62.9549			-47.2483			-7.6000			-20.0000			138.0000			3.0000			
-27.3706			64.6443			-44.4857			-7.2000			-28.0000			134.0000			5.0000			
-34.8385			66.3338			-41.1705			-9.6000			-35.0000			128.0000			6.0000			
-38.8597			68.0232			-36.7502			-7.5000			-42.0000			123.0000			6.0000			
-42.8809			70.2757			-32.8825			-5.4000			-49.0000			117.0000			7.0000			
-46.3276			69.7126			-29.5673			-6.1000			-53.0000			111.0000			8.0000			
-50.3488			65.2075			-21.8318			-6.9000			-61.0000			105.0000			8.0000			
-54.3699			61.8286			-13.5438			-6.0000			-65.0000			98.0000			11.0000			
-58.3911			60.1392			-9.1235			-7.3000			-71.0000			88.0000			13.0000			
-61.8378			59.5761			-4.1507			-6.4000			-75.0000			79.0000			14.0000			
-61.2634			55.6341			0.2695			-5.3000			-79.0000			72.0000			17.0000			
-62.9867			52.2553			6.3474			-4.3000			-82.0000			61.0000			19.0000			
-66.4335			47.7501			11.8727			-6.8000			-84.0000			51.0000			20.0000			
-68.1568			45.4976			16.8455			-5.8000			-85.0000			40.0000			23.0000			
-69.3057			43.2450			21.8183			-4.2000			-87.0000			30.0000			26.0000			
-69.8802			40.9925			27.3437			-1.5000			-87.0000			21.0000			28.0000			
-72.1780			38.1768			31.2114			-2.7000			-88.0000			11.0000			31.0000			
-70.4546			33.1085			34.5266			-2.8000			-87.0000			2.0000			33.0000			
-68.7313			28.6034			38.3943			-1.7000			-86.0000			-6.0000			35.0000			
-67.0079			24.0983			41.7095			-1.2000			-86.0000			-14.0000			37.0000			
-63.5612			17.3406			44.4722			-1.7000			-82.0000			-22.0000			39.0000			
-61.2634			11.1460			49.4450			-0.6000			-79.0000			-33.0000			41.0000			
-60.6889			7.2041			53.8653			0.3000			-76.0000			-40.0000			43.0000			
-59.5400			4.9515			54.9703			0.3000			-71.0000			-48.0000			44.0000			
-54.9444			-0.1167			56.0754			1.0000			-65.0000			-55.0000			45.0000			
-50.3488			-6.3113			58.8381			2.1000			-59.0000			-62.0000			48.0000			
-48.6254			-11.3795			61.6007			1.5000			-53.0000			-67.0000			48.0000			
-43.4553			-16.4478			62.7058			2.7000			-46.0000			-75.0000			51.0000			
-40.5830			-20.9529			63.2583			1.7000			-39.0000			-80.0000			51.0000			
-37.1363			-26.5843			66.5735			2.8000			-33.0000			-85.0000			52.0000			
-33.6896			-30.5263			68.2311			4.0000			-25.0000			-89.0000			55.0000			
-29.6684			-33.3420			68.2311			5.2000			-17.0000			-92.0000			55.0000			
-25.6472			-38.4103			68.7837			4.7000			-9.0000			-95.0000			58.0000			
-21.0516			-41.7891			66.5735			3.7000			-2.0000			-96.0000			56.0000			
-12.4348			-44.0417			62.7058			6.2000			6.0000			-98.0000			58.0000			
-5.5414			-47.4205			58.8381			5.8000			14.0000			-97.0000			59.0000			
-2.0947			-51.3625			58.8381			5.3000			23.0000			-98.0000			59.0000			
2.5010			-53.6150			57.7330			6.6000			31.0000			-96.0000			58.0000			
7.6711			-54.1782			54.9703			8.4000			38.0000			-93.0000			58.0000			
15.7134			-57.5570			48.3399			6.4000			47.0000			-92.0000			57.0000			
19.1601			-60.9359			46.6823			4.9000			55.0000			-87.0000			54.0000			
23.7558			-63.7516			43.9197			3.9000			63.0000			-84.0000			54.0000			
28.9258			-62.6253			40.6045			6.9000			71.0000			-78.0000			51.0000			
34.6704			-64.8778			37.2893			7.0000			79.0000			-74.0000			50.0000			
37.5426			-67.1304			34.5266			4.9000			86.0000			-69.0000			48.0000			
41.5638			-68.8198			30.1063			2.8000			91.0000			-63.0000			48.0000			
45.5850			-68.2567			26.2386			3.5000			95.0000			-58.0000			47.0000			
49.6062			-64.8778			20.1607			4.8000			101.0000			-50.0000			45.0000			
53.6273			-60.9359			10.7677			3.4000			106.0000			-44.0000			43.0000			
58.2230			-58.6833			5.7949			5.3000			110.0000			-36.0000			40.0000			
61.6697			-59.2464			2.4797			4.9000			115.0000			-28.0000			38.0000			
61.6697			-56.9939			-2.4931			2.1000			118.0000			-19.0000			35.0000			
62.8186			-51.9256			-9.1235			1.7000			119.0000			-10.0000			32.0000			
65.1164			-47.9836			-15.2014			1.9000			122.0000			-1.0000			28.0000			
67.9887			-46.8574			-18.5166			2.6000			122.0000			9.0000			26.0000			
69.1376			-43.4785			-23.4894			2.1000			123.0000			18.0000			22.0000			
69.1376			-41.7891			-28.4622			-1.1000			123.0000			27.0000			19.0000			
71.4354			-38.9734			-32.3299			0.1000			122.0000			35.0000			15.0000			
69.7120			-35.0314			-36.1977			-1.5000			121.0000			44.0000			12.0000			
67.9887			-31.0894			-39.5129			-2.6000			119.0000			50.0000			8.0000			
66.8398			-25.4580			-43.3806			-2.0000			117.0000			58.0000			6.0000			
63.3931			-19.2635			-46.6958			-2.5000			112.0000			65.0000			4.0000			
60.5208			-13.0690			-51.1161			-3.6000			110.0000			73.0000			-1.0000			
59.9463			-9.6901			-54.4313			-4.1000			103.0000			82.0000			-2.0000			
57.6485			-4.6219			-56.6414			-3.6000			100.0000			88.0000			-4.0000			
54.2018			-0.6799			-58.2990			-4.7000			94.0000			94.0000			-7.0000			
49.6062			4.3884			-61.6142			-7.6000			86.0000			101.0000			-9.0000			
46.7339			10.5829			-63.8243			-6.5000			78.0000			106.0000			-11.0000			
44.4361			15.0880			-66.0345			-6.5000			70.0000			112.0000			-13.0000			
39.8405			19.0300			-66.5870			-7.7000			63.0000			117.0000			-15.0000			
36.9682			25.2245			-68.7971			-6.6000			55.0000			121.0000			-17.0000			
34.6704			29.1665			-71.5598			-7.7000			47.0000			125.0000			-18.0000			
30.6492			33.6716			-72.1123			-7.7000			39.0000			128.0000			-19.0000			
25.4791			37.6136			-71.0073			-7.9000			31.0000			128.0000			-21.0000			
59.3719			89.9856			-67.1395			82.2000			34.0000			138.0000			-9.0000			
-13.5837			52.2553			-166.0430			-127.3000			41.0000			154.0000			-2.0000			
-3.2436			44.3713			-85.3731			-44.2000			33.0000			154.0000			-2.0000			
27.7769			90.5488			-24.0419			94.2000			23.0000			154.0000			-4.0000			
-31.3918			22.9720			-83.7155			-92.1000			14.0000			151.0000			-4.0000			
-4.3925			57.3235			-45.5907			7.3000			5.0000			148.0000			-3.0000			
-4.9669			72.5283			-37.8553			29.7000			-5.0000			143.0000			-2.0000			
-42.8809			38.7399			-69.3497			-73.4000			-14.0000			140.0000			-1.0000			
-17.6049			71.9652			-29.0147			25.3000			-24.0000			134.0000			-1.0000			
-32.5407			61.2655			-35.6451			-6.9000			-33.0000			128.0000			-1.0000			
-42.3064			50.5658			-51.1161			-42.8000			-41.0000			123.0000			-1.0000			
-22.2005			80.9754			-34.5401			24.2000			-49.0000			116.0000			-1.0000			
-43.4553			65.2075			-45.5907			-23.8000			-56.0000			110.0000			-1.0000			
-48.0509			60.1392			-32.8825			-20.7000			-63.0000			103.0000			-1.0000			
-52.6466			48.3133			99.1730			94.8000			-67.0000			95.0000			12.0000			
-54.9444			66.3338			15.1879			26.5000			-54.0000			105.0000			19.0000			
-96.8795			18.4669			-66.5870			-144.9000			-54.0000			104.0000			25.0000			
-19.9027			87.1699			24.0285			91.2000			-62.0000			91.0000			25.0000			
-69.8802			49.4396			-11.8862			-32.3000			-64.0000			83.0000			25.0000			
-80.7948			23.5351			-16.3065			-73.5000			-69.0000			72.0000			26.0000			
-42.8809			73.6546			45.5773			76.3000			-73.0000			59.0000			27.0000			
-88.2627			33.6716			7.4525			-47.1000			-77.0000			48.0000			31.0000			
-75.6247			36.4873			19.6082			-19.5000			-79.0000			35.0000			31.0000			
-57.2422			52.8184			46.1298			41.7000			-82.0000			24.0000			31.0000			
-84.8160			16.2143			17.3981			-51.2000			-84.0000			14.0000			32.0000			
-64.7101			34.7979			34.5266			4.6000			-85.0000			5.0000			34.0000			
-61.8378			38.1768			36.7367			13.0000			-86.0000			-7.0000			33.0000			
-75.6247			15.0880			27.3437			-33.1000			-86.0000			-16.0000			34.0000			
-57.2422			22.9720			51.1026			16.8000			-85.0000			-28.0000			32.0000			
-63.5612			10.0198			49.4450			-4.0000			-84.0000			-37.0000			34.0000			
-65.8590			-3.4956			52.2077			-17.1000			-81.0000			-46.0000			35.0000			
-52.0721			4.3884			62.7058			15.0000			-78.0000			-56.0000			36.0000			
-57.2422			-6.3113			55.5229			-8.0000			-73.0000			-65.0000			35.0000			
-51.4977			-10.8164			57.1805			-5.1000			-70.0000			-73.0000			35.0000			
-44.6042			-9.1270			64.3634			10.6000			-65.0000			-81.0000			36.0000			
-46.9020			-20.3898			60.4957			-6.7000			-60.0000			-88.0000			37.0000			
-39.4341			-22.0792			63.8109			2.2000			-53.0000			-95.0000			38.0000			
-34.2641			-25.4580			64.9159			5.1000			-47.0000			-101.0000			38.0000			
-34.2641			-34.4683			64.3634			-4.3000			-40.0000			-105.0000			39.0000			
-29.0940			-35.0314			70.9938			6.8000			-35.0000			-110.0000			39.0000			
-25.6472			-40.6628			69.3362			3.0000			-28.0000			-113.0000			39.0000			
-19.9027			-46.8574			66.0210			-0.7000			-22.0000			-114.0000			40.0000			
-10.1370			-47.4205			63.8109			6.2000			-13.0000			-116.0000			41.0000			
-5.5414			-51.3625			59.3906			2.4000			-5.0000			-118.0000			39.0000			
-0.3713			-53.6150			58.2855			4.3000			5.0000			-117.0000			40.0000			
4.2243			-52.4888			55.5229			7.2000			13.0000			-117.0000			41.0000			
8.8200			-55.8676			51.1026			4.0000			20.0000			-113.0000			39.0000			
16.8623			-58.1202			47.7874			6.5000			29.0000			-111.0000			38.0000			
20.8835			-61.4990			46.6823			6.0000			38.0000			-106.0000			37.0000			
24.9047			-64.3147			43.9197			4.5000			46.0000			-102.0000			35.0000			
30.6492			-63.7516			40.0519			6.9000			54.0000			-98.0000			35.0000			
36.9682			-66.5672			36.7367			7.1000			62.0000			-92.0000			35.0000			
40.9894			-68.2567			33.9741			6.7000			69.0000			-86.0000			34.0000			
44.4361			-67.6935			30.6589			7.4000			75.0000			-78.0000			34.0000			
48.4573			-65.4410			22.9234			5.9000			83.0000			-72.0000			35.0000			
52.4784			-62.6253			14.6354			4.4000			89.0000			-65.0000			34.0000			
58.2230			-60.3727			9.6626			7.5000			96.0000			-56.0000			33.0000			
61.0952			-58.6833			4.6898			7.1000			102.0000			-47.0000			31.0000			
63.3931			-56.9939			0.2695			6.6000			106.0000			-38.0000			31.0000			
64.5420			-54.7413			-3.0457			6.7000			111.0000			-28.0000			29.0000			
66.2653			-52.4888			-10.7811			2.9000			114.0000			-18.0000			29.0000			
68.5631			-47.9836			-15.7539			4.8000			116.0000			-6.0000			25.0000			
70.2865			-45.1679			-20.7267			4.3000			119.0000			5.0000			24.0000			
72.0099			-41.7891			-25.6995			4.5000			121.0000			18.0000			22.0000			
72.5843			-38.4103			-30.6723			3.4000			123.0000			27.0000			21.0000			
72.5843			-34.4683			-34.5401			3.5000			125.0000			37.0000			19.0000			
72.0099			-33.3420			-38.4078			0.2000			125.0000			46.0000			18.0000			
70.2865			-29.4000			-40.0654			0.8000			124.0000			55.0000			17.0000			
66.8398			-22.0792			-44.4857			0.2000			123.0000			63.0000			15.0000			
65.6909			-16.4478			-48.3534			0.8000			121.0000			74.0000			12.0000			
63.3931			-10.2533			-53.8787			-0.7000			120.0000			82.0000			10.0000			
61.6697			-6.3113			-56.6414			-1.2000			116.0000			91.0000			10.0000			
57.6485			-1.8062			-58.2990			-2.4000			111.0000			98.0000			8.0000			
55.3507			2.1358			-61.0617			-3.5000			108.0000			106.0000			8.0000			
49.6062			7.7672			-62.7193			-5.3000			101.0000			116.0000			7.0000			
46.7339			13.3986			-64.3769			-4.2000			95.0000			122.0000			5.0000			
43.8616			17.9037			-66.0345			-4.2000			88.0000			127.0000			4.0000			
40.4149			23.5351			-68.7971			-4.8000			81.0000			134.0000			3.0000			
36.9682			28.0402			-69.3497			-4.3000			73.0000			138.0000			1.0000			
32.3726			32.5454			-72.6649			-7.7000			66.0000			142.0000			-1.0000			
30.0747			37.0505			-73.2174			-6.1000			58.0000			145.0000			-1.0000			
24.9047			40.4293			-72.1123			-6.7000			50.0000			147.0000			-3.0000			
16.8623			43.8082			-68.2446			-7.5000			44.0000			147.0000			-2.0000			
11.1178			45.4976			-65.4819			-8.8000			35.0000			150.0000			-4.0000			
4.2243			49.4396			-62.7193			-9.0000			26.0000			149.0000			-5.0000			
-0.9457			53.9447			-61.0617			-8.0000			16.0000			148.0000			-5.0000			
-4.9669			55.0710			-58.8515			-8.7000			8.0000			147.0000			-5.0000			
-11.2859			57.3235			-56.6414			-10.6000			-1.0000			144.0000			-4.0000			
-17.6049			60.1392			-52.7737			-10.2000			-9.0000			141.0000			-3.0000			
-22.7750			61.8286			-48.9059			-9.8000			-18.0000			136.0000			-3.0000			
-27.3706			64.0812			-45.5907			-8.8000			-27.0000			131.0000			-1.0000			
-31.9662			64.6443			-41.7230			-9.0000			-35.0000			126.0000			-1.0000			
-38.2852			66.8969			-37.8553			-9.2000			-42.0000			121.0000			-1.0000			
-41.1575			68.0232			-36.1977			-9.3000			-49.0000			116.0000			0.0000			
-44.0298			69.1495			-32.3299			-7.2000			-56.0000			110.0000			-1.0000			
-48.0509			66.8969			-26.2521			-7.4000			-63.0000			103.0000			0.0000			
-52.6466			63.5181			-17.4115			-6.5000			-69.0000			96.0000			2.0000			
-57.8166			60.1392			-10.7811			-8.4000			-75.0000			87.0000			3.0000			
-60.6889			60.7024			-6.3609			-6.3000			-81.0000			79.0000			5.0000			
-62.4123			57.8867			-0.8355			-5.3000			-85.0000			70.0000			6.0000			
-63.5612			53.9447			4.1373			-5.4000			-87.0000			60.0000			9.0000			
-66.4335			51.6921			11.3202			-3.4000			-90.0000			50.0000			12.0000			
-68.7313			47.1870			15.1879			-6.3000			-92.0000			40.0000			14.0000			
-93.4328			42.6819			137.8503			87.0000			-93.0000			29.0000			23.0000			
-10.1370			83.2279			22.3709			95.4000			-77.0000			31.0000			34.0000			
-107.2197			1.5727			-51.1161			-156.7000			-69.0000			34.0000			44.0000			
-39.4341			56.1972			19.6082			36.3000			-71.0000			24.0000			45.0000			
-48.6254			51.6921			53.3127			56.3000			-71.0000			17.0000			46.0000			
-103.1985			-10.8164			9.6626			-104.3000			-68.0000			8.0000			48.0000			
-44.6042			44.9344			75.4140			75.7000			-70.0000			-1.0000			48.0000			
-66.4335			16.7774			53.3127			3.6000			-66.0000			-11.0000			53.0000			
-81.3692			-15.8847			39.4994			-57.7000			-65.0000			-20.0000			54.0000			
-44.6042			21.2826			82.0444			58.7000			-61.0000			-30.0000			55.0000			
-62.9867			-13.6321			50.5501			-26.0000			-56.0000			-38.0000			55.0000			
-56.6677			-12.5058			52.2077			-16.9000			-53.0000			-46.0000			56.0000			
-39.4341			8.3303			67.6786			36.5000			-49.0000			-54.0000			57.0000			
-57.2422			-20.3898			48.8925			-28.7000			-43.0000			-61.0000			57.0000			
-43.4553			-17.0109			66.0210			5.5000			-35.0000			-68.0000			57.0000			
-36.5619			-19.2635			71.5463			15.7000			-30.0000			-74.0000			56.0000			
-44.0298			-40.0997			64.3634			-19.7000			-24.0000			-80.0000			57.0000			
-27.9451			-33.9051			78.1767			16.3000			-19.0000			-85.0000			57.0000			
-28.5195			-41.2260			74.3090			4.5000			-12.0000			-89.0000			56.0000			
-27.3706			-49.1099			65.4685			-11.0000			-7.0000			-93.0000			57.0000			
-11.2859			-41.7891			68.2311			15.1000			-1.0000			-97.0000			57.0000			
-10.1370			-49.6731			58.8381			-0.9000			8.0000			-98.0000			55.0000			
-7.2647			-54.1782			56.0754			-5.3000			13.0000			-99.0000			55.0000			
2.5010			-51.9256			59.3906			9.9000			20.0000			-101.0000			53.0000			
3.6499			-57.5570			52.2077			-1.6000			27.0000			-100.0000			51.0000			
7.6711			-59.8096			53.3127			1.1000			34.0000			-99.0000			50.0000			
16.2879			-62.0621			51.6551			5.8000			40.0000			-97.0000			47.0000			
18.5857			-67.1304			46.1298			-2.4000			46.0000			-94.0000			44.0000			
26.0536			-66.0041			43.9197			3.9000			54.0000			-90.0000			42.0000			
32.9470			-67.6935			38.3943			3.6000			61.0000			-88.0000			39.0000			
36.9682			-69.9461			32.8690			-0.1000			67.0000			-83.0000			37.0000			
42.1383			-68.2567			30.6589			4.5000			73.0000			-80.0000			35.0000			
44.4361			-68.8198			27.3437			2.9000			77.0000			-74.0000			34.0000			
47.8828			-67.6935			20.1607			0.3000			83.0000			-69.0000			31.0000			
52.4784			-62.0621			12.9778			3.3000			87.0000			-63.0000			29.0000			
57.0741			-62.6253			6.8999			1.3000			91.0000			-56.0000			27.0000			
61.0952			-62.6253			4.1373			2.6000			95.0000			-48.0000			25.0000			
63.3931			-61.4990			0.8221			2.7000			98.0000			-40.0000			22.0000			
63.3931			-55.8676			-6.9134			0.6000			101.0000			-33.0000			19.0000			
67.4142			-51.3625			-15.2014			0.8000			103.0000			-24.0000			16.0000			
69.1376			-48.5468			-20.1742			0.4000			105.0000			-13.0000			12.0000			
70.8609			-44.6048			-24.0419			2.2000			107.0000			-4.0000			10.0000			
72.5843			-41.7891			-29.0147			1.7000			107.0000			6.0000			7.0000			
73.7332			-39.5365			-33.9875			0.2000			107.0000			14.0000			4.0000			
73.7332			-36.7208			-37.3027			-0.2000			108.0000			23.0000			2.0000			
72.5843			-32.7789			-40.6179			-0.8000			106.0000			32.0000			-1.0000			
72.0099			-28.8369			-43.3806			-0.2000			104.0000			40.0000			-3.0000			
69.7120			-22.0792			-47.8009			-0.1000			103.0000			47.0000			-5.0000			
66.2653			-13.6321			-52.2211			0.4000			101.0000			56.0000			-6.0000			
63.9675			-8.5638			-58.8515			-3.4000			98.0000			65.0000			-8.0000			
63.3931			-5.1850			-59.9566			-1.7000			94.0000			73.0000			-10.0000			
59.3719			0.4464			-60.5091			-0.6000			90.0000			81.0000			-10.0000			
55.3507			6.0778			-62.1667			-0.7000			85.0000			89.0000			-12.0000			
51.3295			11.7092			-65.4819			-2.4000			79.0000			95.0000			-14.0000			
48.4573			15.6512			-66.5870			-2.4000			73.0000			103.0000			-13.0000			
43.8616			20.1563			-68.2446			-4.2000			66.0000			109.0000			-14.0000			
40.9894			26.3508			-70.4547			-3.1000			60.0000			115.0000			-16.0000			
36.9682			31.9822			-72.6649			-3.7000			53.0000			119.0000			-17.0000			
33.5215			35.9242			-74.3225			-4.8000			47.0000			124.0000			-17.0000			
30.0747			40.9925			-74.8750			-3.8000			40.0000			127.0000			-16.0000			
25.4791			43.8082			-73.2174			-3.9000			34.0000			131.0000			-16.0000			
17.4368			46.6239			-68.7971			-4.7000			27.0000			133.0000			-17.0000			
9.3944			50.5658			-65.4819			-5.5000			19.0000			135.0000			-17.0000			
3.0754			54.5078			-63.8243			-6.2000			14.0000			137.0000			-15.0000			
-0.3713			57.3235			-61.0617			-4.1000			6.0000			137.0000			-13.0000			
-4.3925			57.3235			-58.8515			-5.9000			-1.0000			136.0000			-13.0000			
-10.7115			62.3918			-55.5363			-3.8000			-9.0000			134.0000			-9.0000			
-18.1794			65.2075			-52.2211			-5.1000			-16.0000			132.0000			-7.0000			
-23.3494			66.3338			-47.2483			-4.2000			-22.0000			129.0000			-5.0000			
-27.3706			67.4600			-43.9331			-3.8000			-30.0000			127.0000			-3.0000			
-32.5407			69.1495			-40.6179			-4.0000			-37.0000			123.0000			-1.0000			
-38.8597			70.8389			-37.8553			-5.8000			-43.0000			118.0000			2.0000			
-41.7319			69.7126			-32.8825			-4.8000			-48.0000			115.0000			4.0000			
-45.7531			70.8389			-28.4622			-3.3000			-52.0000			111.0000			6.0000			
-48.6254			70.2757			-23.4894			-1.8000			-57.0000			105.0000			7.0000			
-53.7955			65.7706			-14.6489			-2.6000			-62.0000			100.0000			11.0000			
-57.2422			60.7024			-6.9134			-3.4000			-65.0000			93.0000			13.0000			
-62.4123			62.3918			-3.0457			-3.0000			-69.0000			87.0000			16.0000			
-64.1356			61.2655			1.9271			-0.9000			-73.0000			78.0000			20.0000			
-64.7101			55.0710			5.7949			-3.8000			-74.0000			70.0000			23.0000			
-67.5824			50.5658			14.0829			-2.9000			-76.0000			61.0000			26.0000			
-69.8802			48.8764			18.5031			-2.4000			-77.0000			53.0000			29.0000			
-71.0291			44.3713			24.0285			-2.6000			-77.0000			43.0000			34.0000			
-72.7524			42.1187			28.4487			-2.1000			-77.0000			33.0000			38.0000			
-73.3269			38.1768			33.9741			-1.1000			-76.0000			26.0000			40.0000			
-74.4758			34.7979			38.3943			-1.2000			-76.0000			18.0000			43.0000			
-73.3269			30.2928			42.2621			-0.7000			-74.0000			11.0000			45.0000			
-71.0291			25.2245			45.0247			-0.7000			-73.0000			3.0000			47.0000			
-69.3057			20.1563			48.8925			-0.2000			-70.0000			-5.0000			50.0000			
-64.1356			11.7092			52.2077			-0.2000			-66.0000			-12.0000			54.0000			
-62.9867			5.5146			56.6279			-0.8000			-63.0000			-21.0000			55.0000			
-62.4123			2.6990			60.4957			0.7000			-58.0000			-28.0000			58.0000			
-60.1145			-1.8062			61.0482			-0.8000			-54.0000			-35.0000			60.0000			
-54.9444			-6.8744			63.8109			1.9000			-49.0000			-40.0000			61.0000			
-49.7743			-13.6321			66.0210			2.6000			-42.0000			-48.0000			63.0000			
-47.4765			-18.1372			67.1261			1.5000			-36.0000			-55.0000			64.0000			
-44.0298			-24.3318			68.2311			-0.1000			-29.0000			-62.0000			66.0000			
-39.4341			-28.2737			69.8887			2.1000			-21.0000			-66.0000			66.0000			
-36.5619			-34.4683			72.6514			1.6000			-15.0000			-71.0000			68.0000			
-32.5407			-81.7720			18.5031			-95.8000			-11.0000			-79.0000			53.0000			
-30.8173			-40.0997			137.2978			66.3000			-25.0000			-101.0000			47.0000			
20.3090			-15.3215			89.2274			94.2000			-22.0000			-106.0000			47.0000			
-54.9444			-84.0246			16.8455			-122.1000			-14.0000			-107.0000			49.0000			
-2.0947			-26.5843			83.7020			55.0000			-5.0000			-109.0000			48.0000			
9.3944			-42.3522			68.2311			35.2000			4.0000			-109.0000			49.0000			
-17.0304			-86.8403			37.8418			-66.0000			14.0000			-108.0000			47.0000			
31.7981			-39.5365			75.9666			68.2000			22.0000			-106.0000			47.0000			
16.8623			-66.0041			40.0519			-9.0000			31.0000			-103.0000			46.0000			
10.5433			-75.5775			38.3943			-26.6000			39.0000			-100.0000			46.0000			
36.9682			-47.9836			62.7058			51.6000			47.0000			-96.0000			43.0000			
19.7346			-79.5195			40.6045			-19.1000			55.0000			-91.0000			43.0000			
30.0747			-73.8881			46.6823			2.8000			65.0000			-85.0000			41.0000			
49.6062			-64.3147			43.9197			29.2000			71.0000			-80.0000			42.0000			
40.4149			-80.6457			21.8183			-18.4000			79.0000			-73.0000			43.0000			
53.6273			-67.1304			28.4487			14.9000			85.0000			-69.0000			40.0000			
56.4996			-66.0041			19.6082			10.1000			91.0000			-61.0000			40.0000			
52.4784			-68.2567			6.3474			-9.4000			98.0000			-53.0000			39.0000			
66.2653			-55.8676			8.0050			18.4000			103.0000			-46.0000			39.0000			
66.2653			-61.4990			-1.3881			3.3000			108.0000			-36.0000			36.0000			
66.2653			-62.6253			-5.2558			-1.6000			112.0000			-27.0000			35.0000			
69.7120			-53.0519			-2.4931			14.1000			117.0000			-18.0000			33.0000			
67.9887			-54.1782			-15.2014			-1.3000			120.0000			-7.0000			31.0000			
89.2435			-28.8369			-146.1518			-85.7000			120.0000			3.0000			17.0000			
43.8616			-75.5775			-55.5363			-87.2000			107.0000			-1.0000			12.0000			
116.2428			-4.0587			14.6354			126.8000			102.0000			3.0000			4.0000			
43.8616			-68.8198			-63.2718			-88.2000			105.0000			13.0000			4.0000			
66.2653			-28.2737			-30.1198			7.8000			105.0000			22.0000			2.0000			
96.7114			-9.1270			-14.6489			72.9000			104.0000			30.0000			1.0000			
51.9040			-53.6150			-74.8750			-76.5000			105.0000			41.0000			-1.0000			
78.3288			-9.1270			-42.8281			26.3000			104.0000			51.0000			-3.0000			
80.0522			-4.6219			-51.6686			23.7000			102.0000			60.0000			-5.0000			
50.1806			-19.8266			-77.0851			-46.7000			101.0000			70.0000			-5.0000			
73.7332			14.5249			-49.4585			38.7000			97.0000			79.0000			-6.0000			
57.0741			-0.6799			-61.6142			-5.2000			94.0000			88.0000			-6.0000			
49.6062			-6.3113			-66.5870			-23.2000			89.0000			96.0000			-6.0000			
60.5208			21.2826			-56.6414			25.1000			85.0000			102.0000			-6.0000			
43.8616			12.2723			-75.4275			-19.3000			79.0000			111.0000			-6.0000			
42.7127			24.6614			-72.1123			-4.7000			73.0000			118.0000			-7.0000			
45.5850			37.6136			-68.7971			14.4000			68.0000			123.0000			-7.0000			
31.7981			31.9822			-80.9529			-17.1000			61.0000			130.0000			-6.0000			
32.9470			43.2450			-73.7699			2.4000			55.0000			134.0000			-6.0000			
29.5003			46.6239			-74.3225			1.8000			50.0000			138.0000			-5.0000			
19.7346			41.5556			-76.5326			-15.2000			43.0000			143.0000			-6.0000			
18.0112			51.1290			-64.9294			4.2000			37.0000			146.0000			-5.0000			
8.8200			53.3815			-66.0345			-3.8000			30.0000			147.0000			-6.0000			
0.2032			52.8184			-63.8243			-10.8000			22.0000			147.0000			-5.0000			
-1.5202			60.1392			-58.8515			-0.2000			15.0000			148.0000			-3.0000			
-8.4136			59.5761			-59.9566			-8.7000			8.0000			148.0000			-1.0000			
-13.5837			65.2075			-57.1939			-5.5000			0.0000			146.0000			1.0000			
-19.9027			69.1495			-53.3262			-4.0000			-6.0000			144.0000			2.0000			
-27.3706			68.5863			-50.0110			-8.7000			-14.0000			141.0000			5.0000			
-31.9662			70.8389			-42.8281			-3.9000			-21.0000			138.0000			6.0000			
-35.9874			70.2757			-38.4078			-4.1000			-28.0000			134.0000			9.0000			
-44.0298			71.9652			-35.6451			-7.7000			-35.0000			129.0000			10.0000			
-45.7531			73.6546			-31.2249			-3.3000			-41.0000			126.0000			11.0000			
-49.7743			71.9652			-27.9097			-5.7000			-45.0000			121.0000			13.0000			
-54.3699			70.2757			-22.3843			-6.4000			-51.0000			114.0000			14.0000			
-57.8166			68.5863			-14.6489			-3.8000			-56.0000			108.0000			16.0000			
-63.5612			64.6443			-6.9134			-5.8000			-61.0000			100.0000			20.0000			
-67.0079			62.9549			-2.4931			-6.5000			-66.0000			94.0000			21.0000			
-68.7313			61.8286			4.1373			-2.7000			-69.0000			85.0000			24.0000			
-69.8802			55.6341			8.5575			-5.6000			-71.0000			75.0000			26.0000			
-72.7524			49.4396			17.3981			-5.9000			-73.0000			65.0000			29.0000			
-73.9013			47.7501			24.0285			-2.1000			-74.0000			54.0000			31.0000			
-75.6247			44.9344			27.3437			-3.3000			-77.0000			46.0000			33.0000			
-76.7736			42.6819			30.6589			-3.4000			-78.0000			37.0000			37.0000			
-77.9225			38.7399			35.6317			-3.5000			-77.0000			26.0000			38.0000			
-77.9225			34.2348			40.0519			-3.6000			-76.0000			17.0000			40.0000			
-76.7736			30.2928			44.4722			-2.0000			-77.0000			8.0000			42.0000			
-73.9013			24.0983			48.3399			-1.4000			-75.0000			0.0000			44.0000			
-71.6035			17.3406			52.7602			-1.5000			-74.0000			-8.0000			45.0000			
-67.0079			8.3303			57.1805			-1.5000			-72.0000			-17.0000			48.0000			
-64.1356			4.3884			61.0482			1.2000			-68.0000			-25.0000			49.0000			
-64.1356			1.5727			63.8109			1.2000			-64.0000			-35.0000			51.0000			
-60.1145			-4.6219			64.3634			-0.3000			-59.0000			-42.0000			53.0000			
-56.0933			-9.6901			64.3634			-1.4000			-55.0000			-49.0000			53.0000			
-50.9232			-17.5741			68.7837			0.2000			-51.0000			-57.0000			55.0000			
-47.4765			-22.0792			69.8887			0.3000			-45.0000			-63.0000			54.0000			
-42.8809			-27.1475			72.0988			2.0000			-37.0000			-71.0000			56.0000			
-40.0086			-31.0894			72.6514			1.5000			-31.0000			-76.0000			55.0000			
-36.5619			-36.7208			74.8615			1.5000			-25.0000			-80.0000			56.0000			
-30.8173			-43.4785			76.5191			2.2000			-19.0000			-85.0000			56.0000			
-25.6472			-48.5468			77.6242			3.4000			-12.0000			-88.0000			57.0000			
-21.0516			-49.1099			74.3090			4.1000			-5.0000			-92.0000			58.0000			
-13.0093			-52.4888			69.3362			3.8000			3.0000			-94.0000			58.0000			
-4.3925			-56.4307			63.8109			2.9000			10.0000			-96.0000			57.0000			
0.2032			-60.3727			62.7058			2.5000			17.0000			-97.0000			57.0000			
4.7988			-63.1884			61.0482			2.6000			24.0000			-97.0000			57.0000			
9.3944			-64.8778			57.7330			2.2000			33.0000			-96.0000			55.0000			
16.2879			-67.6935			54.9703			3.5000			39.0000			-94.0000			52.0000			
23.1813			-69.9461			51.1026			4.3000			46.0000			-91.0000			51.0000			
28.9258			-71.6355			45.5773			2.8000			54.0000			-86.0000			49.0000			
34.6704			-73.3249			41.7095			3.0000			62.0000			-84.0000			47.0000			
39.2660			-74.4512			38.9469			3.7000			68.0000			-79.0000			44.0000			
45.5850			-75.0143			34.5266			5.1000			74.0000			-76.0000			43.0000			
49.6062			-74.4512			29.5538			4.7000			79.0000			-71.0000			40.0000			
51.9040			-76.1406			25.1335			0.8000			85.0000			-66.0000			39.0000			
55.9252			-74.4512			18.5031			0.0000			90.0000			-61.0000			38.0000			
59.9463			-68.2567			10.2151			1.9000			95.0000			-54.0000			35.0000			
65.6909			-66.5672			3.0322			2.1000			100.0000			-47.0000			31.0000			
70.2865			-64.3147			-3.0457			2.9000			102.0000			-39.0000			30.0000			
71.4354			-61.4990			-6.3609			3.5000			108.0000			-31.0000			27.0000			
72.0099			-59.2464			-12.4387			0.3000			109.0000			-23.0000			23.0000			
74.3077			-50.2362			-19.0691			5.0000			109.0000			-14.0000			22.0000			
76.6055			-49.1099			-26.2521			1.2000			112.0000			-4.0000			17.0000			
77.7544			-45.7311			-31.2249			0.7000			111.0000			5.0000			15.0000			
78.9033			-44.0417			-35.6451			-0.7000			112.0000			14.0000			11.0000			
80.6267			-39.5365			-40.0654			1.0000			111.0000			23.0000			7.0000			
80.6267			-35.0314			-45.0382			0.5000			111.0000			31.0000			5.0000			
78.3288			-30.5263			-48.3534			-0.5000			110.0000			40.0000			3.0000			
75.4566			-25.4580			-52.2211			-2.2000			108.0000			47.0000			1.0000			
73.1588			-18.7004			-56.6414			-2.1000			107.0000			55.0000			-2.0000			
69.1376			-11.9427			-59.4041			-2.2000			103.0000			62.0000			-3.0000			
67.4142			-3.4956			-64.9294			-1.0000			99.0000			71.0000			-7.0000			
66.8398			0.4464			-68.7971			-1.5000			95.0000			77.0000			-10.0000			
61.6697			4.9515			-68.2446			-1.6000			90.0000			86.0000			-10.0000			
55.9252			10.5829			-69.9022			-3.3000			83.0000			91.0000			-12.0000			
51.3295			17.9037			-73.2174			-3.9000			78.0000			99.0000			-13.0000			
47.8828			22.4088			-73.7699			-3.4000			71.0000			104.0000			-14.0000			
44.4361			27.4771			-75.9801			-4.0000			63.0000			111.0000			-16.0000			
40.4149			32.5454			-77.6377			-4.6000			56.0000			116.0000			-17.0000			
35.2448			39.3030			-80.4003			-5.8000			49.0000			119.0000			-17.0000			
31.2237			43.2450			-81.5054			-7.0000			42.0000			123.0000			-19.0000			
26.6280			48.3133			-79.8478			-4.9000			36.0000			127.0000			-19.0000			
20.3090			52.2553			-77.6377			-5.0000			28.0000			128.0000			-20.0000			
12.8411			55.0710			-73.2174			-5.3000			21.0000			131.0000			-20.0000			
-22.2005			33.6716			87.5698			99.0000			13.0000			131.0000			-9.0000			
63.9675			106.8798			-26.8046			144.0000			22.0000			149.0000			-3.0000			
-34.2641			22.4088			-147.8094			-159.6000			25.0000			157.0000			5.0000			
14.5645			97.8696			-48.9059			63.5000			16.0000			157.0000			4.0000			
1.3521			82.1017			-54.9838			28.4000			9.0000			154.0000			6.0000			
-58.9656			43.2450			-89.2409			-104.9000			3.0000			151.0000			7.0000			
-9.5625			103.5010			-15.7539			78.1000			-8.0000			145.0000			8.0000			
-44.6042			72.5283			-47.8009			-19.8000			-17.0000			140.0000			11.0000			
-60.6889			55.0710			-45.5907			-51.2000			-25.0000			136.0000			12.0000			
-33.6896			94.4907			-10.2286			50.5000			-33.0000			131.0000			11.0000			
-63.5612			62.9549			-42.2755			-42.8000			-39.0000			126.0000			13.0000			
-54.3699			77.0334			-35.6451			-12.9000			-46.0000			120.0000			13.0000			
-41.7319			90.5488			-22.3843			26.4000			-53.0000			111.0000			12.0000			
-70.4546			62.3918			-29.5673			-37.6000			-60.0000			104.0000			15.0000			
-65.8590			69.7126			0.8221			4.6000			-65.0000			95.0000			14.0000			
-70.4546			67.4600			6.3474			3.3000			-71.0000			86.0000			16.0000			
-80.2203			50.5658			2.4797			-27.1000			-74.0000			78.0000			17.0000			
-70.4546			59.0129			19.6082			8.1000			-78.0000			67.0000			19.0000			
-77.9225			48.8764			20.1607			-8.8000			-81.0000			57.0000			21.0000			
-82.5182			44.9344			24.0285			-13.5000			-83.0000			46.0000			22.0000			
-76.7736			49.4396			34.5266			7.1000			-87.0000			35.0000			24.0000			
-80.7948			38.7399			31.2114			-10.8000			-87.0000			24.0000			26.0000			
-79.6459			35.9242			35.6317			-8.0000			-88.0000			14.0000			28.0000			
-75.6247			36.4873			41.1570			2.0000			-88.0000			4.0000			29.0000			
-77.9225			26.9140			42.2621			-8.7000			-88.0000			-5.0000			30.0000			
-75.6247			22.4088			52.2077			-1.0000			-89.0000			-14.0000			32.0000			
-71.6035			15.0880			58.8381			2.3000			-87.0000			-22.0000			34.0000			
-73.3269			6.0778			63.2583			-3.9000			-85.0000			-33.0000			35.0000			
-68.7313			1.5727			67.6786			0.5000			-82.0000			-40.0000			37.0000			
-66.4335			-3.4956			68.7837			-1.1000			-78.0000			-49.0000			39.0000			
-61.2634			-8.5638			68.2311			-1.5000			-73.0000			-56.0000			39.0000			
-54.3699			-11.9427			69.8887			3.5000			-68.0000			-65.0000			41.0000			
-51.4977			-19.8266			70.4412			-0.8000			-62.0000			-72.0000			42.0000			
-46.9020			-25.4580			72.0988			-0.2000			-57.0000			-78.0000			43.0000			
-41.7319			-29.4000			74.8615			3.7000			-50.0000			-85.0000			44.0000			
-38.8597			-34.4683			77.0716			3.7000			-42.0000			-90.0000			45.0000			
-36.5619			-41.2260			80.3868			2.6000			-36.0000			-94.0000			46.0000			
-31.3918			-45.7311			81.4919			4.3000			-30.0000			-97.0000			48.0000			
-25.6472			-50.7993			80.3868			3.9000			-21.0000			-101.0000			50.0000			
-17.6049			-53.6150			77.0716			5.8000			-14.0000			-104.0000			50.0000			
-10.1370			-55.8676			70.9938			4.9000			-5.0000			-105.0000			52.0000			
-0.9457			-58.1202			64.9159			5.8000			4.0000			-106.0000			52.0000			
4.7988			-62.0621			63.8109			6.5000			12.0000			-105.0000			52.0000			
7.0966			-66.0041			64.3634			5.4000			20.0000			-102.0000			52.0000			
12.2667			-67.1304			62.1533			7.2000			30.0000			-102.0000			51.0000			
19.1601			-69.9461			57.1805			6.3000			37.0000			-99.0000			50.0000			
25.4791			-72.1986			53.8653			7.1000			46.0000			-95.0000			50.0000			
31.2237			-72.7618			48.8925			7.3000			55.0000			-91.0000			49.0000			
37.5426			-75.0143			43.9197			6.4000			63.0000			-87.0000			46.0000			
43.2872			-76.1406			39.4994			6.6000			70.0000			-81.0000			47.0000			
49.0317			-78.3932			34.5266			5.1000			78.0000			-75.0000			47.0000			
53.0529			-77.8300			31.2114			6.4000			85.0000			-69.0000			45.0000			
56.4996			-76.7038			27.3437			7.1000			91.0000			-63.0000			45.0000			
58.7974			-72.7618			20.1607			6.1000			97.0000			-56.0000			44.0000			
29.5003			-116.6867			-37.3027			-124.4000			94.0000			-56.0000			30.0000			
73.7332			-69.3829			38.9469			43.2000			85.0000			-63.0000			23.0000			
95.5624			-60.3727			21.2658			56.4000			89.0000			-54.0000			18.0000			
35.2448			-96.4137			-54.4313			-115.5000			93.0000			-44.0000			20.0000			
100.1581			-26.0212			11.8727			86.0000			95.0000			-36.0000			16.0000			
78.3288			-53.0519			-8.5710			16.7000			101.0000			-24.0000			15.0000			
65.6909			-61.4990			-47.2483			-43.0000			104.0000			-12.0000			13.0000			
105.9026			-22.6423			-15.2014			68.0000			105.0000			-1.0000			9.0000			
74.3077			-49.6731			-47.8009			-23.1000			108.0000			9.0000			8.0000			
78.3288			-35.5946			-54.4313			-11.6000			108.0000			20.0000			8.0000			
90.9668			-19.2635			-30.1198			41.5000			111.0000			30.0000			6.0000			
67.4142			-45.1679			-48.9059			-26.6000			111.0000			38.0000			6.0000			
78.3288			-24.3318			-43.9331			10.0000			111.0000			49.0000			5.0000			
79.4778			-13.6321			-42.8281			23.0000			111.0000			57.0000			4.0000			
65.1164			-18.1372			-65.4819			-18.4000			108.0000			68.0000			4.0000			
74.3077			3.8252			-63.8243			14.3000			106.0000			78.0000			2.0000			
69.1376			4.9515			-69.9022			4.1000			104.0000			86.0000			2.0000			
61.0952			4.3884			-76.5326			-11.0000			100.0000			95.0000			2.0000			
62.2441			17.9037			-67.6921			12.4000			97.0000			103.0000			1.0000			
50.1806			17.9037			-73.2174			-5.1000			91.0000			112.0000			0.0000			
47.3084			24.0983			-75.9801			-4.5000			86.0000			120.0000			1.0000			
46.7339			30.2928			-71.0073			6.0000			79.0000			126.0000			-1.0000			
37.5426			29.7297			-75.9801			-8.7000			74.0000			133.0000			-1.0000			
35.8193			39.8662			-77.0851			-1.3000			67.0000			139.0000			2.0000			
33.5215			44.3713			-77.6377			0.2000			61.0000			143.0000			0.0000			
26.6280			47.1870			-82.6105			-8.7000			55.0000			147.0000			-1.0000			
22.0324			54.5078			-80.4003			-3.8000			48.0000			148.0000			-1.0000			
12.8411			56.7604			-75.4275			-5.8000			42.0000			150.0000			-1.0000			
4.2243			59.0129			-72.1123			-8.8000			34.0000			152.0000			-1.0000			
-0.9457			62.9549			-66.0345			-4.0000			26.0000			154.0000			1.0000			
-6.6903			63.5181			-64.9294			-8.1000			19.0000			153.0000			1.0000			
-12.4348			64.0812			-59.9566			-8.3000			11.0000			152.0000			3.0000			
-19.9027			68.0232			-55.5363			-7.4000			4.0000			150.0000			4.0000			
-26.2217			70.2757			-52.7737			-8.7000			-4.0000			147.0000			7.0000			
-30.2429			71.9652			-49.4585			-7.7000			-13.0000			143.0000			8.0000			
-34.8385			74.2177			-45.5907			-6.2000			-20.0000			140.0000			9.0000			
-41.1575			74.7809			-43.3806			-9.7000			-28.0000			134.0000			11.0000			
-46.9020			78.1597			-38.9603			-7.7000			-36.0000			130.0000			11.0000			
-52.0721			78.1597			-34.5401			-8.4000			-41.0000			125.0000			12.0000			
-56.0933			76.4703			-29.0147			-8.6000			-49.0000			119.0000			13.0000			
-58.9656			72.5283			-20.7267			-7.1000			-54.0000			112.0000			14.0000			
-64.1356			68.0232			-11.8862			-7.9000			-59.0000			104.0000			15.0000			
-69.3057			64.6443			-4.1507			-8.8000			-65.0000			97.0000			17.0000			
-73.3269			65.7706			0.2695			-7.2000			-69.0000			88.0000			19.0000			
-73.3269			61.8286			3.0322			-8.4000			-73.0000			79.0000			20.0000			
-73.9013			58.4498			8.5575			-6.8000			-76.0000			70.0000			22.0000			
-75.6247			50.5658			17.3981			-7.6000			-78.0000			59.0000			24.0000			
-77.9225			48.8764			22.9234			-6.1000			-79.0000			49.0000			26.0000			
-79.0714			46.0607			28.4487			-4.5000			-81.0000			38.0000			29.0000			
-80.7948			42.1187			32.8690			-5.8000			-83.0000			28.0000			31.0000			
-80.7948			35.9242			39.4994			-5.3000			-84.0000			19.0000			33.0000			
-80.2203			31.9822			43.3671			-4.8000			-83.0000			9.0000			35.0000			
-79.0714			28.6034			47.2349			-3.2000			-84.0000			0.0000			36.0000			
-75.6247			22.4088			49.9975			-3.2000			-82.0000			-10.0000			37.0000			
-72.1780			16.2143			53.3127			-2.6000			-81.0000			-18.0000			39.0000			
-69.3057			8.8935			57.7330			-2.6000			-78.0000			-26.0000			41.0000			
-67.0079			3.2621			61.6007			-2.1000			-74.0000			-36.0000			42.0000			
-64.7101			-1.8062			65.4685			-1.0000			-71.0000			-44.0000			44.0000			
-60.1145			-6.8744			66.0210			-0.9000			-67.0000			-52.0000			44.0000			
-56.6677			-13.0690			68.7837			-0.9000			-61.0000			-58.0000			46.0000			
-51.4977			-18.7004			70.4412			0.2000			-54.0000			-65.0000			47.0000			
-47.4765			-24.8949			72.6514			0.2000			-49.0000			-73.0000			48.0000			
-43.4553			-29.9632			74.3090			0.8000			-43.0000			-79.0000			50.0000			
-40.0086			-33.3420			75.4140			2.0000			-36.0000			-84.0000			50.0000			
-34.8385			-40.0997			77.0716			2.1000			-28.0000			-89.0000			51.0000			
-30.8173			-43.4785			77.6242			3.3000			-22.0000			-93.0000			52.0000			
-26.2217			-49.1099			78.7292			3.3000			-15.0000			-95.0000			54.0000			
-18.7538			-51.9256			75.9666			5.2000			-8.0000			-97.0000			54.0000			
-10.7115			-55.3045			71.5463			5.5000			-1.0000			-99.0000			54.0000			
-2.0947			-58.6833			66.0210			5.2000			8.0000			-101.0000			55.0000			
