52.6017			-29.7400			-24.6068			-1.7000			151.0000			-9.0000			-32.0000			
53.1585			-27.5129			-27.9474			-2.3000			152.0000			3.0000			-38.0000			
51.4882			-23.6154			-29.6178			-1.7000			152.0000			13.0000			-45.0000			
49.2611			-20.8316			-30.7313			-2.3000			152.0000			25.0000			-51.0000			
46.4772			-16.3774			-32.4016			-2.3000			150.0000			37.0000			-58.0000			
44.8069			-11.3664			-35.7423			-2.3000			147.0000			50.0000			-62.0000			
43.6933			-5.7986			-39.0830			-1.1000			142.0000			63.0000			-68.0000			
43.6933			-1.9012			-42.9804			-1.1000			138.0000			75.0000			-73.0000			
42.0230			0.8827			-43.5372			-0.6000			132.0000			86.0000			-76.0000			
38.1256			4.7801			-42.4236			0.4000			126.0000			98.0000			-80.0000			
33.6714			9.2343			-44.6507			-1.7000			118.0000			109.0000			-82.0000			
31.4443			14.2453			-45.7643			0.0000			108.0000			121.0000			-83.0000			
29.2172			17.0292			-46.8778			-0.6000			101.0000			132.0000			-85.0000			
28.1036			21.4834			-48.5481			1.0000			92.0000			143.0000			-86.0000			
24.7629			24.8241			-50.2185			-0.6000			83.0000			152.0000			-88.0000			
22.5358			28.7215			-52.4456			-1.1000			75.0000			160.0000			-88.0000			
19.7520			30.3918			-50.2185			0.0000			66.0000			167.0000			-87.0000			
16.9681			33.1757			-47.9914			2.1000			57.0000			173.0000			-85.0000			
10.8435			33.7325			-44.0939			0.4000			47.0000			179.0000			-85.0000			
5.2758			36.5163			-41.3101			0.4000			38.0000			185.0000			-83.0000			
-0.2920			40.9706			-39.6397			1.0000			29.0000			188.0000			-79.0000			
-4.1894			44.3112			-39.0830			1.0000			16.0000			192.0000			-76.0000			
-6.9733			44.3112			-36.8558			0.4000			7.0000			193.0000			-71.0000			
-10.3139			47.0951			-34.0720			2.7000			-3.0000			193.0000			-65.0000			
-15.8817			48.7654			-32.4016			0.4000			-14.0000			192.0000			-60.0000			
-19.7791			50.4357			-30.1745			0.4000			-23.0000			190.0000			-53.0000			
-23.6766			52.1061			-27.3907			1.0000			-35.0000			188.0000			-46.0000			
-27.5740			53.2196			-25.1636			0.4000			-45.0000			186.0000			-39.0000			
-30.9146			54.8900			-22.9365			1.0000			-53.0000			182.0000			-33.0000			
-32.0282			54.8900			-21.8229			1.0000			-62.0000			178.0000			-26.0000			
-33.1417			53.7764			-19.5958			1.0000			-70.0000			174.0000			-19.0000			
-35.9256			50.9925			-14.0280			1.0000			-77.0000			168.0000			-13.0000			
-38.1527			47.6519			-7.3467			2.1000			-84.0000			162.0000			-6.0000			
-42.6069			45.4248			-0.6654			2.1000			-91.0000			154.0000			3.0000			
-47.0611			45.4248			3.2320			1.5000			-96.0000			145.0000			11.0000			
-48.1747			45.4248			4.3456			1.5000			-101.0000			136.0000			19.0000			
-48.1747			43.7544			6.5727			2.1000			-105.0000			124.0000			28.0000			
-49.2882			39.3002			12.6972			2.7000			-108.0000			113.0000			35.0000			
-51.5153			36.5163			17.1514			2.1000			-109.0000			100.0000			46.0000			
-53.1857			35.9596			18.8217			1.5000			-112.0000			87.0000			54.0000			
-53.7425			33.1757			21.6056			1.0000			-113.0000			72.0000			61.0000			
-55.4128			30.3918			26.0598			1.0000			-113.0000			62.0000			70.0000			
-55.9696			27.0512			30.5140			1.5000			-113.0000			50.0000			75.0000			
-54.8560			23.7105			31.6276			0.4000			-114.0000			39.0000			82.0000			
-50.9586			20.9266			33.2979			3.2000			-113.0000			28.0000			88.0000			
-49.2882			15.3589			34.4115			0.4000			-110.0000			16.0000			94.0000			
-47.0611			9.7911			37.1953			0.0000			-108.0000			3.0000			101.0000			
-45.3908			4.7801			41.0928			0.4000			-103.0000			-10.0000			105.0000			
-44.8340			1.9962			43.8767			1.0000			-100.0000			-23.0000			109.0000			
-42.6069			-0.7876			44.4334			1.0000			-94.0000			-33.0000			114.0000			
-39.8231			-4.6851			45.5470			1.0000			-87.0000			-46.0000			118.0000			
-36.4824			-9.6960			46.6605			0.4000			-78.0000			-57.0000			119.0000			
-33.1417			-14.1503			47.7741			0.4000			-70.0000			-68.0000			120.0000			
-30.9146			-18.0477			48.3309			-0.6000			-61.0000			-78.0000			123.0000			
-28.1308			-21.3883			49.4444			0.0000			-52.0000			-89.0000			123.0000			
-25.3469			-26.3993			51.6715			0.0000			-43.0000			-98.0000			123.0000			
-23.1198			-29.7400			52.2283			-0.6000			-37.0000			-106.0000			124.0000			
-20.3359			-31.9671			52.2283			0.0000			-28.0000			-113.0000			124.0000			
-14.7681			-33.6374			48.3309			0.0000			-18.0000			-120.0000			123.0000			
-9.2004			-35.3077			44.4334			0.0000			-8.0000			-126.0000			120.0000			
-2.5191			-38.0916			40.5360			0.0000			1.0000			-131.0000			119.0000			
1.3784			-40.8755			39.4224			0.0000			13.0000			-137.0000			116.0000			
5.2758			-43.6594			38.8657			0.4000			23.0000			-139.0000			111.0000			
8.0597			-45.3297			36.6386			-0.6000			33.0000			-141.0000			107.0000			
11.4003			-47.5568			34.9682			-1.1000			43.0000			-139.0000			100.0000			
15.8545			-49.2271			32.1844			-1.1000			54.0000			-138.0000			95.0000			
19.7520			-50.3407			29.4005			-1.1000			63.0000			-137.0000			88.0000			
24.7629			-52.0110			26.6166			-0.6000			74.0000			-133.0000			81.0000			
28.1036			-53.6813			23.8327			-1.7000			83.0000			-132.0000			75.0000			
32.5578			-55.3517			21.6056			-1.1000			92.0000			-128.0000			67.0000			
35.3417			-55.3517			21.0488			1.0000			101.0000			-125.0000			62.0000			
35.3417			-53.6813			16.5946			-1.7000			108.0000			-120.0000			55.0000			
36.4552			-49.7839			11.5837			-1.7000			117.0000			-115.0000			49.0000			
39.7959			-45.8865			4.3456			-1.7000			123.0000			-108.0000			41.0000			
43.1366			-45.3297			-0.1086			-2.3000			130.0000			-101.0000			32.0000			
47.0340			-45.8865			-2.3357			-1.1000			135.0000			-91.0000			25.0000			
49.2611			-44.2162			-6.2332			-1.1000			140.0000			-82.0000			15.0000			
50.3746			-41.4323			-10.1306			-1.1000			144.0000			-71.0000			9.0000			
49.8179			-37.5348			-14.5848			-2.2000			146.0000			-58.0000			-1.0000			
52.6017			-34.7510			-18.4822			-0.6000			148.0000			-45.0000			-8.0000			
53.7153			-33.0806			-21.8229			-1.1000			151.0000			-33.0000			-17.0000			
54.8288			-31.4103			-25.1636			-1.7000			152.0000			-19.0000			-25.0000			
55.3856			-28.0697			-29.0610			-1.7000			152.0000			-9.0000			-33.0000			
56.4992			-26.3993			-31.2881			-1.1000			153.0000			4.0000			-39.0000			
54.8288			-24.1722			-32.4016			-1.7000			152.0000			15.0000			-47.0000			
52.6017			-19.1612			-34.0720			-0.6000			152.0000			25.0000			-52.0000			
49.2611			-12.4799			-36.8558			0.0000			149.0000			38.0000			-58.0000			
46.4772			-8.5825			-39.6397			-1.7000			146.0000			51.0000			-63.0000			
46.4772			-3.0147			-43.5372			0.0000			142.0000			63.0000			-69.0000			
44.8069			0.3259			-46.8778			-1.7000			137.0000			76.0000			-74.0000			
42.0230			4.2233			-46.3210			0.0000			131.0000			88.0000			-78.0000			
39.2391			9.2343			-47.9914			0.4000			124.0000			99.0000			-80.0000			
35.8985			12.5750			-49.1049			-0.6000			117.0000			111.0000			-82.0000			
31.4443			17.5860			-50.2185			-1.1000			108.0000			122.0000			-84.0000			
29.2172			20.9266			-50.7752			-0.6000			99.0000			134.0000			-85.0000			
26.9901			25.3808			-51.8888			0.4000			90.0000			143.0000			-87.0000			
24.7629			28.7215			-54.6727			-1.1000			82.0000			153.0000			-88.0000			
22.5358			32.0621			-54.6727			0.0000			73.0000			159.0000			-87.0000			
19.7520			34.8460			-54.1159			0.4000			63.0000			168.0000			-87.0000			
14.7410			37.0731			-50.2185			1.5000			55.0000			174.0000			-86.0000			
8.0597			38.1867			-45.7643			0.4000			47.0000			181.0000			-85.0000			
2.4919			41.5273			-43.5372			0.4000			37.0000			185.0000			-82.0000			
-1.9623			44.8680			-42.4236			0.4000			26.0000			189.0000			-79.0000			
-6.9733			47.6519			-39.6397			1.0000			16.0000			191.0000			-75.0000			
-9.7572			48.7654			-37.4126			1.5000			6.0000			194.0000			-70.0000			
-14.7681			50.9925			-35.1855			1.0000			-3.0000			192.0000			-65.0000			
-19.2223			53.2196			-33.5152			0.4000			-14.0000			191.0000			-59.0000			
-22.0062			53.7764			-31.2881			0.4000			-25.0000			190.0000			-52.0000			
-27.5740			55.4467			-27.9474			0.0000			-36.0000			188.0000			-45.0000			
-30.9146			56.5603			-24.0500			1.5000			-45.0000			184.0000			-38.0000			
-34.2553			58.2306			-22.9365			1.0000			-54.0000			182.0000			-33.0000			
-35.3688			58.2306			-20.7093			2.1000			-61.0000			177.0000			-26.0000			
-36.4824			57.1171			-18.4822			2.1000			-70.0000			173.0000			-20.0000			
-38.7095			52.6629			-11.8009			2.1000			-77.0000			168.0000			-13.0000			
-41.4934			49.3222			-5.1196			2.7000			-84.0000			160.0000			-4.0000			
-46.5044			48.2086			-0.6654			1.0000			-91.0000			151.0000			3.0000			
-49.8450			47.6519			3.7888			1.5000			-96.0000			142.0000			13.0000			
-51.5153			45.4248			7.6862			1.5000			-102.0000			134.0000			21.0000			
-52.0721			43.7544			11.0269			2.7000			-105.0000			123.0000			28.0000			
-53.1857			40.4138			14.9243			2.1000			-108.0000			111.0000			37.0000			
-53.7425			38.1867			18.8217			3.2000			-110.0000			97.0000			46.0000			
-55.4128			35.9596			22.1624			2.7000			-110.0000			85.0000			54.0000			
-56.5263			32.6189			25.5031			1.5000			-113.0000			72.0000			62.0000			
-58.1967			29.8350			29.4005			1.0000			-114.0000			60.0000			69.0000			
-57.6399			25.9376			33.2979			1.5000			-114.0000			48.0000			77.0000			
-57.0831			23.7105			33.8547			0.4000			-112.0000			37.0000			82.0000			
-53.7425			19.8131			34.4115			0.4000			-113.0000			26.0000			89.0000			
-49.8450			14.8021			37.7521			2.6000			-111.0000			14.0000			95.0000			
-48.1747			8.1208			42.2063			2.1000			-107.0000			2.0000			101.0000			
-48.1747			3.6666			44.9902			0.4000			-103.0000			-11.0000			106.0000			
-45.9476			0.3259			46.6605			1.0000			-98.0000			-24.0000			109.0000			
-42.6069			-3.5715			46.6605			0.4000			-92.0000			-36.0000			114.0000			
-40.3798			-7.4689			48.3309			0.4000			-85.0000			-47.0000			117.0000			
-37.0392			-11.9232			48.8876			0.0000			-78.0000			-57.0000			119.0000			
-33.6985			-15.8206			48.8876			-0.6000			-69.0000			-69.0000			121.0000			
-30.9146			-21.3883			51.1147			-1.1000			-60.0000			-81.0000			122.0000			
-28.1308			-23.0587			52.2283			1.0000			-51.0000			-90.0000			123.0000			
-24.7901			-29.1832			53.8986			0.0000			-42.0000			-100.0000			124.0000			
-22.5630			-31.9671			54.4554			0.0000			-33.0000			-109.0000			123.0000			
-19.7791			-35.3077			53.8986			-1.1000			-25.0000			-115.0000			122.0000			
-14.7681			-36.4213			50.0012			-1.1000			-17.0000			-121.0000			122.0000			
-7.5301			-38.0916			44.9902			-0.6000			-7.0000			-128.0000			121.0000			
-0.8487			-41.4323			41.6496			-0.6000			3.0000			-133.0000			118.0000			
1.9351			-44.2162			41.0928			-1.2000			14.0000			-136.0000			116.0000			
6.9461			-47.0000			39.4224			-0.6000			24.0000			-139.0000			111.0000			
9.7300			-48.1136			37.1953			-1.1000			35.0000			-140.0000			105.0000			
14.7410			-51.4542			34.9682			-1.7000			44.0000			-139.0000			98.0000			
18.6384			-52.0110			32.7411			-0.6000			54.0000			-138.0000			94.0000			
21.9791			-54.2381			30.5140			-1.7000			65.0000			-137.0000			87.0000			
25.8765			-55.3517			27.7302			-1.7000			75.0000			-135.0000			80.0000			
31.4443			-55.9084			23.8327			-0.6000			85.0000			-131.0000			74.0000			
34.7849			-57.0220			21.0488			-1.1000			94.0000			-128.0000			67.0000			
37.0120			-57.0220			18.8217			-1.1000			102.0000			-125.0000			61.0000			
37.5688			-55.3517			16.5946			-1.1000			110.0000			-120.0000			53.0000			
39.7959			-51.4542			10.4701			-1.1000			117.0000			-114.0000			47.0000			
42.0230			-47.5568			3.2320			-2.3000			123.0000			-108.0000			40.0000			
46.4772			-45.3297			-3.4493			-2.3000			131.0000			-100.0000			32.0000			
50.9314			-47.5568			-5.1196			-1.7000			136.0000			-91.0000			23.0000			
52.0450			-47.0000			-7.3467			-2.3000			140.0000			-80.0000			15.0000			
53.1585			-42.5458			-11.2442			-0.6000			146.0000			-69.0000			7.0000			
54.8288			-38.6484			-17.3687			-1.1000			147.0000			-57.0000			-1.0000			
55.3856			-36.4213			-20.1526			-1.1000			149.0000			-44.0000			-10.0000			
55.9424			-33.6374			-24.6068			-2.3000			151.0000			-31.0000			-18.0000			
57.6127			-31.4103			-28.5042			-2.3000			152.0000			-19.0000			-26.0000			
59.2831			-29.1832			-31.8449			-1.7000			153.0000			-6.0000			-34.0000			
58.1695			-25.8425			-34.6287			-2.3000			154.0000			5.0000			-41.0000			
57.6127			-23.0587			-35.1855			-0.6000			153.0000			16.0000			-48.0000			
54.8288			-19.1612			-37.9694			-2.3000			151.0000			28.0000			-54.0000			
50.9314			-11.9232			-40.1965			-1.1000			149.0000			39.0000			-60.0000			
48.1475			-6.3554			-43.5372			-1.7000			146.0000			52.0000			-65.0000			
48.1475			-0.7876			-47.9914			-0.6000			142.0000			65.0000			-69.0000			
47.5908			1.4395			-49.1049			0.0000			138.0000			77.0000			-74.0000			
43.6933			5.8937			-50.2185			-0.6000			131.0000			90.0000			-76.0000			
39.7959			10.3479			-51.8888			-1.7000			124.0000			101.0000			-80.0000			
36.4552			14.8021			-53.0023			-1.7000			117.0000			111.0000			-82.0000			
32.5578			19.2563			-51.8888			0.0000			108.0000			123.0000			-85.0000			
28.6604			23.7105			-53.5591			-1.1000			99.0000			135.0000			-86.0000			
28.1036			27.6079			-55.7862			0.0000			90.0000			144.0000			-86.0000			
24.7629			32.6189			-56.8998			0.4000			81.0000			153.0000			-88.0000			
21.9791			34.8460			-56.8998			0.0000			72.0000			162.0000			-87.0000			
19.1952			38.1867			-56.3430			1.0000			64.0000			169.0000			-86.0000			
14.1842			39.8570			-53.0023			1.0000			55.0000			175.0000			-86.0000			
6.9461			41.5273			-46.3210			2.1000			46.0000			180.0000			-84.0000			
0.8216			44.8680			-45.2075			0.4000			36.0000			186.0000			-83.0000			
-3.6326			49.3222			-44.6507			1.0000			26.0000			189.0000			-79.0000			
-7.5301			50.4357			-41.8668			1.0000			16.0000			193.0000			-74.0000			
-11.4275			52.1061			-39.6397			1.0000			6.0000			192.0000			-69.0000			
-16.9952			54.8900			-36.2991			1.5000			-4.0000			192.0000			-64.0000			
-21.4495			57.1171			-34.0720			1.5000			-16.0000			191.0000			-57.0000			
-24.7901			57.1171			-31.2881			1.0000			-25.0000			190.0000			-51.0000			
-29.8011			59.3442			-27.9474			1.5000			-36.0000			188.0000			-43.0000			
-34.8121			61.0145			-24.6068			1.5000			-46.0000			186.0000			-38.0000			
-38.1527			61.5713			-22.3797			1.0000			-55.0000			182.0000			-30.0000			
-38.7095			61.0145			-20.1526			2.1000			-63.0000			178.0000			-24.0000			
-40.3798			59.9009			-17.9255			1.5000			-70.0000			173.0000			-18.0000			
-43.7205			56.5603			-11.2442			1.5000			-78.0000			167.0000			-11.0000			
-46.5044			51.5493			-4.0061			1.0000			-85.0000			161.0000			-3.0000			
-50.9586			49.8790			3.2320			2.1000			-91.0000			152.0000			5.0000			
-54.8560			50.9925			6.0159			2.1000			-97.0000			143.0000			13.0000			
-55.9696			48.7654			8.2430			1.0000			-102.0000			134.0000			22.0000			
-56.5263			45.4248			13.2540			2.1000			-106.0000			121.0000			30.0000			
-58.7534			40.9706			18.8217			1.0000			-107.0000			110.0000			39.0000			
-58.1967			38.7435			22.1624			2.6000			-110.0000			97.0000			47.0000			
-59.3102			35.9596			25.5031			2.1000			-112.0000			83.0000			55.0000			
-60.9805			33.1757			29.9573			2.1000			-112.0000			71.0000			63.0000			
-62.6509			29.8350			32.7411			0.0000			-113.0000			59.0000			71.0000			
-61.5373			26.4944			34.9682			0.0000			-114.0000			48.0000			78.0000			
-59.8670			22.0402			37.7521			0.0000			-113.0000			36.0000			84.0000			
-57.0831			18.1427			41.0928			2.1000			-111.0000			25.0000			90.0000			
-53.7425			12.0182			42.7631			1.0000			-107.0000			13.0000			95.0000			
-51.5153			5.8937			46.6605			1.0000			-105.0000			-1.0000			101.0000			
-50.4018			0.8827			50.5580			1.0000			-101.0000			-12.0000			106.0000			
-48.7315			-2.4580			50.5580			-0.6000			-97.0000			-25.0000			110.0000			
-44.2773			-6.3554			51.1147			0.4000			-90.0000			-37.0000			115.0000			
-40.9366			-11.3664			52.7851			0.4000			-83.0000			-47.0000			116.0000			
-38.1527			-15.8206			55.0122			1.0000			-76.0000			-59.0000			119.0000			
-35.3688			-19.1612			53.8986			-0.6000			-66.0000			-71.0000			121.0000			
-30.9146			-24.7290			55.5689			0.0000			-59.0000			-81.0000			122.0000			
-28.6875			-28.0697			56.6825			0.0000			-49.0000			-91.0000			123.0000			
-25.3469			-33.6374			58.3528			-0.6000			-41.0000			-99.0000			124.0000			
-22.0062			-36.4213			58.9096			0.4000			-32.0000			-108.0000			124.0000			
-16.9952			-39.7619			57.2393			0.4000			-24.0000			-115.0000			124.0000			
-11.9843			-41.9890			52.7851			-1.1000			-15.0000			-122.0000			123.0000			
-5.8597			-43.6594			48.3309			-1.1000			-6.0000			-129.0000			121.0000			
1.9351			-47.5568			44.9902			-0.6000			5.0000			-133.0000			119.0000			
5.2758			-50.3407			44.9902			0.0000			15.0000			-136.0000			115.0000			
9.7300			-52.5678			42.2063			-0.6000			25.0000			-138.0000			111.0000			
13.0707			-53.6813			38.3089			-2.3000			36.0000			-139.0000			105.0000			
19.1952			-56.4652			35.5250			-1.7000			46.0000			-137.0000			99.0000			
22.5358			-58.6923			34.4115			-1.7000			56.0000			-136.0000			94.0000			
25.3197			-58.6923			31.6276			-1.7000			66.0000			-136.0000			85.0000			
31.4443			-59.8059			27.7302			-0.6000			77.0000			-133.0000			79.0000			
36.4552			-61.4762			23.8327			-1.2000			87.0000			-130.0000			73.0000			
39.7959			-62.0330			21.0488			-1.1000			95.0000			-127.0000			66.0000			
40.9094			-60.9194			17.7082			-2.3000			103.0000			-123.0000			60.0000			
42.5798			-59.8059			14.9243			-2.3000			112.0000			-118.0000			53.0000			
44.8069			-55.3517			7.6862			-2.8000			117.0000			-112.0000			46.0000			
47.5908			-50.8975			1.0049			-2.3000			125.0000			-106.0000			39.0000			
52.0450			-49.7839			-4.0061			-1.7000			132.0000			-98.0000			31.0000			
55.9424			-50.3407			-7.3467			-1.7000			138.0000			-87.0000			22.0000			
57.0559			-47.5568			-11.8009			-2.3000			142.0000			-78.0000			14.0000			
58.1695			-44.2162			-17.3687			-3.4000			146.0000			-68.0000			7.0000			
59.8398			-40.3187			-21.2661			-1.7000			149.0000			-55.0000			-2.0000			
60.3966			-38.0916			-24.6068			-2.2000			151.0000			-41.0000			-12.0000			
61.5102			-35.3077			-27.9474			-1.7000			151.0000			-28.0000			-19.0000			
62.6237			-31.9671			-32.4016			-1.7000			154.0000			-16.0000			-27.0000			
63.7373			-29.1832			-36.8558			-2.2000			153.0000			-3.0000			-33.0000			
62.6237			-25.8425			-37.9694			-1.1000			154.0000			7.0000			-41.0000			
60.3966			-21.9451			-39.0830			-0.6000			154.0000			19.0000			-47.0000			
58.1695			-17.4909			-41.8668			-1.1000			153.0000			29.0000			-53.0000			
54.2721			-10.2528			215.9204			259.9000			150.0000			40.0000			-51.0000			
169.5247			32.6189			8.2430			210.3000			164.0000			76.0000			-35.0000			
-18.6656			-33.0806			-210.5699			-262.3000			194.0000			132.0000			-18.0000			
81.5541			27.0512			-80.2844			28.3000			182.0000			134.0000			-33.0000			
63.7373			32.6189			-69.1488			27.2000			172.0000			140.0000			-39.0000			
9.7300			-22.5019			-118.1451			-130.9000			169.0000			155.0000			-41.0000			
53.1585			49.3222			-37.9694			64.5000			155.0000			157.0000			-45.0000			
28.6604			26.4944			-66.9217			-11.7000			151.0000			173.0000			-41.0000			
-1.9623			1.9962			-74.1598			-74.1000			146.0000			189.0000			-43.0000			
45.3637			44.3112			-35.1855			54.4000			134.0000			194.0000			-48.0000			
15.8545			22.0402			-80.2844			-42.3000			124.0000			202.0000			-46.0000			
29.2172			45.9815			-55.2295			19.9000			112.0000			204.0000			-46.0000			
35.3417			58.7874			-47.9914			46.1000			104.0000			213.0000			-46.0000			
-8.6436			30.3918			-78.6140			-56.8000			99.0000			223.0000			-43.0000			
9.1732			54.3332			-43.5372			19.9000			87.0000			227.0000			-45.0000			
1.9351			51.5493			-50.2185			3.2000			75.0000			228.0000			-44.0000			
-14.2114			41.5273			-56.3430			-29.0000			64.0000			230.0000			-41.0000			
-5.8597			56.5603			-40.7533			9.9000			52.0000			228.0000			-40.0000			
-22.5630			49.8790			-45.2075			-17.8000			40.0000			226.0000			-35.0000			
-22.5630			56.0035			-40.7533			-7.3000			26.0000			223.0000			-34.0000			
-23.1198			59.3442			-38.5262			-2.3000			12.0000			218.0000			-30.0000			
-30.9146			56.0035			-39.6397			-14.5000			-2.0000			212.0000			-26.0000			
-32.0282			59.3442			-33.5152			-6.2000			-16.0000			205.0000			-21.0000			
-35.9256			60.4577			-29.6178			-5.0000			-29.0000			197.0000			-18.0000			
-42.0502			61.5713			-27.9474			-8.4000			-40.0000			191.0000			-14.0000			
-43.1637			59.9009			-23.4932			-6.7000			-49.0000			185.0000			-11.0000			
-45.9476			57.6738			-20.1526			-8.4000			-60.0000			177.0000			-8.0000			
-49.2882			55.4467			-14.5848			-8.4000			-71.0000			167.0000			-3.0000			
-54.2992			54.3332			-7.9035			-7.8000			-81.0000			156.0000			1.0000			
-57.0831			52.6629			-3.4493			-7.8000			-89.0000			144.0000			6.0000			
-59.8670			50.9925			2.1185			-6.7000			-99.0000			131.0000			11.0000			
-60.9805			48.2086			6.5727			-6.2000			-107.0000			115.0000			16.0000			
-63.2076			45.9815			9.3566			-7.8000			-114.0000			101.0000			21.0000			
-63.7644			42.0841			14.3675			-7.3000			-121.0000			85.0000			26.0000			
-63.7644			39.3002			18.2650			-6.2000			-126.0000			69.0000			31.0000			
-64.8780			34.8460			22.7192			-7.3000			-130.0000			52.0000			36.0000			
-66.5483			30.3918			27.7302			-8.4000			-135.0000			36.0000			40.0000			
-67.1051			27.6079			33.2979			-6.2000			-139.0000			20.0000			46.0000			
-67.1051			24.2673			35.5250			-7.3000			-141.0000			6.0000			48.0000			
-64.3212			21.4834			36.0818			-6.7000			-144.0000			-7.0000			51.0000			
-60.4238			17.0292			38.3089			-5.0000			-144.0000			-21.0000			56.0000			
-57.0831			10.3479			41.0928			-5.6000			-145.0000			-35.0000			60.0000			
-54.8560			3.6666			43.3199			-7.8000			-143.0000			-50.0000			63.0000			
-52.0721			-0.2309			47.7741			-4.5000			-141.0000			-64.0000			67.0000			
-50.4018			-4.1283			50.5580			-3.9000			-137.0000			-77.0000			68.0000			
-46.5044			-8.0257			51.6715			-2.8000			-133.0000			-90.0000			71.0000			
-42.6069			-13.0367			52.7851			-2.8000			-128.0000			-102.0000			73.0000			
-38.1527			-18.6045			53.3418			-3.4000			-121.0000			-113.0000			73.0000			
-35.3688			-21.3883			53.3418			-3.4000			-111.0000			-124.0000			75.0000			
-30.9146			-25.2858			53.3418			-2.8000			-102.0000			-136.0000			75.0000			
-27.5740			-29.7400			55.0122			-2.3000			-95.0000			-145.0000			76.0000			
-24.7901			-34.7510			56.6825			-2.8000			-85.0000			-153.0000			78.0000			
-21.4495			-38.0916			56.6825			-2.8000			-76.0000			-160.0000			78.0000			
-16.9952			-40.8755			56.1257			-1.7000			-68.0000			-166.0000			78.0000			
-11.4275			-43.1026			51.6715			-2.8000			-57.0000			-171.0000			77.0000			
-3.6326			-44.7729			47.7741			-0.6000			-48.0000			-175.0000			76.0000			
3.0487			-47.5568			44.4334			0.0000			-36.0000			-177.0000			76.0000			
6.3893			-50.3407			43.3199			-0.6000			-23.0000			-179.0000			73.0000			
11.4003			-52.5678			39.4224			-1.7000			-11.0000			-178.0000			71.0000			
15.8545			-53.1246			37.1953			0.0000			1.0000			-177.0000			69.0000			
20.8655			-56.4652			34.9682			-0.6000			12.0000			-173.0000			65.0000			
25.3197			-58.1355			32.7411			0.0000			27.0000			-167.0000			63.0000			
28.6604			-58.6923			29.4005			-0.6000			40.0000			-162.0000			58.0000			
34.2281			-59.8059			24.3895			-1.1000			54.0000			-153.0000			54.0000			
39.2391			-60.3627			21.6056			0.4000			67.0000			-147.0000			51.0000			
42.0230			-61.4762			16.0379			-3.4000			77.0000			-140.0000			47.0000			
43.1366			-61.4762			16.0379			-2.3000			87.0000			-134.0000			43.0000			
44.8069			-59.8059			13.8108			-1.1000			97.0000			-127.0000			39.0000			
46.4772			-57.0220			6.0159			-4.5000			107.0000			-118.0000			34.0000			
51.4882			-53.1246			1.0049			-0.6000			115.0000			-108.0000			29.0000			
55.3856			-51.4542			-5.6764			-1.7000			126.0000			-95.0000			23.0000			
58.1695			-50.8975			-10.6874			-3.4000			133.0000			-84.0000			18.0000			
60.3966			-47.0000			-13.4713			0.0000			141.0000			-72.0000			12.0000			
60.9534			-43.6594			-19.0390			-1.7000			147.0000			-58.0000			6.0000			
62.0669			-39.7619			-24.0500			-1.7000			152.0000			-43.0000			0.0000			
62.6237			-36.9781			-26.2771			-0.6000			156.0000			-26.0000			-5.0000			
63.1805			-35.8645			-30.1745			-2.8000			161.0000			-11.0000			-11.0000			
64.8508			-31.4103			-34.6287			-1.1000			165.0000			4.0000			-17.0000			
65.9644			-28.6264			-39.6397			-2.3000			169.0000			18.0000			-22.0000			
64.2940			-25.8425			-41.3101			-2.8000			170.0000			31.0000			-27.0000			
61.5102			-22.5019			-42.4236			-3.4000			171.0000			46.0000			-31.0000			
58.1695			-16.9341			-44.6507			-3.4000			172.0000			58.0000			-36.0000			
55.3856			-9.6960			-49.1049			-3.4000			171.0000			72.0000			-40.0000			
52.0450			-2.4580			-54.1159			-4.5000			170.0000			86.0000			-44.0000			
50.9314			1.4395			-56.8998			-4.5000			167.0000			101.0000			-47.0000			
48.1475			4.7801			-56.3430			-3.4000			161.0000			113.0000			-51.0000			
44.2501			9.2343			-57.4566			-3.9000			156.0000			125.0000			-52.0000			
40.9094			14.2453			-60.2404			-5.0000			151.0000			138.0000			-53.0000			
37.5688			18.6995			-61.3540			-5.0000			144.0000			150.0000			-55.0000			
34.7849			22.5970			-61.3540			-3.9000			136.0000			161.0000			-57.0000			
30.8875			25.9376			-63.0243			-6.1000			126.0000			172.0000			-57.0000			
27.5468			30.3918			-64.1379			-6.2000			118.0000			181.0000			-58.0000			
24.2062			35.9596			-65.8082			-5.6000			109.0000			189.0000			-58.0000			
20.8655			38.7435			-65.8082			-6.2000			100.0000			195.0000			-60.0000			
16.9681			41.5273			-61.9108			-3.4000			90.0000			203.0000			-60.0000			
11.4003			44.3112			-60.2404			-4.5000			80.0000			208.0000			-59.0000			
4.1622			45.4248			-54.6727			-5.0000			71.0000			211.0000			-59.0000			
-3.0758			49.3222			-50.2185			-3.9000			59.0000			214.0000			-56.0000			
-6.9733			52.1061			-50.2185			-5.0000			47.0000			216.0000			-54.0000			
-10.8707			54.3332			-48.5481			-5.0000			36.0000			216.0000			-51.0000			
-15.3249			55.4467			-45.7643			-5.6000			24.0000			213.0000			-47.0000			
-22.0062			57.1171			-41.3101			-6.2000			12.0000			211.0000			-44.0000			
-24.7901			59.3442			-40.1965			-5.6000			-1.0000			207.0000			-39.0000			
-29.2443			61.0145			-37.9694			-6.2000			-12.0000			204.0000			-33.0000			
-34.2553			62.1280			-34.6287			-6.7000			-25.0000			199.0000			-28.0000			
-38.7095			62.6848			-29.6178			-5.6000			-36.0000			193.0000			-25.0000			
-41.4934			62.6848			-26.2771			-5.0000			-47.0000			186.0000			-19.0000			
-43.7205			63.7984			-24.6068			-4.5000			-58.0000			180.0000			-17.0000			
-44.8340			61.5713			-23.4932			-6.7000			-68.0000			173.0000			-12.0000			
-48.1747			58.2306			-14.5848			-4.5000			-77.0000			164.0000			-7.0000			
-51.5153			54.3332			-5.6764			-2.8000			-86.0000			154.0000			-1.0000			
-55.4128			52.6629			-1.2222			-3.9000			-95.0000			143.0000			5.0000			
-59.3102			52.1061			2.6752			-4.5000			-103.0000			131.0000			12.0000			
-59.8670			48.7654			6.0159			-5.0000			-108.0000			118.0000			17.0000			
-60.4238			45.9815			10.4701			-3.9000			-115.0000			104.0000			23.0000			
-62.0941			41.5273			14.9243			-5.6000			-119.0000			89.0000			29.0000			
-62.6509			39.3002			18.8217			-4.5000			-123.0000			74.0000			36.0000			
-64.3212			37.0731			23.8327			-3.4000			-126.0000			59.0000			42.0000			
-65.4347			32.6189			28.8437			-3.9000			-129.0000			45.0000			47.0000			
-64.8780			29.2783			31.6276			-3.9000			-132.0000			31.0000			53.0000			
-64.8780			25.9376			34.4115			-4.5000			-133.0000			19.0000			59.0000			
-63.2076			22.0402			36.6386			-4.5000			-134.0000			6.0000			63.0000			
-58.1967			17.5860			38.8657			-1.7000			-134.0000			-8.0000			68.0000			
-54.2992			10.3479			41.0928			-2.8000			-132.0000			-21.0000			73.0000			
-53.1857			3.1098			46.6605			-3.4000			-129.0000			-33.0000			77.0000			
-52.6289			0.3259			48.8876			-3.4000			-125.0000			-47.0000			82.0000			
-48.7315			-2.4580			48.8876			-2.3000			-121.0000			-60.0000			84.0000			
-44.8340			-7.4689			49.4444			-2.8000			-115.0000			-71.0000			89.0000			
-41.4934			-11.9232			52.2283			-1.1000			-108.0000			-81.0000			90.0000			
-38.7095			-16.9341			52.7851			-2.8000			-101.0000			-92.0000			92.0000			
-34.8121			-20.2748			52.7851			-2.2000			-92.0000			-104.0000			95.0000			
-30.9146			-24.7290			55.5689			0.0000			-82.0000			-113.0000			95.0000			
-28.6875			-29.7400			56.1257			-2.3000			-73.0000			-121.0000			97.0000			
-24.7901			-34.7510			57.2393			-2.3000			-61.0000			-129.0000			99.0000			
-20.8927			-38.6484			57.7961			-1.7000			-53.0000			-135.0000			100.0000			
-15.8817			-40.3187			55.5689			-0.6000			-44.0000			-141.0000			101.0000			
-10.3139			-41.4323			51.1147			-0.6000			-34.0000			-146.0000			100.0000			
-4.1894			-44.2162			46.6605			-1.7000			-23.0000			-149.0000			99.0000			
1.9351			-47.0000			45.5470			0.4000			-11.0000			-153.0000			99.0000			
5.8326			-50.3407			44.4334			0.0000			2.0000			-153.0000			96.0000			
10.8435			-52.5678			40.5360			-1.1000			14.0000			-152.0000			94.0000			
15.2978			-53.1246			37.7521			0.0000			25.0000			-151.0000			90.0000			
20.8655			-56.4652			35.5250			0.0000			38.0000			-147.0000			87.0000			
24.7629			-57.5788			32.1844			-0.6000			50.0000			-144.0000			82.0000			
28.1036			-59.2491			29.4005			-1.7000			63.0000			-138.0000			77.0000			
33.6714			-60.9194			26.6166			-0.6000			74.0000			-133.0000			73.0000			
37.5688			-61.4762			23.2759			-0.6000			87.0000			-127.0000			68.0000			
40.9094			-61.4762			19.9353			-0.6000			96.0000			-122.0000			65.0000			
43.1366			-60.3627			16.0379			-1.1000			108.0000			-114.0000			61.0000			
43.6933			-59.2491			12.1404			-3.4000			118.0000			-108.0000			57.0000			
45.9204			-55.9084			6.0159			-3.9000			127.0000			-98.0000			51.0000			
50.9314			-53.1246			1.0049			-1.1000			136.0000			-89.0000			46.0000			
55.3856			-52.5678			-4.5628			-1.7000			144.0000			-78.0000			40.0000			
57.6127			-50.8975			-8.4603			-1.7000			152.0000			-66.0000			33.0000			
58.7263			-47.5568			-13.4713			-2.3000			158.0000			-55.0000			28.0000			
58.7263			-44.2162			-19.0390			-4.5000			165.0000			-41.0000			20.0000			
59.8398			-40.8755			-22.9365			-3.9000			168.0000			-26.0000			13.0000			
60.9534			-38.0916			-26.2771			-3.4000			172.0000			-11.0000			7.0000			
62.6237			-35.3077			-29.6178			-2.3000			176.0000			4.0000			-1.0000			
63.7373			-32.5239			-34.6287			-3.4000			178.0000			18.0000			-5.0000			
63.7373			-28.6264			-39.0830			-3.9000			180.0000			29.0000			-11.0000			
63.1805			-25.8425			-41.3101			-3.9000			181.0000			41.0000			-17.0000			
60.3966			-21.9451			-41.8668			-3.4000			181.0000			54.0000			-23.0000			
57.0559			-17.4909			-44.0939			-4.5000			181.0000			65.0000			-27.0000			
53.1585			-9.1393			-47.9914			-3.9000			177.0000			78.0000			-33.0000			
50.9314			-3.0147			-53.5591			-5.6000			175.0000			91.0000			-39.0000			
50.3746			0.8827			-55.7862			-4.5000			171.0000			105.0000			-44.0000			
47.0340			4.2233			-55.2295			-3.9000			166.0000			114.0000			-47.0000			
43.1366			8.1208			-56.3430			-5.0000			160.0000			125.0000			-51.0000			
39.7959			13.6885			-59.1269			-5.6000			151.0000			137.0000			-54.0000			
37.0120			18.1427			-60.2404			-5.0000			142.0000			147.0000			-57.0000			
33.6714			22.0402			-60.7972			-5.0000			131.0000			158.0000			-58.0000			
30.3307			25.9376			-61.3540			-5.0000			123.0000			165.0000			-61.0000			
26.4333			30.3918			-63.0243			-6.2000			114.0000			174.0000			-62.0000			
23.6494			34.8460			-64.6946			-6.1000			104.0000			181.0000			-63.0000			
20.3087			38.1867			-64.6946			-6.1000			92.0000			187.0000			-65.0000			
16.4113			39.8570			98.9975			155.2000			80.0000			189.0000			-60.0000			
32.0010			52.6629			-17.9255			66.7000			84.0000			213.0000			-49.0000			
-39.2663			7.5640			-140.9729			-172.6000			93.0000			240.0000			-36.0000			
18.0816			68.2526			-43.5372			42.7000			76.0000			234.0000			-43.0000			
15.2978			73.2636			-53.0023			35.5000			64.0000			236.0000			-40.0000			
-47.0611			24.8241			-89.1928			-111.4000			57.0000			240.0000			-34.0000			
-0.2920			81.6152			-12.9145			68.4000			40.0000			229.0000			-35.0000			
-29.2443			59.3442			-40.7533			-10.6000			26.0000			227.0000			-27.0000			
-47.6179			38.1867			-46.8778			-56.3000			14.0000			225.0000			-24.0000			
-12.5410			73.8203			-10.6874			50.5000			-4.0000			214.0000			-24.0000			
-44.2773			48.7654			-44.0939			-39.6000			-15.0000			210.0000			-17.0000			
-39.8231			57.1171			-37.4126			-20.1000			-29.0000			200.0000			-14.0000			
-23.1198			76.6042			-27.9474			25.5000			-43.0000			190.0000			-13.0000			
-49.8450			55.4467			-42.9804			-37.3000			-53.0000			184.0000			-8.0000			
-44.2773			61.5713			-17.3687			0.0000			-64.0000			173.0000			-8.0000			
-44.2773			61.5713			-10.6874			6.5000			-75.0000			162.0000			-5.0000			
-59.8670			44.3112			-11.8009			-27.3000			-85.0000			151.0000			-2.0000			
-51.5153			53.2196			5.4591			7.1000			-97.0000			137.0000			3.0000			
-58.7534			50.4357			2.1185			-6.1000			-106.0000			123.0000			8.0000			
-62.6509			43.1977			3.2320			-16.2000			-113.0000			108.0000			12.0000			
-55.9696			46.5383			14.9243			5.4000			-122.0000			92.0000			16.0000			
-61.5373			38.7435			11.5837			-11.2000			-129.0000			75.0000			21.0000			
-61.5373			37.6299			14.3675			-9.5000			-135.0000			57.0000			26.0000			
-58.1967			38.7435			19.9353			0.4000			-139.0000			40.0000			31.0000			
-63.7644			30.9486			21.6056			-11.2000			-142.0000			25.0000			36.0000			
-64.3212			28.7215			31.0708			-4.5000			-146.0000			11.0000			39.0000			
-62.6509			25.3808			34.4115			-2.8000			-149.0000			-3.0000			43.0000			
-63.2076			19.2563			36.0818			-7.8000			-151.0000			-17.0000			47.0000			
-58.1967			15.9156			39.4224			-2.8000			-152.0000			-32.0000			50.0000			
-53.7425			9.7911			41.6496			-2.3000			-151.0000			-45.0000			54.0000			
-52.6289			3.6666			43.3199			-5.6000			-150.0000			-59.0000			59.0000			
-49.8450			3.1098			45.5470			-1.1000			-145.0000			-74.0000			62.0000			
-47.0611			-0.7876			43.8767			-3.9000			-142.0000			-85.0000			65.0000			
-44.2773			-5.7986			46.6605			-3.4000			-137.0000			-97.0000			66.0000			
-39.8231			-9.6960			50.0012			0.4000			-130.0000			-109.0000			69.0000			
-38.1527			-15.2638			52.2283			-1.1000			-121.0000			-119.0000			71.0000			
-35.3688			-19.7180			53.3418			-1.7000			-112.0000			-129.0000			73.0000			
-30.9146			-23.6154			55.0122			0.4000			-103.0000			-138.0000			75.0000			
-28.1308			-29.1832			56.6825			-0.6000			-92.0000			-146.0000			76.0000			
-24.2333			-33.0806			56.6825			-0.6000			-83.0000			-152.0000			78.0000			
-19.7791			-35.8645			55.5689			0.0000			-74.0000			-157.0000			80.0000			
-15.8817			-36.9781			52.7851			0.0000			-62.0000			-161.0000			81.0000			
-9.2004			-38.6484			48.3309			0.4000			-51.0000			-166.0000			81.0000			
-3.0758			-40.3187			44.4334			1.0000			-38.0000			-169.0000			82.0000			
1.3784			-44.7729			45.5470			2.1000			-26.0000			-168.0000			82.0000			
6.3893			-47.5568			44.4334			3.2000			-11.0000			-167.0000			81.0000			
9.1732			-49.2271			41.6496			1.5000			2.0000			-164.0000			79.0000			
14.1842			-50.8975			38.8657			2.1000			14.0000			-161.0000			78.0000			
20.3087			-54.2381			36.6386			2.7000			28.0000			-155.0000			76.0000			
24.2062			-55.3517			32.7411			1.5000			43.0000			-150.0000			74.0000			
27.5468			-55.3517			29.4005			1.5000			57.0000			-144.0000			69.0000			
33.1146			-57.0220			24.9463			1.0000			71.0000			-135.0000			67.0000			
37.5688			-59.2491			23.2759			1.5000			83.0000			-127.0000			65.0000			
39.2391			-60.3627			23.2759			2.1000			97.0000			-119.0000			62.0000			
41.4662			-58.6923			18.8217			1.5000			108.0000			-110.0000			60.0000			
42.0230			-55.3517			13.8108			0.4000			120.0000			-101.0000			57.0000			
44.8069			-51.4542			6.5727			0.0000			132.0000			-90.0000			54.0000			
48.7043			-49.2271			0.4481			0.0000			143.0000			-78.0000			49.0000			
53.1585			-48.6704			-3.4493			1.0000			152.0000			-66.0000			45.0000			
55.9424			-48.6704			-6.7899			0.4000			162.0000			-52.0000			42.0000			
55.9424			-45.8865			-10.6874			-0.6000			169.0000			-37.0000			37.0000			
56.4992			-40.8755			-17.3687			-1.7000			176.0000			-22.0000			31.0000			
58.7263			-38.6484			-21.2661			-1.1000			183.0000			-5.0000			25.0000			
58.7263			-35.8645			-23.4932			-0.6000			187.0000			10.0000			20.0000			
60.3966			-35.3077			-27.3907			-2.3000			192.0000			26.0000			15.0000			
61.5102			-32.5239			-31.8449			-2.8000			196.0000			41.0000			11.0000			
62.6237			-28.0697			-35.1855			-0.6000			198.0000			54.0000			4.0000			
59.8398			-25.2858			-37.9694			-3.4000			201.0000			66.0000			-1.0000			
58.7263			-22.5019			-39.6397			-3.4000			202.0000			79.0000			-5.0000			
55.3856			-16.9341			-41.8668			-3.4000			202.0000			91.0000			-9.0000			
50.9314			-10.2528			-45.2075			-4.5000			199.0000			103.0000			-13.0000			
49.2611			-5.2418			-49.6617			-5.6000			196.0000			118.0000			-19.0000			
48.7043			-1.3444			-52.4456			-5.0000			191.0000			130.0000			-22.0000			
45.9204			2.5530			-53.5591			-5.0000			187.0000			142.0000			-27.0000			
42.0230			6.4505			-54.6727			-6.2000			180.0000			151.0000			-30.0000			
37.5688			11.4614			-56.8998			-7.8000			172.0000			161.0000			-34.0000			
34.7849			15.3589			-56.8998			-6.7000			162.0000			171.0000			-36.0000			
31.4443			18.1427			-58.0133			-8.4000			152.0000			181.0000			-38.0000			
29.2172			23.1537			-60.7972			-8.4000			142.0000			188.0000			-43.0000			
26.4333			28.1647			-62.4675			-7.8000			132.0000			196.0000			-44.0000			
22.5358			32.0621			-62.4675			-7.8000			121.0000			201.0000			-46.0000			
19.7520			34.8460			-62.4675			-7.8000			110.0000			204.0000			-49.0000			
15.2978			36.5163			-60.2404			-8.4000			97.0000			207.0000			-51.0000			
9.7300			38.7435			-55.7862			-7.3000			87.0000			211.0000			-53.0000			
2.4919			40.9706			-51.3320			-7.8000			74.0000			212.0000			-55.0000			
-2.5191			45.4248			-50.2185			-7.3000			59.0000			212.0000			-55.0000			
-6.9733			48.7654			-48.5481			-6.7000			45.0000			210.0000			-53.0000			
-9.7572			48.7654			-46.3210			-7.3000			32.0000			207.0000			-53.0000			
-15.3249			51.5493			-44.0939			-7.8000			17.0000			203.0000			-51.0000			
-20.3359			54.3332			-41.3101			-7.3000			4.0000			198.0000			-49.0000			
-24.2333			54.8900			-38.5262			-7.8000			-10.0000			191.0000			-48.0000			
-27.5740			56.5603			-36.2991			-7.3000			-25.0000			185.0000			-43.0000			
-32.5850			57.1171			-33.5152			-8.9000			-40.0000			177.0000			-42.0000			
-37.0392			58.7874			-29.6178			-7.8000			-52.0000			168.0000			-39.0000			
-38.1527			59.3442			-27.9474			-6.7000			-65.0000			161.0000			-36.0000			
-39.2663			58.2306			-25.7203			-6.7000			-76.0000			153.0000			-33.0000			
-41.4934			57.1171			-20.7093			-5.0000			-88.0000			143.0000			-30.0000			
-44.2773			53.7764			-13.4713			-3.9000			-99.0000			133.0000			-26.0000			
-47.6179			49.8790			-6.2332			-3.9000			-109.0000			121.0000			-21.0000			
-51.5153			49.8790			-2.8925			-4.5000			-119.0000			109.0000			-17.0000			
-53.7425			49.3222			0.4481			-3.9000			-127.0000			96.0000			-11.0000			
-53.7425			45.9815			4.3456			-3.4000			-134.0000			83.0000			-6.0000			
-55.4128			42.0841			10.4701			-2.8000			-140.0000			69.0000			-1.0000			
-57.6399			39.3002			14.9243			-3.4000			-145.0000			55.0000			6.0000			
-58.1967			38.1867			18.2650			-1.7000			-148.0000			39.0000			12.0000			
-59.8670			35.9596			21.0488			-2.8000			-152.0000			25.0000			18.0000			
-61.5373			33.1757			25.5031			-2.8000			-154.0000			12.0000			25.0000			
-60.9805			29.8350			29.9573			-1.1000			-157.0000			-2.0000			30.0000			
-59.8670			26.4944			31.6276			-1.7000			-157.0000			-13.0000			36.0000			
-56.5263			23.1537			32.7411			-0.6000			-156.0000			-25.0000			41.0000			
-53.7425			18.1427			34.4115			-1.1000			-156.0000			-35.0000			47.0000			
-49.8450			10.9047			38.8657			0.0000			-153.0000			-48.0000			54.0000			
-48.7315			5.8937			42.7631			0.0000			-149.0000			-58.0000			59.0000			
-48.1747			3.6666			45.5470			1.0000			-144.0000			-70.0000			63.0000			
-45.9476			0.8827			45.5470			0.4000			-137.0000			-81.0000			69.0000			
-42.0502			-3.5715			47.2173			1.5000			-130.0000			-89.0000			74.0000			
-38.7095			-8.5825			48.8876			1.5000			-120.0000			-99.0000			78.0000			
-34.8121			-13.0367			50.0012			2.1000			-110.0000			-107.0000			82.0000			
-32.5850			-16.3774			50.5580			1.5000			-100.0000			-116.0000			86.0000			
-29.2443			-20.2748			51.6715			2.1000			-87.0000			-123.0000			88.0000			
-27.0172			-24.1722			54.4554			3.2000			-76.0000			-129.0000			91.0000			
-23.1198			-28.0697			54.4554			3.2000			-66.0000			-133.0000			95.0000			
-19.7791			-31.9671			55.0122			3.2000			-54.0000			-137.0000			98.0000			
-15.8817			-33.6374			52.7851			3.2000			-41.0000			-139.0000			100.0000			
-10.3139			-35.3077			47.7741			2.1000			-29.0000			-141.0000			103.0000			
-3.0758			-36.4213			43.8767			4.3000			-17.0000			-141.0000			104.0000			
1.9351			-40.8755			41.6496			2.6000			-1.0000			-141.0000			104.0000			
6.3893			-44.2162			41.0928			3.2000			13.0000			-140.0000			103.0000			
8.6164			-47.0000			-156.5627			-194.9000			27.0000			-135.0000			95.0000			
-54.2992			-73.7253			-16.2551			-144.2000			29.0000			-152.0000			78.0000			
64.2940			-11.3664			154.6751			207.5000			14.0000			-180.0000			59.0000			
-5.3030			-63.1465			24.3895			-44.0000			32.0000			-167.0000			64.0000			
-0.8487			-84.8608			22.1624			-63.5000			47.0000			-160.0000			62.0000			
73.2024			-14.1503			74.4993			133.5000			53.0000			-158.0000			54.0000			
13.6274			-84.8608			-14.5848			-85.8000			72.0000			-141.0000			57.0000			
40.3527			-59.2491			14.3675			-4.5000			84.0000			-133.0000			51.0000			
69.8618			-27.5129			25.5031			67.8000			97.0000			-128.0000			47.0000			
23.0926			-70.3846			-20.7093			-68.0000			113.0000			-111.0000			47.0000			
53.7153			-35.8645			16.5946			34.4000			123.0000			-102.0000			40.0000			
48.7043			-38.0916			12.6972			23.3000			135.0000			-88.0000			39.0000			
26.4333			-64.2601			-4.0061			-41.8000			148.0000			-71.0000			36.0000			
59.8398			-39.7619			16.5946			36.6000			155.0000			-58.0000			31.0000			
52.6017			-46.4433			-11.2442			-5.0000			164.0000			-43.0000			32.0000			
47.0340			-46.4433			-21.2661			-20.6000			172.0000			-26.0000			27.0000			
64.2940			-25.2858			-11.8009			27.1000			177.0000			-11.0000			23.0000			
54.8288			-35.3077			-33.5152			-13.9000			183.0000			9.0000			19.0000			
59.8398			-33.0806			-28.5042			-1.7000			190.0000			26.0000			14.0000			
66.5211			-24.1722			-27.9474			14.3000			195.0000			42.0000			10.0000			
53.7153			-29.7400			-37.9694			-14.0000			201.0000			59.0000			7.0000			
58.1695			-23.6154			-31.8449			2.7000			204.0000			71.0000			5.0000			
54.2721			-21.3883			-29.0610			3.8000			205.0000			86.0000			-1.0000			
47.0340			-22.5019			-36.2991			-11.7000			207.0000			101.0000			-3.0000			
50.9314			-10.2528			-35.1855			5.4000			204.0000			115.0000			-7.0000			
48.7043			-5.7986			-45.2075			-2.3000			202.0000			127.0000			-10.0000			
48.1475			-1.9012			-52.4456			-6.1000			200.0000			141.0000			-13.0000			
48.7043			4.7801			-51.8888			1.5000			195.0000			153.0000			-15.0000			
42.0230			6.4505			-54.6727			-6.2000			189.0000			166.0000			-18.0000			
37.5688			11.4614			-56.3430			-7.3000			182.0000			179.0000			-20.0000			
33.6714			16.4724			-54.1159			-3.9000			173.0000			187.0000			-24.0000			
28.6604			18.1427			-55.2295			-8.4000			163.0000			198.0000			-25.0000			
27.5468			21.4834			-55.2295			-6.2000			153.0000			206.0000			-28.0000			
25.3197			25.3808			-55.7862			-5.0000			144.0000			213.0000			-29.0000			
22.5358			28.1647			-59.6837			-8.9000			134.0000			219.0000			-31.0000			
20.8655			32.6189			-60.7972			-7.3000			122.0000			223.0000			-33.0000			
16.4113			34.8460			-60.7972			-9.5000			110.0000			227.0000			-34.0000			
9.1732			37.0731			-58.0133			-11.7000			99.0000			230.0000			-35.0000			
3.6055			40.4138			-51.3320			-7.3000			86.0000			231.0000			-37.0000			
-3.0758			42.6409			-48.5481			-8.9000			73.0000			231.0000			-37.0000			
-8.0868			44.8680			-46.8778			-10.1000			59.0000			228.0000			-37.0000			
-11.9843			45.9815			-42.4236			-8.4000			45.0000			225.0000			-37.0000			
-15.8817			45.9815			-41.3101			-11.2000			30.0000			219.0000			-36.0000			
-19.2223			49.3222			-39.6397			-9.5000			15.0000			213.0000			-33.0000			
-22.5630			52.1061			-37.4126			-7.8000			0.0000			206.0000			-31.0000			
-26.4604			52.6629			-37.4126			-11.2000			-15.0000			198.0000			-29.0000			
-29.8011			54.8900			-34.6287			-9.5000			-30.0000			189.0000			-27.0000			
-33.6985			55.4467			-32.4016			-10.6000			-43.0000			181.0000			-25.0000			
-37.5960			57.1171			-30.1745			-10.6000			-56.0000			172.0000			-24.0000			
-38.1527			55.4467			-26.2771			-8.9000			-68.0000			162.0000			-22.0000			
-40.3798			51.5493			-21.8229			-10.6000			-81.0000			151.0000			-19.0000			
-43.7205			48.7654			-13.4713			-8.4000			-92.0000			140.0000			-17.0000			
-48.1747			45.9815			-7.9035			-10.1000			-104.0000			125.0000			-13.0000			
-50.9586			47.6519			-4.5628			-7.8000			-115.0000			112.0000			-9.0000			
-51.5153			46.5383			-2.3357			-7.3000			-123.0000			97.0000			-5.0000			
-52.0721			43.7544			1.5617			-6.7000			-132.0000			84.0000			-1.0000			
-54.2992			40.4138			5.4591			-8.4000			-139.0000			67.0000			3.0000			
-5.3030			73.8203			169.1512			237.6000			-147.0000			45.0000			15.0000			
-73.7864			43.7544			49.4444			19.4000			-127.0000			59.0000			29.0000			
-106.0794			-3.0147			-49.6617			-158.7000			-123.0000			54.0000			47.0000			
-19.7791			63.2416			35.5250			78.9000			-134.0000			34.0000			43.0000			
-62.0941			19.8131			18.8217			-23.4000			-133.0000			26.0000			50.0000			
-69.3322			6.4505			-9.0171			-71.9000			-135.0000			12.0000			56.0000			
-30.9146			52.1061			63.3638			84.5000			-140.0000			-9.0000			57.0000			
-76.0135			-1.9012			32.7411			-45.1000			-137.0000			-19.0000			64.0000			
-51.5153			2.5530			30.5140			-18.4000			-137.0000			-35.0000			68.0000			
-34.2553			17.0292			62.8070			45.5000			-136.0000			-52.0000			70.0000			
-60.4238			-14.1503			27.1734			-47.4000			-131.0000			-63.0000			75.0000			
-33.6985			4.7801			37.7521			8.8000			-129.0000			-79.0000			78.0000			
-38.1527			6.4505			48.3309			16.6000			-122.0000			-91.0000			79.0000			
-48.7315			-15.2638			29.9573			-34.0000			-115.0000			-101.0000			82.0000			
-28.1308			-3.5715			48.3309			16.6000			-108.0000			-113.0000			82.0000			
-35.3688			-15.8206			48.8876			-2.3000			-99.0000			-122.0000			82.0000			
-33.6985			-28.0697			44.4334			-17.3000			-89.0000			-133.0000			83.0000			
-20.3359			-23.0587			60.5799			17.1000			-82.0000			-142.0000			84.0000			
-27.5740			-32.5239			52.2283			-7.8000			-71.0000			-148.0000			86.0000			
-19.2223			-33.0806			47.7741			-4.5000			-63.0000			-155.0000			86.0000			
-11.4275			-29.1832			52.2283			11.6000			-54.0000			-162.0000			87.0000			
-11.9843			-34.7510			39.9792			-6.7000			-43.0000			-165.0000			87.0000			
-0.8487			-34.1942			38.8657			3.8000			-31.0000			-168.0000			85.0000			
1.9351			-36.9781			39.4224			4.3000			-20.0000			-170.0000			84.0000			
2.4919			-42.5458			36.0818			-3.9000			-5.0000			-170.0000			82.0000			
9.1732			-43.1026			38.3089			4.3000			6.0000			-169.0000			79.0000			
10.8435			-46.4433			37.7521			2.1000			18.0000			-166.0000			76.0000			
15.2978			-50.3407			33.8547			-1.1000			31.0000			-161.0000			73.0000			
21.4223			-49.7839			33.2979			4.9000			43.0000			-157.0000			68.0000			
24.7629			-51.4542			27.1734			0.4000			57.0000			-151.0000			65.0000			
29.2172			-51.4542			22.7192			0.4000			70.0000			-144.0000			61.0000			
33.1146			-51.4542			21.6056			3.2000			80.0000			-138.0000			57.0000			
33.6714			-52.5678			19.3785			0.4000			91.0000			-130.0000			54.0000			
35.3417			-51.4542			17.1514			1.0000			103.0000			-122.0000			51.0000			
37.5688			-49.2271			14.3675			2.7000			115.0000			-113.0000			47.0000			
39.2391			-46.4433			8.2430			1.0000			125.0000			-102.0000			43.0000			
44.8069			-46.4433			4.3456			2.7000			134.0000			-91.0000			37.0000			
48.7043			-47.5568			0.4481			1.5000			143.0000			-78.0000			32.0000			
50.3746			-45.8865			-4.5628			0.0000			150.0000			-65.0000			28.0000			
50.3746			-41.4323			-9.5738			-0.6000			157.0000			-52.0000			23.0000			
52.6017			-36.9781			-14.5848			1.0000			163.0000			-36.0000			18.0000			
52.0450			-34.7510			-17.9255			-0.6000			168.0000			-20.0000			12.0000			
53.7153			-33.6374			-19.5958			0.4000			173.0000			-4.0000			6.0000			
55.3856			-31.9671			-22.9365			0.4000			177.0000			11.0000			-1.0000			
57.0559			-30.8535			-27.3907			-1.1000			181.0000			26.0000			-5.0000			
55.9424			-28.0697			-30.1745			-2.3000			182.0000			39.0000			-9.0000			
54.8288			-25.8425			-31.8449			-2.8000			185.0000			54.0000			-15.0000			
52.0450			-21.9451			-34.0720			-3.9000			184.0000			66.0000			-20.0000			
48.7043			-15.8206			-36.2991			-3.4000			185.0000			79.0000			-24.0000			
47.5908			-9.6960			-41.3101			-3.4000			184.0000			91.0000			-27.0000			
46.4772			-4.6851			-45.2075			-3.4000			179.0000			105.0000			-33.0000			
45.9204			-2.4580			-46.8778			-3.4000			175.0000			119.0000			-36.0000			
42.0230			0.8827			-46.3210			-3.4000			170.0000			131.0000			-39.0000			
38.6823			5.3369			-49.1049			-5.0000			164.0000			143.0000			-41.0000			
35.8985			9.2343			-50.2185			-5.0000			155.0000			154.0000			-44.0000			
33.6714			13.1318			-51.3320			-4.5000			147.0000			165.0000			-46.0000			
29.7739			16.4724			-52.4456			-6.2000			138.0000			174.0000			-47.0000			
27.5468			20.3698			-54.6727			-6.7000			129.0000			183.0000			-49.0000			
25.3197			25.3808			-56.8998			-6.2000			119.0000			192.0000			-51.0000			
21.9791			28.7215			-57.4566			-6.7000			109.0000			197.0000			-53.0000			
18.6384			32.0621			-58.0133			-7.3000			100.0000			203.0000			-53.0000			
15.2978			33.1757			-55.2295			-6.7000			89.0000			207.0000			-54.0000			
8.6164			33.7325			-48.5481			-6.2000			77.0000			211.0000			-54.0000			
2.4919			36.5163			-46.8778			-7.8000			66.0000			214.0000			-54.0000			
-0.8487			40.9706			-46.3210			-6.2000			52.0000			215.0000			-53.0000			
-4.1894			42.6409			-45.2075			-6.7000			40.0000			214.0000			-52.0000			
-9.2004			43.7544			-41.3101			-6.7000			27.0000			212.0000			-49.0000			
-13.0978			46.5383			-41.3101			-7.8000			15.0000			208.0000			-46.0000			
-17.5520			49.8790			-40.1965			-7.8000			2.0000			204.0000			-42.0000			
-20.3359			50.9925			-36.2991			-5.6000			-12.0000			199.0000			-39.0000			
-25.9037			51.5493			-33.5152			-7.8000			-25.0000			193.0000			-35.0000			
-29.2443			52.6629			-31.2881			-7.8000			-39.0000			186.0000			-32.0000			
-32.0282			54.3332			-30.7313			-8.4000			-49.0000			179.0000			-29.0000			
-33.1417			54.8900			-27.3907			-5.6000			-61.0000			172.0000			-25.0000			
-34.8121			53.7764			-23.4932			-4.5000			-72.0000			163.0000			-22.0000			
-37.0392			50.4357			-19.0390			-5.6000			-82.0000			154.0000			-18.0000			
-39.2663			47.6519			-14.0280			-5.6000			-92.0000			145.0000			-13.0000			
-44.8340			46.5383			-9.0171			-7.3000			-103.0000			134.0000			-6.0000			
-47.6179			48.2086			-5.1196			-4.5000			-111.0000			119.0000			-2.0000			
-48.7315			45.9815			-2.8925			-5.6000			-120.0000			107.0000			3.0000			
-49.8450			42.6409			3.2320			-3.9000			-125.0000			95.0000			8.0000			
-50.9586			38.7435			7.6862			-4.5000			-129.0000			80.0000			15.0000			
-52.0721			37.0731			11.0269			-3.9000			-134.0000			66.0000			21.0000			
-53.1857			35.4028			13.2540			-4.5000			-139.0000			50.0000			27.0000			
-55.4128			33.7325			16.5946			-5.0000			-141.0000			35.0000			34.0000			
-55.9696			30.9486			21.0488			-3.9000			-144.0000			22.0000			40.0000			
-55.9696			28.7215			24.3895			-2.8000			-145.0000			8.0000			44.0000			
-54.8560			25.9376			26.0598			-2.8000			-145.0000			-4.0000			49.0000			
-51.5153			21.4834			28.2869			-1.7000			-147.0000			-16.0000			55.0000			
-47.6179			17.0292			28.8437			-1.7000			-145.0000			-28.0000			59.0000			
-46.5044			11.4614			32.1844			-2.8000			-143.0000			-42.0000			66.0000			
-45.3908			8.1208			37.1953			0.0000			-138.0000			-53.0000			70.0000			
-45.3908			4.2233			39.9792			-1.1000			-134.0000			-65.0000			74.0000			
-41.4934			1.4395			39.9792			0.0000			-127.0000			-76.0000			78.0000			
-38.7095			-2.4580			42.7631			1.5000			-121.0000			-87.0000			82.0000			
-36.4824			-6.3554			42.7631			0.0000			-112.0000			-97.0000			85.0000			
-33.1417			-10.2528			43.3199			0.0000			-103.0000			-105.0000			88.0000			
-30.3579			-14.7070			44.4334			-0.6000			-92.0000			-116.0000			90.0000			
-28.6875			-17.4909			47.2173			1.0000			-82.0000			-124.0000			92.0000			
-25.9037			-20.8316			48.8876			2.1000			-73.0000			-131.0000			94.0000			
-22.5630			-24.1722			49.4444			2.7000			-62.0000			-137.0000			97.0000			
-19.7791			-28.0697			48.8876			1.0000			-51.0000			-141.0000			97.0000			
-15.8817			-29.7400			48.3309			2.7000			-41.0000			-145.0000			99.0000			
-8.6436			-31.4103			42.2063			2.1000			-29.0000			-148.0000			100.0000			
-2.5191			-33.6374			37.7521			1.5000			-15.0000			-149.0000			99.0000			
0.2648			-37.5348			38.8657			1.5000			-3.0000			-150.0000			100.0000			
3.6055			-39.7619			38.8657			2.7000			10.0000			-150.0000			97.0000			
-37.0392			1.9962			-124.8264			-159.8000			26.0000			-143.0000			87.0000			
-17.5520			-51.4542			-0.6654			-69.6000			16.0000			-166.0000			77.0000			
54.2721			7.0072			95.6568			156.9000			19.0000			-177.0000			61.0000			
-25.9037			-76.5092			12.1404			-90.2000			38.0000			-164.0000			66.0000			
21.4223			-56.4652			34.9682			0.0000			48.0000			-161.0000			58.0000			
44.2501			-28.6264			60.0232			75.6000			59.0000			-157.0000			54.0000			
5.2758			-78.1795			-9.5738			-82.4000			75.0000			-143.0000			54.0000			
51.4882			-38.0916			19.9353			33.3000			86.0000			-138.0000			47.0000			
42.5798			-39.7619			21.0488			23.8000			99.0000			-128.0000			44.0000			
23.0926			-62.5898			-8.4603			-47.9000			111.0000			-115.0000			43.0000			
51.4882			-29.1832			19.9353			42.2000			119.0000			-106.0000			36.0000			
32.0010			-43.1026			9.9133			-1.1000			132.0000			-91.0000			34.0000			
35.3417			-54.2381			0.4481			-18.4000			142.0000			-77.0000			30.0000			
55.9424			-36.4213			14.9243			34.4000			150.0000			-66.0000			25.0000			
41.4662			-44.7729			-10.1306			-13.4000			158.0000			-50.0000			22.0000			
48.7043			-36.9781			-14.0280			-2.3000			164.0000			-33.0000			18.0000			
55.9424			-25.8425			-11.2442			18.8000			170.0000			-17.0000			13.0000			
48.1475			-35.8645			-26.8339			-14.5000			176.0000			2.0000			10.0000			
58.7263			-29.1832			-21.8229			7.7000			180.0000			18.0000			3.0000			
57.6127			-26.3993			-23.4932			7.7000			184.0000			33.0000			-1.0000			
50.3746			-29.7400			-31.2881			-10.6000			189.0000			49.0000			-5.0000			
53.1585			-22.5019			-24.6068			6.0000			191.0000			62.0000			-9.0000			
48.1475			-23.0587			-27.3907			-2.3000			192.0000			77.0000			-13.0000			
44.2501			-19.7180			-31.8449			-7.3000			191.0000			91.0000			-17.0000			
45.9204			-8.0257			-32.4016			5.4000			190.0000			105.0000			-19.0000			
43.6933			-6.9122			-41.8668			-5.0000			188.0000			119.0000			-23.0000			
45.3637			-2.4580			-45.2075			-2.3000			183.0000			134.0000			-25.0000			
43.1366			1.9962			-44.6507			0.4000			179.0000			146.0000			-27.0000			
37.5688			4.2233			-47.4346			-5.6000			174.0000			158.0000			-30.0000			
35.8985			8.6776			-46.8778			-2.3000			165.0000			169.0000			-32.0000			
32.0010			12.0182			-46.8778			-2.8000			157.0000			180.0000			-34.0000			
27.5468			14.8021			-47.4346			-5.0000			150.0000			191.0000			-35.0000			
26.4333			17.5860			-49.1049			-5.0000			139.0000			200.0000			-36.0000			
24.7629			22.0402			-52.4456			-5.6000			130.0000			207.0000			-38.0000			
21.9791			23.7105			-53.5591			-7.8000			120.0000			213.0000			-40.0000			
20.3087			26.4944			-53.0023			-6.2000			110.0000			217.0000			-41.0000			
15.8545			29.2783			-54.1159			-8.9000			99.0000			222.0000			-42.0000			
9.7300			30.9486			-50.2185			-9.5000			88.0000			223.0000			-41.0000			
3.6055			33.7325			-44.0939			-6.7000			76.0000			226.0000			-42.0000			
-0.8487			36.5163			-43.5372			-7.8000			62.0000			227.0000			-41.0000			
-4.1894			38.7435			-42.9804			-8.4000			48.0000			226.0000			-40.0000			
-7.5301			40.4138			-38.5262			-5.6000			37.0000			222.0000			-37.0000			
-13.6546			40.9706			-36.8558			-9.5000			23.0000			220.0000			-35.0000			
-15.3249			44.8680			-36.8558			-7.3000			9.0000			212.0000			-33.0000			
-18.1088			45.9815			-37.4126			-9.5000			-5.0000			207.0000			-30.0000			
-22.0062			48.7654			-34.0720			-7.3000			-19.0000			200.0000			-27.0000			
-26.4604			48.7654			-30.7313			-8.4000			-33.0000			192.0000			-24.0000			
-29.8011			50.9925			-30.1745			-8.9000			-45.0000			184.0000			-21.0000			
-30.3579			52.1061			-28.5042			-6.7000			-57.0000			175.0000			-18.0000			
-33.1417			50.9925			-25.7203			-7.8000			-69.0000			166.0000			-16.0000			
-35.3688			48.7654			-20.1526			-6.7000			-81.0000			156.0000			-14.0000			
-38.1527			44.8680			-14.5848			-7.8000			-92.0000			145.0000			-10.0000			
-42.0502			43.7544			-8.4603			-6.7000			-102.0000			132.0000			-5.0000			
-45.3908			44.3112			-4.5628			-5.6000			-111.0000			118.0000			-1.0000			
-45.9476			43.7544			-3.4493			-5.6000			-121.0000			105.0000			4.0000			
-47.0611			39.8570			-0.1086			-7.3000			-128.0000			90.0000			8.0000			
-48.1747			38.1867			5.4591			-4.5000			-134.0000			74.0000			13.0000			
-49.2882			35.9596			8.2430			-5.0000			-138.0000			57.0000			18.0000			
-50.9586			34.2892			11.0269			-5.6000			-143.0000			42.0000			25.0000			
-52.6289			32.6189			14.3675			-5.6000			-148.0000			26.0000			29.0000			
-54.8560			30.3918			19.3785			-5.0000			-151.0000			11.0000			35.0000			
-53.1857			28.1647			22.1624			-2.8000			-153.0000			-2.0000			39.0000			
-51.5153			24.2673			23.8327			-3.4000			-155.0000			-16.0000			43.0000			
-49.2882			20.9266			24.3895			-3.9000			-156.0000			-28.0000			47.0000			
-45.3908			16.4724			27.1734			-1.7000			-155.0000			-41.0000			52.0000			
-44.8340			12.0182			31.0708			-1.7000			-153.0000			-54.0000			57.0000			
-43.7205			8.1208			33.8547			-1.7000			-148.0000			-67.0000			61.0000			
-42.6069			5.8937			35.5250			-1.1000			-145.0000			-81.0000			64.0000			
-39.2663			3.1098			36.0818			0.0000			-138.0000			-91.0000			69.0000			
-37.5960			-0.7876			39.4224			1.0000			-131.0000			-101.0000			71.0000			
-34.2553			-5.7986			39.4224			-0.6000			-122.0000			-112.0000			74.0000			
-32.5850			-8.0257			41.6496			1.0000			-113.0000			-121.0000			76.0000			
-29.2443			-11.9232			41.6496			0.4000			-103.0000			-130.0000			79.0000			
-27.5740			-14.7070			43.3199			1.0000			-93.0000			-137.0000			81.0000			
-24.7901			-19.1612			46.6605			2.7000			-84.0000			-145.0000			83.0000			
-22.5630			-21.3883			46.1038			2.1000			-72.0000			-149.0000			85.0000			
-20.3359			-24.7290			46.1038			1.0000			-61.0000			-154.0000			88.0000			
-14.7681			-26.3993			44.4334			3.2000			-50.0000			-157.0000			90.0000			
-9.2004			-27.5129			40.5360			3.8000			-38.0000			-159.0000			90.0000			
-3.0758			-29.1832			36.0818			3.8000			-23.0000			-160.0000			91.0000			
-0.2920			-33.6374			37.7521			3.8000			-10.0000			-160.0000			89.0000			
3.0487			-36.4213			36.6386			3.2000			3.0000			-158.0000			89.0000			
5.8326			-35.8645			33.8547			3.8000			17.0000			-154.0000			88.0000			
10.8435			-38.6484			31.6276			3.8000			30.0000			-150.0000			86.0000			
14.1842			-41.9890			32.7411			4.9000			45.0000			-144.0000			84.0000			
16.9681			-44.7729			29.9573			2.1000			59.0000			-138.0000			80.0000			
20.8655			-44.7729			26.6166			2.7000			75.0000			-131.0000			76.0000			
25.8765			-46.4433			23.8327			3.2000			87.0000			-124.0000			74.0000			
28.1036			-48.6704			22.7192			2.1000			100.0000			-116.0000			71.0000			
28.6604			-48.6704			22.7192			2.7000			112.0000			-107.0000			68.0000			
29.2172			-47.5568			20.4921			2.1000			124.0000			-99.0000			66.0000			
32.5578			-45.3297			16.0379			3.2000			134.0000			-89.0000			62.0000			
35.3417			-41.9890			8.2430			1.5000			145.0000			-78.0000			60.0000			
38.6823			-40.3187			3.2320			1.5000			154.0000			-66.0000			54.0000			
42.5798			-41.4323			0.4481			1.5000			163.0000			-54.0000			50.0000			
43.6933			-41.4323			-2.3357			0.0000			171.0000			-40.0000			44.0000			
43.6933			-39.7619			-5.1196			-1.1000			179.0000			-26.0000			39.0000			
45.9204			-35.3077			-10.6874			0.0000			183.0000			-12.0000			35.0000			
47.0340			-34.7510			-13.4713			-1.1000			186.0000			4.0000			27.0000			
48.1475			-32.5239			-16.8119			-1.1000			192.0000			19.0000			21.0000			
49.2611			-32.5239			-19.5958			-2.8000			194.0000			33.0000			16.0000			
51.4882			-29.1832			-24.0500			-1.7000			196.0000			47.0000			10.0000			
50.9314			-26.9561			-26.2771			-2.3000			197.0000			59.0000			4.0000			
48.1475			-25.2858			-26.8339			-3.9000			199.0000			71.0000			-2.0000			
46.4772			-21.3883			-28.5042			-3.4000			198.0000			82.0000			-7.0000			
43.1366			-16.9341			-32.4016			-6.1000			196.0000			95.0000			-12.0000			
41.4662			-11.9232			-34.6287			-5.0000			193.0000			106.0000			-17.0000			
40.9094			-7.4689			-38.5262			-5.0000			189.0000			118.0000			-23.0000			
40.3527			-4.6851			-40.7533			-5.0000			183.0000			129.0000			-29.0000			
37.0120			-1.9012			-41.8668			-6.7000			176.0000			140.0000			-32.0000			
34.7849			2.5530			-42.9804			-5.6000			169.0000			150.0000			-36.0000			
31.4443			5.8937			-45.2075			-7.8000			158.0000			158.0000			-41.0000			
30.3307			9.2343			-45.7643			-6.2000			148.0000			168.0000			-44.0000			
27.5468			12.0182			-47.4346			-7.8000			136.0000			175.0000			-48.0000			
25.3197			15.9156			-48.5481			-7.3000			125.0000			183.0000			-50.0000			
23.0926			20.9266			-52.4456			-8.4000			114.0000			188.0000			-53.0000			
20.8655			23.7105			-53.0023			-8.4000			102.0000			191.0000			-56.0000			
18.6384			24.8241			-51.8888			-8.4000			91.0000			195.0000			-57.0000			
49.8179			43.7544			-14.5848			78.9000			80.0000			197.0000			-47.0000			
-15.8817			30.9486			-75.8302			-60.7000			90.0000			226.0000			-39.0000			
-16.9952			1.4395			-70.2624			-85.8000			81.0000			234.0000			-37.0000			
32.5578			64.3551			-2.3357			94.5000			62.0000			229.0000			-44.0000			
-21.4495			19.8131			-57.4566			-59.0000			54.0000			231.0000			-39.0000			
-10.3139			29.2783			-52.4456			-33.4000			38.0000			225.0000			-38.0000			
1.9351			62.1280			-11.8009			52.2000			19.0000			217.0000			-37.0000			
-38.7095			27.0512			-49.1049			-60.7000			7.0000			213.0000			-32.0000			
-15.8817			44.3112			-26.2771			2.1000			-10.0000			203.0000			-31.0000			
-18.6656			53.7764			-19.0390			16.0000			-25.0000			195.0000			-30.0000			
-37.0392			35.4028			-44.0939			-45.7000			-38.0000			187.0000			-26.0000			
-15.8817			58.2306			-27.9474			14.3000			-54.0000			175.0000			-26.0000			
-27.5740			53.7764			-32.4016			-6.2000			-66.0000			165.0000			-24.0000			
-38.1527			43.7544			-34.6287			-29.0000			-79.0000			157.0000			-23.0000			
-73.7864			50.4357			44.9902			21.6000			-93.0000			142.0000			-18.0000			
-37.5960			47.6519			17.1514			27.1000			-87.0000			147.0000			-2.0000			
-73.2296			13.1318			-94.2038			-154.3000			-83.0000			155.0000			14.0000			
-24.2333			58.2306			-7.9035			26.0000			-99.0000			135.0000			12.0000			
-31.4714			56.0035			8.7998			33.3000			-105.0000			120.0000			14.0000			
-73.7864			8.6776			-26.2771			-91.3000			-111.0000			109.0000			20.0000			
-26.4604			57.1171			32.1844			62.8000			-125.0000			86.0000			22.0000			
-60.9805			33.7325			14.3675			-12.8000			-129.0000			67.0000			29.0000			
-64.8780			17.5860			-1.2222			-48.5000			-134.0000			49.0000			35.0000			
-36.4824			43.7544			37.1953			44.4000			-141.0000			31.0000			37.0000			
-62.0941			18.1427			12.1404			-31.8000			-143.0000			17.0000			41.0000			
-50.4018			22.5970			13.8108			-13.9000			-149.0000			-1.0000			45.0000			
-40.9366			35.4028			28.8437			23.3000			-153.0000			-17.0000			46.0000			
-58.1967			14.2453			11.5837			-32.3000			-152.0000			-29.0000			50.0000			
-42.6069			17.0292			29.4005			3.8000			-155.0000			-46.0000			51.0000			
-44.8340			14.8021			37.7521			7.7000			-155.0000			-60.0000			53.0000			
-50.9586			-0.2309			29.4005			-21.7000			-152.0000			-74.0000			56.0000			
-37.0392			3.6666			42.2063			8.8000			-149.0000			-90.0000			58.0000			
-39.8231			-1.3444			39.4224			-1.7000			-145.0000			-102.0000			61.0000			
-39.8231			-5.7986			36.0818			-9.5000			-138.0000			-114.0000			62.0000			
-30.3579			-3.5715			43.3199			9.3000			-132.0000			-128.0000			63.0000			
-34.2553			-10.2528			38.8657			-5.6000			-124.0000			-137.0000			65.0000			
-29.2443			-13.5935			40.5360			-2.3000			-116.0000			-150.0000			65.0000			
-24.7901			-14.7070			45.5470			6.0000			-108.0000			-159.0000			66.0000			
-25.9037			-21.9451			43.8767			-3.9000			-98.0000			-166.0000			68.0000			
-22.0062			-23.0587			47.7741			2.7000			-89.0000			-172.0000			67.0000			
-18.1088			-25.8425			48.3309			4.3000			-78.0000			-177.0000			69.0000			
-15.8817			-29.1832			43.8767			-1.1000			-69.0000			-180.0000			69.0000			
-6.4165			-30.8535			42.7631			5.4000			-57.0000			-183.0000			68.0000			
-2.5191			-33.6374			39.4224			3.2000			-44.0000			-186.0000			70.0000			
-0.2920			-36.4213			37.1953			0.4000			-31.0000			-186.0000			68.0000			
5.2758			-35.8645			34.4115			3.8000			-18.0000			-185.0000			66.0000			
8.6164			-36.4213			31.6276			3.8000			-4.0000			-181.0000			66.0000			
13.0707			-39.2052			31.6276			5.4000			9.0000			-174.0000			63.0000			
15.8545			-41.9890			32.1844			6.0000			24.0000			-169.0000			60.0000			
18.6384			-44.7729			29.4005			3.2000			37.0000			-162.0000			56.0000			
23.6494			-46.4433			27.1734			4.3000			53.0000			-154.0000			54.0000			
26.9901			-48.1136			26.0598			4.9000			68.0000			-146.0000			52.0000			
30.3307			-49.7839			24.3895			4.9000			79.0000			-137.0000			50.0000			
31.4443			-48.6704			21.6056			4.3000			92.0000			-128.0000			47.0000			
32.5578			-46.4433			18.2650			4.3000			104.0000			-118.0000			46.0000			
35.3417			-43.6594			12.1404			3.8000			115.0000			-107.0000			45.0000			
39.7959			-41.4323			6.5727			4.9000			127.0000			-94.0000			41.0000			
42.5798			-41.4323			2.1185			3.2000			139.0000			-80.0000			36.0000			
44.8069			-41.4323			-0.1086			3.2000			149.0000			-66.0000			34.0000			
46.4772			-39.7619			-2.8925			3.8000			158.0000			-50.0000			31.0000			
47.5908			-38.0916			-6.2332			3.2000			165.0000			-36.0000			26.0000			
49.2611			-35.3077			-10.6874			3.2000			172.0000			-18.0000			22.0000			
49.8179			-34.1942			-13.4713			2.1000			178.0000			-1.0000			18.0000			
50.9314			-31.4103			-17.9255			1.5000			184.0000			16.0000			12.0000			
52.6017			-28.6264			-22.3797			1.5000			189.0000			33.0000			9.0000			
53.7153			-26.9561			-26.2771			0.4000			193.0000			47.0000			6.0000			
52.6017			-25.2858			-26.2771			1.0000			196.0000			62.0000			1.0000			
50.3746			-23.0587			-27.9474			-0.6000			199.0000			76.0000			-3.0000			
47.5908			-19.1612			-29.0610			-0.6000			199.0000			91.0000			-7.0000			
45.3637			-13.5935			-32.4016			-0.6000			198.0000			103.0000			-10.0000			
43.6933			-8.5825			-36.8558			-1.7000			197.0000			119.0000			-12.0000			
42.5798			-5.2418			-40.7533			-3.4000			194.0000			132.0000			-17.0000			
40.9094			-2.4580			-41.8668			-3.4000			189.0000			144.0000			-20.0000			
37.5688			1.9962			-42.9804			-3.4000			184.0000			156.0000			-23.0000			
35.3417			5.3369			-44.0939			-3.4000			177.0000			168.0000			-25.0000			
33.1146			9.7911			-46.3210			-3.4000			169.0000			178.0000			-27.0000			
29.7739			12.0182			-46.8778			-5.0000			159.0000			188.0000			-30.0000			
26.9901			17.0292			-48.5481			-4.5000			150.0000			199.0000			-33.0000			
25.3197			19.2563			-50.2185			-5.6000			140.0000			205.0000			-34.0000			
23.0926			23.1537			-51.3320			-5.0000			130.0000			211.0000			-35.0000			
20.8655			25.9376			-53.5591			-6.7000			120.0000			216.0000			-37.0000			
17.5249			28.1647			-53.0023			-7.3000			109.0000			220.0000			-40.0000			
11.9571			29.8350			-49.1049			-7.3000			97.0000			223.0000			-42.0000			
5.8326			30.9486			-44.6507			-7.8000			85.0000			225.0000			-42.0000			
0.8216			34.8460			-43.5372			-7.8000			72.0000			227.0000			-42.0000			
-3.6326			38.1867			-43.5372			-8.9000			58.0000			226.0000			-42.0000			
-6.9733			39.3002			-41.3101			-8.9000			43.0000			222.0000			-42.0000			
-10.8707			41.5273			-39.0830			-8.4000			29.0000			217.0000			-41.0000			
-14.7681			44.3112			-36.8558			-7.3000			16.0000			212.0000			-38.0000			
-18.1088			45.9815			-36.2991			-8.4000			0.0000			206.0000			-37.0000			
-22.0062			46.5383			-32.9584			-8.4000			-15.0000			199.0000			-35.0000			
-26.4604			48.7654			-30.7313			-8.4000			-30.0000			191.0000			-32.0000			
-29.8011			50.4357			-28.5042			-7.8000			-42.0000			183.0000			-29.0000			
-30.9146			51.5493			-27.9474			-7.3000			-56.0000			175.0000			-28.0000			
-33.1417			50.4357			-26.2771			-8.9000			-67.0000			166.0000			-26.0000			
-34.8121			50.4357			-23.4932			-7.8000			-81.0000			155.0000			-24.0000			
-37.5960			46.5383			-16.2551			-7.3000			-92.0000			144.0000			-22.0000			
-39.8231			44.8680			-10.1306			-5.0000			-103.0000			132.0000			-18.0000			
-44.8340			44.8680			-6.2332			-6.2000			-115.0000			118.0000			-13.0000			
-47.0611			43.7544			-2.8925			-6.2000			-123.0000			105.0000			-8.0000			
-47.6179			41.5273			1.0049			-5.0000			-132.0000			92.0000			-5.0000			
-48.7315			38.7435			4.9023			-5.0000			-137.0000			75.0000			0.0000			
-49.2882			36.5163			8.7998			-3.9000			-145.0000			59.0000			5.0000			
-50.4018			34.8460			11.0269			-4.5000			-151.0000			43.0000			11.0000			
-21.4495			58.2306			66.1477			102.9000			-148.0000			30.0000			31.0000			
-51.5153			29.2783			-82.5115			-104.7000			-132.0000			45.0000			47.0000			
-64.8780			18.6995			10.4701			-35.7000			-137.0000			27.0000			49.0000			
-22.0062			57.1171			76.1697			111.2000			-141.0000			12.0000			49.0000			
-83.2516			-13.0367			1.0049			-95.2000			-136.0000			6.0000			59.0000			
-36.4824			27.6079			34.9682			26.0000			-142.0000			-10.0000			60.0000			
-42.0502			27.6079			46.6605			32.2000			-139.0000			-28.0000			65.0000			
-69.3322			-16.3774			16.5946			-69.1000			-135.0000			-39.0000			73.0000			
-30.3579			13.6885			58.9096			42.2000			-136.0000			-56.0000			74.0000			
-40.9366			-0.2309			43.8767			2.7000			-129.0000			-68.0000			78.0000			
-44.8340			-13.5935			24.3895			-34.0000			-125.0000			-80.0000			83.0000			
-23.1198			9.7911			50.0012			36.6000			-118.0000			-93.0000			82.0000			
-42.6069			-9.6960			34.4115			-17.9000			-109.0000			-103.0000			87.0000			
-34.2553			-12.4799			36.6386			-10.1000			-101.0000			-113.0000			87.0000			
-23.6766			-6.9122			52.2283			21.6000			-93.0000			-124.0000			87.0000			
-34.2553			-26.3993			43.3199			-17.3000			-83.0000			-130.0000			89.0000			
-22.0062			-25.8425			52.7851			4.9000			-74.0000			-138.0000			89.0000			
-19.2223			-25.8425			54.4554			9.3000			-65.0000			-146.0000			90.0000			
-19.7791			-34.1942			43.8767			-10.0000			-56.0000			-151.0000			92.0000			
-8.0868			-28.6264			46.6605			9.9000			-46.0000			-156.0000			92.0000			
-5.8597			-31.4103			41.0928			3.8000			-34.0000			-161.0000			91.0000			
-3.0758			-36.9781			35.5250			-4.5000			-21.0000			-162.0000			91.0000			
4.7190			-35.3077			38.8657			8.2000			-9.0000			-164.0000			88.0000			
4.7190			-38.0916			32.7411			-0.6000			4.0000			-164.0000			86.0000			
9.1732			-41.4323			32.1844			0.0000			15.0000			-161.0000			83.0000			
14.7410			-42.5458			34.9682			7.1000			28.0000			-157.0000			80.0000			
15.2978			-47.5568			32.7411			0.4000			41.0000			-153.0000			75.0000			
21.4223			-48.1136			29.9573			3.2000			55.0000			-148.0000			72.0000			
26.4333			-47.5568			27.1734			6.0000			67.0000			-142.0000			66.0000			
28.6604			-50.8975			22.1624			0.0000			78.0000			-136.0000			63.0000			
32.0010			-49.2271			21.0488			3.8000			90.0000			-130.0000			60.0000			
33.1146			-49.2271			18.2650			2.1000			100.0000			-122.0000			54.0000			
33.6714			-47.5568			13.8108			0.0000			111.0000			-114.0000			51.0000			
37.0120			-43.6594			9.9133			3.2000			121.0000			-104.0000			47.0000			
40.3527			-43.6594			3.7888			0.4000			130.0000			-93.0000			42.0000			
44.8069			-44.7729			1.5617			1.5000			140.0000			-81.0000			37.0000			
47.0340			-44.7729			0.4481			2.7000			147.0000			-70.0000			31.0000			
47.0340			-42.5458			-5.6764			-1.1000			156.0000			-57.0000			27.0000			
49.2611			-38.6484			-10.6874			0.0000			161.0000			-43.0000			21.0000			
50.3746			-35.3077			-14.5848			0.4000			166.0000			-28.0000			14.0000			
50.3746			-33.6374			-17.9255			-1.1000			169.0000			-12.0000			9.0000			
53.1585			-31.9671			-21.8229			-0.6000			173.0000			3.0000			2.0000			
54.8288			-29.7400			-25.7203			-0.6000			175.0000			17.0000			-4.0000			
53.7153			-27.5129			-27.9474			-1.7000			179.0000			29.0000			-9.0000			
53.7153			-25.2858			-29.0610			-0.6000			180.0000			44.0000			-14.0000			
51.4882			-23.0587			-30.1745			-1.7000			180.0000			56.0000			-18.0000			
49.2611			-18.0477			-33.5152			-2.3000			180.0000			68.0000			-25.0000			
46.4772			-11.9232			-36.2991			-1.7000			178.0000			82.0000			-29.0000			
44.8069			-6.9122			-40.1965			-2.2000			176.0000			95.0000			-33.0000			
44.2501			-3.0147			-42.9804			-1.7000			171.0000			109.0000			-38.0000			
40.9094			-0.7876			-44.6507			-4.5000			167.0000			120.0000			-42.0000			
37.5688			3.1098			-45.2075			-4.5000			159.0000			134.0000			-45.0000			
34.7849			8.1208			-47.9914			-5.0000			153.0000			143.0000			-48.0000			
32.5578			11.4614			-48.5481			-4.5000			144.0000			153.0000			-49.0000			
30.8875			14.2453			-48.5481			-3.4000			134.0000			163.0000			-53.0000			
27.5468			18.1427			-50.2185			-4.5000			125.0000			174.0000			-54.0000			
25.3197			23.1537			-53.5591			-5.0000			115.0000			181.0000			-56.0000			
23.0926			26.4944			-54.1159			-4.5000			106.0000			188.0000			-57.0000			
20.3087			29.8350			-54.6727			-4.5000			95.0000			193.0000			-58.0000			
16.4113			32.0621			-53.0023			-4.5000			87.0000			199.0000			-60.0000			
10.2868			32.6189			-49.6617			-6.7000			75.0000			203.0000			-60.0000			
4.1622			35.9596			-44.0939			-3.9000			63.0000			206.0000			-61.0000			
-1.4055			39.3002			-42.4236			-4.5000			51.0000			207.0000			-60.0000			
-4.1894			42.0841			-42.9804			-5.0000			39.0000			209.0000			-57.0000			
-6.9733			43.7544			-39.6397			-2.8000			26.0000			207.0000			-56.0000			
-11.4275			44.8680			-38.5262			-5.0000			13.0000			205.0000			-53.0000			
-16.9952			47.6519			-36.2991			-5.6000			1.0000			200.0000			-50.0000			
-20.3359			49.8790			-35.7423			-6.2000			-13.0000			196.0000			-45.0000			
-23.1198			50.4357			-33.5152			-6.1000			-27.0000			192.0000			-42.0000			
-28.6875			52.1061			-30.1745			-6.7000			-39.0000			185.0000			-37.0000			
-32.0282			53.7764			-26.2771			-4.5000			-51.0000			178.0000			-34.0000			
-33.1417			53.7764			-25.1636			-4.5000			-61.0000			172.0000			-30.0000			
-34.2553			53.7764			-24.0500			-4.5000			-73.0000			165.0000			-26.0000			
-37.0392			52.1061			-21.2661			-6.1000			-82.0000			158.0000			-22.0000			
-39.2663			48.7654			-13.4713			-3.9000			-92.0000			148.0000			-18.0000			
-42.6069			45.4248			-6.7899			-3.9000			-101.0000			139.0000			-12.0000			
-47.0611			45.9815			-4.0061			-5.0000			-110.0000			127.0000			-6.0000			
-48.7315			47.0951			-0.6654			-2.2000			-118.0000			116.0000			0.0000			
-48.7315			43.1977			3.2320			-2.3000			-124.0000			101.0000			7.0000			
-49.8450			38.7435			7.6862			-3.4000			-129.0000			87.0000			12.0000			
-51.5153			37.0731			12.1404			-2.3000			-133.0000			74.0000			19.0000			
-53.1857			34.8460			14.9243			-3.4000			-138.0000			60.0000			26.0000			
-53.7425			33.7325			18.8217			-1.1000			-141.0000			46.0000			31.0000			
-54.8560			30.9486			23.2759			-0.6000			-142.0000			31.0000			39.0000			
-56.5263			28.1647			27.7302			-0.6000			-145.0000			19.0000			44.0000			
-54.2992			25.9376			28.2869			0.0000			-144.0000			6.0000			50.0000			
-52.6289			21.4834			30.5140			-0.6000			-145.0000			-5.0000			56.0000			
-50.4018			18.1427			32.1844			0.0000			-144.0000			-18.0000			61.0000			
-45.9476			12.0182			35.5250			1.5000			-141.0000			-30.0000			66.0000			
-44.8340			6.4505			41.0928			2.6000			-137.0000			-41.0000			72.0000			
-45.3908			3.1098			42.7631			0.4000			-133.0000			-54.0000			77.0000			
-42.6069			0.8827			43.3199			1.5000			-127.0000			-66.0000			81.0000			
-38.7095			-3.0147			43.3199			1.5000			-121.0000			-75.0000			84.0000			
-36.4824			-8.0257			44.9902			0.4000			-113.0000			-86.0000			87.0000			
-33.1417			-11.9232			46.6605			1.5000			-104.0000			-97.0000			91.0000			
-30.3579			-14.7070			47.7741			2.7000			-93.0000			-105.0000			93.0000			
-28.1308			-19.7180			48.8876			1.0000			-84.0000			-114.0000			95.0000			
-25.3469			-23.0587			50.5580			2.1000			-73.0000			-121.0000			99.0000			
-48.7315			-64.8169			-25.1636			-138.7000			-60.0000			-122.0000			88.0000			
-11.9843			-35.3077			5.4591			-41.8000			-73.0000			-156.0000			84.0000			
23.0926			3.6666			92.3162			119.0000			-71.0000			-173.0000			76.0000			
-43.1637			-58.6923			6.5727			-95.2000			-53.0000			-170.0000			86.0000			
1.9351			-31.4103			52.2283			22.7000			-46.0000			-177.0000			81.0000			
13.6274			-20.2748			74.4993			67.8000			-33.0000			-178.0000			80.0000			
-15.8817			-67.0440			11.5837			-71.3000			-16.0000			-171.0000			81.0000			
32.0010			-31.4103			41.0928			41.6000			-4.0000			-173.0000			77.0000			
18.0816			-38.0916			35.5250			15.5000			11.0000			-167.0000			77.0000			
6.3893			-58.6923			15.4811			-36.8000			26.0000			-161.0000			76.0000			
31.4443			-35.3077			49.4444			45.5000			38.0000			-157.0000			70.0000			
14.1842			-53.6813			34.9682			-4.5000			55.0000			-147.0000			68.0000			
23.6494			-58.6923			24.3895			-10.6000			69.0000			-139.0000			65.0000			
42.5798			-46.4433			37.1953			33.3000			80.0000			-132.0000			63.0000			
29.2172			-60.3627			17.1514			-13.9000			94.0000			-123.0000			64.0000			
39.2391			-53.6813			19.3785			4.9000			105.0000			-114.0000			60.0000			
43.6933			-44.2162			17.1514			16.6000			117.0000			-105.0000			57.0000			
37.5688			-48.6704			1.0049			-10.0000			130.0000			-93.0000			55.0000			
49.2611			-40.3187			3.2320			12.1000			140.0000			-81.0000			50.0000			
49.2611			-41.9890			-0.6654			6.6000			151.0000			-68.0000			47.0000			
48.7043			-47.5568			-6.2332			-5.0000			161.0000			-52.0000			42.0000			
52.6017			-40.8755			-1.7790			9.9000			169.0000			-38.0000			38.0000			
48.7043			-39.2052			-9.5738			0.0000			175.0000			-22.0000			34.0000			
68.7482			-38.0916			-14.5848			16.0000			184.0000			-5.0000			27.0000			
49.2611			-56.4652			-6.2332			-13.4000			173.0000			1.0000			12.0000			
92.1328			-13.0367			56.1257			135.2000			167.0000			-4.0000			-4.0000			
35.8985			-44.2162			-19.5958			-27.9000			175.0000			17.0000			-5.0000			
41.4662			-44.7729			-42.9804			-46.2000			178.0000			28.0000			-8.0000			
80.9973			3.6666			-10.1306			74.5000			177.0000			39.0000			-15.0000			
36.4552			-41.4323			-56.8998			-61.8000			182.0000			58.0000			-16.0000			
58.1695			-15.2638			-41.3101			1.5000			181.0000			73.0000			-22.0000			
61.5102			5.3369			-25.7203			41.1000			182.0000			86.0000			-27.0000			
29.7739			-15.8206			-60.2404			-46.2000			180.0000			103.0000			-29.0000			
52.6017			8.6776			-40.1965			21.0000			175.0000			114.0000			-34.0000			
42.5798			5.3369			-39.6397			8.2000			171.0000			130.0000			-37.0000			
32.0010			-8.0257			-53.0023			-29.0000			167.0000			143.0000			-38.0000			
45.9204			14.8021			-39.0830			21.6000			158.0000			154.0000			-41.0000			
30.3307			12.0182			-51.3320			-8.9000			153.0000			164.0000			-42.0000			
28.6604			12.5750			-55.2295			-13.9000			143.0000			175.0000			-41.0000			
33.6714			28.7215			-47.9914			14.3000			134.0000			184.0000			-45.0000			
20.8655			25.9376			-60.7972			-14.0000			125.0000			194.0000			-45.0000			
23.0926			32.0621			-58.5701			-3.4000			116.0000			201.0000			-46.0000			
21.9791			35.4028			-51.8888			5.4000			108.0000			207.0000			-48.0000			
11.9571			30.3918			-55.7862			-13.4000			98.0000			214.0000			-47.0000			
11.9571			35.4028			-49.6617			-2.3000			87.0000			219.0000			-47.0000			
4.7190			38.1867			-44.6507			-1.7000			75.0000			222.0000			-47.0000			
-4.1894			38.1867			-44.0939			-10.0000			64.0000			225.0000			-45.0000			
-4.7462			44.8680			-39.6397			0.4000			52.0000			223.0000			-44.0000			
-9.2004			45.4248			-42.9804			-6.7000			40.0000			223.0000			-41.0000			
-13.6546			47.6519			-41.8668			-7.8000			27.0000			220.0000			-37.0000			
-17.5520			52.6629			-35.7423			-0.6000			13.0000			215.0000			-35.0000			
-23.6766			53.2196			-36.8558			-7.3000			0.0000			212.0000			-31.0000			
-27.0172			53.2196			-34.0720			-7.8000			-13.0000			206.0000			-27.0000			
-30.9146			54.8900			-28.5042			-4.5000			-26.0000			199.0000			-25.0000			
-35.3688			54.8900			-27.3907			-7.8000			-37.0000			193.0000			-20.0000			
-36.4824			56.0035			-25.1636			-5.6000			-49.0000			186.0000			-17.0000			
-37.5960			55.4467			-21.8229			-3.9000			-59.0000			177.0000			-12.0000			
-40.3798			53.7764			-19.0390			-5.6000			-70.0000			168.0000			-9.0000			
-42.6069			51.5493			-12.3577			-3.4000			-81.0000			156.0000			-5.0000			
-46.5044			48.2086			-6.7899			-5.0000			-91.0000			147.0000			-1.0000			
-50.9586			47.6519			-3.4493			-6.7000			-101.0000			135.0000			6.0000			
-52.0721			48.2086			1.0049			-2.8000			-109.0000			120.0000			10.0000			
-53.1857			43.1977			5.4591			-4.5000			-114.0000			107.0000			15.0000			
-53.7425			38.7435			10.4701			-4.5000			-121.0000			92.0000			20.0000			
-55.9696			36.5163			14.9243			-4.5000			-127.0000			76.0000			26.0000			
-57.6399			35.4028			18.8217			-3.4000			-132.0000			60.0000			31.0000			
-58.7534			33.7325			21.0488			-3.9000			-134.0000			45.0000			38.0000			
-59.3102			30.9486			24.9463			-3.4000			-139.0000			30.0000			41.0000			
-60.9805			28.1647			29.4005			-3.4000			-141.0000			16.0000			48.0000			
-58.7534			25.9376			31.0708			-1.7000			-143.0000			4.0000			52.0000			
-55.4128			21.4834			32.7411			-1.1000			-144.0000			-10.0000			56.0000			
-52.6289			15.3589			35.5250			-1.7000			-144.0000			-23.0000			60.0000			
-48.7315			8.6776			38.8657			-1.1000			-142.0000			-35.0000			63.0000			
-47.0611			3.6666			42.2063			-1.1000			-139.0000			-50.0000			70.0000			
-46.5044			1.4395			44.9902			0.0000			-135.0000			-63.0000			72.0000			
-43.1637			-2.4580			46.1038			0.4000			-131.0000			-75.0000			76.0000			
-41.4934			-5.2418			47.2173			0.4000			-125.0000			-86.0000			79.0000			
-36.4824			-10.8096			48.8876			1.5000			-118.0000			-97.0000			81.0000			
-33.1417			-14.7070			49.4444			1.5000			-109.0000			-109.0000			84.0000			
-31.4714			-17.4909			49.4444			0.4000			-100.0000			-118.0000			85.0000			
-27.5740			-21.9451			51.6715			2.1000			-90.0000			-127.0000			87.0000			
-25.9037			-26.3993			53.8986			1.5000			-81.0000			-135.0000			89.0000			
-22.0062			-31.4103			56.1257			2.7000			-71.0000			-140.0000			90.0000			
-18.6656			-34.1942			55.5689			2.7000			-61.0000			-147.0000			92.0000			
-14.7681			-35.3077			51.6715			1.5000			-51.0000			-153.0000			93.0000			
-8.0868			-37.5348			49.4444			3.8000			-39.0000			-156.0000			93.0000			
-1.9623			-38.6484			44.9902			4.3000			-27.0000			-159.0000			92.0000			
3.0487			-41.9890			42.7631			3.8000			-15.0000			-160.0000			92.0000			
6.9461			-45.8865			41.6496			2.6000			-2.0000			-159.0000			90.0000			
10.8435			-47.0000			40.5360			4.3000			11.0000			-157.0000			87.0000			
14.1842			-48.6704			38.8657			4.3000			24.0000			-155.0000			86.0000			
19.7520			-52.0110			34.4115			2.1000			38.0000			-150.0000			82.0000			
23.6494			-52.5678			31.6276			2.7000			50.0000			-146.0000			79.0000			
28.1036			-54.7949			29.9573			3.2000			64.0000			-140.0000			75.0000			
32.5578			-55.9084			27.1734			3.8000			78.0000			-133.0000			71.0000			
36.4552			-57.0220			21.6056			1.0000			88.0000			-126.0000			68.0000			
38.6823			-56.4652			21.0488			3.2000			99.0000			-120.0000			63.0000			
39.7959			-55.9084			18.8217			2.6000			111.0000			-111.0000			61.0000			
41.4662			-54.2381			15.4811			2.6000			122.0000			-103.0000			58.0000			
43.6933			-50.3407			8.2430			1.5000			132.0000			-93.0000			54.0000			
48.7043			-47.5568			2.1185			3.2000			142.0000			-82.0000			48.0000			
53.1585			-46.4433			-3.4493			3.2000			150.0000			-71.0000			43.0000			
54.2721			-46.4433			-5.6764			2.1000			157.0000			-58.0000			38.0000			
55.3856			-44.7729			-10.1306			0.4000			164.0000			-44.0000			32.0000			
55.3856			-39.7619			-15.1416			0.4000			171.0000			-30.0000			25.0000			
57.6127			-36.4213			-20.1526			1.0000			175.0000			-15.0000			20.0000			
57.6127			-34.7510			-23.4932			-0.6000			180.0000			-1.0000			14.0000			
59.2831			-32.5239			-26.8339			0.0000			183.0000			15.0000			7.0000			
60.3966			-29.7400			-31.2881			-0.6000			186.0000			29.0000			1.0000			
61.5102			-26.9561			-35.1855			-0.6000			188.0000			42.0000			-4.0000			
59.8398			-24.1722			-36.8558			-1.1000			188.0000			53.0000			-10.0000			
55.3856			-20.8316			-37.4126			-2.8000			189.0000			66.0000			-15.0000			
52.6017			-15.2638			-40.1965			-2.8000			187.0000			77.0000			-20.0000			
50.3746			-9.1393			-43.5372			-2.3000			186.0000			91.0000			-25.0000			
49.2611			-3.0147			-48.5481			-2.3000			181.0000			103.0000			-30.0000			
47.5908			0.3259			-51.3320			-3.4000			177.0000			116.0000			-34.0000			
43.6933			4.2233			-50.2185			-2.3000			171.0000			127.0000			-38.0000			
40.3527			8.6776			-51.8888			-2.8000			165.0000			137.0000			-42.0000			
36.4552			12.5750			-54.6727			-5.6000			156.0000			147.0000			-46.0000			
32.5578			18.1427			-56.3430			-5.6000			147.0000			157.0000			-49.0000			
29.7739			20.9266			-55.7862			-5.0000			135.0000			167.0000			-51.0000			
27.5468			24.8241			-58.0133			-5.6000			126.0000			175.0000			-54.0000			
25.3197			29.8350			-60.2404			-5.0000			116.0000			182.0000			-56.0000			
21.4223			34.2892			-60.2404			-4.5000			105.0000			187.0000			-58.0000			
18.6384			36.5163			-61.3540			-6.1000			94.0000			193.0000			-60.0000			
13.6274			38.7435			-58.0133			-5.6000			84.0000			197.0000			-61.0000			
6.3893			40.4138			-53.0023			-6.2000			72.0000			199.0000			-63.0000			
0.8216			42.6409			-47.9914			-4.5000			59.0000			202.0000			-63.0000			
29.7739			112.7946			-59.6837			82.8000			56.0000			212.0000			-45.0000			
-48.7315			38.7435			-142.6433			-152.6000			63.0000			239.0000			-32.0000			
5.2758			68.2526			-62.4675			11.0000			47.0000			233.0000			-34.0000			
1.9351			83.2855			-14.0280			71.1000			35.0000			228.0000			-35.0000			
-56.5263			25.9376			-69.1488			-99.7000			25.0000			229.0000			-28.0000			
-10.3139			74.9339			-16.2551			48.3000			7.0000			217.0000			-28.0000			
-37.0392			63.2416			-19.0390			7.1000			-6.0000			211.0000			-22.0000			
-55.9696			35.9596			-46.8778			-66.8000			-20.0000			206.0000			-17.0000			
-26.4604			73.8203			-4.0061			43.3000			-36.0000			195.0000			-17.0000			
-50.9586			56.5603			-24.6068			-19.0000			-47.0000			186.0000			-13.0000			
-43.1637			50.9925			-36.2991			-28.4000			-60.0000			179.0000			-11.0000			
-27.0172			71.0365			-14.5848			29.4000			-73.0000			165.0000			-9.0000			
-54.8560			49.3222			-23.4932			-29.0000			-82.0000			156.0000			-4.0000			
-51.5153			50.9925			-5.1196			-5.6000			-93.0000			144.0000			-2.0000			
-53.1857			56.0035			7.1294			9.9000			-103.0000			129.0000			-1.0000			
-64.8780			40.4138			-0.6654			-25.1000			-112.0000			115.0000			4.0000			
-55.4128			44.3112			13.2540			2.1000			-121.0000			98.0000			9.0000			
-59.8670			41.5273			18.2650			0.0000			-129.0000			83.0000			13.0000			
-64.8780			34.2892			13.8108			-16.7000			-134.0000			65.0000			17.0000			
-57.6399			38.7435			23.2759			4.3000			-141.0000			48.0000			23.0000			
-61.5373			33.1757			22.7192			-5.6000			-146.0000			31.0000			28.0000			
-60.9805			29.2783			24.9463			-6.7000			-149.0000			16.0000			32.0000			
-58.1967			29.2783			32.7411			3.8000			-153.0000			0.0000			36.0000			
-60.9805			23.7105			30.5140			-6.7000			-154.0000			-14.0000			40.0000			
-57.0831			19.8131			33.8547			-3.4000			-156.0000			-27.0000			43.0000			
-54.2992			14.2453			41.0928			1.0000			-158.0000			-40.0000			46.0000			
-54.8560			5.8937			43.8767			-5.0000			-156.0000			-55.0000			50.0000			
-53.1857			2.5530			50.5580			0.0000			-154.0000			-68.0000			54.0000			
-49.2882			-0.7876			52.7851			2.7000			-150.0000			-81.0000			57.0000			
-44.8340			-6.3554			48.8876			-2.3000			-145.0000			-94.0000			60.0000			
-40.3798			-8.0257			50.5580			2.1000			-139.0000			-106.0000			63.0000			
-38.1527			-12.4799			51.1147			0.4000			-132.0000			-116.0000			65.0000			
-33.6985			-15.8206			51.1147			1.5000			-124.0000			-127.0000			68.0000			
-29.8011			-20.2748			53.8986			3.8000			-115.0000			-137.0000			70.0000			
-28.6875			-25.2858			56.6825			2.6000			-104.0000			-144.0000			71.0000			
-26.4604			-29.1832			57.7961			2.1000			-94.0000			-152.0000			74.0000			
-22.5630			-33.6374			60.0232			3.8000			-84.0000			-157.0000			75.0000			
-19.2223			-37.5348			59.4664			2.7000			-74.0000			-162.0000			77.0000			
-11.9843			-38.6484			55.5689			4.9000			-63.0000			-166.0000			79.0000			
-4.7462			-38.6484			50.0012			6.5000			-51.0000			-169.0000			81.0000			
1.9351			-41.4323			44.9902			5.4000			-38.0000			-169.0000			81.0000			
6.9461			-44.7729			44.4334			6.6000			-24.0000			-170.0000			81.0000			
9.1732			-47.5568			44.4334			6.0000			-9.0000			-169.0000			81.0000			
13.0707			-49.2271			42.2063			6.0000			4.0000			-166.0000			78.0000			
16.9681			-51.4542			39.9792			5.4000			18.0000			-161.0000			77.0000			
20.8655			-53.6813			37.1953			4.3000			33.0000			-155.0000			74.0000			
24.7629			-54.2381			34.4115			4.9000			47.0000			-148.0000			73.0000			
31.4443			-56.4652			31.0708			6.0000			61.0000			-141.0000			69.0000			
35.8985			-58.1355			27.1734			4.9000			75.0000			-133.0000			68.0000			
40.3527			-58.1355			23.8327			6.0000			88.0000			-125.0000			65.0000			
42.5798			-59.2491			21.0488			4.3000			101.0000			-117.0000			63.0000			
42.5798			-56.4652			18.2650			4.3000			113.0000			-107.0000			60.0000			
44.2501			-53.6813			14.9243			5.4000			125.0000			-97.0000			58.0000			
15.8545			-62.0330			-61.9108			-108.0000			136.0000			-84.0000			42.0000			
62.0669			-52.0110			29.4005			39.4000			126.0000			-98.0000			30.0000			
88.7922			-19.7180			18.2650			87.3000			132.0000			-91.0000			23.0000			
20.8655			-75.3956			-46.8778			-101.4000			143.0000			-72.0000			26.0000			
74.8728			-24.7290			12.6972			62.8000			147.0000			-62.0000			18.0000			
59.8398			-31.4103			3.2320			31.6000			156.0000			-45.0000			13.0000			
43.1366			-55.3517			-45.2075			-57.4000			165.0000			-24.0000			10.0000			
84.3380			-15.2638			-14.0280			55.0000			168.0000			-9.0000			1.0000			
59.8398			-31.4103			-39.6397			-11.2000			175.0000			11.0000			-3.0000			
57.6127			-35.8645			-44.6507			-22.9000			180.0000			26.0000			-6.0000			
71.5321			-11.9232			-18.4822			41.1000			182.0000			39.0000			-12.0000			
48.7043			-33.0806			-36.8558			-21.2000			186.0000			57.0000			-13.0000			
58.7263			-26.3993			-32.4016			0.0000			188.0000			70.0000			-18.0000			
59.8398			-10.8096			-29.0610			19.9000			188.0000			83.0000			-20.0000			
44.8069			-14.7070			-50.2185			-20.1000			187.0000			99.0000			-22.0000			
55.3856			1.9962			-47.9914			9.3000			186.0000			113.0000			-25.0000			
52.0450			6.4505			-53.5591			4.9000			183.0000			127.0000			-28.0000			
42.0230			3.6666			-59.1269			-13.4000			179.0000			142.0000			-30.0000			
45.3637			14.8021			-51.3320			8.8000			173.0000			153.0000			-34.0000			
36.4552			15.3589			-54.6727			-2.8000			166.0000			166.0000			-34.0000			
32.5578			17.5860			-56.3430			-6.1000			159.0000			179.0000			-35.0000			
32.5578			23.7105			-51.3320			4.9000			151.0000			189.0000			-37.0000			
25.3197			23.7105			-57.4566			-8.4000			142.0000			200.0000			-37.0000			
25.8765			28.7215			-58.0133			-3.4000			132.0000			206.0000			-39.0000			
23.6494			34.2892			-58.0133			0.0000			124.0000			212.0000			-38.0000			
18.6384			36.5163			-61.9108			-6.7000			114.0000			219.0000			-39.0000			
14.7410			40.4138			-59.1269			-3.9000			103.0000			223.0000			-40.0000			
7.5029			43.1977			-54.1159			-3.4000			93.0000			228.0000			-41.0000			
-0.2920			44.3112			-51.3320			-7.3000			81.0000			231.0000			-40.0000			
-3.6326			48.2086			-46.3210			-1.7000			69.0000			233.0000			-39.0000			
-9.2004			48.2086			-45.2075			-6.2000			56.0000			231.0000			-37.0000			
-14.2114			48.7654			-40.7533			-6.1000			44.0000			229.0000			-35.0000			
-18.1088			52.1061			-37.9694			-3.9000			31.0000			225.0000			-32.0000			
-22.5630			53.2196			-36.8558			-6.1000			18.0000			220.0000			-29.0000			
-25.3469			54.8900			-35.7423			-6.2000			3.0000			215.0000			-26.0000			
-29.8011			57.6738			-33.5152			-5.6000			-12.0000			207.0000			-23.0000			
-34.2553			59.3442			-31.8449			-6.7000			-25.0000			202.0000			-19.0000			
-38.7095			60.4577			-29.0610			-7.3000			-38.0000			194.0000			-17.0000			
-40.9366			60.4577			-26.2771			-6.7000			-49.0000			186.0000			-14.0000			
-42.0502			58.7874			-22.9365			-6.1000			-61.0000			176.0000			-11.0000			
-43.7205			55.4467			-16.2551			-4.5000			-71.0000			166.0000			-9.0000			
-47.6179			50.9925			-7.9035			-4.5000			-83.0000			156.0000			-5.0000			
-52.0721			48.7654			-1.7790			-5.0000			-94.0000			142.0000			-1.0000			
-55.9696			50.9925			1.0049			-3.9000			-102.0000			129.0000			4.0000			
-57.0831			49.3222			2.1185			-5.6000			-112.0000			116.0000			10.0000			
-56.5263			44.8680			6.0159			-5.6000			-120.0000			100.0000			13.0000			
-57.6399			41.5273			12.6972			-3.4000			-125.0000			83.0000			18.0000			
-59.8670			38.7435			16.0379			-5.0000			-131.0000			68.0000			23.0000			
-59.8670			35.9596			19.3785			-4.5000			-136.0000			52.0000			28.0000			
-62.6509			33.7325			24.3895			-4.5000			-141.0000			36.0000			33.0000			
-63.2076			29.8350			29.4005			-3.9000			-145.0000			21.0000			39.0000			
-62.0941			27.0512			32.1844			-2.8000			-147.0000			6.0000			42.0000			
-59.8670			23.7105			34.9682			-1.1000			-149.0000			-7.0000			47.0000			
-57.6399			20.3698			35.5250			-1.7000			-150.0000			-21.0000			50.0000			
-53.7425			15.3589			37.1953			-1.1000			-150.0000			-34.0000			55.0000			
-50.9586			8.1208			41.0928			-1.7000			-149.0000			-49.0000			58.0000			
-49.8450			3.1098			45.5470			-1.1000			-146.0000			-61.0000			62.0000			
-48.1747			0.8827			48.8876			1.5000			-141.0000			-75.0000			65.0000			
-43.7205			-2.4580			47.7741			1.5000			-137.0000			-87.0000			69.0000			
-41.4934			-7.4689			49.4444			0.4000			-131.0000			-98.0000			71.0000			
-38.7095			-12.4799			51.6715			0.4000			-123.0000			-108.0000			73.0000			
-34.8121			-15.2638			51.6715			1.5000			-114.0000			-119.0000			76.0000			
-30.9146			-20.2748			52.7851			1.5000			-103.0000			-129.0000			78.0000			
-27.5740			-24.1722			54.4554			2.7000			-94.0000			-138.0000			78.0000			
-26.4604			-28.0697			56.1257			1.5000			-85.0000			-145.0000			81.0000			
-22.0062			-31.4103			57.2393			3.8000			-75.0000			-151.0000			83.0000			
-18.1088			-35.3077			56.6825			3.2000			-65.0000			-155.0000			84.0000			
-12.5410			-38.0916			55.0122			4.3000			-54.0000			-161.0000			86.0000			
-6.4165			-37.5348			49.4444			5.4000			-42.0000			-163.0000			87.0000			
0.8216			-41.4323			44.4334			3.8000			-30.0000			-165.0000			86.0000			
4.7190			-44.2162			44.4334			4.9000			-16.0000			-165.0000			86.0000			
8.0597			-46.4433			43.8767			5.4000			-2.0000			-163.0000			85.0000			
11.9571			-47.5568			40.5360			4.9000			10.0000			-161.0000			83.0000			
16.9681			-49.2271			37.7521			5.4000			24.0000			-156.0000			81.0000			
21.4223			-52.5678			36.0818			4.9000			38.0000			-151.0000			78.0000			
23.6494			-54.2381			33.2979			2.7000			52.0000			-146.0000			76.0000			
29.7739			-54.7949			29.9573			4.9000			66.0000			-139.0000			72.0000			
34.2281			-56.4652			26.6166			4.3000			79.0000			-130.0000			68.0000			
37.5688			-57.5788			23.8327			3.8000			92.0000			-124.0000			66.0000			
38.6823			-57.0220			21.6056			3.2000			104.0000			-115.0000			63.0000			
40.9094			-55.9084			18.8217			3.8000			115.0000			-107.0000			60.0000			
42.0230			-53.1246			14.3675			3.2000			126.0000			-97.0000			59.0000			
44.8069			-47.5568			6.5727			3.8000			137.0000			-87.0000			54.0000			
49.2611			-46.4433			1.0049			3.8000			147.0000			-73.0000			50.0000			
53.1585			-48.1136			-2.3357			2.7000			157.0000			-62.0000			44.0000			
-1.4055			-94.3260			-8.4603			-104.2000			156.0000			-54.0000			26.0000			
89.9057			-40.8755			73.9426			122.9000			149.0000			-61.0000			14.0000			
35.3417			-52.5678			-6.2332			-23.4000			158.0000			-42.0000			11.0000			
36.4552			-59.2491			-42.4236			-65.2000			163.0000			-28.0000			9.0000			
84.3380			-8.5825			-0.6654			75.0000			164.0000			-15.0000			-1.0000			
47.5908			-48.1136			-42.9804			-43.5000			172.0000			5.0000			-3.0000			
65.9644			-34.7510			-40.1965			-8.9000			174.0000			20.0000			-11.0000			
77.0999			-8.5825			-18.4822			50.0000			176.0000			32.0000			-18.0000			
