-33.4051			23.4840			14.7365			4.8000			-137.0000			85.0000			14.0000			
-33.9386			24.6092			14.7365			5.4000			-136.0000			90.0000			6.0000			
-33.4051			27.4221			10.4464			4.4000			-132.0000			94.0000			-3.0000			
-34.4720			32.4852			6.1562			4.1000			-128.0000			100.0000			-13.0000			
-35.5389			36.4232			5.4412			6.3000			-124.0000			104.0000			-23.0000			
-33.9386			35.2981			1.8660			3.2000			-117.0000			110.0000			-35.0000			
-30.7379			33.6104			0.4360			3.3000			-111.0000			113.0000			-45.0000			
-27.5373			31.9227			-1.7091			2.6000			-104.0000			114.0000			-53.0000			
-25.9370			31.9227			-3.1391			2.8000			-97.0000			115.0000			-60.0000			
-23.2698			31.3601			-5.2842			2.8000			-90.0000			116.0000			-69.0000			
-20.6025			30.2349			-8.1443			1.4000			-82.0000			116.0000			-78.0000			
-17.4019			32.4852			-14.5796			0.5000			-73.0000			116.0000			-85.0000			
-16.3350			34.1729			-16.7246			1.1000			-61.0000			114.0000			-93.0000			
-16.3350			34.7355			-16.7246			1.6000			-51.0000			111.0000			-101.0000			
-16.8685			33.6104			-15.2946			1.4000			-42.0000			109.0000			-106.0000			
-12.6009			30.7975			-17.4397			0.7000			-34.0000			106.0000			-110.0000			
-8.3334			31.9227			-22.4449			1.1000			-24.0000			101.0000			-115.0000			
-5.6662			33.0478			-28.1651			-0.7000			-11.0000			96.0000			-120.0000			
-3.5324			32.4852			-28.8801			0.0000			0.0000			92.0000			-125.0000			
-0.8652			29.1098			-29.5951			-1.3000			13.0000			84.0000			-128.0000			
-0.8652			26.2969			-27.4500			-2.0000			23.0000			77.0000			-131.0000			
0.7351			24.6092			-26.7350			-1.3000			34.0000			71.0000			-132.0000			
4.4692			21.7963			-26.7350			-0.4000			41.0000			65.0000			-133.0000			
6.6030			16.7332			-26.0200			-2.6000			51.0000			58.0000			-133.0000			
9.2702			12.7951			-26.0200			-3.9000			60.0000			48.0000			-132.0000			
13.5377			10.5448			-28.1651			-4.0000			71.0000			39.0000			-130.0000			
17.2718			8.8571			-31.0252			-4.8000			79.0000			30.0000			-128.0000			
17.2718			11.1074			-32.4552			-4.0000			88.0000			19.0000			-125.0000			
17.8052			9.9823			-30.3101			-2.5000			94.0000			12.0000			-124.0000			
20.4724			5.4817			-28.8801			-2.9000			99.0000			4.0000			-120.0000			
26.3403			-1.2692			-29.5951			-4.5000			106.0000			-6.0000			-114.0000			
30.0744			-5.7698			-29.5951			-5.2000			114.0000			-17.0000			-109.0000			
30.6078			-6.8950			-29.5951			-5.8000			119.0000			-27.0000			-102.0000			
29.5409			-5.7698			-28.1651			-4.3000			125.0000			-37.0000			-95.0000			
29.0075			-6.8950			-26.0200			-3.9000			129.0000			-44.0000			-88.0000			
30.0744			-10.8330			-25.3050			-6.0000			130.0000			-55.0000			-82.0000			
29.5409			-12.5207			-21.7298			-4.7000			134.0000			-61.0000			-74.0000			
28.4741			-15.8962			-18.1547			-5.5000			135.0000			-69.0000			-65.0000			
29.0075			-17.5839			-17.4397			-6.0000			135.0000			-78.0000			-57.0000			
31.1413			-21.5219			-16.0096			-6.3000			135.0000			-86.0000			-46.0000			
32.7416			-22.6470			-14.5796			-4.4000			133.0000			-93.0000			-37.0000			
33.8085			-23.2096			-16.0096			-5.4000			132.0000			-99.0000			-27.0000			
34.3419			-24.3348			-14.5796			-4.5000			130.0000			-104.0000			-19.0000			
32.7416			-28.2728			-9.5744			-5.1000			126.0000			-109.0000			-10.0000			
34.3419			-34.4611			-6.7143			-6.8000			121.0000			-114.0000			1.0000			
35.4088			-36.1488			-4.5692			-5.3000			116.0000			-120.0000			12.0000			
34.3419			-35.5862			-3.1391			-4.3000			111.0000			-124.0000			24.0000			
31.1413			-33.3359			-1.7091			-3.9000			103.0000			-127.0000			34.0000			
27.9406			-31.0857			0.4360			-2.7000			98.0000			-129.0000			43.0000			
25.8069			-30.5231			3.2961			-1.4000			91.0000			-130.0000			50.0000			
23.6731			-31.6482			6.1562			-1.8000			82.0000			-131.0000			58.0000			
21.0059			-31.6482			9.0163			-1.6000			74.0000			-131.0000			67.0000			
17.2718			-33.3359			14.0215			-2.0000			65.0000			-130.0000			74.0000			
15.6715			-34.4611			15.4515			-3.3000			54.0000			-128.0000			83.0000			
16.7383			-35.0237			16.1666			-2.1000			44.0000			-126.0000			89.0000			
17.8052			-34.4611			16.8816			0.2000			35.0000			-123.0000			94.0000			
13.0043			-31.0857			19.0267			0.9000			27.0000			-121.0000			99.0000			
8.7367			-32.2108			24.0319			0.5000			16.0000			-117.0000			104.0000			
5.0026			-33.8985			28.3220			-0.5000			5.0000			-112.0000			106.0000			
3.4023			-33.3359			29.0370			-0.8000			-8.0000			-105.0000			113.0000			
1.8020			-29.3979			29.7521			2.1000			-18.0000			-99.0000			116.0000			
0.7351			-27.1476			27.6070			1.1000			-30.0000			-93.0000			119.0000			
-1.9321			-24.8973			27.6070			0.7000			-39.0000			-86.0000			119.0000			
-4.0659			-21.5219			27.6070			2.0000			-47.0000			-80.0000			119.0000			
-6.1996			-17.0213			26.1769			2.9000			-57.0000			-73.0000			119.0000			
-10.4672			-11.9581			26.1769			3.7000			-67.0000			-64.0000			119.0000			
-13.1344			-10.8330			27.6070			3.6000			-78.0000			-55.0000			117.0000			
-16.3350			-9.7078			29.7521			3.7000			-87.0000			-46.0000			114.0000			
-16.3350			-11.9581			31.8972			3.6000			-96.0000			-37.0000			111.0000			
-18.4688			-8.0201			30.4671			3.9000			-103.0000			-28.0000			108.0000			
-21.6694			-4.0821			29.7521			4.0000			-109.0000			-20.0000			103.0000			
-27.5373			2.1062			29.7521			4.3000			-115.0000			-11.0000			99.0000			
-29.6710			5.4817			31.8972			7.7000			-123.0000			-1.0000			93.0000			
-31.2714			4.9191			30.4671			4.1000			-129.0000			11.0000			85.0000			
-28.6042			3.7939			29.0370			4.2000			-134.0000			22.0000			78.0000			
-28.0707			7.1694			25.4619			4.5000			-138.0000			31.0000			73.0000			
-30.2045			12.2326			23.3168			5.3000			-140.0000			38.0000			65.0000			
-30.2045			15.0454			21.1718			6.0000			-142.0000			45.0000			58.0000			
-28.6042			17.2957			18.3117			7.0000			-143.0000			55.0000			49.0000			
-29.1376			18.9834			16.8816			6.7000			-143.0000			63.0000			40.0000			
-31.8048			21.7963			14.7365			4.7000			-142.0000			71.0000			30.0000			
-33.4051			24.0466			13.3065			3.9000			-140.0000			80.0000			22.0000			
-33.9386			24.0466			15.4515			5.5000			-137.0000			87.0000			13.0000			
-33.9386			24.6092			13.3065			3.9000			-134.0000			92.0000			5.0000			
-33.9386			30.2349			9.7313			6.0000			-131.0000			96.0000			-3.0000			
-35.0055			34.1729			6.8712			6.0000			-127.0000			102.0000			-14.0000			
-36.0723			34.7355			5.4412			4.1000			-122.0000			106.0000			-25.0000			
-33.4051			34.1729			2.5811			3.3000			-116.0000			111.0000			-36.0000			
-30.7379			34.1729			0.4360			3.8000			-109.0000			113.0000			-46.0000			
-27.5373			33.0478			-3.1391			2.3000			-103.0000			115.0000			-54.0000			
-25.9370			33.0478			-3.1391			3.9000			-96.0000			116.0000			-62.0000			
-23.2698			31.9227			-5.2842			3.3000			-89.0000			117.0000			-69.0000			
-20.0691			31.3601			-8.1443			3.1000			-79.0000			117.0000			-78.0000			
-17.4019			32.4852			-13.8645			1.2000			-69.0000			115.0000			-87.0000			
-16.3350			34.1729			-16.0096			1.8000			-59.0000			114.0000			-95.0000			
-17.4019			35.2981			-17.4397			0.4000			-49.0000			113.0000			-101.0000			
-16.3350			33.6104			-16.0096			1.2000			-41.0000			109.0000			-106.0000			
-12.0675			30.7975			-19.5847			-0.8000			-31.0000			104.0000			-109.0000			
-8.8668			31.9227			-23.1599			-0.1000			-21.0000			100.0000			-115.0000			
-6.1996			33.0478			-28.1651			-1.3000			-10.0000			95.0000			-122.0000			
-4.0659			31.9227			-29.5951			-1.7000			1.0000			90.0000			-126.0000			
-1.3987			29.6724			-29.5951			-1.3000			13.0000			83.0000			-130.0000			
0.2017			25.1718			-28.1651			-2.7000			23.0000			76.0000			-132.0000			
1.8020			22.3589			-27.4500			-3.2000			32.0000			69.0000			-133.0000			
3.9358			21.2337			-27.4500			-2.2000			41.0000			63.0000			-134.0000			
6.0695			18.4209			-27.4500			-2.9000			50.0000			55.0000			-134.0000			
9.8036			13.3577			-26.0200			-2.8000			62.0000			47.0000			-132.0000			
13.0043			9.9823			-28.1651			-5.1000			71.0000			38.0000			-132.0000			
17.2718			9.9823			-30.3101			-3.0000			81.0000			28.0000			-129.0000			
17.8052			9.9823			-31.0252			-3.2000			88.0000			19.0000			-125.0000			
17.8052			9.4197			-29.5951			-2.3000			95.0000			10.0000			-122.0000			
21.0059			3.7939			-28.8801			-4.0000			102.0000			2.0000			-119.0000			
26.3403			-0.1441			-31.0252			-4.8000			108.0000			-7.0000			-114.0000			
30.0744			-3.5195			-31.0252			-4.4000			115.0000			-17.0000			-107.0000			
30.0744			-6.3324			-30.3101			-6.5000			121.0000			-28.0000			-100.0000			
29.5409			-6.8950			-28.1651			-5.5000			126.0000			-38.0000			-93.0000			
29.0075			-9.1453			-26.7350			-6.8000			129.0000			-47.0000			-86.0000			
30.0744			-10.8330			-23.1599			-3.9000			132.0000			-55.0000			-79.0000			
29.0075			-13.0833			-20.2998			-4.3000			134.0000			-62.0000			-73.0000			
28.4741			-15.8962			-18.8697			-6.2000			135.0000			-72.0000			-63.0000			
29.0075			-18.1464			-16.7246			-5.8000			136.0000			-78.0000			-54.0000			
31.6747			-21.5219			-16.0096			-5.8000			136.0000			-86.0000			-43.0000			
32.7416			-23.2096			-15.2946			-5.7000			134.0000			-93.0000			-33.0000			
34.3419			-23.2096			-16.0096			-4.8000			132.0000			-99.0000			-26.0000			
32.7416			-24.3348			-14.5796			-6.1000			129.0000			-105.0000			-17.0000			
33.2750			-29.3979			-9.5744			-5.7000			126.0000			-110.0000			-9.0000			
34.3419			-33.8985			-5.9992			-5.5000			122.0000			-115.0000			3.0000			
34.8754			-36.7114			-3.8542			-5.6000			116.0000			-121.0000			13.0000			
32.2081			-35.5862			-2.4241			-5.8000			110.0000			-124.0000			24.0000			
30.0744			-32.7734			-1.7091			-4.4000			102.0000			-128.0000			35.0000			
26.8737			-30.5231			0.4360			-3.2000			95.0000			-129.0000			42.0000			
24.7400			-30.5231			2.5811			-3.1000			89.0000			-131.0000			50.0000			
22.0728			-31.0857			6.1562			-2.8000			82.0000			-131.0000			57.0000			
19.9390			-29.9605			9.0163			-1.0000			73.0000			-131.0000			67.0000			
16.7383			-32.2108			13.3065			-2.1000			63.0000			-130.0000			75.0000			
16.2049			-34.4611			16.1666			-2.0000			51.0000			-129.0000			83.0000			
17.2718			-35.5862			16.1666			-2.1000			42.0000			-127.0000			89.0000			
17.2718			-33.3359			15.4515			-0.6000			34.0000			-123.0000			94.0000			
11.9374			-30.5231			19.7417			1.1000			25.0000			-120.0000			98.0000			
8.7367			-33.3359			24.0319			-0.5000			14.0000			-116.0000			103.0000			
5.5361			-32.7734			28.3220			1.0000			2.0000			-111.0000			107.0000			
2.8689			-30.5231			29.0370			1.3000			-10.0000			-105.0000			113.0000			
0.2017			-28.8354			29.0370			0.4000			-22.0000			-98.0000			117.0000			
-0.3318			-25.4599			26.1769			0.3000			-31.0000			-92.0000			118.0000			
-1.9321			-24.3348			26.1769			0.0000			-40.0000			-85.0000			118.0000			
-5.6662			-18.7090			26.8920			2.5000			-49.0000			-79.0000			119.0000			
-7.8000			-16.4587			26.8920			2.6000			-59.0000			-71.0000			118.0000			
-11.0006			-12.5207			26.1769			2.6000			-70.0000			-62.0000			117.0000			
-14.2012			-10.8330			27.6070			2.5000			-79.0000			-53.0000			117.0000			
-16.8685			-9.7078			29.0370			2.4000			-89.0000			-43.0000			113.0000			
-16.3350			-11.3956			31.1821			3.4000			-97.0000			-34.0000			111.0000			
-17.4019			-8.5827			30.4671			4.4000			-104.0000			-27.0000			108.0000			
-21.1360			-1.8318			29.0370			6.0000			-109.0000			-17.0000			104.0000			
-28.0707			4.3565			29.7521			6.0000			-115.0000			-8.0000			100.0000			
-30.7379			6.0442			31.1821			6.4000			-121.0000			4.0000			95.0000			
-30.7379			4.3565			30.4671			4.0000			-127.0000			15.0000			87.0000			
-29.1376			4.9191			29.0370			4.8000			-130.0000			25.0000			80.0000			
-28.6042			7.1694			24.7469			3.3000			-135.0000			34.0000			74.0000			
-29.6710			11.6700			23.3168			5.3000			-137.0000			41.0000			67.0000			
-29.1376			15.0454			20.4567			6.3000			-138.0000			49.0000			59.0000			
-29.1376			16.7332			17.5966			5.1000			-141.0000			57.0000			51.0000			
-30.7379			19.5460			17.5966			6.4000			-140.0000			65.0000			40.0000			
-31.8048			22.9215			15.4515			6.5000			-140.0000			73.0000			30.0000			
-32.8717			22.3589			14.7365			4.2000			-139.0000			80.0000			21.0000			
-33.9386			22.9215			14.7365			3.7000			-137.0000			86.0000			12.0000			
-33.9386			25.1718			12.5914			3.8000			-134.0000			91.0000			4.0000			
-34.4720			30.2349			8.3013			4.0000			-132.0000			96.0000			-6.0000			
-35.5389			34.7355			6.1562			5.3000			-126.0000			101.0000			-17.0000			
-35.5389			36.4232			4.7261			5.6000			-121.0000			107.0000			-28.0000			
-32.8717			35.2981			2.5811			5.0000			-115.0000			111.0000			-38.0000			
-30.2045			33.6104			-0.2790			3.1000			-109.0000			114.0000			-49.0000			
-28.0707			33.0478			-1.7091			3.2000			-103.0000			114.0000			-56.0000			
-25.9370			32.4852			-3.8542			2.6000			-97.0000			117.0000			-63.0000			
-23.2698			32.4852			-6.7143			2.5000			-88.0000			116.0000			-71.0000			
-20.0691			31.9227			-8.8594			2.9000			-80.0000			116.0000			-81.0000			
-17.4019			33.6104			-15.2946			0.9000			-69.0000			115.0000			-88.0000			
-16.3350			33.6104			-16.7246			0.5000			-59.0000			114.0000			-96.0000			
-16.8685			35.8607			-18.1547			0.8000			-49.0000			111.0000			-102.0000			
-16.3350			33.6104			-16.7246			0.5000			-41.0000			108.0000			-108.0000			
-11.0006			30.7975			-19.5847			0.2000			-32.0000			104.0000			-112.0000			
-9.4003			34.7355			-25.3050			0.0000			-22.0000			100.0000			-117.0000			
-6.1996			34.7355			-28.8801			-0.3000			-9.0000			94.0000			-122.0000			
-2.9990			31.3601			-29.5951			-1.2000			3.0000			87.0000			-127.0000			
-1.9321			29.1098			-28.8801			-1.6000			16.0000			82.0000			-129.0000			
-0.8652			26.2969			-27.4500			-2.0000			25.0000			76.0000			-131.0000			
1.8020			25.1718			-28.8801			-1.9000			34.0000			71.0000			-133.0000			
3.4023			21.7963			-27.4500			-2.2000			42.0000			63.0000			-133.0000			
6.6030			16.7332			-26.7350			-3.4000			53.0000			55.0000			-133.0000			
10.3371			12.7951			-26.7350			-3.6000			63.0000			46.0000			-132.0000			
14.0711			10.5448			-29.5951			-4.9000			73.0000			36.0000			-129.0000			
16.7383			11.1074			-31.7402			-3.8000			83.0000			27.0000			-127.0000			
16.2049			11.6700			-31.7402			-3.8000			90.0000			18.0000			-125.0000			
17.8052			8.8571			-29.5951			-2.9000			97.0000			10.0000			-121.0000			
22.6062			2.1062			-29.5951			-4.8000			103.0000			2.0000			-117.0000			
27.4072			-1.8318			-31.7402			-6.1000			109.0000			-9.0000			-112.0000			
29.5409			-4.6447			-31.7402			-6.8000			116.0000			-19.0000			-106.0000			
31.1413			-6.3324			-31.0252			-6.2000			122.0000			-30.0000			-100.0000			
30.0744			-6.8950			-28.1651			-4.9000			125.0000			-40.0000			-93.0000			
29.5409			-10.8330			-25.3050			-6.5000			129.0000			-49.0000			-86.0000			
30.6078			-12.5207			-23.8749			-5.7000			132.0000			-56.0000			-79.0000			
30.0744			-13.6459			-21.0148			-4.5000			133.0000			-65.0000			-71.0000			
27.9406			-14.7710			-18.8697			-5.6000			135.0000			-73.0000			-62.0000			
30.0744			-18.1464			-17.4397			-5.5000			135.0000			-81.0000			-52.0000			
31.6747			-22.6470			-15.2946			-6.2000			134.0000			-88.0000			-43.0000			
32.7416			-23.7722			-14.5796			-5.6000			133.0000			-95.0000			-33.0000			
34.3419			-23.7722			-16.0096			-5.4000			132.0000			-102.0000			-25.0000			
32.7416			-23.7722			-13.8645			-4.8000			130.0000			-106.0000			-17.0000			
33.2750			-29.3979			-9.5744			-5.7000			125.0000			-110.0000			-7.0000			
35.4088			-35.5862			-5.2842			-5.4000			120.0000			-116.0000			4.0000			
34.8754			-35.5862			-3.8542			-4.5000			115.0000			-122.0000			14.0000			
32.2081			-35.0237			-1.7091			-4.5000			108.0000			-125.0000			26.0000			
30.0744			-33.8985			-0.2790			-4.1000			102.0000			-128.0000			35.0000			
27.9406			-32.2108			1.1510			-3.1000			94.0000			-129.0000			44.0000			
24.7400			-31.6482			3.2961			-3.6000			88.0000			-130.0000			53.0000			
22.6062			-31.6482			5.4412			-3.6000			80.0000			-130.0000			60.0000			
19.4056			-32.7734			11.1614			-2.2000			72.0000			-131.0000			69.0000			
16.7383			-33.3359			14.7365			-1.8000			62.0000			-130.0000			76.0000			
16.2049			-34.4611			14.7365			-3.5000			52.0000			-128.0000			85.0000			
17.2718			-35.0237			16.1666			-1.5000			41.0000			-126.0000			91.0000			
16.2049			-33.3359			15.4515			-1.6000			33.0000			-124.0000			96.0000			
11.4039			-31.0857			19.7417			0.0000			23.0000			-119.0000			99.0000			
7.6698			-33.3359			26.1769			0.5000			14.0000			-114.0000			103.0000			
5.0026			-33.8985			29.0370			0.1000			1.0000			-110.0000			109.0000			
2.3354			-30.5231			29.0370			0.8000			-10.0000			-103.0000			115.0000			
0.7351			-28.8354			29.0370			0.9000			-22.0000			-97.0000			116.0000			
-0.3318			-26.0225			26.8920			0.5000			-32.0000			-91.0000			119.0000			
-2.4655			-24.3348			26.8920			0.0000			-41.0000			-85.0000			120.0000			
-5.1327			-19.8342			26.1769			1.2000			-51.0000			-78.0000			120.0000			
-7.8000			-15.8962			26.8920			3.1000			-61.0000			-69.0000			120.0000			
-10.4672			-12.5207			26.8920			3.9000			-71.0000			-61.0000			119.0000			
-15.2681			-7.4575			28.3220			5.5000			-81.0000			-52.0000			117.0000			
-16.3350			-10.2704			29.7521			3.1000			-90.0000			-42.0000			114.0000			
-15.8016			-12.5207			31.8972			3.5000			-97.0000			-35.0000			110.0000			
-17.9353			-8.5827			29.0370			2.5000			-105.0000			-26.0000			108.0000			
-23.2698			-1.2692			29.0370			4.5000			-110.0000			-17.0000			103.0000			
-27.5373			3.7939			30.4671			6.7000			-118.0000			-7.0000			98.0000			
-30.2045			6.0442			31.1821			7.0000			-125.0000			4.0000			91.0000			
-29.6710			6.0442			30.4671			6.8000			-129.0000			14.0000			84.0000			
-28.6042			6.6068			27.6070			5.6000			-133.0000			25.0000			77.0000			
-29.1376			8.2945			24.7469			3.9000			-136.0000			33.0000			72.0000			
-29.6710			11.6700			23.3168			5.3000			-137.0000			42.0000			66.0000			
-29.6710			13.9203			19.7417			3.9000			-140.0000			50.0000			58.0000			
-29.6710			16.7332			17.5966			4.6000			-141.0000			59.0000			48.0000			
-30.7379			20.1086			16.8816			6.2000			-141.0000			66.0000			39.0000			
-32.3383			22.9215			15.4515			6.0000			-140.0000			74.0000			30.0000			
-33.4051			22.3589			14.7365			3.6000			-139.0000			81.0000			20.0000			
-33.9386			22.9215			14.7365			3.7000			-137.0000			87.0000			11.0000			
-33.9386			25.1718			11.8764			3.1000			-134.0000			92.0000			3.0000			
-33.9386			31.9227			6.8712			4.8000			-130.0000			96.0000			-6.0000			
-35.5389			35.8607			4.7261			5.0000			-126.0000			102.0000			-17.0000			
-35.0055			36.4232			3.2961			4.7000			-121.0000			107.0000			-29.0000			
-32.3383			34.7355			1.1510			3.5000			-114.0000			111.0000			-40.0000			
-30.7379			31.3601			0.4360			1.0000			-108.0000			114.0000			-48.0000			
-27.5373			33.0478			-2.4241			3.0000			-101.0000			115.0000			-57.0000			
-23.8032			32.4852			-5.2842			3.3000			-95.0000			116.0000			-65.0000			
-22.7363			32.4852			-8.1443			1.6000			-85.0000			118.0000			-72.0000			
-19.0022			31.9227			-11.0044			1.9000			-77.0000			116.0000			-81.0000			
-17.4019			34.7355			-14.5796			2.7000			-67.0000			116.0000			-89.0000			
-15.8016			33.6104			-16.7246			1.0000			-57.0000			111.0000			-97.0000			
-16.8685			34.1729			-16.7246			0.5000			-47.0000			111.0000			-103.0000			
-15.2681			32.4852			-16.7246			0.4000			-39.0000			108.0000			-108.0000			
-10.4672			30.7975			-21.0148			-0.6000			-30.0000			104.0000			-113.0000			
-8.3334			33.0478			-25.3050			-0.5000			-20.0000			99.0000			-117.0000			
-5.6662			33.6104			-28.8801			-0.9000			-8.0000			94.0000			-123.0000			
-2.9990			30.7975			-29.5951			-1.7000			5.0000			88.0000			-127.0000			
-1.9321			29.1098			-28.1651			-0.9000			18.0000			81.0000			-130.0000			
-0.3318			25.7343			-26.7350			-1.3000			27.0000			75.0000			-131.0000			
1.8020			22.3589			-27.4500			-3.2000			36.0000			68.0000			-132.0000			
4.4692			18.9834			-26.7350			-3.2000			44.0000			61.0000			-132.0000			
7.6698			15.6080			-26.7350			-3.4000			54.0000			55.0000			-133.0000			
10.8705			12.7951			-26.7350			-3.0000			65.0000			45.0000			-132.0000			
14.0711			10.5448			-28.1651			-3.5000			75.0000			35.0000			-130.0000			
15.6715			11.1074			-31.0252			-4.2000			83.0000			25.0000			-128.0000			
17.2718			10.5448			-31.7402			-3.9000			90.0000			17.0000			-125.0000			
18.8721			6.0442			-28.1651			-3.2000			95.0000			8.0000			-122.0000			
23.6731			0.4185			-29.5951			-5.5000			102.0000			-1.0000			-117.0000			
27.9406			-2.3944			-31.0252			-5.4000			109.0000			-11.0000			-113.0000			
30.0744			-4.6447			-30.3101			-4.8000			115.0000			-21.0000			-106.0000			
29.0075			-5.2072			-28.8801			-5.0000			121.0000			-32.0000			-99.0000			
29.0075			-6.3324			-28.1651			-5.4000			127.0000			-41.0000			-92.0000			
29.0075			-10.8330			-24.5899			-6.4000			129.0000			-50.0000			-86.0000			
30.0744			-13.6459			-23.1599			-6.7000			130.0000			-58.0000			-77.0000			
30.0744			-14.2084			-20.2998			-4.4000			133.0000			-66.0000			-70.0000			
28.4741			-15.8962			-17.4397			-4.8000			134.0000			-74.0000			-61.0000			
30.0744			-18.7090			-16.7246			-5.3000			135.0000			-83.0000			-51.0000			
31.1413			-20.3967			-15.2946			-4.5000			133.0000			-89.0000			-41.0000			
33.2750			-22.6470			-14.5796			-3.9000			131.0000			-96.0000			-33.0000			
33.8085			-22.6470			-16.0096			-4.8000			132.0000			-101.0000			-24.0000			
32.7416			-24.8973			-13.1495			-5.3000			129.0000			-106.0000			-16.0000			
33.2750			-29.9605			-8.1443			-4.8000			125.0000			-111.0000			-5.0000			
34.3419			-35.5862			-5.2842			-6.5000			120.0000			-117.0000			5.0000			
35.4088			-38.9617			-2.4241			-5.9000			114.0000			-122.0000			17.0000			
32.2081			-35.0237			-1.7091			-4.5000			107.0000			-126.0000			28.0000			
29.5409			-32.7734			0.4360			-2.7000			102.0000			-128.0000			38.0000			
177.3042			253.0143			116.9853			547.2000			98.0000			-107.0000			47.0000			
19.9390			-76.0916			-10.2894			-66.4000			166.0000			-66.0000			126.0000			
-9.4003			10.5448			-13.8645			-12.7000			192.0000			-50.0000			170.0000			
-9.9337			-49.6506			-12.4345			-72.0000			191.0000			-43.0000			185.0000			
17.2718			-40.6494			16.8816			-6.4000			179.0000			-46.0000			191.0000			
8.2033			-45.1500			10.4464			-26.5000			167.0000			-41.0000			198.0000			
23.6731			-34.4611			24.0319			13.2000			157.0000			-37.0000			200.0000			
13.0043			-30.5231			11.8764			-5.6000			148.0000			-36.0000			203.0000			
8.7367			-26.0225			21.1718			3.8000			138.0000			-33.0000			207.0000			
8.2033			-32.7734			24.7469			0.1000			127.0000			-29.0000			212.0000			
6.6030			-36.7114			30.4671			0.3000			115.0000			-25.0000			215.0000			
2.8689			-30.5231			30.4671			2.8000			103.0000			-20.0000			218.0000			
-1.9321			-28.8354			29.0370			-1.7000			91.0000			-14.0000			221.0000			
-2.4655			-23.7722			29.0370			2.8000			80.0000			-9.0000			221.0000			
-3.5324			-22.0845			26.1769			0.5000			72.0000			-2.0000			221.0000			
-5.6662			-18.7090			26.8920			2.5000			61.0000			3.0000			222.0000			
-10.4672			-13.6459			26.8920			2.7000			50.0000			10.0000			219.0000			
-12.6009			-10.2704			26.8920			4.0000			39.0000			18.0000			218.0000			
-15.2681			-8.0201			26.8920			3.6000			29.0000			28.0000			215.0000			
-16.3350			-9.7078			30.4671			4.4000			19.0000			36.0000			210.0000			
-16.3350			-10.8330			30.4671			3.3000			11.0000			44.0000			207.0000			
-19.0022			-6.8950			29.7521			3.8000			4.0000			51.0000			202.0000			
-24.8701			1.5436			29.0370			5.7000			-2.0000			59.0000			196.0000			
-29.6710			4.9191			29.0370			4.2000			-11.0000			69.0000			190.0000			
-31.8048			7.7320			30.4671			6.3000			-18.0000			79.0000			182.0000			
-30.7379			5.4817			29.7521			4.4000			-25.0000			88.0000			175.0000			
-29.6710			7.1694			26.8920			4.3000			-29.0000			97.0000			167.0000			
-29.1376			9.4197			24.7469			5.0000			-34.0000			103.0000			159.0000			
16.7383			-89.0308			90.5293			18.2000			-95.0000			26.0000			95.0000			
30.6078			83.6795			99.8247			214.1000			-213.0000			-8.0000			-25.0000			
-54.7428			37.5484			-3.1391			-20.3000			-235.0000			-22.0000			-53.0000			
-36.0723			18.4209			18.3117			0.6000			-244.0000			-5.0000			-74.0000			
-56.3431			1.5436			1.8660			-52.9000			-240.0000			4.0000			-82.0000			
-24.8701			41.4864			19.0267			35.6000			-239.0000			1.0000			-84.0000			
-41.4068			16.7332			11.1614			-13.5000			-235.0000			6.0000			-88.0000			
-29.6710			27.9846			29.7521			28.0000			-235.0000			7.0000			-95.0000			
-38.7396			36.9858			6.1562			4.4000			-231.0000			17.0000			-104.0000			
-32.3383			56.6759			-0.2790			24.0000			-226.0000			25.0000			-115.0000			
-37.1392			58.3636			-5.2842			15.9000			-217.0000			35.0000			-127.0000			
-36.6058			49.9250			-0.2790			13.0000			-207.0000			41.0000			-135.0000			
-35.0055			43.1741			5.4412			13.6000			-199.0000			44.0000			-140.0000			
-32.8717			38.1110			4.0111			9.2000			-195.0000			46.0000			-145.0000			
-27.0038			39.2361			-0.9941			11.2000			-187.0000			47.0000			-150.0000			
-23.2698			40.9238			-5.9992			11.6000			-180.0000			47.0000			-158.0000			
-20.6025			43.7367			-11.7195			11.4000			-169.0000			50.0000			-165.0000			
-16.3350			43.7367			-17.4397			9.9000			-156.0000			48.0000			-175.0000			
-17.4019			46.5496			-19.5847			9.5000			-145.0000			46.0000			-180.0000			
-19.0022			47.1122			-18.1547			9.9000			-135.0000			44.0000			-186.0000			
-16.3350			40.3613			-14.5796			9.4000			-126.0000			41.0000			-189.0000			
-12.6009			38.1110			-16.7246			8.7000			-117.0000			37.0000			-192.0000			
-9.4003			39.2361			-20.2998			9.5000			-105.0000			34.0000			-197.0000			
-6.1996			42.0490			-26.7350			9.1000			-92.0000			29.0000			-202.0000			
-4.0659			40.9238			-28.8801			7.9000			-79.0000			24.0000			-206.0000			
-2.4655			39.7987			-28.1651			9.1000			-68.0000			18.0000			-207.0000			
-1.3987			36.9858			-27.4500			8.1000			-58.0000			13.0000			-208.0000			
0.2017			34.1729			-28.1651			6.2000			-50.0000			7.0000			-209.0000			
3.9358			30.7975			-26.7350			7.9000			-38.0000			3.0000			-209.0000			
5.5361			26.2969			-26.0200			5.8000			-29.0000			-4.0000			-209.0000			
8.2033			21.7963			-24.5899			5.4000			-18.0000			-14.0000			-207.0000			
11.9374			20.6712			-28.1651			4.4000			-9.0000			-23.0000			-203.0000			
14.6046			22.3589			-32.4552			4.5000			-1.0000			-33.0000			-201.0000			
16.2049			21.7963			-31.7402			6.2000			7.0000			-41.0000			-198.0000			
17.2718			16.7332			-29.5951			4.4000			13.0000			-49.0000			-195.0000			
22.6062			11.1074			-28.8801			4.8000			19.0000			-59.0000			-190.0000			
26.8737			7.1694			-29.5951			4.4000			27.0000			-70.0000			-183.0000			
27.9406			5.4817			-29.5951			3.8000			36.0000			-79.0000			-177.0000			
26.8737			4.3565			-26.7350			4.4000			42.0000			-90.0000			-168.0000			
26.8737			3.2314			-25.3050			4.7000			47.0000			-98.0000			-160.0000			
27.9406			-0.7066			-23.1599			4.0000			50.0000			-105.0000			-153.0000			
29.0075			-2.9569			-21.7298			4.3000			54.0000			-113.0000			-145.0000			
28.4741			-5.2072			-19.5847			3.6000			55.0000			-121.0000			-136.0000			
26.3403			-5.2072			-17.4397			3.6000			56.0000			-129.0000			-127.0000			
27.9406			-8.0201			-16.0096			3.9000			57.0000			-135.0000			-116.0000			
30.0744			-12.5207			-13.8645			3.6000			57.0000			-142.0000			-107.0000			
31.6747			-14.2084			-13.8645			3.5000			55.0000			-148.0000			-97.0000			
31.1413			-12.5207			-14.5796			4.0000			54.0000			-152.0000			-88.0000			
30.0744			-14.7710			-11.0044			4.2000			52.0000			-156.0000			-80.0000			
30.6078			-19.8342			-6.7143			4.0000			47.0000			-160.0000			-69.0000			
32.2081			-23.7722			-4.5692			3.8000			44.0000			-165.0000			-58.0000			
30.6078			-23.7722			-0.9941			5.8000			39.0000			-168.0000			-45.0000			
27.9406			-22.6470			-0.2790			5.0000			31.0000			-173.0000			-34.0000			
25.8069			-21.5219			1.1510			5.4000			26.0000			-175.0000			-23.0000			
23.6731			-22.6470			4.0111			5.0000			20.0000			-176.0000			-16.0000			
22.6062			-22.0845			6.1562			6.6000			14.0000			-176.0000			-7.0000			
19.4056			-21.5219			8.3013			6.1000			6.0000			-176.0000			3.0000			
37.0091			63.4268			-22.4449			77.9000			86.0000			-72.0000			93.0000			
-52.6090			-247.1141			-28.8801			-328.5000			192.0000			-33.0000			216.0000			
-14.7347			-96.3443			-0.9941			-112.0000			198.0000			-8.0000			238.0000			
-11.0006			-18.1464			35.4723			6.3000			192.0000			-10.0000			247.0000			
-13.6678			-8.5827			29.7521			7.5000			186.0000			-7.0000			247.0000			
-11.0006			-27.7102			17.5966			-21.1000			172.0000			0.0000			250.0000			
-9.9337			-14.2084			29.0370			4.8000			160.0000			5.0000			252.0000			
-29.6710			-23.7722			27.6070			-25.8000			147.0000			11.0000			257.0000			
-22.7363			-19.2716			35.4723			-6.5000			134.0000			14.0000			260.0000			
-17.9353			-29.3979			24.7469			-22.5000			124.0000			20.0000			262.0000			
-14.2012			-23.2096			27.6070			-9.7000			112.0000			24.0000			260.0000			
-26.4704			-16.4587			25.4619			-17.4000			103.0000			30.0000			259.0000			
-31.2714			-12.5207			29.0370			-14.7000			94.0000			36.0000			257.0000			
-31.2714			-8.5827			26.8920			-12.9000			82.0000			43.0000			255.0000			
-33.4051			-6.3324			26.1769			-13.5000			73.0000			51.0000			252.0000			
-41.4068			2.1062			27.6070			-11.6000			59.0000			57.0000			249.0000			
-43.5405			2.1062			29.7521			-11.6000			48.0000			66.0000			245.0000			
-39.8064			-2.9569			31.1821			-11.5000			40.0000			75.0000			239.0000			
-36.6058			-5.2072			28.3220			-13.4000			32.0000			82.0000			233.0000			
-42.4736			3.2314			27.6070			-11.6000			26.0000			89.0000			228.0000			
-50.4753			10.5448			28.3220			-11.6000			19.0000			96.0000			222.0000			
-54.7428			15.0454			29.7521			-9.9000			11.0000			106.0000			213.0000			
-53.1425			14.4829			28.3220			-10.3000			5.0000			117.0000			204.0000			
-53.1425			15.6080			24.7469			-12.7000			0.0000			124.0000			195.0000			
-51.5421			16.1706			22.6018			-12.7000			-3.0000			130.0000			189.0000			
-51.0087			17.8583			21.1718			-11.9000			-6.0000			137.0000			180.0000			
-48.8749			20.1086			18.3117			-10.4000			-9.0000			144.0000			171.0000			
-49.4084			23.4840			16.1666			-9.7000			-11.0000			152.0000			159.0000			
-51.0087			26.2969			14.0215			-10.6000			-12.0000			157.0000			149.0000			
-144.3609			-12.5207			-71.0666			-227.9000			-51.0000			66.0000			102.0000			
-74.4801			243.4505			12.5914			181.5000			-229.0000			5.0000			-81.0000			
-80.3480			131.4983			16.8816			68.0000			-259.0000			6.0000			-126.0000			
-78.7477			20.1086			14.7365			-43.9000			-213.0000			33.0000			-94.0000			
-69.6792			13.9203			26.8920			-28.8000			-197.0000			53.0000			-91.0000			
-35.5389			67.9274			9.7313			42.1000			-193.0000			48.0000			-91.0000			
-40.3399			43.1741			-5.9992			-3.1000			-188.0000			51.0000			-96.0000			
-33.9386			24.6092			11.8764			2.5000			-183.0000			55.0000			-107.0000			
-44.6074			41.4864			11.8764			8.7000			-177.0000			59.0000			-117.0000			
-41.9402			48.2373			-5.9992			0.3000			-169.0000			63.0000			-128.0000			
-29.1376			50.4876			-12.4345			8.9000			-161.0000			67.0000			-137.0000			
-31.8048			42.0490			-11.7195			-1.4000			-151.0000			68.0000			-144.0000			
-30.7379			36.9858			0.4360			6.6000			-140.0000			68.0000			-151.0000			
-33.4051			35.2981			-0.2790			1.6000			-129.0000			66.0000			-155.0000			
-29.6710			41.4864			-8.8594			2.9000			-119.0000			65.0000			-159.0000			
-25.9370			39.2361			-11.0044			2.2000			-110.0000			63.0000			-163.0000			
-22.2029			37.5484			-14.5796			0.7000			-99.0000			61.0000			-167.0000			
-19.5357			40.3613			-18.8697			1.9000			-88.0000			57.0000			-171.0000			
-16.8685			39.2361			-21.7298			0.6000			-75.0000			52.0000			-176.0000			
-13.6678			38.1110			-23.1599			1.2000			-64.0000			48.0000			-180.0000			
-11.5340			34.1729			-22.4449			0.1000			-51.0000			41.0000			-184.0000			
-12.6009			31.9227			-17.4397			1.8000			-39.0000			36.0000			-186.0000			
-11.5340			25.7343			-15.2946			-1.1000			-29.0000			29.0000			-187.0000			
-8.8668			25.1718			-17.4397			-1.1000			-20.0000			23.0000			-186.0000			
-4.0659			25.1718			-23.8749			-2.7000			-11.0000			17.0000			-185.0000			
0.2017			24.6092			-26.7350			-1.9000			-2.0000			9.0000			-184.0000			
2.3354			20.1086			-23.8749			-1.4000			8.0000			2.0000			-183.0000			
5.5361			16.7332			-23.8749			-1.6000			19.0000			-7.0000			-181.0000			
7.1364			16.7332			-26.7350			-2.8000			28.0000			-16.0000			-178.0000			
6.6030			17.8583			-26.0200			-1.5000			34.0000			-23.0000			-175.0000			
7.6698			11.1074			-22.4449			-3.6000			41.0000			-30.0000			-172.0000			
14.0711			4.9191			-23.1599			-4.1000			49.0000			-40.0000			-165.0000			
19.4056			1.5436			-26.0200			-5.0000			57.0000			-49.0000			-160.0000			
20.4724			2.6688			-28.1651			-5.0000			63.0000			-60.0000			-152.0000			
19.9390			2.6688			-26.7350			-4.1000			70.0000			-70.0000			-144.0000			
19.4056			0.4185			-23.1599			-3.3000			75.0000			-79.0000			-136.0000			
19.4056			-5.7698			-19.5847			-5.9000			77.0000			-87.0000			-131.0000			
20.4724			-9.7078			-16.7246			-5.9000			79.0000			-97.0000			-123.0000			
19.4056			-12.5207			-13.8645			-6.9000			79.0000			-106.0000			-116.0000			
19.4056			-13.0833			-11.0044			-4.6000			80.0000			-115.0000			-107.0000			
22.0728			-14.2084			-11.0044			-3.1000			81.0000			-122.0000			-97.0000			
22.6062			-17.0213			-10.2894			-4.7000			79.0000			-131.0000			-86.0000			
25.2734			-15.8962			-11.0044			-1.6000			77.0000			-136.0000			-77.0000			
24.7400			-16.4587			-11.0044			-2.7000			75.0000			-141.0000			-69.0000			
23.1396			-19.2716			-7.4293			-3.5000			73.0000			-144.0000			-61.0000			
22.0728			-24.3348			-1.7091			-3.9000			70.0000			-149.0000			-50.0000			
23.1396			-27.1476			0.4360			-3.5000			65.0000			-154.0000			-39.0000			
20.4724			-27.1476			4.0111			-2.6000			59.0000			-157.0000			-27.0000			
17.8052			-24.8973			4.7261			-2.3000			52.0000			-161.0000			-15.0000			
17.8052			-24.3348			5.4412			-1.0000			47.0000			-162.0000			-6.0000			
16.2049			-25.4599			7.5863			-1.6000			39.0000			-163.0000			2.0000			
13.0043			-24.8973			9.0163			-2.8000			33.0000			-163.0000			10.0000			
11.4039			-24.8973			11.8764			-1.6000			25.0000			-165.0000			19.0000			
8.7367			-27.1476			15.4515			-2.9000			15.0000			-164.0000			29.0000			
6.6030			-28.8354			21.1718			-1.0000			5.0000			-162.0000			36.0000			
6.6030			-30.5231			24.0319			0.1000			-4.0000			-160.0000			45.0000			
8.2033			-31.6482			23.3168			-0.1000			-13.0000			-157.0000			51.0000			
6.0695			-27.7102			23.3168			1.6000			-20.0000			-154.0000			55.0000			
1.8020			-27.7102			27.6070			1.7000			-30.0000			-150.0000			61.0000			
-1.9321			-29.3979			31.8972			0.5000			-40.0000			-145.0000			66.0000			
-4.0659			-28.8354			34.7573			1.8000			-52.0000			-138.0000			72.0000			
-6.1996			-25.4599			35.4723			3.8000			-63.0000			-131.0000			75.0000			
-7.8000			-22.6470			34.7573			4.3000			-73.0000			-125.0000			78.0000			
-11.0006			-18.7090			33.3272			3.6000			-83.0000			-118.0000			80.0000			
-12.0675			-17.5839			33.3272			3.6000			-91.0000			-112.0000			81.0000			
-14.7347			-13.0833			31.8972			4.0000			-102.0000			-103.0000			82.0000			
-17.4019			-9.1453			31.1821			4.6000			-111.0000			-94.0000			82.0000			
-21.6694			-5.2072			31.8972			5.0000			-121.0000			-84.0000			81.0000			
-24.8701			-3.5195			34.7573			6.3000			-129.0000			-74.0000			79.0000			
-26.4704			-5.2072			37.6174			5.9000			-138.0000			-65.0000			77.0000			
-27.5373			-4.0821			36.9023			5.2000			-145.0000			-57.0000			73.0000			
-29.1376			-0.7066			34.7573			4.9000			-150.0000			-48.0000			70.0000			
-33.4051			4.3565			35.4723			6.4000			-155.0000			-39.0000			65.0000			
-37.1392			7.7320			36.1873			6.7000			-163.0000			-29.0000			61.0000			
-39.2730			10.5448			36.9023			8.1000			-170.0000			-18.0000			53.0000			
-38.7396			11.1074			33.3272			5.7000			-174.0000			-8.0000			47.0000			
-38.7396			12.2326			31.1821			4.6000			-178.0000			1.0000			42.0000			
-39.8064			15.6080			29.7521			5.5000			-181.0000			10.0000			33.0000			
-38.7396			16.7332			29.0370			7.0000			-181.0000			16.0000			26.0000			
-37.1392			18.9834			24.0319			5.8000			-185.0000			25.0000			19.0000			
-36.6058			22.3589			21.8868			7.6000			-184.0000			35.0000			10.0000			
-39.2730			25.7343			19.7417			6.1000			-183.0000			42.0000			-1.0000			
-40.3399			29.1098			17.5966			6.3000			-182.0000			51.0000			-10.0000			
-43.0071			29.6724			20.4567			7.1000			-181.0000			59.0000			-20.0000			
-43.0071			29.1098			18.3117			4.4000			-178.0000			63.0000			-27.0000			
-41.9402			32.4852			16.1666			6.7000			-175.0000			69.0000			-37.0000			
-42.4736			37.5484			11.8764			6.9000			-170.0000			74.0000			-45.0000			
-43.0071			41.4864			9.0163			7.4000			-165.0000			80.0000			-57.0000			
-40.8733			42.6116			6.1562			7.8000			-158.0000			85.0000			-66.0000			
-39.2730			39.7987			4.0111			4.5000			-151.0000			89.0000			-76.0000			
-36.6058			37.5484			3.2961			4.2000			-145.0000			91.0000			-85.0000			
-35.5389			37.5484			1.1510			3.1000			-137.0000			93.0000			-92.0000			
-32.8717			38.6735			-0.9941			4.8000			-128.0000			94.0000			-98.0000			
-29.6710			38.1110			-3.8542			4.5000			-121.0000			94.0000			-106.0000			
-25.9370			38.6735			-8.8594			3.8000			-110.0000			92.0000			-114.0000			
-24.8701			39.7987			-11.0044			3.9000			-100.0000			93.0000			-121.0000			
-24.8701			39.7987			-13.1495			1.7000			-89.0000			90.0000			-128.0000			
-25.9370			39.7987			-11.0044			2.8000			-79.0000			89.0000			-132.0000			
-21.6694			35.8607			-13.1495			1.0000			-71.0000			85.0000			-137.0000			
-17.9353			36.9858			-17.4397			1.6000			-61.0000			80.0000			-142.0000			
-15.2681			37.5484			-22.4449			-0.1000			-49.0000			77.0000			-146.0000			
-12.0675			36.9858			-23.8749			1.0000			-35.0000			72.0000			-151.0000			
-9.4003			35.2981			-24.5899			1.3000			-23.0000			65.0000			-155.0000			
-8.8668			33.6104			-23.8749			0.8000			-12.0000			59.0000			-157.0000			
-8.8668			33.0478			-23.8749			0.3000			-3.0000			53.0000			-158.0000			
-6.1996			30.2349			-25.3050			-1.2000			6.0000			47.0000			-158.0000			
-2.9990			24.6092			-23.1599			-1.5000			17.0000			42.0000			-159.0000			
0.7351			20.6712			-23.8749			-2.4000			27.0000			33.0000			-159.0000			
4.4692			17.8583			-25.3050			-2.9000			36.0000			25.0000			-156.0000			
8.2033			16.1706			-26.7350			-2.3000			47.0000			15.0000			-153.0000			
7.6698			18.9834			-28.8801			-2.2000			57.0000			7.0000			-149.0000			
9.8036			15.0454			-27.4500			-2.5000			63.0000			-2.0000			-146.0000			
11.9374			11.1074			-26.7350			-3.6000			69.0000			-10.0000			-142.0000			
17.8052			2.6688			-26.7350			-6.2000			76.0000			-19.0000			-136.0000			
22.0728			-0.7066			-27.4500			-6.0000			83.0000			-31.0000			-132.0000			
22.6062			-0.1441			-26.7350			-4.2000			90.0000			-41.0000			-125.0000			
22.0728			-0.1441			-25.3050			-3.3000			95.0000			-52.0000			-119.0000			
21.0059			-0.7066			-23.1599			-2.8000			98.0000			-62.0000			-113.0000			
22.6062			-4.6447			-21.0148			-3.0000			101.0000			-69.0000			-105.0000			
22.6062			-9.1453			-17.4397			-3.9000			105.0000			-77.0000			-98.0000			
21.5393			-11.3956			-15.2946			-5.1000			105.0000			-85.0000			-88.0000			
21.5393			-13.6459			-13.8645			-5.9000			107.0000			-94.0000			-80.0000			
23.6731			-14.7710			-13.1495			-4.2000			107.0000			-100.0000			-70.0000			
24.2065			-16.4587			-11.0044			-3.2000			106.0000			-107.0000			-59.0000			
24.7400			-18.1464			-11.0044			-4.4000			105.0000			-113.0000			-50.0000			
25.2734			-18.1464			-11.0044			-3.8000			102.0000			-118.0000			-41.0000			
24.7400			-22.0845			-6.7143			-4.0000			99.0000			-123.0000			-33.0000			
25.2734			-26.5851			-3.1391			-4.4000			97.0000			-127.0000			-23.0000			
25.8069			-29.9605			-1.7091			-5.8000			92.0000			-132.0000			-11.0000			
24.7400			-28.8354			2.5811			-1.5000			84.0000			-137.0000			0.0000			
22.0728			-27.7102			3.2961			-2.3000			79.0000			-139.0000			12.0000			
19.9390			-26.5851			4.7261			-1.9000			73.0000			-141.0000			21.0000			
18.3387			-26.5851			6.8712			-1.3000			67.0000			-143.0000			30.0000			
17.2718			-27.7102			10.4464			0.0000			60.0000			-143.0000			37.0000			
14.0711			-27.7102			11.8764			-1.7000			52.0000			-143.0000			46.0000			
10.8705			-28.8354			16.1666			-1.7000			42.0000			-143.0000			55.0000			
9.8036			-29.3979			19.7417			0.1000			32.0000			-141.0000			63.0000			
9.8036			-32.2108			22.6018			0.1000			23.0000			-139.0000			71.0000			
9.8036			-31.0857			21.8868			0.6000			14.0000			-137.0000			76.0000			
6.0695			-27.7102			24.0319			2.3000			6.0000			-133.0000			80.0000			
2.3354			-28.8354			27.6070			1.1000			-4.0000			-129.0000			84.0000			
0.2017			-30.5231			31.8972			1.5000			-15.0000			-124.0000			89.0000			
-2.9990			-30.5231			34.7573			1.2000			-28.0000			-118.0000			95.0000			
-5.1327			-26.5851			33.3272			1.6000			-40.0000			-112.0000			99.0000			
-6.1996			-23.2096			31.8972			2.4000			-49.0000			-105.0000			101.0000			
-8.3334			-20.3967			31.8972			3.1000			-59.0000			-99.0000			103.0000			
-11.0006			-16.4587			31.1821			3.7000			-68.0000			-91.0000			103.0000			
-13.6678			-14.2084			31.1821			3.3000			-78.0000			-83.0000			104.0000			
-15.8016			-11.3956			31.1821			3.9000			-88.0000			-76.0000			104.0000			
-19.0022			-6.8950			31.1821			5.2000			-98.0000			-66.0000			103.0000			
-22.7363			-6.8950			34.7573			5.1000			-107.0000			-57.0000			99.0000			
-23.2698			-7.4575			36.1873			5.4000			-115.0000			-47.0000			95.0000			
-23.8032			-6.3324			36.1873			6.0000			-121.0000			-40.0000			94.0000			
-27.0038			-1.2692			34.7573			6.4000			-128.0000			-31.0000			91.0000			
-31.8048			3.7939			34.7573			6.7000			-133.0000			-21.0000			85.0000			
-36.0723			7.1694			35.4723			6.5000			-138.0000			-11.0000			81.0000			
-37.1392			8.8571			36.1873			7.9000			-145.0000			1.0000			75.0000			
-36.0723			10.5448			33.3272			7.8000			-150.0000			11.0000			69.0000			
-36.0723			12.2326			29.0370			5.2000			-152.0000			21.0000			62.0000			
-37.6727			15.6080			27.6070			5.5000			-156.0000			28.0000			55.0000			
-37.1392			17.2957			26.8920			7.0000			-157.0000			36.0000			47.0000			
-35.5389			19.5460			24.7469			8.7000			-159.0000			46.0000			40.0000			
-35.5389			20.6712			20.4567			5.5000			-159.0000			56.0000			30.0000			
-37.6727			25.1718			19.7417			7.2000			-160.0000			63.0000			20.0000			
-40.3399			28.5472			18.3117			6.5000			-157.0000			70.0000			10.0000			
-41.4068			28.5472			19.0267			6.1000			-156.0000			78.0000			1.0000			
-41.4068			27.4221			18.3117			4.3000			-153.0000			82.0000			-6.0000			
-40.3399			31.9227			14.0215			5.6000			-149.0000			87.0000			-16.0000			
-41.9402			38.1110			9.0163			5.1000			-145.0000			92.0000			-25.0000			
-42.4736			41.4864			6.8712			5.8000			-138.0000			98.0000			-36.0000			
-39.8064			40.3613			4.7261			5.2000			-133.0000			102.0000			-47.0000			
-36.6058			38.1110			4.0111			5.5000			-125.0000			106.0000			-57.0000			
-35.0055			35.8607			3.2961			4.1000			-121.0000			107.0000			-64.0000			
-32.3383			35.8607			1.1510			4.6000			-113.0000			109.0000			-70.0000			
-29.6710			35.8607			-1.7091			4.4000			-104.0000			111.0000			-78.0000			
-26.4704			35.8607			-4.5692			4.8000			-93.0000			110.0000			-86.0000			
-24.3366			36.9858			-11.0044			1.6000			-85.0000			110.0000			-93.0000			
-22.2029			38.6735			-13.1495			3.3000			-74.0000			109.0000			-103.0000			
-23.2698			39.2361			-13.1495			2.8000			-63.0000			108.0000			-109.0000			
-24.3366			39.2361			-12.4345			2.4000			-54.0000			104.0000			-114.0000			
-20.0691			35.8607			-14.5796			1.2000			-45.0000			102.0000			-118.0000			
-15.8016			36.4232			-20.2998			0.3000			-34.0000			99.0000			-122.0000			
-12.0675			38.6735			-25.3050			1.2000			-23.0000			93.0000			-127.0000			
-9.4003			36.9858			-26.7350			0.8000			-9.0000			89.0000			-132.0000			
-7.8000			34.7355			-27.4500			-0.5000			1.0000			83.0000			-135.0000			
-7.2665			33.0478			-26.0200			-0.2000			13.0000			75.0000			-137.0000			
-6.1996			30.7975			-26.0200			-1.4000			23.0000			70.0000			-137.0000			
-3.5324			26.8595			-24.5899			-1.2000			31.0000			63.0000			-138.0000			
-1.3987			24.6092			-24.5899			-1.3000			42.0000			56.0000			-137.0000			
2.8689			19.5460			-25.3050			-2.8000			52.0000			48.0000			-138.0000			
6.6030			15.6080			-24.5899			-2.3000			63.0000			39.0000			-135.0000			
9.8036			15.6080			-28.1651			-2.7000			73.0000			29.0000			-132.0000			
10.3371			16.1706			-28.8801			-2.3000			81.0000			21.0000			-130.0000			
10.8705			14.4829			-28.1651			-2.8000			89.0000			12.0000			-125.0000			
13.5377			8.8571			-26.0200			-3.6000			95.0000			4.0000			-122.0000			
19.4056			2.6688			-27.4500			-5.3000			100.0000			-6.0000			-115.0000			
23.6731			-1.8318			-27.4500			-5.6000			108.0000			-17.0000			-112.0000			
24.2065			-1.8318			-27.4500			-5.0000			114.0000			-27.0000			-106.0000			
22.6062			-1.2692			-25.3050			-3.9000			118.0000			-38.0000			-98.0000			
22.6062			-1.8318			-23.1599			-2.3000			122.0000			-46.0000			-91.0000			
23.6731			-5.2072			-21.0148			-2.5000			124.0000			-55.0000			-86.0000			
23.6731			-9.7078			-17.4397			-3.4000			127.0000			-62.0000			-79.0000			
23.6731			-13.0833			-15.2946			-4.7000			129.0000			-70.0000			-69.0000			
23.6731			-14.7710			-14.5796			-5.6000			129.0000			-79.0000			-60.0000			
24.7400			-17.5839			-13.1495			-5.9000			129.0000			-86.0000			-50.0000			
26.8737			-19.8342			-11.0044			-3.9000			128.0000			-93.0000			-39.0000			
28.4741			-19.8342			-11.0044			-2.3000			127.0000			-99.0000			-30.0000			
27.4072			-19.8342			-11.0044			-3.4000			124.0000			-104.0000			-21.0000			
26.8737			-24.3348			-5.9992			-3.4000			123.0000			-110.0000			-12.0000			
28.4741			-29.9605			-3.1391			-4.6000			119.0000			-114.0000			-1.0000			
29.5409			-32.7734			-0.9941			-4.2000			113.0000			-119.0000			10.0000			
27.9406			-32.2108			1.1510			-3.1000			108.0000			-124.0000			22.0000			
24.7400			-30.5231			2.5811			-3.1000			100.0000			-126.0000			31.0000			
22.6062			-29.3979			4.0111			-2.7000			95.0000			-128.0000			40.0000			
19.4056			-28.8354			7.5863			-1.8000			88.0000			-130.0000			48.0000			
17.2718			-28.8354			10.4464			-1.1000			80.0000			-129.0000			58.0000			
15.1380			-29.9605			13.3065			-1.5000			73.0000			-130.0000			64.0000			
12.4708			-29.9605			16.1666			-1.3000			61.0000			-129.0000			73.0000			
10.8705			-31.6482			19.0267			-1.7000			53.0000			-127.0000			82.0000			
11.4039			-32.7734			21.1718			-0.1000			42.0000			-126.0000			88.0000			
10.8705			-31.0857			19.7417			-0.4000			34.0000			-122.0000			93.0000			
7.1364			-28.8354			23.3168			1.6000			25.0000			-119.0000			98.0000			
2.3354			-29.9605			27.6070			0.0000			14.0000			-115.0000			102.0000			
0.2017			-30.5231			30.4671			0.1000			4.0000			-110.0000			107.0000			
-1.3987			-29.9605			32.6122			1.2000			-9.0000			-104.0000			112.0000			
-4.5993			-26.5851			32.6122			1.4000			-20.0000			-98.0000			115.0000			
-5.1327			-23.2096			32.6122			4.2000			-31.0000			-91.0000			119.0000			
-6.1996			-23.2096			31.8972			2.4000			-41.0000			-85.0000			119.0000			
-9.9337			-19.8342			32.6122			2.8000			-49.0000			-78.0000			119.0000			
-13.1344			-12.5207			30.4671			4.8000			-58.0000			-70.0000			120.0000			
-14.7347			-11.3956			31.1821			5.0000			-69.0000			-61.0000			120.0000			
-18.4688			-9.1453			31.8972			4.2000			-78.0000			-53.0000			117.0000			
-22.2029			-6.3324			34.7573			6.2000			-89.0000			-43.0000			115.0000			
-22.2029			-9.7078			35.4723			3.5000			-96.0000			-34.0000			113.0000			
-23.8032			-7.4575			35.4723			4.2000			-104.0000			-25.0000			109.0000			
-27.0038			-1.8318			33.3272			4.4000			-110.0000			-18.0000			104.0000			
-31.2714			3.7939			34.0422			6.5000			-116.0000			-8.0000			100.0000			
-35.5389			7.1694			35.4723			7.1000			-122.0000			2.0000			93.0000			
-35.5389			7.1694			34.7573			6.3000			-128.0000			14.0000			88.0000			
-34.4720			9.4197			31.8972			6.8000			-132.0000			24.0000			83.0000			
-35.0055			11.6700			29.7521			6.4000			-135.0000			34.0000			76.0000			
-36.0723			15.6080			27.6070			7.1000			-137.0000			42.0000			67.0000			
-35.0055			16.7332			25.4619			7.1000			-140.0000			49.0000			61.0000			
-34.4720			18.4209			22.6018			6.5000			-141.0000			59.0000			52.0000			
-34.4720			19.5460			20.4567			5.5000			-141.0000			66.0000			42.0000			
-36.6058			22.9215			19.0267			5.3000			-141.0000			75.0000			33.0000			
-38.2061			27.4221			17.5966			6.8000			-140.0000			83.0000			22.0000			
-39.2730			25.1718			19.0267			4.9000			-138.0000			88.0000			14.0000			
-40.3399			27.9846			17.5966			5.2000			-135.0000			93.0000			6.0000			
-39.8064			32.4852			13.3065			5.9000			-132.0000			97.0000			-2.0000			
-40.3399			38.1110			10.4464			8.2000			-128.0000			103.0000			-14.0000			
-40.3399			39.2361			7.5863			6.4000			-122.0000			108.0000			-25.0000			
-38.2061			38.6735			4.7261			5.1000			-115.0000			112.0000			-34.0000			
-35.5389			35.2981			3.2961			3.0000			-108.0000			116.0000			-44.0000			
-32.3383			34.1729			1.1510			2.9000			-103.0000			117.0000			-53.0000			
-31.2714			35.8607			0.4360			5.0000			-95.0000			118.0000			-61.0000			
-28.0707			35.2981			-3.1391			4.0000			-88.0000			120.0000			-67.0000			
-25.9370			35.2981			-5.9992			3.3000			-80.0000			119.0000			-76.0000			
-22.7363			36.9858			-11.0044			3.2000			-69.0000			119.0000			-84.0000			
-21.6694			39.2361			-13.1495			4.4000			-58.0000			117.0000			-93.0000			
-22.2029			40.3613			-15.2946			2.8000			-48.0000			115.0000			-99.0000			
-23.2698			38.1110			-13.1495			1.6000			-39.0000			112.0000			-105.0000			
-18.4688			34.1729			-16.7246			-1.0000			-30.0000			109.0000			-108.0000			
-14.2012			36.9858			-22.4449			0.3000			-20.0000			104.0000			-113.0000			
-11.5340			38.6735			-26.7350			0.3000			-8.0000			100.0000			-118.0000			
-8.3334			35.8607			-27.4500			0.0000			4.0000			94.0000			-123.0000			
-6.1996			32.4852			-26.7350			-0.4000			17.0000			88.0000			-126.0000			
-5.6662			30.7975			-26.0200			-0.8000			27.0000			82.0000			-127.0000			
-3.5324			29.1098			-25.3050			0.2000			38.0000			75.0000			-129.0000			
-1.9321			25.1718			-23.8749			-0.6000			46.0000			68.0000			-129.0000			
0.7351			21.7963			-25.3050			-2.7000			56.0000			61.0000			-129.0000			
3.9358			17.8583			-25.3050			-3.5000			66.0000			52.0000			-128.0000			
8.7367			15.0454			-26.0200			-2.2000			75.0000			43.0000			-126.0000			
11.9374			12.7951			-28.8801			-4.1000			85.0000			34.0000			-125.0000			
11.4039			15.6080			-29.5951			-2.5000			93.0000			24.0000			-122.0000			
11.9374			13.9203			-28.1651			-2.3000			100.0000			16.0000			-118.0000			
15.6715			7.1694			-27.4500			-4.6000			104.0000			8.0000			-114.0000			
21.0059			0.4185			-27.4500			-6.0000			113.0000			-1.0000			-109.0000			
25.2734			-1.8318			-28.1651			-4.7000			119.0000			-12.0000			-105.0000			
25.8069			-3.5195			-27.4500			-5.1000			126.0000			-22.0000			-98.0000			
24.7400			-2.9569			-26.0200			-4.2000			128.0000			-34.0000			-91.0000			
23.6731			-4.6447			-23.8749			-4.8000			131.0000			-42.0000			-85.0000			
24.7400			-7.4575			-21.0148			-3.7000			134.0000			-49.0000			-78.0000			
24.7400			-10.8330			-18.8697			-4.9000			139.0000			-58.0000			-70.0000			
24.2065			-13.0833			-16.0096			-4.8000			138.0000			-67.0000			-61.0000			
25.2734			-16.4587			-15.2946			-6.4000			139.0000			-74.0000			-51.0000			
26.8737			-19.8342			-13.8645			-6.8000			139.0000			-82.0000			-41.0000			
28.4741			-20.3967			-13.1495			-5.0000			137.0000			-90.0000			-31.0000			
29.0075			-20.3967			-13.1495			-4.5000			136.0000			-96.0000			-22.0000			
29.0075			-21.5219			-11.0044			-3.5000			133.0000			-101.0000			-13.0000			
28.4741			-26.5851			-6.7143			-4.8000			130.0000			-105.0000			-4.0000			
30.6078			-32.7734			-3.1391			-5.2000			127.0000			-110.0000			5.0000			
31.1413			-35.5862			-0.9941			-5.4000			121.0000			-117.0000			17.0000			
28.4741			-33.3359			0.4360			-4.4000			113.0000			-121.0000			28.0000			
25.2734			-29.9605			1.1510			-3.5000			107.0000			-123.0000			38.0000			
23.6731			-29.3979			4.0111			-1.7000			102.0000			-125.0000			47.0000			
21.0059			-29.9605			6.8712			-2.0000			94.0000			-126.0000			53.0000			
18.3387			-30.5231			9.7313			-2.4000			87.0000			-126.0000			63.0000			
15.6715			-29.9605			12.5914			-1.6000			77.0000			-126.0000			70.0000			
12.4708			-31.0857			16.8816			-1.7000			69.0000			-126.0000			79.0000			
12.4708			-33.8985			19.0267			-2.3000			57.0000			-123.0000			87.0000			
13.0043			-34.4611			20.4567			-0.9000			48.0000			-122.0000			94.0000			
12.4708			-32.7734			20.4567			0.1000			39.0000			-119.0000			98.0000			
7.6698			-29.9605			23.3168			1.0000			30.0000			-116.0000			103.0000			
3.9358			-31.6482			27.6070			-0.1000			20.0000			-111.0000			107.0000			
2.3354			-33.8985			31.8972			0.3000			8.0000			-107.0000			112.0000			
-0.3318			-31.6482			32.6122			0.6000			-4.0000			-100.0000			115.0000			
-1.3987			-29.3979			32.6122			1.8000			-15.0000			-93.0000			121.0000			
-3.5324			-28.2728			31.1821			-0.6000			-26.0000			-88.0000			122.0000			
-5.6662			-23.2096			31.8972			3.0000			-34.0000			-81.0000			124.0000			
-8.8668			-20.3967			31.1821			1.9000			-44.0000			-76.0000			124.0000			
-12.6009			-14.2084			30.4671			3.6000			-54.0000			-66.0000			124.0000			
-15.2681			-11.9581			30.4671			3.2000			-65.0000			-59.0000			122.0000			
-17.9353			-9.7078			30.4671			2.8000			-75.0000			-49.0000			120.0000			
-20.6025			-9.1453			33.3272			3.5000			-84.0000			-39.0000			118.0000			
-21.1360			-10.8330			34.7573			2.7000			-92.0000			-31.0000			115.0000			
-21.6694			-8.5827			34.0422			3.7000			-98.0000			-23.0000			111.0000			
-27.0038			-0.7066			32.6122			4.8000			-105.0000			-14.0000			107.0000			
-31.8048			3.7939			34.7573			6.7000			-112.0000			-5.0000			101.0000			
-33.9386			4.9191			35.4723			6.4000			-119.0000			6.0000			97.0000			
-34.4720			6.0442			34.7573			6.3000			-125.0000			17.0000			90.0000			
-33.4051			7.1694			31.8972			5.6000			-129.0000			27.0000			83.0000			
-33.4051			10.5448			27.6070			4.7000			-130.0000			36.0000			77.0000			
-35.0055			13.9203			26.1769			5.0000			-133.0000			45.0000			70.0000			
-35.0055			17.2957			23.3168			5.6000			-135.0000			53.0000			62.0000			
-32.3383			17.2957			21.1718			6.1000			-136.0000			61.0000			53.0000			
-34.4720			21.2337			19.7417			6.5000			-137.0000			70.0000			44.0000			
-36.0723			22.9215			18.3117			5.1000			-137.0000			78.0000			33.0000			
-36.0723			25.1718			17.5966			6.7000			-134.0000			85.0000			25.0000			
-38.2061			25.7343			18.3117			5.8000			-132.0000			91.0000			17.0000			
-37.6727			26.2969			15.4515			4.0000			-130.0000			95.0000			8.0000			
-38.2061			34.1729			11.1614			7.1000			-126.0000			100.0000			-2.0000			
-39.8064			37.5484			7.5863			5.3000			-122.0000			105.0000			-12.0000			
-40.3399			38.6735			6.1562			4.4000			-117.0000			110.0000			-23.0000			
-36.6058			37.5484			3.2961			4.2000			-110.0000			115.0000			-35.0000			
-34.4720			35.2981			2.5811			3.4000			-104.0000			118.0000			-45.0000			
-32.3383			35.2981			0.4360			3.3000			-98.0000			120.0000			-52.0000			
-30.2045			35.2981			-1.7091			3.3000			-91.0000			120.0000			-59.0000			
-26.4704			33.6104			-4.5692			2.5000			-83.0000			121.0000			-67.0000			
-23.8032			34.1729			-7.4293			2.9000			-74.0000			121.0000			-75.0000			
-21.1360			35.2981			-12.4345			1.7000			-65.0000			120.0000			-84.0000			
-20.0691			36.4232			-16.0096			0.3000			-53.0000			118.0000			-91.0000			
-21.1360			38.1110			-16.0096			0.9000			-43.0000			116.0000			-99.0000			
-20.0691			35.8607			-14.5796			1.2000			-35.0000			114.0000			-103.0000			
-16.3350			34.1729			-17.4397			0.3000			-26.0000			109.0000			-107.0000			
-12.6009			34.7355			-23.1599			-1.0000			-15.0000			106.0000			-113.0000			
-9.9337			36.4232			-28.1651			-1.6000			-3.0000			101.0000			-117.0000			
-7.8000			34.1729			-28.1651			-1.7000			9.0000			94.0000			-121.0000			
-5.6662			31.3601			-27.4500			-1.7000			21.0000			88.0000			-125.0000			
-3.5324			27.9846			-25.3050			-0.8000			31.0000			82.0000			-126.0000			
-2.4655			25.7343			-25.3050			-2.0000			39.0000			74.0000			-128.0000			
0.2017			22.9215			-24.5899			-1.4000			51.0000			67.0000			-128.0000			
1.2685			20.6712			-26.0200			-4.0000			60.0000			60.0000			-128.0000			
5.5361			16.7332			-26.0200			-3.7000			70.0000			53.0000			-127.0000			
9.2702			12.7951			-28.1651			-6.0000			79.0000			42.0000			-125.0000			
13.0043			11.6700			-29.5951			-4.9000			88.0000			33.0000			-123.0000			
13.5377			13.3577			-30.3101			-3.4000			96.0000			24.0000			-120.0000			
14.0711			9.4197			-28.8801			-5.3000			103.0000			15.0000			-117.0000			
17.2718			6.0442			-28.1651			-4.8000			107.0000			6.0000			-113.0000			
23.1396			1.5436			-28.8801			-4.1000			114.0000			-3.0000			-108.0000			
26.3403			-2.9569			-28.1651			-4.7000			122.0000			-14.0000			-103.0000			
25.8069			-4.0821			-28.1651			-6.4000			127.0000			-25.0000			-97.0000			
25.2734			-4.6447			-26.0200			-5.3000			132.0000			-35.0000			-89.0000			
25.2734			-5.7698			-23.8749			-4.3000			135.0000			-43.0000			-81.0000			
25.8069			-8.5827			-21.7298			-4.5000			137.0000			-49.0000			-75.0000			
25.2734			-11.9581			-18.1547			-4.8000			140.0000			-59.0000			-68.0000			
25.8069			-14.7710			-16.0096			-4.9000			141.0000			-67.0000			-58.0000			
26.3403			-17.0213			-16.0096			-6.6000			141.0000			-75.0000			-48.0000			
27.9406			-20.3967			-12.4345			-4.8000			140.0000			-83.0000			-39.0000			
29.5409			-22.0845			-12.4345			-4.9000			139.0000			-89.0000			-29.0000			
30.0744			-21.5219			-14.5796			-6.0000			137.0000			-95.0000			-21.0000			
29.0075			-21.5219			-11.0044			-3.5000			134.0000			-101.0000			-12.0000			
29.5409			-27.7102			-5.9992			-4.1000			130.0000			-106.0000			-3.0000			
31.1413			-33.8985			-3.1391			-5.8000			127.0000			-111.0000			8.0000			
31.1413			-35.5862			-0.9941			-5.4000			121.0000			-116.0000			19.0000			
28.4741			-33.3359			-0.2790			-5.1000			115.0000			-120.0000			30.0000			
26.8737			-31.6482			1.1510			-3.6000			108.0000			-123.0000			39.0000			
24.2065			-30.5231			2.5811			-3.7000			103.0000			-124.0000			47.0000			
22.0728			-31.0857			6.1562			-2.8000			95.0000			-125.0000			55.0000			
18.8721			-30.5231			9.7313			-1.9000			87.0000			-126.0000			64.0000			
16.2049			-31.6482			13.3065			-2.1000			78.0000			-127.0000			73.0000			
14.0711			-33.3359			16.8816			-2.3000			67.0000			-125.0000			81.0000			
13.0043			-33.8985			17.5966			-3.2000			58.0000			-123.0000			89.0000			
13.5377			-34.4611			19.7417			-1.1000			47.0000			-121.0000			95.0000			
13.0043			-32.7734			19.0267			-0.7000			39.0000			-118.0000			99.0000			
8.7367			-31.0857			22.6018			0.2000			29.0000			-115.0000			103.0000			
4.4692			-32.7734			27.6070			-0.6000			21.0000			-110.0000			109.0000			
2.3354			-33.8985			31.8972			0.3000			9.0000			-105.0000			114.0000			
0.2017			-31.0857			31.8972			1.0000			-4.0000			-99.0000			118.0000			
-1.9321			-28.2728			30.4671			0.2000			-16.0000			-93.0000			120.0000			
-2.4655			-26.5851			29.0370			0.0000			-26.0000			-87.0000			123.0000			
-5.1327			-24.3348			31.1821			1.7000			-35.0000			-81.0000			124.0000			
-7.2665			-19.8342			29.0370			1.9000			-44.0000			-73.0000			124.0000			
-11.5340			-15.3336			30.4671			3.6000			-54.0000			-65.0000			123.0000			
-14.2012			-12.5207			30.4671			3.7000			-65.0000			-57.0000			123.0000			
-17.9353			-10.8330			30.4671			1.7000			-73.0000			-48.0000			121.0000			
-20.0691			-10.2704			33.3272			2.9000			-83.0000			-39.0000			118.0000			
-19.5357			-11.3956			34.7573			3.8000			-92.0000			-31.0000			114.0000			
-21.6694			-7.4575			31.8972			2.7000			-99.0000			-22.0000			111.0000			
-26.4704			-0.7066			31.1821			4.0000			-105.0000			-13.0000			107.0000			
-31.8048			3.2314			32.6122			4.0000			-111.0000			-4.0000			101.0000			
-33.9386			5.4817			34.7573			6.3000			-120.0000			8.0000			96.0000			
-32.8717			4.9191			32.6122			4.6000			-125.0000			17.0000			89.0000			
-32.3383			7.1694			29.7521			4.5000			-129.0000			27.0000			82.0000			
-31.8048			9.4197			27.6070			5.2000			-131.0000			36.0000			75.0000			
-33.4051			12.2326			25.4619			4.2000			-133.0000			44.0000			69.0000			
-33.4051			16.1706			21.8868			4.6000			-135.0000			54.0000			62.0000			
-31.8048			17.8583			19.7417			5.7000			-135.0000			62.0000			53.0000			
-33.9386			20.1086			19.7417			5.9000			-135.0000			71.0000			43.0000			
-35.5389			23.4840			17.5966			5.5000			-135.0000			78.0000			32.0000			
-36.0723			24.6092			16.8816			5.4000			-134.0000			86.0000			24.0000			
-37.1392			24.6092			16.1666			3.6000			-131.0000			91.0000			15.0000			
-36.6058			25.7343			14.7365			3.8000			-129.0000			96.0000			6.0000			
-36.6058			31.9227			10.4464			5.7000			-125.0000			100.0000			-3.0000			
-39.8064			38.1110			7.5863			5.8000			-121.0000			105.0000			-12.0000			
-38.7396			37.5484			5.4412			4.2000			-115.0000			112.0000			-25.0000			
-35.0055			36.4232			3.2961			4.7000			-108.0000			115.0000			-35.0000			
-33.4051			34.7355			1.8660			3.1000			-102.0000			118.0000			-43.0000			
-30.7379			34.7355			-0.9941			3.0000			-97.0000			119.0000			-52.0000			
-28.6042			33.6104			-3.1391			1.8000			-89.0000			121.0000			-60.0000			
-25.4035			33.0478			-4.5692			3.0000			-81.0000			120.0000			-68.0000			
-22.7363			34.1729			-8.8594			2.5000			-71.0000			121.0000			-75.0000			
-21.1360			34.7355			-12.4345			1.1000			-62.0000			119.0000			-83.0000			
-19.0022			36.4232			-16.0096			1.4000			-51.0000			118.0000			-92.0000			
-20.6025			36.9858			-16.0096			0.3000			-41.0000			116.0000			-99.0000			
-19.5357			34.1729			-15.2946			-0.6000			-33.0000			112.0000			-103.0000			
-15.2681			32.4852			-18.1547			-0.9000			-24.0000			108.0000			-107.0000			
-11.5340			34.1729			-24.5899			-1.9000			-13.0000			103.0000			-111.0000			
-9.4003			35.2981			-26.7350			-0.8000			-1.0000			98.0000			-118.0000			
-6.1996			31.9227			-27.4500			-1.7000			11.0000			94.0000			-122.0000			
-4.5993			30.2349			-27.4500			-1.8000			23.0000			87.0000			-125.0000			
-2.4655			27.9846			-26.7350			-1.2000			33.0000			80.0000			-127.0000			
-0.3318			25.7343			-27.4500			-2.0000			43.0000			75.0000			-128.0000			
1.2685			21.7963			-26.0200			-2.9000			52.0000			68.0000			-128.0000			
3.4023			18.4209			-26.0200			-4.1000			61.0000			59.0000			-129.0000			
6.6030			15.0454			-26.7350			-5.0000			72.0000			50.0000			-127.0000			
10.8705			12.2326			-28.8801			-5.7000			80.0000			40.0000			-125.0000			
13.0043			12.7951			-31.7402			-5.9000			89.0000			31.0000			-123.0000			
14.0711			12.2326			-31.0252			-4.7000			95.0000			22.0000			-120.0000			
15.6715			8.8571			-28.1651			-3.6000			103.0000			13.0000			-118.0000			
19.9390			4.3565			-28.8801			-4.5000			108.0000			4.0000			-114.0000			
24.7400			-0.7066			-31.0252			-6.9000			116.0000			-7.0000			-109.0000			
27.9406			-3.5195			-30.3101			-5.8000			122.0000			-17.0000			-102.0000			
26.3403			-4.0821			-28.1651			-5.9000			127.0000			-28.0000			-95.0000			
25.8069			-5.7698			-27.4500			-7.4000			132.0000			-37.0000			-88.0000			
25.8069			-8.0201			-24.5899			-6.8000			136.0000			-43.0000			-81.0000			
26.3403			-9.7078			-22.4449			-5.8000			138.0000			-53.0000			-73.0000			
25.8069			-12.5207			-18.8697			-5.5000			140.0000			-61.0000			-66.0000			
26.3403			-15.3336			-16.7246			-5.7000			140.0000			-69.0000			-57.0000			
27.9406			-17.5839			-16.0096			-5.6000			141.0000			-77.0000			-48.0000			
29.5409			-22.0845			-13.8645			-6.4000			140.0000			-85.0000			-38.0000			
30.6078			-23.2096			-13.8645			-6.4000			139.0000			-92.0000			-27.0000			
31.6747			-22.0845			-14.5796			-4.9000			137.0000			-97.0000			-20.0000			
30.6078			-23.2096			-11.0044			-3.6000			134.0000			-101.0000			-12.0000			
30.0744			-28.8354			-6.7143			-5.4000			131.0000			-106.0000			-2.0000			
32.2081			-36.1488			-3.8542			-7.7000			127.0000			-113.0000			9.0000			
32.2081			-36.1488			-0.9941			-4.9000			120.0000			-117.0000			21.0000			
28.4741			-33.3359			-0.2790			-5.1000			114.0000			-120.0000			31.0000			
27.4072			-31.6482			0.4360			-3.8000			108.0000			-123.0000			41.0000			
24.2065			-31.6482			3.2961			-4.1000			102.0000			-126.0000			50.0000			
22.0728			-31.0857			4.7261			-4.2000			95.0000			-127.0000			58.0000			
19.9390			-32.2108			9.7313			-2.5000			86.0000			-127.0000			65.0000			
17.2718			-32.7734			13.3065			-2.1000			77.0000			-127.0000			74.0000			
15.1380			-32.7734			16.8816			-0.7000			68.0000			-126.0000			82.0000			
14.0711			-35.0237			19.0267			-1.9000			56.0000			-124.0000			89.0000			
14.6046			-35.5862			19.0267			-1.9000			46.0000			-121.0000			95.0000			
13.0043			-32.7734			18.3117			-1.4000			38.0000			-119.0000			100.0000			
8.7367			-31.0857			22.6018			0.2000			29.0000			-114.0000			105.0000			
5.0026			-33.8985			28.3220			-0.5000			18.0000			-110.0000			108.0000			
2.8689			-35.0237			31.8972			-0.2000			6.0000			-105.0000			114.0000			
0.2017			-32.2108			31.8972			-0.1000			-5.0000			-99.0000			118.0000			
-1.3987			-29.3979			31.1821			0.3000			-17.0000			-92.0000			119.0000			
-1.9321			-27.7102			29.0370			-0.5000			-26.0000			-86.0000			122.0000			
-4.5993			-24.3348			29.0370			0.1000			-36.0000			-81.0000			123.0000			
-7.2665			-20.3967			29.7521			2.0000			-45.0000			-73.0000			124.0000			
-11.0006			-17.0213			29.7521			1.7000			-55.0000			-65.0000			123.0000			
-14.2012			-12.5207			29.7521			3.0000			-67.0000			-57.0000			122.0000			
-17.4019			-9.1453			31.1821			4.6000			-76.0000			-47.0000			121.0000			
-18.4688			-10.8330			32.6122			3.3000			-85.0000			-38.0000			118.0000			
-19.5357			-11.9581			34.7573			3.2000			-93.0000			-29.0000			116.0000			
-21.1360			-8.5827			31.8972			2.1000			-100.0000			-22.0000			110.0000			
-26.4704			-0.7066			31.8972			4.7000			-106.0000			-13.0000			105.0000			
-31.8048			4.3565			32.6122			5.1000			-113.0000			-3.0000			103.0000			
-35.0055			5.4817			34.7573			5.2000			-120.0000			8.0000			93.0000			
-32.8717			4.3565			32.6122			4.1000			-126.0000			19.0000			86.0000			
-31.8048			6.6068			29.0370			3.8000			-130.0000			29.0000			81.0000			
-32.3383			8.8571			27.6070			4.1000			-132.0000			36.0000			74.0000			
-33.9386			13.3577			25.4619			4.8000			-136.0000			43.0000			66.0000			
-32.3383			15.6080			21.8868			5.1000			-136.0000			53.0000			58.0000			
-32.3383			18.4209			19.0267			5.1000			-138.0000			61.0000			50.0000			
-33.4051			20.6712			19.0267			6.2000			-137.0000			71.0000			41.0000			
-34.4720			22.3589			17.5966			5.4000			-135.0000			78.0000			31.0000			
-36.0723			24.0466			15.4515			3.4000			-133.0000			85.0000			22.0000			
-36.6058			24.0466			16.1666			3.6000			-132.0000			91.0000			13.0000			
-36.0723			26.2969			12.5914			2.8000			-129.0000			96.0000			5.0000			
-36.6058			33.0478			9.0163			5.4000			-125.0000			101.0000			-4.0000			
-39.2730			36.9858			6.8712			4.5000			-120.0000			106.0000			-15.0000			
-37.6727			36.9858			4.7261			4.0000			-115.0000			111.0000			-25.0000			
-33.9386			34.1729			3.2961			3.5000			-107.0000			115.0000			-36.0000			
-31.8048			32.4852			1.1510			1.8000			-101.0000			118.0000			-46.0000			
-29.1376			33.0478			-1.7091			2.2000			-95.0000			120.0000			-53.0000			
-27.0038			33.0478			-3.8542			2.1000			-87.0000			120.0000			-61.0000			
-23.8032			34.1729			-5.9992			4.3000			-80.0000			121.0000			-69.0000			
-20.6025			33.0478			-8.8594			3.5000			-71.0000			120.0000			-78.0000			
-19.0022			33.0478			-12.4345			1.6000			-61.0000			119.0000			-86.0000			
-17.9353			35.2981			-16.0096			1.3000			-50.0000			117.0000			-93.0000			
-19.5357			35.2981			-15.2946			0.4000			-41.0000			114.0000			-100.0000			
-17.4019			33.6104			-16.7246			-0.5000			-32.0000			111.0000			-104.0000			
-12.6009			32.4852			-19.5847			0.3000			-21.0000			107.0000			-107.0000			
-9.4003			34.1729			-25.3050			-0.5000			-13.0000			102.0000			-113.0000			
-6.7331			34.7355			-28.1651			-0.1000			-1.0000			97.0000			-118.0000			
-4.5993			31.9227			-28.1651			-0.8000			12.0000			91.0000			-123.0000			
-4.0659			30.2349			-28.8801			-2.7000			24.0000			85.0000			-125.0000			
-1.9321			26.8595			-27.4500			-2.5000			34.0000			79.0000			-128.0000			
0.2017			24.0466			-27.4500			-3.1000			42.0000			72.0000			-129.0000			
3.4023			20.1086			-26.0200			-2.5000			52.0000			64.0000			-129.0000			
6.0695			15.6080			-26.0200			-4.3000			61.0000			58.0000			-129.0000			
8.7367			12.7951			-27.4500			-5.9000			71.0000			48.0000			-128.0000			
12.4708			11.1074			-30.3101			-6.7000			81.0000			37.0000			-127.0000			
14.0711			12.7951			-31.7402			-4.8000			88.0000			28.0000			-124.0000			
16.2049			11.1074			-32.4552			-5.1000			95.0000			19.0000			-121.0000			
17.8052			6.6068			-28.8801			-4.4000			101.0000			11.0000			-118.0000			
22.0728			2.6688			-30.3101			-5.5000			109.0000			2.0000			-113.0000			
26.8737			-1.8318			-31.7402			-6.6000			116.0000			-8.0000			-107.0000			
27.9406			-3.5195			-31.7402			-7.3000			123.0000			-18.0000			-102.0000			
27.9406			-4.6447			-30.3101			-7.0000			127.0000			-29.0000			-94.0000			
28.4741			-6.3324			-27.4500			-5.3000			131.0000			-38.0000			-88.0000			
29.0075			-9.7078			-24.5899			-5.2000			135.0000			-46.0000			-79.0000			
29.0075			-13.0833			-22.4449			-6.5000			137.0000			-54.0000			-73.0000			
28.4741			-14.7710			-20.2998			-6.5000			139.0000			-62.0000			-66.0000			
27.9406			-15.3336			-18.1547			-5.5000			141.0000			-70.0000			-56.0000			
29.0075			-18.7090			-16.7246			-6.4000			140.0000			-79.0000			-46.0000			
31.1413			-22.6470			-15.2946			-6.8000			141.0000			-87.0000			-37.0000			
32.7416			-23.7722			-14.5796			-5.6000			139.0000			-93.0000			-27.0000			
32.7416			-23.2096			-15.2946			-5.7000			136.0000			-98.0000			-18.0000			
32.7416			-23.7722			-12.4345			-3.4000			133.0000			-103.0000			-11.0000			
32.2081			-30.5231			-8.1443			-6.4000			129.0000			-108.0000			-1.0000			
34.8754			-36.7114			-4.5692			-6.4000			125.0000			-113.0000			10.0000			
33.8085			-36.7114			-2.4241			-5.3000			119.0000			-119.0000			22.0000			
31.1413			-35.0237			-0.9941			-4.8000			112.0000			-122.0000			32.0000			
29.0075			-33.3359			0.4360			-3.8000			107.0000			-124.0000			41.0000			
26.3403			-33.3359			1.8660			-5.1000			100.0000			-126.0000			51.0000			
23.6731			-32.7734			4.7261			-4.3000			92.0000			-127.0000			57.0000			
21.5393			-32.7734			8.3013			-2.9000			83.0000			-128.0000			65.0000			
17.8052			-33.3359			12.5914			-2.9000			74.0000			-127.0000			74.0000			
15.6715			-34.4611			15.4515			-3.3000			63.0000			-126.0000			83.0000			
15.1380			-37.8365			19.0267			-3.6000			54.0000			-125.0000			90.0000			
16.2049			-37.2740			18.3117			-2.7000			44.0000			-122.0000			96.0000			
15.1380			-34.4611			18.3117			-1.0000			36.0000			-119.0000			99.0000			
10.3371			-33.3359			23.3168			0.3000			27.0000			-115.0000			103.0000			
6.6030			-36.1488			29.0370			-0.5000			15.0000			-110.0000			109.0000			
3.4023			-35.5862			31.8972			-0.2000			3.0000			-105.0000			115.0000			
-0.3318			-32.7734			31.8972			-1.1000			-9.0000			-99.0000			119.0000			
-14.7347			-28.8354			-5.2842			-48.8000			13.0000			-44.0000			151.0000			
-57.4100			-65.9653			3.2961			-120.0000			69.0000			-19.0000			217.0000			
-24.3366			22.3589			4.0111			2.0000			66.0000			1.0000			225.0000			
-2.4655			-21.5219			49.0578			25.0000			62.0000			3.0000			227.0000			
-5.6662			9.4197			46.1977			49.9000			51.0000			12.0000			224.0000			
-11.5340			-24.3348			25.4619			-10.4000			39.0000			24.0000			222.0000			
-13.6678			-2.9569			34.7573			18.1000			27.0000			32.0000			218.0000			
-28.0707			-4.6447			25.4619			-7.2000			18.0000			42.0000			215.0000			
-21.1360			-6.3324			36.9023			9.4000			9.0000			49.0000			211.0000			
-21.6694			-14.2084			33.3272			-2.5000			4.0000			56.0000			206.0000			
-21.6694			-8.0201			34.7573			5.0000			-2.0000			62.0000			199.0000			
-31.2714			3.7939			33.3272			5.8000			-10.0000			71.0000			194.0000			
-36.0723			8.8571			33.3272			6.1000			-17.0000			81.0000			187.0000			
-36.0723			7.7320			31.1821			2.8000			-23.0000			93.0000			179.0000			
-32.8717			7.1694			29.0370			3.3000			-29.0000			100.0000			170.0000			
-34.4720			12.2326			26.1769			3.9000			-31.0000			107.0000			162.0000			
-35.5389			14.4829			24.7469			3.6000			-35.0000			115.0000			156.0000			
-33.9386			17.2957			22.6018			5.9000			-38.0000			125.0000			145.0000			
-31.8048			15.6080			21.1718			4.9000			-41.0000			131.0000			136.0000			
-32.8717			17.8583			19.7417			4.7000			-39.0000			140.0000			125.0000			
-35.0055			22.9215			17.5966			5.5000			-40.0000			146.0000			113.0000			
-38.2061			27.9846			15.4515			5.2000			-39.0000			150.0000			105.0000			
-38.7396			27.4221			14.7365			3.4000			-37.0000			154.0000			95.0000			
-37.6727			29.1098			11.8764			3.3000			-35.0000			159.0000			85.0000			
18.8721			-103.6577			85.5241			0.7000			-101.0000			67.0000			11.0000			
31.6747			132.0609			94.8195			258.5000			-228.0000			26.0000			-130.0000			
-9.4003			50.4876			23.3168			64.4000			-227.0000			31.0000			-145.0000			
-51.0087			-32.7734			-5.9992			-89.7000			-185.0000			50.0000			-125.0000			
-57.4100			46.5496			-6.7143			-17.5000			-173.0000			61.0000			-127.0000			
-16.3350			54.4256			1.8660			39.9000			-167.0000			59.0000			-129.0000			
-29.1376			32.4852			1.1510			4.5000			-158.0000			59.0000			-131.0000			
-25.9370			30.2349			9.7313			14.0000			-151.0000			60.0000			-139.0000			
-27.5373			42.6116			-3.8542			11.2000			-143.0000			63.0000			-146.0000			
-19.5357			47.1122			-18.1547			9.4000			-132.0000			64.0000			-153.0000			
-16.3350			46.5496			-23.8749			6.3000			-120.0000			63.0000			-162.0000			
-19.5357			42.6116			-15.2946			7.7000			-108.0000			60.0000			-169.0000			
-22.2029			38.1110			-8.8594			7.0000			-100.0000			58.0000			-172.0000			
-17.9353			36.9858			-13.8645			5.1000			-90.0000			54.0000			-176.0000			
-8.8668			38.6735			-21.7298			8.0000			-80.0000			50.0000			-180.0000			
-7.2665			38.1110			-25.3050			5.5000			-69.0000			47.0000			-184.0000			
-6.1996			38.1110			-24.5899			7.3000			-55.0000			40.0000			-188.0000			
-6.1996			36.9858			-25.3050			5.4000			-43.0000			32.0000			-189.0000			
-4.0659			33.0478			-25.3050			3.6000			-33.0000			26.0000			-190.0000			
1.2685			29.1098			-26.0200			4.3000			-24.0000			20.0000			-189.0000			
2.8689			25.1718			-24.5899			3.4000			-13.0000			13.0000			-190.0000			
5.0026			19.5460			-21.7298			2.8000			-3.0000			6.0000			-189.0000			
7.1364			15.6080			-21.0148			1.7000			8.0000			-3.0000			-187.0000			
10.8705			15.6080			-24.5899			1.8000			18.0000			-12.0000			-184.0000			
12.4708			19.5460			-29.5951			2.4000			26.0000			-21.0000			-181.0000			
14.6046			17.8583			-29.5951			2.8000			33.0000			-28.0000			-178.0000			
15.6715			10.5448			-26.0200			0.1000			39.0000			-36.0000			-174.0000			
22.6062			5.4817			-26.7350			1.3000			44.0000			-46.0000			-169.0000			
25.2734			2.1062			-26.7350			0.6000			51.0000			-55.0000			-166.0000			
25.2734			3.7939			-26.7350			2.3000			58.0000			-67.0000			-159.0000			
25.2734			0.9811			-23.8749			2.3000			63.0000			-76.0000			-152.0000			
25.8069			-1.2692			-22.4449			2.0000			68.0000			-85.0000			-145.0000			
26.8737			-4.6447			-21.0148			1.2000			71.0000			-92.0000			-137.0000			
27.9406			-5.7698			-20.2998			1.8000			73.0000			-100.0000			-129.0000			
26.3403			-8.5827			-16.7246			1.0000			74.0000			-108.0000			-120.0000			
25.8069			-10.2704			-13.8645			1.6000			77.0000			-116.0000			-111.0000			
27.4072			-14.2084			-11.7195			1.4000			78.0000			-124.0000			-99.0000			
29.0075			-18.1464			-10.2894			0.5000			76.0000			-131.0000			-90.0000			
30.0744			-19.2716			-10.2894			0.5000			75.0000			-137.0000			-79.0000			
31.1413			-17.5839			-11.0044			2.5000			74.0000			-142.0000			-71.0000			
31.1413			-20.3967			-8.1443			2.5000			72.0000			-147.0000			-62.0000			
30.6078			-26.0225			-3.1391			1.4000			69.0000			-152.0000			-51.0000			
32.2081			-29.3979			-0.9941			1.8000			63.0000			-157.0000			-40.0000			
30.6078			-29.9605			1.1510			1.8000			59.0000			-161.0000			-28.0000			
27.9406			-28.2728			3.2961			2.9000			52.0000			-164.0000			-17.0000			
25.2734			-28.2728			5.4412			2.4000			46.0000			-165.0000			-9.0000			
24.2065			-27.7102			7.5863			4.0000			39.0000			-165.0000			-1.0000			
21.5393			-25.4599			9.0163			5.0000			33.0000			-166.0000			9.0000			
-70.2126			108.4327			-61.7713			-23.5000			93.0000			-73.0000			80.0000			
-74.4801			-107.5957			-48.9008			-230.9000			203.0000			-34.0000			206.0000			
-44.0740			34.1729			-27.4500			-37.3000			207.0000			-8.0000			229.0000			
-14.7347			24.6092			27.6070			37.4000			203.0000			-13.0000			240.0000			
-2.4655			-1.2692			42.6225			38.8000			193.0000			-11.0000			243.0000			
-7.8000			-26.0225			17.5966			-16.2000			183.0000			-4.0000			246.0000			
-2.4655			-14.7710			33.3272			16.0000			171.0000			-1.0000			247.0000			
-26.4704			-19.8342			19.7417			-26.5000			161.0000			5.0000			252.0000			
-19.5357			-17.5839			39.0474			1.9000			146.0000			7.0000			256.0000			
-18.4688			-33.3359			31.8972			-19.9000			136.0000			12.0000			258.0000			
-12.6009			-28.2728			35.4723			-5.3000			125.0000			16.0000			259.0000			
-23.2698			-22.0845			31.1821			-14.1000			116.0000			22.0000			260.0000			
-27.0038			-15.8962			32.6122			-10.2000			107.0000			27.0000			258.0000			
-30.2045			-10.8330			31.1821			-9.8000			97.0000			32.0000			257.0000			
-31.8048			-8.5827			31.8972			-8.4000			85.0000			40.0000			256.0000			
-37.1392			-2.3944			32.6122			-6.9000			74.0000			48.0000			254.0000			
-41.9402			1.5436			33.3272			-7.0000			63.0000			57.0000			250.0000			
-40.8733			-0.1441			34.7573			-6.2000			53.0000			67.0000			244.0000			
-38.2061			-6.3324			34.7573			-9.7000			45.0000			75.0000			239.0000			
-38.2061			-1.8318			31.8972			-8.1000			38.0000			83.0000			233.0000			
-46.7412			7.1694			33.3272			-6.2000			30.0000			91.0000			228.0000			
-54.7428			16.7332			34.7573			-3.2000			23.0000			99.0000			221.0000			
-56.3431			17.2957			33.3272			-5.7000			15.0000			110.0000			213.0000			
-54.2094			15.6080			31.8972			-6.6000			8.0000			119.0000			205.0000			
-52.0756			13.9203			30.4671			-7.6000			4.0000			127.0000			197.0000			
-52.6090			15.6080			28.3220			-8.6000			-1.0000			134.0000			189.0000			
-53.1425			18.9834			25.4619			-8.6000			-2.0000			139.0000			181.0000			
-51.0087			21.7963			23.3168			-5.8000			-5.0000			146.0000			173.0000			
-51.5421			23.4840			21.1718			-6.8000			-5.0000			153.0000			162.0000			
-53.1425			27.4221			19.7417			-5.9000			-6.0000			159.0000			152.0000			
-30.7379			120.8094			26.1769			116.2000			-66.0000			58.0000			86.0000			
10.8705			191.6937			24.0319			226.5000			-229.0000			9.0000			-84.0000			
-38.2061			84.8046			17.5966			64.1000			-239.0000			15.0000			-108.0000			
-75.5470			-26.0225			3.2961			-98.2000			-196.0000			40.0000			-81.0000			
-127.2908			4.9191			-28.8801			-151.2000			-189.0000			47.0000			-85.0000			
-34.4720			75.2409			21.1718			61.9000			-203.0000			37.0000			-103.0000			
-51.0087			48.2373			-10.2894			-13.0000			-197.0000			39.0000			-110.0000			
-40.3399			21.2337			30.4671			11.3000			-194.0000			44.0000			-124.0000			
-49.9418			34.7355			11.8764			-3.3000			-187.0000			50.0000			-134.0000			
-43.0071			58.3636			-1.7091			13.6000			-181.0000			53.0000			-143.0000			
-37.6727			52.7379			-13.1495			1.9000			-172.0000			55.0000			-151.0000			
-33.4051			44.8619			-4.5692			6.8000			-163.0000			55.0000			-159.0000			
-38.2061			39.7987			3.2961			4.8000			-153.0000			55.0000			-164.0000			
-36.0723			38.1110			1.1510			3.1000			-144.0000			55.0000			-170.0000			
-30.7379			42.0490			-7.4293			3.8000			-134.0000			54.0000			-175.0000			
-28.6042			39.7987			-11.0044			0.1000			-123.0000			52.0000			-179.0000			
-25.9370			39.2361			-13.1495			0.1000			-111.0000			49.0000			-182.0000			
-23.2698			39.7987			-16.0096			0.5000			-99.0000			44.0000			-185.0000			
-20.0691			39.2361			-18.8697			0.3000			-88.0000			40.0000			-189.0000			
-16.8685			36.9858			-20.2998			-0.1000			-75.0000			34.0000			-193.0000			
-14.2012			33.6104			-18.1547			1.2000			-62.0000			29.0000			-197.0000			
-15.8016			31.3601			-13.1495			2.4000			-51.0000			22.0000			-199.0000			
-13.1344			26.8595			-13.1495			0.5000			-41.0000			16.0000			-201.0000			
-9.4003			24.6092			-16.0096			-0.7000			-32.0000			9.0000			-199.0000			
-5.6662			26.2969			-21.7298			-1.0000			-22.0000			3.0000			-198.0000			
-2.4655			26.2969			-23.8749			0.0000			-13.0000			-3.0000			-198.0000			
-0.8652			19.5460			-21.7298			-3.0000			-3.0000			-11.0000			-196.0000			
1.2685			17.2957			-21.7298			-3.1000			7.0000			-18.0000			-194.0000			
3.4023			17.8583			-24.5899			-3.3000			15.0000			-26.0000			-192.0000			
2.8689			19.5460			-24.5899			-2.1000			23.0000			-33.0000			-187.0000			
5.5361			13.9203			-21.7298			-2.2000			29.0000			-41.0000			-183.0000			
11.4039			6.0442			-21.7298			-4.2000			36.0000			-49.0000			-177.0000			
17.2718			3.7939			-24.5899			-3.5000			44.0000			-58.0000			-172.0000			
17.8052			4.9191			-26.0200			-3.2000			50.0000			-70.0000			-164.0000			
16.7383			3.2314			-23.1599			-3.1000			57.0000			-80.0000			-156.0000			
17.2718			-0.7066			-20.2998			-3.7000			63.0000			-89.0000			-148.0000			
18.3387			-5.2072			-17.4397			-4.3000			66.0000			-98.0000			-139.0000			
18.3387			-9.1453			-14.5796			-5.3000			70.0000			-106.0000			-132.0000			
17.8052			-10.8330			-11.0044			-4.0000			72.0000			-116.0000			-122.0000			
16.7383			-10.8330			-10.2894			-4.3000			73.0000			-124.0000			-111.0000			
19.4056			-13.0833			-10.2894			-3.9000			74.0000			-131.0000			-101.0000			
21.0059			-16.4587			-8.1443			-3.6000			73.0000			-137.0000			-92.0000			
22.0728			-17.0213			-8.1443			-3.0000			71.0000			-143.0000			-82.0000			
21.0059			-17.0213			-9.5744			-5.5000			69.0000			-148.0000			-73.0000			
19.9390			-19.8342			-3.8542			-3.7000			63.0000			-153.0000			-66.0000			
21.5393			-23.2096			0.4360			-1.2000			59.0000			-158.0000			-58.0000			
21.0059			-26.5851			1.1510			-4.4000			54.0000			-163.0000			-47.0000			
18.3387			-26.0225			5.4412			-2.2000			47.0000			-167.0000			-36.0000			
14.6046			-23.7722			6.1562			-3.0000			40.0000			-169.0000			-26.0000			
123.9601			247.9511			156.3117			528.2000			62.0000			-90.0000			8.0000			
-14.2012			-132.9116			-61.7713			-208.8000			212.0000			-31.0000			167.0000			
-24.8701			-99.1571			-0.2790			-124.3000			233.0000			-26.0000			206.0000			
-15.8016			2.1062			4.7261			-8.9000			183.0000			-49.0000			174.0000			
-11.0006			-45.7126			19.7417			-36.9000			160.0000			-62.0000			167.0000			
-31.8048			-41.7746			25.4619			-48.1000			149.0000			-57.0000			171.0000			
-26.4704			-23.2096			25.4619			-24.2000			138.0000			-55.0000			174.0000			
-23.2698			-23.2096			17.5966			-28.8000			129.0000			-52.0000			182.0000			
-21.1360			-36.7114			24.7469			-33.0000			120.0000			-51.0000			185.0000			
-23.2698			-36.7114			34.0422			-25.9000			111.0000			-50.0000			190.0000			
-31.8048			-41.2120			39.0474			-33.9000			101.0000			-46.0000			195.0000			
-30.2045			-37.8365			43.3376			-24.7000			88.0000			-41.0000			199.0000			
-34.4720			-33.8985			36.1873			-32.1000			76.0000			-34.0000			200.0000			
-38.7396			-23.2096			34.7573			-27.1000			63.0000			-28.0000			203.0000			
-41.4068			-22.6470			35.4723			-28.5000			56.0000			-22.0000			203.0000			
-43.5405			-18.7090			34.7573			-27.4000			45.0000			-17.0000			203.0000			
-47.2746			-11.9581			31.1821			-28.0000			34.0000			-8.0000			202.0000			
-46.7412			-10.8330			31.1821			-26.3000			20.0000			3.0000			200.0000			
-48.3415			-10.2704			33.3272			-25.2000			10.0000			11.0000			197.0000			
-52.6090			-10.2704			35.4723			-27.4000			-1.0000			20.0000			193.0000			
-54.7428			-8.5827			36.1873			-27.1000			-8.0000			29.0000			189.0000			
-56.8766			-4.6447			34.7573			-26.7000			-14.0000			35.0000			186.0000			
-60.0772			2.1062			34.7573			-23.2000			-21.0000			42.0000			181.0000			
-64.3447			6.0442			34.7573			-23.5000			-26.0000			52.0000			177.0000			
-67.0119			4.9191			38.3324			-23.7000			-33.0000			63.0000			170.0000			
-68.0788			4.3565			36.9023			-26.8000			-39.0000			72.0000			164.0000			
-65.9451			8.2945			33.3272			-24.3000			-43.0000			81.0000			158.0000			
-65.4116			8.8571			31.8972			-24.6000			-46.0000			88.0000			150.0000			
-67.0119			11.6700			31.1821			-24.1000			-49.0000			95.0000			144.0000			
-66.4785			12.2326			27.6070			-26.6000			-53.0000			101.0000			137.0000			
-64.8782			16.7332			23.3168			-24.8000			-53.0000			109.0000			127.0000			
-65.9451			21.2337			20.4567			-24.2000			-55.0000			118.0000			117.0000			
-67.5454			24.6092			19.7417			-23.1000			-54.0000			124.0000			106.0000			
-69.1457			27.9846			18.3117			-22.8000			-54.0000			132.0000			94.0000			
-70.2126			26.2969			21.1718			-22.7000			-54.0000			140.0000			85.0000			
-69.6792			24.6092			20.4567			-24.6000			-54.0000			145.0000			74.0000			
-69.1457			30.2349			16.1666			-22.7000			-51.0000			149.0000			65.0000			
-70.7460			35.8607			10.4464			-24.4000			-47.0000			155.0000			55.0000			
-72.3464			40.9238			8.3013			-23.1000			-42.0000			159.0000			42.0000			
-70.2126			39.7987			5.4412			-24.9000			-37.0000			164.0000			31.0000			
-68.0788			39.2361			4.0111			-24.8000			-31.0000			166.0000			20.0000			
-65.9451			36.9858			3.2961			-25.6000			-25.0000			169.0000			11.0000			
-63.2779			34.7355			1.1510			-27.3000			-17.0000			169.0000			4.0000			
-60.6106			33.0478			-0.2790			-27.8000			-11.0000			168.0000			-4.0000			
186.3727			-396.1963			224.2392			14.4000			-1.0000			145.0000			-11.0000			
-68.6123			107.3076			-14.5796			24.1000			-124.0000			45.0000			-143.0000			
9.2702			-8.0201			85.5241			86.7000			-195.0000			12.0000			-233.0000			
-47.8081			61.7391			-18.8697			-4.9000			-173.0000			24.0000			-231.0000			
-82.4817			-12.5207			-56.0511			-151.0000			-130.0000			37.0000			-200.0000			
-34.4720			49.9250			-5.2842			10.1000			-119.0000			35.0000			-199.0000			
-44.6074			42.6116			-5.2842			-7.2000			-105.0000			29.0000			-200.0000			
-28.6042			36.9858			-3.8542			4.5000			-93.0000			23.0000			-205.0000			
-30.2045			33.6104			-24.5899			-21.1000			-82.0000			21.0000			-210.0000			
-37.1392			47.1122			-21.7298			-11.7000			-69.0000			15.0000			-214.0000			
-45.6743			43.7367			-21.0148			-22.9000			-61.0000			11.0000			-216.0000			
-40.3399			37.5484			-20.2998			-23.0000			-52.0000			7.0000			-215.0000			
-29.6710			30.2349			-23.1599			-22.5000			-43.0000			1.0000			-215.0000			
-24.8701			24.6092			-23.1599			-23.4000			-34.0000			-5.0000			-214.0000			
-23.2698			22.3589			-21.0148			-21.9000			-24.0000			-13.0000			-213.0000			
-20.6025			17.8583			-21.7298			-24.4000			-14.0000			-20.0000			-212.0000			
-14.7347			16.1706			-25.3050			-23.8000			-4.0000			-29.0000			-209.0000			
-14.2012			17.8583			-27.4500			-23.7000			6.0000			-39.0000			-205.0000			
-16.8685			17.2957			-25.3050			-24.8000			14.0000			-49.0000			-201.0000			
-17.4019			15.0454			-23.1599			-25.5000			21.0000			-57.0000			-194.0000			
-9.4003			7.1694			-24.5899			-26.8000			28.0000			-66.0000			-188.0000			
-1.3987			-0.7066			-24.5899			-26.6000			35.0000			-76.0000			-183.0000			
0.7351			-4.0821			-23.1599			-26.5000			43.0000			-86.0000			-174.0000			
-1.3987			-2.9569			-20.2998			-24.6000			50.0000			-97.0000			-166.0000			
-2.9990			-0.7066			-19.5847			-23.2000			55.0000			-105.0000			-157.0000			
-2.9990			-1.8318			-19.5847			-24.4000			57.0000			-113.0000			-152.0000			
-2.4655			-7.4575			-14.5796			-24.5000			59.0000			-119.0000			-142.0000			
-4.5993			-10.8330			-11.0044			-26.4000			61.0000			-124.0000			-134.0000			
-3.5324			-10.8330			-11.0044			-25.3000			61.0000			-132.0000			-124.0000			
-2.4655			-10.8330			-10.2894			-23.5000			62.0000			-138.0000			-114.0000			
-0.8652			-14.7710			-8.1443			-23.7000			61.0000			-145.0000			-105.0000			
2.3354			-17.0213			-8.8594			-23.5000			59.0000			-149.0000			-94.0000			
0.2017			-16.4587			-7.4293			-23.6000			55.0000			-154.0000			-86.0000			
-1.9321			-18.1464			-4.5692			-24.6000			54.0000			-158.0000			-76.0000			
-0.8652			-22.0845			-1.7091			-24.6000			52.0000			-162.0000			-66.0000			
-1.9321			-26.5851			1.8660			-26.6000			47.0000			-167.0000			-54.0000			
-1.3987			-26.5851			4.7261			-23.2000			40.0000			-172.0000			-41.0000			
192.7740			240.6377			213.5139			646.9000			57.0000			-103.0000			-10.0000			
-80.3480			-111.5338			-81.7920			-273.6000			207.0000			-38.0000			148.0000			
-19.0022			-121.6601			16.8816			-123.7000			238.0000			-33.0000			197.0000			
-25.4035			-0.7066			-16.0096			-42.1000			193.0000			-53.0000			168.0000			
-29.6710			-35.0237			-3.8542			-68.5000			167.0000			-69.0000			159.0000			
-75.0136			-99.1571			3.2961			-170.8000			163.0000			-62.0000			169.0000			
-42.4736			-17.5839			24.0319			-36.0000			151.0000			-56.0000			172.0000			
-39.8064			-20.9593			21.1718			-39.5000			143.0000			-55.0000			180.0000			
-29.6710			-36.7114			25.4619			-40.9000			133.0000			-53.0000			184.0000			
-34.4720			-42.3371			31.1821			-45.6000			124.0000			-52.0000			188.0000			
-43.0071			-37.8365			34.7573			-46.0000			112.0000			-49.0000			191.0000			
-45.6743			-33.8985			34.7573			-44.8000			100.0000			-45.0000			194.0000			
-46.7412			-32.7734			30.4671			-49.0000			85.0000			-39.0000			199.0000			
-49.9418			-25.4599			29.0370			-46.3000			74.0000			-33.0000			199.0000			
-54.2094			-22.0845			30.4671			-45.8000			63.0000			-27.0000			200.0000			
-58.4769			-20.3967			34.0422			-44.8000			54.0000			-21.0000			201.0000			
-59.0103			-18.7090			32.6122			-45.1000			42.0000			-13.0000			200.0000			
-57.4100			-18.7090			30.4671			-45.6000			31.0000			-6.0000			199.0000			
-59.5438			-16.4587			31.8972			-44.1000			21.0000			2.0000			197.0000			
-61.6775			-16.4587			34.7573			-43.3000			12.0000			10.0000			195.0000			
-68.0788			-13.0833			35.4723			-45.6000			2.0000			18.0000			193.0000			
-70.7460			-9.7078			35.4723			-44.9000			-6.0000			25.0000			190.0000			
-70.7460			-5.2072			33.3272			-42.6000			-13.0000			32.0000			185.0000			
-74.4801			-3.5195			34.0422			-43.9000			-19.0000			40.0000			180.0000			
-77.6808			-0.7066			36.9023			-41.4000			-27.0000			49.0000			174.0000			
-80.8814			0.9811			37.6174			-42.2000			-34.0000			58.0000			169.0000			
-81.4149			4.3565			35.4723			-41.5000			-40.0000			67.0000			161.0000			
-80.8814			6.6068			34.0422			-40.2000			-46.0000			78.0000			153.0000			
-80.8814			7.1694			32.6122			-41.0000			-51.0000			84.0000			146.0000			
-81.9483			9.9823			30.4671			-41.4000			-54.0000			92.0000			137.0000			
-81.9483			14.4829			26.8920			-40.5000			-57.0000			99.0000			130.0000			
-81.4149			18.4209			21.8868			-41.1000			-60.0000			108.0000			120.0000			
-80.8814			20.1086			21.1718			-39.5000			-61.0000			118.0000			109.0000			
-82.4817			22.3589			20.4567			-39.6000			-61.0000			125.0000			99.0000			
-83.0152			23.4840			19.0267			-40.5000			-61.0000			132.0000			87.0000			
-84.6155			23.4840			19.7417			-41.3000			-58.0000			138.0000			78.0000			
-84.0821			23.4840			19.0267			-41.5000			-58.0000			142.0000			69.0000			
-83.0152			26.8595			14.0215			-42.1000			-55.0000			146.0000			59.0000			
-84.0821			34.1729			10.4464			-39.4000			-51.0000			150.0000			49.0000			
-84.6155			38.1110			6.1562			-40.3000			-46.0000			156.0000			38.0000			
-81.9483			35.8607			5.4412			-40.6000			-41.0000			158.0000			26.0000			
-79.8145			32.4852			5.4412			-41.8000			-35.0000			161.0000			15.0000			
-77.1473			30.7975			4.0111			-42.3000			-29.0000			162.0000			8.0000			
-74.4801			29.1098			1.1510			-44.2000			-23.0000			162.0000			-1.0000			
-72.3464			29.6724			-0.9941			-43.6000			-14.0000			161.0000			-9.0000			
-70.2126			30.7975			-3.8542			-43.2000			-5.0000			161.0000			-17.0000			
-65.9451			32.4852			-8.8594			-42.3000			3.0000			160.0000			-25.0000			
-157.6970			105.0573			-81.0770			-133.7000			-26.0000			65.0000			-71.0000			
-84.6155			251.8891			-21.7298			145.5000			-177.0000			10.0000			-232.0000			
-59.5438			143.8749			-26.7350			57.5000			-182.0000			10.0000			-252.0000			
-69.1457			16.7332			-36.0304			-88.4000			-125.0000			31.0000			-207.0000			
-62.7444			12.2326			-31.0252			-81.5000			-102.0000			43.0000			-197.0000			
-46.7412			56.6759			-8.8594			1.0000			-87.0000			33.0000			-199.0000			
-54.7428			26.8595			-16.7246			-44.6000			-71.0000			27.0000			-203.0000			
-31.2714			7.7320			-16.0096			-39.5000			-60.0000			22.0000			-206.0000			
-42.4736			38.1110			-28.1651			-32.5000			-50.0000			18.0000			-209.0000			
-55.2762			38.6735			-22.4449			-39.0000			-41.0000			12.0000			-209.0000			
-49.9418			30.2349			-16.0096			-35.7000			-31.0000			6.0000			-209.0000			
-40.3399			21.2337			-23.1599			-42.2000			-23.0000			-1.0000			-208.0000			
-33.9386			21.2337			-25.3050			-38.0000			-13.0000			-9.0000			-206.0000			
-30.2045			11.1074			-22.4449			-41.5000			-2.0000			-18.0000			-202.0000			
-26.4704			8.8571			-23.1599			-40.7000			7.0000			-27.0000			-201.0000			
-27.0038			9.4197			-24.5899			-42.1000			18.0000			-36.0000			-197.0000			
-24.3366			8.8571			-24.5899			-40.0000			25.0000			-46.0000			-192.0000			
-25.4035			7.1694			-23.1599			-41.3000			31.0000			-54.0000			-186.0000			
-23.2698			2.6688			-22.4449			-43.0000			40.0000			-65.0000			-179.0000			
-18.4688			0.4185			-23.8749			-41.9000			46.0000			-73.0000			-174.0000			
-15.2681			-1.2692			-23.1599			-39.6000			52.0000			-82.0000			-167.0000			
-13.6678			-5.2072			-21.0148			-39.8000			57.0000			-90.0000			-159.0000			
-12.0675			-10.8330			-18.1547			-41.0000			61.0000			-98.0000			-151.0000			
-11.5340			-11.3956			-16.7246			-39.6000			65.0000			-106.0000			-144.0000			
-14.2012			-10.8330			-14.5796			-39.6000			66.0000			-114.0000			-136.0000			
-15.8016			-11.3956			-12.4345			-39.6000			68.0000			-120.0000			-127.0000			
-14.7347			-14.7710			-11.0044			-40.5000			67.0000			-128.0000			-117.0000			
-14.2012			-15.8962			-8.8594			-38.9000			67.0000			-134.0000			-106.0000			
-12.6009			-18.1464			-8.1443			-38.8000			65.0000			-141.0000			-97.0000			
-10.4672			-18.7090			-8.8594			-38.0000			66.0000			-146.0000			-87.0000			
-9.4003			-22.0845			-6.7143			-38.1000			62.0000			-150.0000			-78.0000			
-9.9337			-28.8354			-1.7091			-40.4000			59.0000			-155.0000			-69.0000			
-9.4003			-32.7734			1.1510			-41.0000			56.0000			-161.0000			-57.0000			
-9.4003			-32.7734			3.2961			-38.8000			52.0000			-165.0000			-45.0000			
-11.0006			-32.2108			3.2961			-39.9000			46.0000			-169.0000			-33.0000			
-13.1344			-31.6482			7.5863			-37.2000			38.0000			-173.0000			-22.0000			
-14.7347			-32.2108			9.0163			-37.9000			33.0000			-175.0000			-13.0000			
-15.2681			-31.6482			10.4464			-36.4000			26.0000			-177.0000			-5.0000			
-17.4019			-32.7734			12.5914			-37.5000			18.0000			-177.0000			4.0000			
-19.5357			-32.7734			15.4515			-36.8000			10.0000			-177.0000			12.0000			
-23.2698			-33.8985			21.1718			-35.9000			0.0000			-177.0000			20.0000			
-24.3366			-34.4611			23.3168			-35.4000			-10.0000			-175.0000			28.0000			
-24.3366			-35.0237			25.4619			-33.8000			-20.0000			-172.0000			35.0000			
-24.3366			-32.7734			23.3168			-33.7000			-30.0000			-167.0000			39.0000			
-28.0707			-30.5231			24.7469			-33.8000			-38.0000			-164.0000			44.0000			
-33.4051			-29.3979			29.0370			-33.7000			-49.0000			-158.0000			49.0000			
-32.8717			-32.2108			33.3272			-31.7000			-61.0000			-153.0000			54.0000			
-35.5389			-32.2108			34.0422			-33.7000			-73.0000			-146.0000			58.0000			
-37.1392			-27.1476			33.3272			-30.9000			-84.0000			-139.0000			63.0000			
-39.2730			-24.8973			34.7573			-29.4000			-94.0000			-133.0000			66.0000			
-43.5405			-20.3967			33.3272			-30.6000			-103.0000			-127.0000			65.0000			
-45.1408			-19.2716			34.7573			-29.6000			-111.0000			-119.0000			66.0000			
-47.2746			-15.8962			34.7573			-28.4000			-121.0000			-112.0000			67.0000			
-49.9418			-13.0833			32.6122			-30.4000			-129.0000			-103.0000			67.0000			
-52.6090			-11.3956			35.4723			-28.5000			-139.0000			-94.0000			66.0000			
-55.2762			-11.9581			37.6174			-29.6000			-147.0000			-83.0000			64.0000			
-55.8097			-11.9581			39.0474			-28.7000			-155.0000			-76.0000			62.0000			
-57.4100			-9.7078			39.0474			-28.0000			-161.0000			-68.0000			59.0000			
-61.6775			-2.9569			36.9023			-27.7000			-167.0000			-59.0000			54.0000			
-67.0119			1.5436			38.3324			-27.1000			-174.0000			-48.0000			51.0000			
-69.6792			4.3565			40.4775			-24.8000			-180.0000			-37.0000			45.0000			
-69.6792			6.0442			38.3324			-25.3000			-186.0000			-26.0000			38.0000			
-70.2126			8.2945			36.1873			-25.7000			-190.0000			-16.0000			31.0000			
-70.2126			11.1074			32.6122			-26.4000			-194.0000			-7.0000			24.0000			
-71.8129			13.9203			32.6122			-25.2000			-196.0000			2.0000			17.0000			
-70.2126			15.0454			30.4671			-24.6000			-198.0000			11.0000			10.0000			
-69.6792			17.2957			25.4619			-26.9000			-198.0000			20.0000			0.0000			
-69.6792			20.6712			23.3168			-25.6000			-198.0000			28.0000			-9.0000			
-71.8129			24.0466			23.3168			-24.4000			-197.0000			37.0000			-17.0000			
-72.3464			29.6724			22.6018			-20.0000			-194.0000			46.0000			-26.0000			
-75.5470			26.8595			21.8868			-26.7000			-189.0000			53.0000			-33.0000			
-74.4801			25.1718			21.1718			-28.1000			-186.0000			59.0000			-39.0000			
