59.1486			-38.7430			-20.7264			-0.3000			248.0000			-93.0000			-18.0000			
60.8630			-37.0239			-24.6347			-0.7000			255.0000			-75.0000			-27.0000			
62.0060			-34.1587			-28.5430			-0.6000			261.0000			-58.0000			-36.0000			
62.0060			-31.2935			-31.8930			-1.1000			265.0000			-41.0000			-42.0000			
61.4345			-28.4283			-34.1263			-1.1000			268.0000			-25.0000			-50.0000			
59.1486			-24.4171			-36.3596			-1.6000			270.0000			-9.0000			-57.0000			
56.2911			-19.8328			-38.5930			-2.1000			268.0000			9.0000			-65.0000			
54.5767			-11.2372			-45.2929			-1.9000			267.0000			27.0000			-72.0000			
52.8622			-6.0798			-49.7596			-2.9000			261.0000			44.0000			-80.0000			
50.0048			-2.0685			-51.4346			-3.4000			254.0000			61.0000			-86.0000			
48.2904			-0.9225			-50.8763			-3.5000			245.0000			76.0000			-93.0000			
44.8615			3.0888			-52.5513			-4.6000			234.0000			92.0000			-98.0000			
42.0041			8.2462			-53.6679			-3.4000			222.0000			106.0000			-103.0000			
36.2892			12.8305			-53.6679			-4.5000			206.0000			123.0000			-108.0000			
33.4318			17.9878			-55.9012			-4.4000			190.0000			137.0000			-112.0000			
31.1459			21.9991			-58.6929			-5.5000			174.0000			149.0000			-116.0000			
29.4314			27.1565			-61.4846			-4.8000			157.0000			160.0000			-121.0000			
26.5740			28.3026			-59.2512			-4.3000			138.0000			170.0000			-126.0000			
24.2881			32.3138			-60.3679			-3.7000			120.0000			180.0000			-129.0000			
17.4303			56.3815			-5.0931			68.7000			106.0000			189.0000			-114.0000			
0.2857			47.2129			-87.1678			-39.6000			114.0000			223.0000			-102.0000			
-19.7162			9.9653			-77.1178			-86.8000			101.0000			239.0000			-99.0000			
37.4322			67.2692			-22.9597			81.7000			74.0000			239.0000			-105.0000			
-14.0014			37.4712			-63.7179			-40.2000			58.0000			245.0000			-100.0000			
-20.2877			38.6173			-49.7596			-31.4000			35.0000			243.0000			-101.0000			
1.4287			70.7075			-24.0763			48.0000			9.0000			239.0000			-99.0000			
-33.4318			41.4825			-55.9012			-47.8000			-13.0000			239.0000			-94.0000			
-22.5736			55.2354			-29.1013			3.5000			-41.0000			232.0000			-93.0000			
-20.8592			63.8310			-22.9597			20.0000			-68.0000			225.0000			-91.0000			
-40.8611			48.3589			-46.4096			-38.9000			-90.0000			220.0000			-86.0000			
-24.2881			68.4153			-30.7763			13.3000			-116.0000			209.0000			-86.0000			
-32.2888			63.2580			-33.0096			-2.0000			-139.0000			201.0000			-86.0000			
-44.2900			54.0893			-34.1263			-24.3000			-162.0000			193.0000			-84.0000			
-38.0037			64.4040			-12.3514			14.0000			-184.0000			180.0000			-84.0000			
-51.7193			52.9432			-9.5597			-8.3000			-206.0000			167.0000			-74.0000			
-3.7146			81.5952			-11.2347			66.6000			-209.0000			167.0000			-52.0000			
-78.0075			40.3364			-61.4846			-99.1000			-205.0000			173.0000			-34.0000			
-54.5767			60.3928			1.6069			7.4000			-223.0000			156.0000			-32.0000			
-47.1474			74.1457			20.5902			47.5000			-239.0000			136.0000			-29.0000			
-77.4360			19.1339			-12.3514			-70.6000			-248.0000			121.0000			-20.0000			
-40.2896			50.6511			27.8485			38.2000			-266.0000			98.0000			-19.0000			
-55.7197			42.0555			22.2652			8.6000			-276.0000			76.0000			-9.0000			
-78.5790			18.5609			17.7985			-42.2000			-284.0000			55.0000			-2.0000			
-53.4337			38.6173			50.1817			35.3000			-297.0000			33.0000			-1.0000			
-66.5779			24.8643			29.5235			-12.1000			-303.0000			14.0000			6.0000			
-66.0064			23.1452			26.7318			-16.1000			-310.0000			-7.0000			10.0000			
-50.5763			34.6060			43.4818			27.5000			-317.0000			-27.0000			11.0000			
-60.8630			13.4035			31.1985			-16.2000			-320.0000			-47.0000			16.0000			
-51.1478			11.1114			42.9234			2.8000			-321.0000			-67.0000			19.0000			
-48.8619			11.1114			51.8567			14.1000			-322.0000			-87.0000			22.0000			
-57.4341			-2.0685			47.9484			-11.5000			-318.0000			-107.0000			26.0000			
-47.1474			-0.9225			56.8817			8.8000			-313.0000			-127.0000			29.0000			
-43.7185			-6.6528			57.4401			7.0000			-307.0000			-146.0000			31.0000			
-44.2900			-15.8215			55.2067			-4.9000			-299.0000			-165.0000			33.0000			
-35.7177			-12.9563			58.5567			9.8000			-288.0000			-183.0000			33.0000			
-34.5748			-18.6867			56.3234			3.0000			-276.0000			-199.0000			36.0000			
-32.2888			-23.2710			56.3234			0.7000			-262.0000			-215.0000			38.0000			
-27.7170			-23.8440			62.4650			10.9000			-249.0000			-229.0000			39.0000			
-27.7170			-29.5744			59.1151			1.8000			-234.0000			-241.0000			40.0000			
-23.1451			-33.0127			62.4650			6.3000			-219.0000			-252.0000			42.0000			
-18.5732			-37.5970			63.5817			7.4000			-202.0000			-263.0000			43.0000			
-12.2869			-39.8891			56.8817			4.7000			-183.0000			-271.0000			45.0000			
-3.1432			-45.6195			54.6484			5.8000			-162.0000			-278.0000			46.0000			
0.8572			-47.9117			54.0901			7.0000			-142.0000			-283.0000			45.0000			
3.1432			-50.7769			51.8567			4.2000			-121.0000			-286.0000			44.0000			
7.1435			-47.3386			46.8318			6.6000			-97.0000			-287.0000			43.0000			
12.2869			-50.2038			43.4818			5.5000			-76.0000			-287.0000			39.0000			
16.2873			-54.2151			42.9234			4.9000			-53.0000			-283.0000			36.0000			
20.8592			-54.2151			40.1318			6.7000			-29.0000			-279.0000			33.0000			
26.0025			-57.0803			36.2235			5.1000			-4.0000			-274.0000			29.0000			
30.5744			-58.7994			33.4318			5.2000			19.0000			-268.0000			25.0000			
35.1462			-62.2377			32.8735			5.7000			43.0000			-261.0000			23.0000			
36.2892			-61.6646			29.5235			4.1000			64.0000			-253.0000			20.0000			
39.7181			-61.0916			24.4985			3.1000			87.0000			-243.0000			18.0000			
42.0041			-57.6533			19.4735			3.8000			109.0000			-233.0000			17.0000			
48.2904			-55.3612			11.6569			4.5000			130.0000			-220.0000			13.0000			
52.8622			-54.7882			4.9569			3.0000			150.0000			-206.0000			8.0000			
55.7197			-52.4960			0.4902			3.7000			170.0000			-191.0000			4.0000			
54.5767			-50.2038			-0.6264			3.7000			188.0000			-175.0000			-1.0000			
55.7197			-46.7656			-5.0931			3.8000			202.0000			-157.0000			-7.0000			
56.8626			-45.0465			-10.1181			1.6000			217.0000			-137.0000			-12.0000			
57.4341			-43.3274			-13.4680			0.6000			229.0000			-117.0000			-17.0000			
59.7200			-39.8891			-18.4930			1.3000			239.0000			-96.0000			-23.0000			
60.8630			-34.1587			-24.0763			2.6000			249.0000			-75.0000			-30.0000			
62.0060			-33.5857			-28.5430			-0.1000			259.0000			-57.0000			-36.0000			
61.4345			-30.7205			-30.2180			0.5000			266.0000			-38.0000			-40.0000			
60.2915			-28.4283			-32.4513			-0.5000			271.0000			-19.0000			-45.0000			
59.1486			-23.2710			-36.3596			-0.4000			276.0000			-1.0000			-51.0000			
55.7197			-17.5406			-39.1513			-0.9000			277.0000			18.0000			-56.0000			
53.4337			-12.3832			-43.6179			-2.5000			277.0000			38.0000			-63.0000			
51.7193			-6.6528			-47.5263			-2.4000			274.0000			57.0000			-67.0000			
50.5763			-2.0685			-49.7596			-1.2000			269.0000			74.0000			-71.0000			
47.7189			0.2236			-50.3179			-2.3000			263.0000			93.0000			-76.0000			
44.2900			3.0888			-51.4346			-4.0000			253.0000			111.0000			-81.0000			
40.8611			8.8192			-53.1096			-3.4000			241.0000			127.0000			-83.0000			
36.8607			12.8305			-53.6679			-3.9000			228.0000			142.0000			-88.0000			
32.2888			17.4148			-54.2262			-4.5000			214.0000			157.0000			-91.0000			
30.5744			22.5722			-57.5762			-4.4000			198.0000			171.0000			-94.0000			
29.4314			26.5834			-60.3679			-4.3000			182.0000			183.0000			-98.0000			
27.1455			28.8756			-59.8096			-3.7000			165.0000			193.0000			-102.0000			
23.1451			30.5947			-59.2512			-5.5000			149.0000			203.0000			-105.0000			
19.1447			34.6060			-58.6929			-4.9000			129.0000			211.0000			-107.0000			
12.8584			38.6173			-55.9012			-4.4000			108.0000			218.0000			-110.0000			
4.8576			42.6285			-53.1096			-5.6000			87.0000			223.0000			-111.0000			
-0.2857			46.0668			-51.4346			-5.6000			63.0000			227.0000			-112.0000			
-3.7146			48.3589			-48.6429			-3.9000			40.0000			228.0000			-113.0000			
-7.1435			48.3589			-46.4096			-5.1000			17.0000			228.0000			-110.0000			
-11.7154			50.0780			-43.6179			-5.2000			-8.0000			227.0000			-111.0000			
-16.2873			53.5163			-42.5013			-5.2000			-31.0000			223.0000			-108.0000			
-20.8592			54.6624			-38.0346			-4.2000			-56.0000			218.0000			-105.0000			
-26.5740			56.9545			-34.1263			-3.7000			-82.0000			213.0000			-101.0000			
-30.5744			57.5276			-32.4513			-5.4000			-106.0000			206.0000			-99.0000			
-34.0033			60.3928			-30.2180			-3.8000			-129.0000			199.0000			-97.0000			
-35.7177			60.3928			-27.4263			-2.7000			-152.0000			191.0000			-94.0000			
-28.2884			24.2913			66.3734			62.3000			-174.0000			180.0000			-76.0000			
-18.5732			60.9658			3.2819			45.6000			-166.0000			197.0000			-61.0000			
-63.7204			9.9653			-60.9262			-114.6000			-169.0000			201.0000			-43.0000			
-15.1443			70.7075			3.8402			59.4000			-196.0000			181.0000			-50.0000			
-52.8622			60.9658			12.7735			20.8000			-214.0000			162.0000			-42.0000			
-75.1501			35.7521			-0.6264			-40.0000			-226.0000			150.0000			-33.0000			
-44.2900			60.3928			23.3818			39.4000			-241.0000			133.0000			-30.0000			
-60.8630			35.7521			10.5402			-14.5000			-252.0000			115.0000			-18.0000			
-64.2919			33.4599			23.3818			-7.4000			-263.0000			94.0000			-14.0000			
-57.4341			44.3477			35.6651			22.5000			-276.0000			72.0000			-8.0000			
-67.7208			30.0217			15.5652			-22.1000			-284.0000			54.0000			0.0000			
-58.0056			37.4712			23.3818			2.8000			-293.0000			31.0000			5.0000			
-56.2911			36.3251			28.9651			9.0000			-300.0000			12.0000			9.0000			
-62.5775			21.4261			27.2902			-13.8000			-306.0000			-4.0000			14.0000			
-55.1482			24.8643			42.3651			12.0000			-310.0000			-24.0000			15.0000			
-57.4341			15.1226			44.0401			1.7000			-313.0000			-44.0000			21.0000			
-58.5771			8.2462			44.5984			-5.7000			-314.0000			-63.0000			24.0000			
-50.5763			5.3810			55.2067			10.0000			-312.0000			-84.0000			29.0000			
-52.2908			-2.6416			54.0901			-0.8000			-309.0000			-104.0000			34.0000			
-48.2904			-4.3607			52.4151			-0.2000			-302.0000			-122.0000			37.0000			
-40.8611			-3.2146			52.4151			8.3000			-296.0000			-142.0000			40.0000			
-41.4326			-9.5180			50.1817			-0.7000			-286.0000			-159.0000			41.0000			
-36.2892			-12.9563			54.0901			4.8000			-275.0000			-175.0000			43.0000			
-31.7173			-15.8215			55.2067			7.6000			-262.0000			-193.0000			45.0000			
-31.1459			-24.4171			57.9984			2.4000			-248.0000			-207.0000			47.0000			
-28.8599			-29.0014			63.5817			5.7000			-235.0000			-221.0000			48.0000			
-26.5740			-31.2935			63.5817			5.7000			-219.0000			-233.0000			50.0000			
-23.1451			-34.1587			60.7900			3.4000			-202.0000			-244.0000			52.0000			
-16.8588			-38.7430			61.3484			5.7000			-187.0000			-253.0000			56.0000			
-10.5724			-41.0352			56.8817			5.2000			-168.0000			-260.0000			55.0000			
-3.7146			-42.7543			51.8567			5.3000			-148.0000			-269.0000			55.0000			
1.4287			-45.0465			50.1817			6.5000			-127.0000			-273.0000			54.0000			
5.4291			-49.0578			47.3901			3.7000			-105.0000			-276.0000			54.0000			
7.7150			-49.6308			46.8318			4.9000			-83.0000			-277.0000			50.0000			
12.2869			-51.3499			45.1568			6.1000			-61.0000			-276.0000			47.0000			
16.2873			-54.7882			44.0401			5.5000			-39.0000			-274.0000			43.0000			
21.4306			-58.2264			42.3651			5.5000			-14.0000			-270.0000			40.0000			
26.5740			-58.2264			36.7818			5.1000			9.0000			-265.0000			36.0000			
31.1459			-58.2264			32.3151			5.2000			32.0000			-259.0000			33.0000			
35.1462			-60.5185			30.0818			4.7000			53.0000			-254.0000			30.0000			
36.8607			-61.6646			28.4068			3.6000			76.0000			-246.0000			27.0000			
40.2896			-58.7994			23.9402			5.4000			97.0000			-236.0000			23.0000			
43.1470			-55.9342			17.7985			5.0000			118.0000			-226.0000			20.0000			
47.1474			-55.9342			11.6569			2.8000			139.0000			-213.0000			15.0000			
52.2908			-56.5073			5.5152			1.3000			157.0000			-200.0000			11.0000			
55.7197			-53.0690			1.0486			3.7000			177.0000			-186.0000			5.0000			
55.7197			-49.6308			-2.3014			3.7000			192.0000			-170.0000			-1.0000			
55.1482			-47.3386			-5.0931			2.7000			207.0000			-152.0000			-6.0000			
56.2911			-43.9004			-11.2347			1.1000			220.0000			-134.0000			-12.0000			
58.0056			-41.0352			-16.2597			0.7000			231.0000			-115.0000			-18.0000			
59.1486			-38.7430			-20.7264			-0.3000			241.0000			-95.0000			-25.0000			
60.8630			-34.1587			-25.7513			0.9000			251.0000			-76.0000			-33.0000			
60.8630			-33.0127			-29.6597			-1.8000			258.0000			-57.0000			-39.0000			
62.0060			-32.4396			-31.3347			-1.7000			262.0000			-38.0000			-46.0000			
60.8630			-29.5744			-32.4513			-1.1000			268.0000			-22.0000			-50.0000			
58.0056			-23.2710			-36.3596			-1.6000			270.0000			-3.0000			-57.0000			
55.1482			-15.8215			-40.8263			-1.5000			271.0000			16.0000			-62.0000			
54.0052			-10.6641			-45.8513			-2.5000			269.0000			35.0000			-69.0000			
52.8622			-5.5068			-49.2013			-1.8000			266.0000			53.0000			-74.0000			
49.4333			-1.4955			-50.3179			-2.3000			260.0000			71.0000			-81.0000			
47.1474			0.2236			-51.4346			-4.0000			253.0000			88.0000			-85.0000			
44.8615			4.2349			-51.9929			-2.8000			241.0000			105.0000			-89.0000			
40.2896			8.2462			-52.5513			-4.0000			230.0000			122.0000			-94.0000			
36.2892			14.5496			-54.7846			-3.9000			217.0000			136.0000			-97.0000			
32.8603			19.1339			-55.9012			-3.9000			202.0000			151.0000			-101.0000			
30.0029			21.9991			-57.0179			-5.0000			186.0000			164.0000			-105.0000			
28.8599			27.1565			-60.3679			-4.3000			170.0000			177.0000			-108.0000			
26.0025			30.5947			-61.4846			-4.8000			153.0000			187.0000			-111.0000			
22.5736			32.8869			-60.3679			-4.9000			135.0000			195.0000			-115.0000			
16.8588			34.0329			-56.4596			-5.5000			115.0000			204.0000			-116.0000			
10.0010			39.7633			-55.9012			-6.1000			95.0000			210.0000			-119.0000			
4.8576			44.9207			-53.6679			-3.8000			73.0000			216.0000			-120.0000			
-2.0002			47.2129			-50.8763			-5.6000			51.0000			219.0000			-121.0000			
-4.8576			47.7859			-48.0846			-5.1000			29.0000			221.0000			-121.0000			
-7.7150			49.5050			-45.8513			-4.0000			5.0000			222.0000			-119.0000			
-12.2869			51.7972			-44.1763			-4.6000			-18.0000			220.0000			-118.0000			
-17.4303			53.5163			-41.3846			-5.2000			-44.0000			216.0000			-114.0000			
-22.5736			55.8084			-38.0346			-4.7000			-68.0000			211.0000			-106.0000			
22.0021			87.8986			-43.6179			66.2000			-77.0000			221.0000			-84.0000			
-52.2908			50.0780			-94.9844			-97.1000			-75.0000			235.0000			-68.0000			
-31.1459			72.9996			-31.8930			9.9000			-100.0000			226.0000			-68.0000			
-27.1455			87.3256			-16.2597			43.9000			-121.0000			219.0000			-68.0000			
-61.4345			35.7521			-46.4096			-72.0000			-135.0000			213.0000			-61.0000			
-28.2884			66.1231			0.4902			38.3000			-161.0000			199.0000			-62.0000			
-47.7189			55.8084			-3.4181			4.6000			-180.0000			187.0000			-53.0000			
-70.5782			36.3251			-7.8847			-42.1000			-199.0000			174.0000			-47.0000			
-49.4333			60.3928			22.8235			33.7000			-219.0000			157.0000			-43.0000			
-62.0060			47.2129			1.0486			-13.7000			-234.0000			141.0000			-36.0000			
-58.5771			44.3477			-1.7431			-15.9000			-249.0000			123.0000			-31.0000			
-46.5759			55.2354			16.1235			24.7000			-263.0000			103.0000			-28.0000			
-63.7204			38.0442			6.6319			-19.0000			-274.0000			83.0000			-22.0000			
-59.7200			39.1903			21.1485			0.6000			-286.0000			63.0000			-16.0000			
-59.7200			39.1903			31.1985			10.6000			-295.0000			43.0000			-11.0000			
-69.4353			25.4374			28.9651			-15.0000			-304.0000			23.0000			-6.0000			
-64.2919			30.0217			41.2484			6.9000			-310.0000			3.0000			-2.0000			
-62.5775			23.7182			41.8068			2.9000			-317.0000			-16.0000			3.0000			
-62.0060			15.1226			39.5734			-7.3000			-321.0000			-35.0000			9.0000			
-53.4337			15.6957			47.3901			9.6000			-323.0000			-55.0000			13.0000			
-53.4337			9.3923			45.1568			1.1000			-322.0000			-75.0000			18.0000			
-51.1478			5.3810			46.2734			0.5000			-321.0000			-94.0000			23.0000			
-47.7189			4.2349			51.8567			8.3000			-317.0000			-114.0000			26.0000			
-49.4333			-2.0685			51.2984			-0.1000			-310.0000			-131.0000			30.0000			
-45.4330			-6.6528			55.7651			3.6000			-303.0000			-148.0000			32.0000			
-40.2896			-10.6641			56.8817			5.9000			-292.0000			-166.0000			35.0000			
-38.5751			-19.2597			57.9984			0.1000			-279.0000			-182.0000			37.0000			
-32.2888			-23.8440			61.9067			5.7000			-266.0000			-198.0000			41.0000			
-30.0029			-25.5631			61.3484			5.7000			-252.0000			-212.0000			44.0000			
-28.2884			-29.5744			61.9067			4.0000			-236.0000			-225.0000			47.0000			
-24.8595			-30.1475			60.7900			5.7000			-221.0000			-236.0000			49.0000			
-22.0021			-34.1587			61.3484			5.1000			-204.0000			-247.0000			53.0000			
-16.8588			-39.3161			60.2317			4.0000			-186.0000			-255.0000			55.0000			
-8.2865			-41.0352			57.4401			8.1000			-165.0000			-261.0000			55.0000			
-2.0002			-46.7656			55.7651			7.0000			-145.0000			-267.0000			57.0000			
2.0002			-49.6308			54.0901			6.4000			-121.0000			-272.0000			57.0000			
6.5721			-52.4960			52.4151			6.4000			-100.0000			-274.0000			55.0000			
9.4295			-52.4960			47.3901			4.3000			-76.0000			-273.0000			55.0000			
15.1443			-53.6421			45.1568			6.6000			-53.0000			-273.0000			52.0000			
19.1447			-56.5073			42.9234			5.5000			-30.0000			-270.0000			50.0000			
23.1451			-58.7994			41.2484			5.6000			-6.0000			-265.0000			45.0000			
29.4314			-59.3725			35.6651			5.7000			20.0000			-259.0000			42.0000			
32.8603			-61.0916			32.3151			4.0000			43.0000			-254.0000			39.0000			
37.4322			-63.9568			31.7568			5.2000			66.0000			-244.0000			37.0000			
39.7181			-64.5298			28.9651			4.1000			88.0000			-239.0000			35.0000			
42.0041			-61.6646			25.0568			5.4000			111.0000			-228.0000			33.0000			
45.4330			-57.6533			15.5652			3.3000			131.0000			-217.0000			29.0000			
49.4333			-55.3612			9.9819			4.0000			152.0000			-204.0000			25.0000			
54.0052			-55.3612			3.8402			2.4000			172.0000			-190.0000			21.0000			
56.8626			-54.7882			-1.1848			0.8000			190.0000			-176.0000			15.0000			
57.4341			-50.7769			-5.0931			1.5000			207.0000			-159.0000			10.0000			
59.1486			-47.9117			-9.5597			1.6000			221.0000			-141.0000			4.0000			
58.5771			-44.4734			-14.0264			0.0000			233.0000			-125.0000			-2.0000			
60.8630			-43.3274			-16.8180			0.7000			244.0000			-104.0000			-9.0000			
35.7177			-47.3386			-57.5762			-69.1000			243.0000			-91.0000			-35.0000			
77.4360			-41.6082			43.4818			79.3000			230.0000			-95.0000			-52.0000			
80.8649			-33.0127			-30.2180			17.6000			238.0000			-73.0000			-58.0000			
42.0041			-53.6421			-51.9929			-63.6000			244.0000			-55.0000			-61.0000			
80.8649			-0.3494			-15.7014			64.8000			243.0000			-42.0000			-71.0000			
47.7189			-26.1362			-50.8763			-29.2000			249.0000			-23.0000			-73.0000			
52.8622			-20.9788			-51.9929			-20.1000			248.0000			-2.0000			-81.0000			
72.2927			9.9653			-38.0346			44.2000			245.0000			15.0000			-90.0000			
44.2900			-8.9450			-68.1845			-32.8000			244.0000			36.0000			-92.0000			
50.5763			3.6619			-51.9929			2.2000			236.0000			55.0000			-100.0000			
52.8622			6.5271			-43.6179			15.7000			228.0000			73.0000			-104.0000			
35.7177			-5.5068			-59.2512			-29.0000			221.0000			91.0000			-105.0000			
44.2900			13.9766			-48.0846			10.1000			209.0000			108.0000			-109.0000			
37.4322			15.1226			-52.5513			0.0000			196.0000			125.0000			-111.0000			
30.0029			16.8418			-63.7179			-16.8000			184.0000			139.0000			-112.0000			
36.2892			30.0217			-58.1346			8.1000			168.0000			153.0000			-115.0000			
27.7170			28.8756			-65.9512			-9.3000			155.0000			167.0000			-117.0000			
23.7166			33.4599			-65.9512			-8.7000			140.0000			179.0000			-119.0000			
23.1451			40.3364			-59.8096			3.6000			122.0000			191.0000			-121.0000			
14.0014			36.8981			-61.4846			-10.5000			106.0000			198.0000			-121.0000			
8.8580			42.0555			-54.2262			-3.3000			87.0000			207.0000			-121.0000			
3.1432			47.7859			-51.4346			-0.5000			67.0000			215.0000			-121.0000			
-3.7146			46.0668			-50.3179			-7.9000			46.0000			220.0000			-120.0000			
-5.4291			51.2241			-47.5263			-1.7000			27.0000			223.0000			-117.0000			
-8.8580			52.3702			-46.4096			-2.8000			5.0000			226.0000			-114.0000			
-15.7158			54.6624			-44.7346			-5.7000			-14.0000			225.0000			-109.0000			
-18.5732			59.2467			-41.9430			-1.2000			-37.0000			223.0000			-104.0000			
-26.0025			58.6736			-38.0346			-5.3000			-60.0000			222.0000			-99.0000			
-30.5744			60.3928			-35.2430			-5.4000			-81.0000			218.0000			-93.0000			
-33.4318			61.5388			-30.2180			-2.1000			-103.0000			213.0000			-90.0000			
-36.8607			62.1119			-29.1013			-3.8000			-122.0000			209.0000			-86.0000			
-39.1466			61.5388			-25.1930			-2.7000			-142.0000			202.0000			-81.0000			
-42.0041			59.8197			-20.7264			-2.9000			-162.0000			194.0000			-77.0000			
-46.0044			56.9545			-14.0264			-3.0000			-181.0000			184.0000			-71.0000			
-52.2908			55.8084			-6.2097			-2.6000			-199.0000			173.0000			-65.0000			
-55.1482			54.6624			-1.7431			-2.2000			-216.0000			161.0000			-58.0000			
-57.4341			52.3702			3.8402			-1.2000			-231.0000			148.0000			-50.0000			
-58.5771			51.2241			7.7486			0.3000			-245.0000			134.0000			-43.0000			
-59.7200			48.3589			11.0985			-0.2000			-257.0000			117.0000			-35.0000			
-59.7200			44.9207			15.5652			0.7000			-267.0000			101.0000			-28.0000			
-59.7200			39.7633			21.1485			1.1000			-276.0000			81.0000			-20.0000			
-63.1489			36.3251			26.1735			-0.6000			-284.0000			64.0000			-12.0000			
-64.2919			34.0329			30.0818			-0.1000			-290.0000			46.0000			-3.0000			
-66.0064			32.3138			34.5485			0.8000			-296.0000			29.0000			5.0000			
-64.2919			28.8756			36.7818			1.3000			-300.0000			11.0000			13.0000			
-63.7204			26.0104			39.0151			1.3000			-302.0000			-5.0000			18.0000			
-60.2915			20.2800			42.3651			2.3000			-304.0000			-23.0000			25.0000			
-56.8626			12.8305			47.9484			3.9000			-302.0000			-40.0000			32.0000			
-55.1482			7.1001			51.8567			3.8000			-299.0000			-57.0000			39.0000			
-52.8622			2.5158			54.6484			4.3000			-295.0000			-75.0000			47.0000			
-51.1478			0.2236			55.2067			4.2000			-287.0000			-92.0000			52.0000			
-47.7189			-4.3607			55.7651			3.6000			-279.0000			-110.0000			58.0000			
-45.4330			-8.3720			57.4401			3.6000			-270.0000			-124.0000			62.0000			
-41.4326			-14.1024			58.5567			3.0000			-257.0000			-141.0000			66.0000			
-36.2892			-17.5406			58.5567			4.7000			-243.0000			-156.0000			69.0000			
-32.8603			-23.8440			61.9067			5.2000			-229.0000			-171.0000			74.0000			
-30.5744			-28.4283			63.0234			4.0000			-212.0000			-184.0000			77.0000			
-28.2884			-30.7205			64.6984			5.6000			-197.0000			-197.0000			80.0000			
-25.4310			-34.1587			64.6984			5.1000			-180.0000			-207.0000			83.0000			
-22.5736			-37.0239			63.5817			3.9000			-163.0000			-217.0000			85.0000			
-15.1443			-41.0352			61.9067			5.7000			-145.0000			-224.0000			87.0000			
-8.2865			-43.9004			56.8817			4.7000			-125.0000			-232.0000			88.0000			
-22.5736			-79.4288			-11.7931			-113.7000			-106.0000			-240.0000			71.0000			
16.8588			-53.6421			51.2984			14.5000			-114.0000			-269.0000			58.0000			
19.7162			-7.2259			76.4233			88.9000			-104.0000			-284.0000			50.0000			
-24.8595			-73.6984			15.5652			-82.9000			-76.0000			-280.0000			54.0000			
25.4310			-49.6308			61.9067			37.7000			-61.0000			-282.0000			44.0000			
35.7177			-47.9117			52.4151			40.2000			-41.0000			-281.0000			41.0000			
6.5721			-79.4288			17.2402			-55.6000			-12.0000			-273.0000			39.0000			
47.1474			-49.0578			50.1817			48.2000			6.0000			-271.0000			29.0000			
38.0037			-61.0916			25.6152			2.5000			29.0000			-265.0000			28.0000			
32.8603			-72.5524			13.8902			-25.8000			53.0000			-257.0000			26.0000			
50.5763			-50.2038			40.6901			41.0000			73.0000			-250.0000			20.0000			
33.4318			-66.2489			22.8235			-9.9000			96.0000			-239.0000			19.0000			
39.7181			-61.6646			20.0318			-1.9000			117.0000			-229.0000			15.0000			
54.5767			-50.2038			21.1485			25.5000			136.0000			-216.0000			11.0000			
48.2904			-61.6646			-1.1848			-14.5000			156.0000			-201.0000			8.0000			
60.8630			-51.3499			-0.6264			8.8000			174.0000			-186.0000			3.0000			
62.5775			-47.9117			-4.5347			10.1000			190.0000			-170.0000			-3.0000			
56.2911			-50.7769			-16.2597			-10.7000			206.0000			-151.0000			-6.0000			
64.8634			-39.3161			-14.5847			10.9000			217.0000			-132.0000			-14.0000			
60.8630			-38.7430			-19.0514			3.0000			230.0000			-111.0000			-20.0000			
58.0056			-39.8891			-25.1930			-7.0000			240.0000			-90.0000			-27.0000			
62.5775			-33.5857			-21.8430			7.1000			249.0000			-72.0000			-33.0000			
59.7200			-35.3048			-27.9847			-3.5000			257.0000			-52.0000			-38.0000			
60.8630			-31.2935			-31.3347			-1.7000			265.0000			-33.0000			-42.0000			
63.1489			-24.4171			-33.5680			5.1000			268.0000			-14.0000			-47.0000			
59.7200			-22.6979			-41.3846			-4.3000			272.0000			3.0000			-52.0000			
57.4341			-12.9563			-44.1763			0.3000			274.0000			23.0000			-56.0000			
56.2911			-7.2259			-49.2013			-0.1000			273.0000			43.0000			-63.0000			
52.8622			-2.6416			-54.2262			-4.0000			271.0000			63.0000			-68.0000			
50.5763			1.3697			-53.1096			-1.1000			265.0000			80.0000			-73.0000			
47.1474			1.9427			-52.5513			-3.4000			260.0000			99.0000			-77.0000			
42.5755			5.3810			-53.1096			-5.1000			249.0000			115.0000			-81.0000			
40.2896			11.1114			-54.2262			-2.8000			236.0000			132.0000			-83.0000			
36.8607			15.1226			-55.3429			-3.3000			225.0000			147.0000			-86.0000			
32.2888			20.8530			-58.1346			-4.9000			210.0000			164.0000			-90.0000			
31.1459			26.5834			-60.3679			-2.6000			195.0000			176.0000			-93.0000			
28.2884			29.4486			-64.2762			-6.5000			179.0000			189.0000			-97.0000			
26.0025			32.3138			-62.6012			-4.2000			162.0000			199.0000			-100.0000			
22.0021			34.6060			-61.4846			-4.8000			144.0000			207.0000			-102.0000			
15.7158			36.3251			-58.1346			-6.0000			126.0000			215.0000			-105.0000			
9.4295			41.4825			-55.3429			-4.4000			106.0000			222.0000			-108.0000			
1.4287			44.9207			-52.5513			-6.1000			84.0000			228.0000			-108.0000			
-3.1432			48.3589			-50.3179			-5.1000			62.0000			232.0000			-109.0000			
-6.0006			47.7859			-48.0846			-6.2000			39.0000			232.0000			-109.0000			
-8.8580			49.5050			-46.4096			-5.7000			15.0000			233.0000			-107.0000			
-14.0014			52.9432			-44.7346			-5.7000			-8.0000			230.0000			-105.0000			
-18.5732			54.6624			-42.5013			-6.4000			-32.0000			226.0000			-102.0000			
-22.5736			55.8084			-38.5930			-5.3000			-57.0000			221.0000			-99.0000			
-30.0029			58.1006			-34.6846			-6.5000			-82.0000			215.0000			-95.0000			
-33.4318			59.8197			-31.8930			-5.4000			-106.0000			208.0000			-93.0000			
-36.2892			59.8197			-29.1013			-5.5000			-129.0000			203.0000			-93.0000			
-16.8588			83.3143			32.3151			98.7000			-150.0000			194.0000			-75.0000			
-21.4306			59.2467			2.7236			40.5000			-147.0000			208.0000			-62.0000			
-56.8626			20.8530			-57.0179			-93.0000			-155.0000			208.0000			-49.0000			
-16.2873			71.8535			11.6569			67.2000			-178.0000			191.0000			-49.0000			
-58.5771			50.6511			-9.5597			-17.4000			-193.0000			180.0000			-42.0000			
-75.7216			39.7633			-13.4680			-49.4000			-208.0000			166.0000			-36.0000			
-39.1466			64.9771			26.7318			52.5000			-227.0000			146.0000			-33.0000			
-66.0064			32.3138			3.2819			-30.4000			-241.0000			129.0000			-22.0000			
-67.7208			37.4712			18.9152			-11.3000			-254.0000			109.0000			-18.0000			
-52.2908			47.7859			35.1068			30.6000			-268.0000			87.0000			-12.0000			
-70.0068			25.4374			12.7735			-31.7000			-276.0000			67.0000			-5.0000			
-58.5771			36.8981			25.0568			3.3000			-287.0000			45.0000			-1.0000			
-56.8626			31.1677			30.6401			4.9000			-295.0000			26.0000			5.0000			
-66.5779			20.8530			22.2652			-23.4000			-302.0000			8.0000			9.0000			
-56.2911			27.1565			38.4568			9.3000			-309.0000			-12.0000			12.0000			
-60.2915			16.8418			40.1318			-3.3000			-313.0000			-31.0000			15.0000			
-62.0060			6.5271			42.9234			-12.5000			-314.0000			-50.0000			18.0000			
-52.2908			7.1001			54.0901			8.9000			-315.0000			-72.0000			24.0000			
-55.1482			-3.2146			51.2984			-7.0000			-312.0000			-91.0000			28.0000			
-51.1478			-4.9337			53.5317			-2.5000			-309.0000			-113.0000			33.0000			
-44.8615			-2.0685			54.0901			7.1000			-304.0000			-129.0000			35.0000			
-45.4330			-9.5180			50.1817			-4.7000			-296.0000			-149.0000			38.0000			
-39.7181			-10.0911			52.4151			2.6000			-286.0000			-166.0000			39.0000			
-35.7177			-14.6754			54.0901			3.6000			-275.0000			-183.0000			41.0000			
-33.4318			-22.6979			55.2067			-0.9000			-261.0000			-199.0000			43.0000			
-30.0029			-24.9901			60.7900			5.8000			-247.0000			-213.0000			45.0000			
-29.4314			-31.8666			64.1400			2.8000			-233.0000			-226.0000			46.0000			
-27.1455			-33.5857			61.9067			1.1000			-218.0000			-238.0000			50.0000			
-21.4306			-35.8779			63.0234			5.7000			-202.0000			-248.0000			51.0000			
-17.4303			-38.7430			59.6734			3.4000			-185.0000			-257.0000			53.0000			
-8.8580			-41.6082			54.0901			3.6000			-166.0000			-265.0000			53.0000			
-1.4287			-43.9004			51.8567			6.5000			-145.0000			-270.0000			54.0000			
2.0002			-46.7656			49.0651			4.3000			-124.0000			-275.0000			52.0000			
5.4291			-47.9117			48.5068			6.0000			-102.0000			-278.0000			52.0000			
8.8580			-49.0578			46.8318			6.6000			-79.0000			-278.0000			49.0000			
12.2869			-53.6421			44.0401			2.6000			-56.0000			-276.0000			46.0000			
17.4303			-55.3612			44.0401			6.1000			-34.0000			-273.0000			42.0000			
20.2877			-57.0803			40.6901			3.9000			-10.0000			-269.0000			38.0000			
27.1455			-58.7994			35.1068			3.4000			14.0000			-263.0000			34.0000			
31.1459			-59.3725			32.3151			4.0000			37.0000			-257.0000			32.0000			
34.0033			-59.9455			30.0818			4.1000			60.0000			-250.0000			29.0000			
36.8607			-58.7994			25.6152			3.6000			82.0000			-243.0000			27.0000			
39.1466			-58.7994			23.3818			3.7000			102.0000			-233.0000			23.0000			
42.5755			-54.7882			16.1235			3.9000			123.0000			-221.0000			20.0000			
46.0044			-53.6421			11.0985			3.4000			144.0000			-209.0000			15.0000			
51.1478			-53.0690			5.5152			3.6000			162.0000			-195.0000			11.0000			
52.8622			-51.9230			0.4902			1.4000			181.0000			-180.0000			5.0000			
54.0052			-49.0578			-1.7431			3.2000			197.0000			-163.0000			-1.0000			
55.1482			-46.1926			-6.2097			2.7000			210.0000			-146.0000			-6.0000			
56.2911			-43.3274			-11.2347			1.7000			223.0000			-125.0000			-12.0000			
56.8626			-39.8891			-16.2597			0.7000			234.0000			-106.0000			-18.0000			
57.4341			-35.3048			-21.2847			0.8000			244.0000			-86.0000			-26.0000			
59.1486			-34.1587			-25.7513			-0.7000			254.0000			-68.0000			-31.0000			
59.7200			-31.2935			-27.9847			0.4000			260.0000			-49.0000			-38.0000			
59.7200			-31.2935			-29.6597			-1.2000			267.0000			-31.0000			-43.0000			
58.0056			-26.7092			-31.8930			-0.5000			270.0000			-13.0000			-50.0000			
56.2911			-21.5519			-35.2430			-0.5000			273.0000			5.0000			-57.0000			
54.0052			-15.8215			-39.1513			-0.9000			274.0000			22.0000			-61.0000			
50.5763			-8.9450			-44.7346			-3.0000			270.0000			42.0000			-67.0000			
50.5763			-5.5068			-47.5263			-2.4000			267.0000			60.0000			-74.0000			
47.7189			-0.3494			-49.7596			-2.3000			261.0000			78.0000			-80.0000			
45.4330			0.2236			-49.2013			-3.5000			252.0000			95.0000			-83.0000			
41.4326			5.9540			-50.3179			-2.9000			243.0000			112.0000			-87.0000			
38.5751			9.3923			-51.9929			-4.0000			230.0000			128.0000			-91.0000			
35.1462			13.4035			-52.5513			-3.9000			215.0000			143.0000			-95.0000			
31.7173			20.2800			-55.3429			-3.3000			200.0000			157.0000			-99.0000			
29.4314			21.9991			-55.9012			-4.4000			185.0000			170.0000			-103.0000			
28.2884			26.5834			-59.8096			-4.9000			167.0000			181.0000			-106.0000			
25.4310			28.8756			-59.2512			-4.9000			150.0000			191.0000			-111.0000			
21.4306			31.7408			-58.6929			-5.5000			132.0000			200.0000			-115.0000			
16.2873			32.3138			-54.2262			-5.6000			112.0000			207.0000			-117.0000			
10.0010			37.4712			-52.5513			-5.0000			90.0000			213.0000			-119.0000			
4.2861			42.6285			-51.4346			-4.5000			69.0000			218.0000			-120.0000			
-2.0002			44.9207			-48.0846			-5.1000			46.0000			221.0000			-122.0000			
-4.2861			45.4937			-46.4096			-5.1000			23.0000			222.0000			-121.0000			
-7.7150			45.4937			-43.6179			-5.8000			-1.0000			223.0000			-119.0000			
-12.8584			50.0780			-41.3846			-4.1000			-24.0000			219.0000			-117.0000			
-16.2873			51.7972			-39.7096			-4.2000			-48.0000			213.0000			-114.0000			
3.1432			65.5501			-33.5680			35.1000			-65.0000			219.0000			-91.0000			
-54.0052			60.3928			-72.0929			-65.6000			-61.0000			237.0000			-75.0000			
-50.0048			48.9320			-46.4096			-47.4000			-81.0000			233.0000			-69.0000			
2.0002			83.8874			-0.6264			85.2000			-106.0000			223.0000			-73.0000			
-47.7189			34.6060			-47.5263			-60.6000			-122.0000			219.0000			-66.0000			
-39.7181			55.8084			-19.6097			-3.5000			-144.0000			207.0000			-66.0000			
-30.5744			60.3928			1.0486			30.8000			-167.0000			194.0000			-61.0000			
-66.5779			32.8869			-20.1680			-53.8000			-185.0000			183.0000			-53.0000			
-48.2904			56.9545			12.7735			21.4000			-207.0000			165.0000			-50.0000			
-51.1478			50.0780			6.6319			5.5000			-225.0000			150.0000			-44.0000			
-60.8630			39.7633			-10.6764			-31.7000			-240.0000			134.0000			-39.0000			
-43.7185			56.3815			9.9819			22.6000			-256.0000			113.0000			-36.0000			
-54.0052			41.4825			4.3986			-8.1000			-269.0000			95.0000			-29.0000			
-58.0056			36.3251			8.3069			-13.3000			-281.0000			73.0000			-24.0000			
-52.2908			40.9094			25.6152			14.2000			-293.0000			52.0000			-21.0000			
-64.2919			28.3026			22.8235			-13.1000			-300.0000			33.0000			-15.0000			
-64.2919			28.3026			33.4318			-2.5000			-310.0000			13.0000			-9.0000			
-59.1486			30.0217			38.4568			9.3000			-318.0000			-6.0000			-5.0000			
-62.5775			18.5609			32.8735			-11.1000			-323.0000			-25.0000			0.0000			
-54.5767			20.8530			37.3401			3.6000			-327.0000			-45.0000			5.0000			
-51.7193			15.6957			38.4568			2.4000			-328.0000			-65.0000			10.0000			
-51.7193			7.1001			39.0151			-5.5000			-326.0000			-84.0000			14.0000			
-47.1474			5.9540			45.7151			4.5000			-325.0000			-104.0000			19.0000			
-47.7189			1.3697			46.8318			0.4000			-321.0000			-122.0000			23.0000			
-45.4330			-1.4955			48.5068			1.5000			-314.0000			-141.0000			27.0000			
-42.5755			-4.3607			52.9734			6.0000			-305.0000			-158.0000			29.0000			
-40.8611			-11.2372			52.4151			0.3000			-294.0000			-174.0000			31.0000			
-36.2892			-15.8215			54.0901			1.9000			-280.0000			-190.0000			35.0000			
-31.1459			-21.5519			56.3234			3.6000			-267.0000			-206.0000			37.0000			
-28.8599			-22.6979			54.6484			3.0000			-252.0000			-219.0000			39.0000			
-27.7170			-24.9901			57.9984			5.2000			-236.0000			-230.0000			43.0000			
-26.0025			-27.8553			57.9984			4.1000			-221.0000			-242.0000			47.0000			
-22.0021			-30.1475			55.7651			3.6000			-204.0000			-252.0000			50.0000			
-16.2873			-32.4396			55.7651			7.0000			-184.0000			-259.0000			52.0000			
-10.5724			-38.7430			54.0901			4.7000			-163.0000			-265.0000			53.0000			
-4.8576			-44.4734			52.9734			3.6000			-142.0000			-269.0000			54.0000			
1.4287			-43.3274			49.0651			7.1000			-119.0000			-274.0000			54.0000			
3.1432			-46.1926			48.5068			5.4000			-97.0000			-275.0000			55.0000			
7.1435			-47.9117			46.2734			5.5000			-72.0000			-275.0000			53.0000			
12.8584			-49.6308			41.8068			5.0000			-50.0000			-272.0000			50.0000			
16.8588			-50.7769			39.5734			5.6000			-25.0000			-268.0000			47.0000			
20.2877			-51.9230			37.3401			5.7000			-1.0000			-262.0000			44.0000			
25.4310			-56.5073			36.2235			5.1000			24.0000			-257.0000			43.0000			
28.8599			-58.2264			33.4318			4.0000			49.0000			-250.0000			40.0000			
31.7173			-57.0803			30.6401			5.2000			72.0000			-241.0000			37.0000			
32.8603			-55.3612			27.2902			4.7000			95.0000			-232.0000			36.0000			
36.8607			-57.0803			23.9402			3.7000			117.0000			-223.0000			33.0000			
40.2896			-53.6421			18.3569			5.0000			139.0000			-211.0000			29.0000			
44.8615			-51.9230			11.0985			4.0000			159.0000			-198.0000			25.0000			
70.5782			-77.1367			-103.9178			-110.4000			179.0000			-182.0000			7.0000			
34.5748			-50.7769			-16.8180			-33.0000			173.0000			-192.0000			-9.0000			
67.1493			-6.6528			46.2734			106.7000			173.0000			-187.0000			-26.0000			
15.1443			-62.8107			-18.4930			-66.1000			190.0000			-165.0000			-27.0000			
57.4341			-38.7430			-4.5347			14.1000			198.0000			-147.0000			-35.0000			
77.4360			-29.5744			6.0736			53.9000			207.0000			-131.0000			-43.0000			
36.8607			-57.0803			-40.2680			-60.4000			220.0000			-107.0000			-46.0000			
63.1489			-19.2597			-16.8180			27.0000			227.0000			-88.0000			-57.0000			
66.5779			-24.4171			-27.9847			14.1000			235.0000			-67.0000			-62.0000			
48.8619			-37.5970			-48.0846			-36.8000			244.0000			-48.0000			-64.0000			
66.0064			-15.2484			-19.6097			31.1000			246.0000			-30.0000			-72.0000			
51.7193			-25.5631			-30.2180			-4.0000			251.0000			-9.0000			-76.0000			
43.1470			-20.9788			-36.3596			-14.1000			254.0000			11.0000			-78.0000			
54.5767			-3.7877			-29.1013			21.6000			250.0000			30.0000			-84.0000			
44.2900			-11.8102			-46.9679			-14.4000			250.0000			51.0000			-87.0000			
48.2904			-2.6416			-47.5263			-1.8000			245.0000			69.0000			-90.0000			
51.1478			4.8079			-45.2929			10.6000			238.0000			88.0000			-93.0000			
38.0037			2.5158			-55.9012			-15.3000			231.0000			107.0000			-94.0000			
39.1466			14.5496			-50.8763			2.8000			220.0000			125.0000			-97.0000			
35.1462			16.2687			-51.4346			0.0000			209.0000			142.0000			-99.0000			
28.2884			17.4148			-55.3429			-9.6000			195.0000			158.0000			-100.0000			
30.5744			23.1452			-50.3179			3.4000			183.0000			173.0000			-102.0000			
28.2884			20.8530			-53.1096			-3.9000			168.0000			186.0000			-104.0000			
24.8595			25.4374			-57.5762			-7.2000			155.0000			199.0000			-104.0000			
23.7166			31.7408			-54.7846			0.6000			138.0000			208.0000			-106.0000			
15.7158			31.1677			-53.6679			-6.7000			121.0000			219.0000			-105.0000			
10.5724			38.0442			-52.5513			-3.9000			103.0000			225.0000			-107.0000			
4.2861			44.3477			-51.4346			-2.7000			81.0000			233.0000			-104.0000			
-2.0002			46.0668			-50.3179			-6.2000			61.0000			237.0000			-104.0000			
-4.2861			45.4937			-44.7346			-3.5000			42.0000			239.0000			-103.0000			
-7.1435			44.9207			-42.5013			-4.7000			19.0000			240.0000			-100.0000			
-14.0014			46.6398			-39.1513			-6.5000			-2.0000			239.0000			-94.0000			
-16.2873			50.0780			-36.9180			-3.1000			-24.0000			237.0000			-90.0000			
-19.7162			49.5050			-34.1263			-4.3000			-48.0000			233.0000			-87.0000			
-26.0025			52.9432			-33.5680			-6.6000			-70.0000			228.0000			-81.0000			
-29.4314			58.6736			-33.0096			-3.7000			-91.0000			223.0000			-79.0000			
-32.8603			59.8197			-31.3347			-4.3000			-113.0000			215.0000			-75.0000			
-34.5748			57.5276			-27.4263			-4.4000			-134.0000			208.0000			-72.0000			
-37.4322			54.6624			-21.2847			-4.0000			-154.0000			199.0000			-69.0000			
-40.2896			50.6511			-14.5847			-4.2000			-175.0000			188.0000			-65.0000			
-46.0044			51.2241			-7.8847			-2.6000			-193.0000			176.0000			-59.0000			
-49.4333			50.6511			-2.3014			-1.0000			-212.0000			162.0000			-53.0000			
-51.7193			48.3589			-0.0681			-3.4000			-228.0000			147.0000			-48.0000			
-52.8622			46.0668			3.8402			-2.9000			-243.0000			130.0000			-41.0000			
-53.4337			44.9207			8.3069			-0.1000			-258.0000			114.0000			-35.0000			
-55.1482			40.3364			12.2152			-2.5000			-269.0000			93.0000			-28.0000			
-55.1482			39.1903			15.5652			-0.3000			-279.0000			74.0000			-20.0000			
-58.0056			35.1790			21.1485			-1.6000			-288.0000			55.0000			-14.0000			
-58.5771			31.7408			25.6152			-1.2000			-296.0000			36.0000			-8.0000			
-59.7200			29.4486			30.0818			-0.1000			-303.0000			19.0000			-1.0000			
-60.8630			27.7295			32.8735			-0.2000			-309.0000			-1.0000			4.0000			
-57.4341			23.1452			34.5485			0.2000			-312.0000			-19.0000			10.0000			
-55.1482			19.1339			37.8985			1.8000			-315.0000			-37.0000			15.0000			
-52.8622			12.8305			41.2484			1.2000			-314.0000			-55.0000			22.0000			
-51.7193			8.2462			44.5984			1.1000			-312.0000			-74.0000			28.0000			
-49.4333			2.5158			47.9484			1.0000			-308.0000			-92.0000			34.0000			
-46.0044			0.7967			47.9484			2.7000			-302.0000			-110.0000			39.0000			
-45.4330			-2.6416			49.6234			1.5000			-294.0000			-128.0000			43.0000			
-40.8611			-7.7989			51.8567			3.2000			-284.0000			-143.0000			47.0000			
-39.1466			-11.2372			52.9734			2.5000			-272.0000			-159.0000			50.0000			
-35.1462			-16.9676			55.2067			3.1000			-258.0000			-176.0000			53.0000			
-32.8603			-20.4058			55.7651			2.5000			-243.0000			-189.0000			57.0000			
-29.4314			-24.9901			57.4401			3.0000			-229.0000			-203.0000			60.0000			
-28.2884			-28.4283			60.2317			3.5000			-213.0000			-214.0000			63.0000			
-26.0025			-31.2935			60.7900			3.4000			-196.0000			-225.0000			66.0000			
-22.0021			-32.4396			57.9984			3.5000			-178.0000			-234.0000			68.0000			
-15.1443			-35.8779			56.3234			5.3000			-159.0000			-241.0000			70.0000			
-8.8580			-42.1813			54.6484			3.6000			-139.0000			-248.0000			73.0000			
-2.0002			-45.6195			51.8567			4.2000			-117.0000			-254.0000			72.0000			
2.0002			-47.3386			50.7401			5.4000			-95.0000			-257.0000			71.0000			
4.2861			-46.7656			48.5068			6.0000			-73.0000			-259.0000			70.0000			
7.7150			-49.0578			45.7151			4.3000			-50.0000			-258.0000			68.0000			
12.8584			-51.3499			42.3651			3.8000			-28.0000			-257.0000			65.0000			
18.0017			-53.0690			39.5734			4.5000			-5.0000			-253.0000			63.0000			
21.4306			-54.7882			38.4568			5.1000			19.0000			-250.0000			57.0000			
27.1455			-57.0803			34.5485			4.6000			42.0000			-245.0000			54.0000			
30.5744			-58.7994			32.8735			4.6000			65.0000			-237.0000			50.0000			
34.5748			-59.3725			29.5235			4.7000			87.0000			-232.0000			47.0000			
36.2892			-58.7994			25.6152			3.1000			108.0000			-224.0000			44.0000			
38.5751			-69.1141			-5.6514			-36.1000			123.0000			-220.0000			19.0000			
58.0056			-61.0916			47.3901			44.3000			115.0000			-234.0000			4.0000			
71.7212			-40.4622			23.3818			54.6000			128.0000			-226.0000			-6.0000			
12.2869			-74.2715			-29.1013			-91.0000			148.0000			-209.0000			-6.0000			
62.0060			-24.9901			21.7068			58.7000			158.0000			-201.0000			-19.0000			
61.4345			-44.4734			-3.4181			13.5000			173.0000			-183.0000			-22.0000			
43.7185			-60.5185			-28.5430			-45.3000			189.0000			-163.0000			-28.0000			
75.1501			-22.6979			1.0486			53.5000			197.0000			-145.0000			-41.0000			
55.1482			-41.0352			-30.2180			-16.1000			207.0000			-124.0000			-44.0000			
54.5767			-40.4622			-29.6597			-15.5000			218.0000			-105.0000			-52.0000			
70.0068			-26.7092			-12.3514			30.9000			224.0000			-86.0000			-60.0000			
51.1478			-41.6082			-31.3347			-21.7000			232.0000			-65.0000			-64.0000			
57.4341			-27.2823			-25.7513			4.4000			239.0000			-49.0000			-69.0000			
60.8630			-20.4058			-24.0763			16.3000			241.0000			-31.0000			-75.0000			
50.5763			-26.1362			-42.5013			-18.0000			246.0000			-11.0000			-78.0000			
56.2911			-6.6528			-39.7096			9.9000			245.0000			7.0000			-83.0000			
54.0052			-3.7877			-47.5263			2.6000			245.0000			28.0000			-88.0000			
48.2904			-3.2146			-56.4596			-11.3000			242.0000			49.0000			-91.0000			
51.7193			5.9540			-50.3179			7.3000			238.0000			67.0000			-97.0000			
44.2900			1.9427			-50.8763			-4.6000			232.0000			86.0000			-99.0000			
37.4322			6.5271			-50.8763			-6.9000			223.0000			103.0000			-103.0000			
39.1466			13.4035			-48.6429			3.9000			212.0000			121.0000			-104.0000			
32.8603			13.9766			-53.6679			-6.8000			199.0000			137.0000			-105.0000			
32.2888			21.4261			-54.7846			-1.0000			186.0000			153.0000			-107.0000			
30.0029			28.3026			-57.0179			1.2000			172.0000			167.0000			-107.0000			
26.5740			30.0217			-63.7179			-7.1000			157.0000			180.0000			-110.0000			
25.4310			33.4599			-59.8096			-0.9000			142.0000			191.0000			-111.0000			
20.2877			36.8981			-59.8096			-2.6000			127.0000			202.0000			-113.0000			
12.8584			38.0442			-58.1346			-7.2000			111.0000			211.0000			-113.0000			
7.7150			43.7746			-52.5513			-1.0000			91.0000			220.0000			-113.0000			
0.8572			44.3477			-50.3179			-5.1000			72.0000			227.0000			-112.0000			
-4.8576			47.2129			-46.4096			-4.0000			52.0000			231.0000			-111.0000			
-7.1435			49.5050			-45.2929			-2.9000			31.0000			235.0000			-108.0000			
-11.1439			49.5050			-43.6179			-5.2000			11.0000			234.0000			-104.0000			
-15.1443			52.9432			-41.3846			-3.5000			-11.0000			233.0000			-100.0000			
-20.2877			55.2354			-37.4763			-2.5000			-34.0000			232.0000			-97.0000			
-25.4310			58.1006			-37.4763			-4.8000			-56.0000			227.0000			-90.0000			
-30.0029			60.3928			-34.1263			-3.7000			-78.0000			224.0000			-85.0000			
-34.0033			60.9658			-30.2180			-3.2000			-100.0000			218.0000			-82.0000			
-37.4322			59.8197			-26.8680			-4.4000			-120.0000			212.0000			-78.0000			
-40.8611			59.8197			-22.9597			-3.9000			-141.0000			204.0000			-75.0000			
-43.1470			58.1006			-19.0514			-4.0000			-160.0000			196.0000			-71.0000			
-47.1474			55.8084			-11.2347			-2.5000			-179.0000			186.0000			-65.0000			
-51.7193			54.6624			-5.0931			-2.1000			-198.0000			174.0000			-60.0000			
-55.7197			52.9432			-0.6264			-3.4000			-215.0000			160.0000			-53.0000			
-56.8626			51.7972			3.2819			-1.7000			-231.0000			145.0000			-47.0000			
-58.0056			48.3589			7.7486			-1.8000			-245.0000			130.0000			-40.0000			
-58.5771			44.3477			12.2152			-2.0000			-257.0000			112.0000			-33.0000			
-59.1486			40.9094			16.6819			-1.5000			-269.0000			93.0000			-27.0000			
-61.4345			38.6173			21.1485			-1.6000			-278.0000			74.0000			-18.0000			
-62.0060			35.7521			25.0568			-1.1000			-286.0000			55.0000			-11.0000			
-64.8634			32.3138			31.7568			-0.7000			-293.0000			37.0000			-4.0000			
-64.2919			28.3026			35.1068			-0.8000			-299.0000			18.0000			3.0000			
-63.1489			26.0104			36.7818			-0.3000			-304.0000			1.0000			9.0000			
-62.0060			23.1452			39.0151			0.1000			-308.0000			-16.0000			15.0000			
-58.5771			17.4148			42.3651			1.2000			-309.0000			-33.0000			21.0000			
-55.7197			11.6844			46.8318			2.7000			-309.0000			-52.0000			27.0000			
-55.1482			4.8079			51.8567			1.5000			-306.0000			-69.0000			34.0000			
-51.7193			0.2236			53.5317			2.0000			-301.0000			-88.0000			39.0000			
-49.4333			-3.2146			54.6484			2.0000			-294.0000			-106.0000			44.0000			
-47.1474			-6.0798			54.6484			1.4000			-286.0000			-124.0000			49.0000			
-42.0041			-10.6641			56.3234			3.6000			-276.0000			-139.0000			53.0000			
-39.7181			-15.2484			57.9984			3.0000			-263.0000			-154.0000			57.0000			
-36.8607			-19.2597			59.1151			3.0000			-249.0000			-171.0000			59.0000			
-31.7173			-26.1362			61.3484			3.4000			-235.0000			-185.0000			63.0000			
-29.4314			-29.0014			62.4650			4.0000			-219.0000			-198.0000			68.0000			
-27.1455			-33.0127			64.1400			3.9000			-204.0000			-209.0000			69.0000			
-24.2881			-34.1587			64.1400			5.6000			-187.0000			-221.0000			73.0000			
-20.2877			-38.7430			63.0234			3.9000			-169.0000			-229.0000			75.0000			
-13.4299			-41.6082			60.2317			5.1000			-150.0000			-236.0000			77.0000			
-6.5721			-46.7656			57.4401			4.1000			-129.0000			-244.0000			79.0000			
1.4287			-50.7769			54.6484			5.3000			-108.0000			-249.0000			78.0000			
5.4291			-52.4960			51.8567			4.7000			-87.0000			-253.0000			77.0000			
8.2865			-52.4960			50.1817			5.9000			-65.0000			-255.0000			75.0000			
11.7154			-54.7882			47.3901			4.3000			-42.0000			-255.0000			73.0000			
16.8588			-57.0803			44.0401			3.8000			-20.0000			-253.0000			68.0000			
22.0021			-58.2264			41.2484			5.0000			3.0000			-249.0000			64.0000			
27.1455			-60.5185			39.0151			5.6000			26.0000			-246.0000			60.0000			
3.7146			-89.1705			-20.1680			-105.6000			47.0000			-241.0000			41.0000			
26.5740			-66.2489			9.9819			-29.6000			45.0000			-259.0000			29.0000			
51.1478			-25.5631			60.7900			86.3000			54.0000			-262.0000			15.0000			
7.7150			-82.2940			0.4902			-74.0000			78.0000			-251.0000			18.0000			
52.2908			-52.4960			30.6401			30.4000			93.0000			-245.0000			9.0000			
68.2923			-51.9230			27.2902			43.6000			109.0000			-234.0000			5.0000			
37.4322			-74.2715			-15.7014			-52.5000			132.0000			-220.0000			2.0000			
67.1493			-37.5970			6.6319			36.1000			146.0000			-208.0000			-10.0000			
64.2919			-49.6308			-10.1181			4.5000			163.0000			-193.0000			-14.0000			
54.5767			-59.9455			-22.4013			-27.7000			179.0000			-174.0000			-21.0000			
71.1497			-37.5970			-0.0681			33.4000			190.0000			-158.0000			-29.0000			
55.7197			-49.6308			-13.4680			-7.3000			203.0000			-137.0000			-35.0000			
55.7197			-43.3274			-18.4930			-6.0000			214.0000			-119.0000			-40.0000			
68.2923			-32.4396			-15.1430			20.7000			223.0000			-100.0000			-46.0000			
60.8630			-40.4622			-34.6846			-14.2000			232.0000			-79.0000			-51.0000			
68.2923			-28.4283			-35.2430			4.6000			239.0000			-63.0000			-57.0000			
68.8638			-23.8440			-36.3596			8.6000			244.0000			-43.0000			-63.0000			
60.8630			-24.4171			-47.5263			-11.0000			250.0000			-24.0000			-67.0000			
63.1489			-11.2372			-45.2929			6.6000			252.0000			-6.0000			-73.0000			
57.4341			-8.9450			-47.5263			0.9000			253.0000			15.0000			-79.0000			
51.1478			-4.9337			-51.9929			-5.7000			253.0000			36.0000			-83.0000			
52.2908			1.3697			-48.6429			5.0000			248.0000			55.0000			-88.0000			
48.2904			0.2236			-52.5513			-4.0000			244.0000			73.0000			-90.0000			
47.1474			4.2349			-54.2262			-2.8000			236.0000			91.0000			-94.0000			
44.2900			12.8305			-54.7846			2.3000			227.0000			109.0000			-97.0000			
39.1466			17.4148			-60.9262			-4.3000			215.0000			126.0000			-98.0000			
36.2892			22.5722			-61.4846			-2.6000			203.0000			143.0000			-101.0000			
32.8603			30.0217			-62.6012			0.2000			189.0000			157.0000			-102.0000			
28.2884			32.3138			-64.8345			-4.2000			176.0000			172.0000			-105.0000			
26.5740			34.6060			-63.7179			-2.5000			160.0000			184.0000			-107.0000			
23.7166			35.7521			-62.0429			-2.5000			146.0000			196.0000			-109.0000			
17.4303			38.6173			-60.9262			-4.8000			129.0000			205.0000			-110.0000			
11.7154			43.2016			-57.0179			-2.0000			111.0000			214.0000			-110.0000			
4.8576			46.6398			-55.3429			-3.8000			92.0000			222.0000			-111.0000			
-0.8572			51.2241			-54.7846			-4.4000			72.0000			227.0000			-110.0000			
-6.5721			54.0893			-51.9929			-4.4000			52.0000			232.0000			-109.0000			
-10.0010			55.8084			-50.8763			-5.0000			29.0000			234.0000			-105.0000			
-13.4299			57.5276			-48.6429			-4.5000			8.0000			233.0000			-103.0000			
-19.1447			58.6736			-43.0596			-3.5000			-14.0000			233.0000			-100.0000			
-25.4310			59.2467			-39.7096			-5.8000			-37.0000			230.0000			-96.0000			
-30.0029			60.9658			-35.2430			-4.2000			-60.0000			225.0000			-92.0000			
-35.1462			63.2580			-33.0096			-4.8000			-83.0000			221.0000			-86.0000			
-40.2896			66.1231			-29.6597			-3.8000			-104.0000			215.0000			-84.0000			
-42.5755			65.5501			-27.4263			-4.4000			-126.0000			209.0000			-80.0000			
-44.2900			64.4040			-24.0763			-3.9000			-146.0000			201.0000			-77.0000			
-48.8619			62.1119			-16.8180			-3.5000			-166.0000			191.0000			-73.0000			
-51.1478			59.8197			-10.1181			-1.4000			-186.0000			180.0000			-69.0000			
-56.2911			58.6736			-5.0931			-2.7000			-204.0000			168.0000			-63.0000			
-59.7200			55.2354			2.1652			-2.3000			-222.0000			154.0000			-57.0000			
-60.8630			52.3702			7.7486			-0.7000			-237.0000			139.0000			-51.0000			
-63.1489			49.5050			12.2152			-1.4000			-252.0000			125.0000			-43.0000			
-63.1489			46.0668			15.5652			-1.5000			-266.0000			107.0000			-37.0000			
-63.7204			43.2016			19.4735			-1.0000			-277.0000			86.0000			-30.0000			
-64.2919			39.1903			24.4985			-0.5000			-285.0000			68.0000			-22.0000			
-66.5779			36.8981			28.9651			-0.7000			-295.0000			48.0000			-15.0000			
-67.7208			32.8869			33.9901			-0.8000			-301.0000			31.0000			-9.0000			
-68.2923			30.0217			37.3401			-0.9000			-306.0000			13.0000			-2.0000			
-66.5779			26.0104			41.2484			0.6000			-311.0000			-5.0000			5.0000			
-63.7204			20.8530			44.0401			1.1000			-314.0000			-21.0000			10.0000			
-60.8630			14.5496			46.8318			0.5000			-315.0000			-39.0000			16.0000			
-58.0056			8.8192			51.2984			2.1000			-314.0000			-57.0000			25.0000			
-57.4341			2.5158			56.3234			1.4000			-311.0000			-77.0000			29.0000			
-54.5767			-2.6416			58.5567			1.3000			-306.0000			-95.0000			36.0000			
-51.1478			-6.0798			59.1151			1.8000			-298.0000			-111.0000			43.0000			
-48.8619			-7.7989			59.6734			3.0000			-290.0000			-128.0000			47.0000			
-43.7185			-12.9563			59.6734			2.9000			-279.0000			-143.0000			50.0000			
-40.8611			-18.6867			62.4650			2.9000			-265.0000			-160.0000			54.0000			
-35.1462			-24.4171			64.1400			4.5000			-251.0000			-175.0000			59.0000			
-31.7173			-29.5744			66.3734			5.0000			-236.0000			-188.0000			62.0000			
-29.4314			-33.0127			67.4900			5.0000			-219.0000			-199.0000			67.0000			
-27.1455			-36.4509			68.0484			4.4000			-205.0000			-212.0000			70.0000			
-24.2881			-39.3161			67.4900			3.8000			-187.0000			-222.0000			72.0000			
-18.5732			-41.6082			65.8150			5.6000			-167.0000			-230.0000			76.0000			
-11.7154			-46.7656			62.4650			3.9000			-148.0000			-238.0000			77.0000			
-4.2861			-52.4960			59.6734			2.8000			-128.0000			-243.0000			79.0000			
2.5717			-54.2151			57.4401			5.7000			-105.0000			-248.0000			80.0000			
7.1435			-57.0803			55.2067			5.2000			-83.0000			-252.0000			79.0000			
-18.5732			-85.1592			-7.3264			-111.0000			-61.0000			-254.0000			62.0000			
0.8572			-61.6646			27.8485			-32.9000			-65.0000			-277.0000			50.0000			
31.7173			-19.2597			80.8900			93.3000			-55.0000			-285.0000			38.0000			
-11.1439			-84.5862			16.1235			-79.6000			-27.0000			-277.0000			40.0000			
39.1466			-57.6533			50.1817			31.6000			-10.0000			-276.0000			31.0000			
54.0052			-58.2264			51.8567			47.6000			11.0000			-270.0000			28.0000			
19.7162			-85.7323			11.6569			-54.3000			39.0000			-261.0000			28.0000			
56.8626			-53.6421			37.8985			41.1000			58.0000			-255.0000			21.0000			
53.4337			-65.6759			19.4735			7.2000			80.0000			-244.0000			20.0000			
44.8615			-73.1254			1.0486			-27.2000			103.0000			-234.0000			18.0000			
64.8634			-49.6308			23.3818			38.6000			123.0000			-222.0000			9.0000			
51.1478			-65.1029			7.1902			-6.7000			144.0000			-208.0000			7.0000			
52.2908			-61.0916			3.2819			-5.5000			163.0000			-194.0000			4.0000			
65.4349			-49.6308			8.3069			24.1000			180.0000			-178.0000			-1.0000			
58.5771			-58.7994			-12.9097			-13.1000			197.0000			-160.0000			-5.0000			
66.0064			-43.9004			-15.1430			6.9000			211.0000			-142.0000			-10.0000			
70.5782			-39.8891			-19.6097			11.0000			222.0000			-121.0000			-15.0000			
64.2919			-42.7543			-31.3347			-9.7000			235.0000			-101.0000			-21.0000			
71.1497			-32.4396			-30.2180			8.4000			244.0000			-80.0000			-28.0000			
69.4353			-32.4396			-34.1263			2.8000			255.0000			-61.0000			-34.0000			
66.0064			-31.8666			-38.5930			-4.4000			264.0000			-41.0000			-39.0000			
68.2923			-27.2823			-34.6846			6.3000			268.0000			-21.0000			-44.0000			
62.0060			-24.9901			-39.1513			-2.1000			274.0000			-3.0000			-50.0000			
60.2915			-17.5406			-44.1763			-1.4000			278.0000			15.0000			-53.0000			
59.1486			-6.6528			-48.6429			3.8000			276.0000			34.0000			-58.0000			
56.2911			-2.6416			-58.1346			-4.4000			275.0000			54.0000			-62.0000			
55.1482			4.2349			-60.3679			-0.9000			272.0000			74.0000			-69.0000			
52.8622			6.5271			-59.2512			0.1000			266.0000			92.0000			-73.0000			
47.7189			8.2462			-61.4846			-5.5000			259.0000			110.0000			-75.0000			
43.1470			15.1226			-60.3679			-2.0000			248.0000			127.0000			-80.0000			
39.1466			19.1339			-60.3679			-2.0000			236.0000			142.0000			-82.0000			
33.4318			23.7182			-63.1596			-6.0000			221.0000			157.0000			-86.0000			
31.1459			29.4486			-62.6012			-2.0000			207.0000			173.0000			-89.0000			
28.8599			34.0329			-65.9512			-3.0000			191.0000			185.0000			-91.0000			
26.5740			36.8981			-68.1845			-4.7000			176.0000			196.0000			-94.0000			
23.7166			39.7633			-67.0679			-3.5000			158.0000			207.0000			-97.0000			
18.0017			43.2016			-68.1845			-6.9000			141.0000			215.0000			-100.0000			
10.0010			48.3589			-62.6012			-4.2000			121.0000			222.0000			-103.0000			
2.5717			52.3702			-58.6929			-3.7000			99.0000			226.0000			-103.0000			
-3.7146			52.3702			-55.3429			-6.6000			77.0000			231.0000			-105.0000			
-7.7150			55.2354			-52.5513			-5.0000			55.0000			233.0000			-106.0000			
-12.2869			56.3815			-49.2013			-5.1000			31.0000			235.0000			-105.0000			
-16.8588			58.6736			-47.5263			-5.7000			7.0000			234.0000			-104.0000			
-21.4306			59.8197			-44.1763			-5.7000			-17.0000			231.0000			-101.0000			
-27.1455			61.5388			-40.2680			-5.8000			-41.0000			226.0000			-99.0000			
-31.7173			64.9771			-38.5930			-5.3000			-66.0000			221.0000			-95.0000			
-36.2892			65.5501			-34.6846			-5.4000			-91.0000			214.0000			-93.0000			
-40.8611			66.6962			-31.8930			-6.0000			-115.0000			207.0000			-91.0000			
-43.1470			66.1231			-27.9847			-5.0000			-138.0000			199.0000			-89.0000			
-47.1474			66.1231			-23.5180			-4.5000			-159.0000			189.0000			-86.0000			
-50.0048			63.8310			-17.9347			-4.0000			-182.0000			178.0000			-85.0000			
-30.0029			80.4491			36.7818			87.2000			-191.0000			177.0000			-58.0000			
-80.2935			62.1119			-76.5595			-94.7000			-185.0000			188.0000			-42.0000			
-80.8649			66.6962			-0.0681			-14.2000			-201.0000			171.0000			-36.0000			
-34.5748			81.0222			33.4318			79.8000			-220.0000			155.0000			-35.0000			
-78.5790			24.2913			-12.9097			-67.1000			-229.0000			144.0000			-25.0000			
-59.1486			51.2241			25.0568			17.1000			-245.0000			122.0000			-22.0000			
-60.2915			49.5050			32.3151			21.5000			-257.0000			101.0000			-15.0000			
-88.2942			22.5722			14.4485			-51.2000			-266.0000			81.0000			-5.0000			
-62.0060			40.3364			50.1817			28.5000			-279.0000			57.0000			-2.0000			
-68.8638			30.5947			37.8985			-0.3000			-286.0000			39.0000			4.0000			
-76.8646			25.4374			26.7318			-24.6000			-293.0000			20.0000			10.0000			
-59.1486			39.7633			45.1568			25.7000			-300.0000			-1.0000			13.0000			
-66.5779			19.1339			35.1068			-12.3000			-305.0000			-18.0000			18.0000			
-62.0060			13.9766			41.2484			-6.7000			-308.0000			-38.0000			20.0000			
-54.5767			12.2575			57.9984			15.6000			-311.0000			-57.0000			25.0000			
-64.2919			-3.7877			54.6484			-13.4000			-308.0000			-78.0000			30.0000			
-58.0056			-2.0685			64.1400			4.0000			-306.0000			-97.0000			34.0000			
-50.0048			-6.6528			64.6984			8.0000			-301.0000			-118.0000			37.0000			
-52.2908			-15.8215			59.1151			-8.9000			-294.0000			-136.0000			39.0000			
-42.0041			-14.1024			63.5817			7.4000			-285.0000			-155.0000			43.0000			
-39.7181			-18.6867			61.3484			2.9000			-275.0000			-172.0000			43.0000			
-38.0037			-23.8440			60.7900			-1.0000			-263.0000			-188.0000			46.0000			
-31.7173			-26.1362			65.2567			7.4000			-251.0000			-204.0000			47.0000			
-31.7173			-33.0127			66.9317			2.1000			-237.0000			-217.0000			50.0000			
-29.4314			-37.5970			69.1650			2.1000			-223.0000			-229.0000			51.0000			
-23.7166			-38.7430			69.7234			7.2000			-207.0000			-241.0000			53.0000			
-19.7162			-45.6195			67.4900			2.1000			-191.0000			-251.0000			54.0000			
-11.1439			-48.4847			65.2567			5.6000			-173.0000			-259.0000			54.0000			
-3.7146			-53.6421			61.3484			3.9000			-153.0000			-267.0000			55.0000			
2.0002			-55.9342			56.3234			2.3000			-134.0000			-273.0000			54.0000			
7.1435			-55.3612			54.0901			5.8000			-111.0000			-277.0000			54.0000			
10.5724			-56.5073			50.7401			4.8000			-90.0000			-278.0000			51.0000			
14.5728			-57.6533			46.2734			3.1000			-68.0000			-277.0000			47.0000			
20.2877			-59.9455			45.7151			6.0000			-46.0000			-275.0000			43.0000			
24.8595			-63.3837			44.0401			5.5000			-22.0000			-271.0000			39.0000			
30.5744			-66.2489			40.1318			4.4000			0.0000			-267.0000			35.0000			
35.1462			-66.2489			36.2235			5.1000			24.0000			-261.0000			33.0000			
40.2896			-67.9681			33.4318			5.7000			44.0000			-256.0000			29.0000			
42.5755			-69.1141			30.6401			4.1000			68.0000			-248.0000			26.0000			
46.5759			-66.8220			23.9402			3.6000			89.0000			-239.0000			23.0000			
48.8619			-61.6646			17.2402			4.4000			111.0000			-229.0000			20.0000			
54.0052			-59.3725			8.8652			3.5000			129.0000			-218.0000			16.0000			
59.1486			-59.3725			3.8402			3.6000			149.0000			-205.0000			10.0000			
60.8630			-57.6533			0.4902			3.6000			168.0000			-190.0000			5.0000			
60.8630			-54.7882			-2.3014			3.7000			185.0000			-175.0000			-1.0000			
62.5775			-51.9230			-7.3264			3.3000			200.0000			-158.0000			-6.0000			
63.7204			-47.9117			-14.5847			1.2000			212.0000			-139.0000			-11.0000			
64.8634			-44.4734			-17.9347			2.4000			225.0000			-119.0000			-20.0000			
64.8634			-41.0352			-22.4013			1.4000			236.0000			-100.0000			-25.0000			
66.5779			-36.4509			-29.1013			1.0000			245.0000			-81.0000			-32.0000			
67.1493			-33.0127			-33.5680			0.5000			252.0000			-61.0000			-37.0000			
67.7208			-30.7205			-36.9180			0.0000			259.0000			-43.0000			-44.0000			
65.4349			-28.4283			-39.1513			-2.1000			264.0000			-25.0000			-50.0000			
64.8634			-22.1249			-41.9430			0.8000			267.0000			-7.0000			-55.0000			
60.8630			-15.8215			-45.2929			-0.2000			269.0000			11.0000			-62.0000			
58.0056			-10.0911			-49.2013			-1.2000			268.0000			29.0000			-68.0000			
54.5767			-2.6416			-52.5513			-0.6000			266.0000			49.0000			-73.0000			
53.4337			0.7967			-55.9012			-1.6000			260.0000			68.0000			-78.0000			
50.5763			3.0888			-55.3429			-1.6000			254.0000			84.0000			-83.0000			
47.1474			8.2462			-57.5762			-2.1000			244.0000			101.0000			-87.0000			
43.1470			12.2575			-58.6929			-3.2000			233.0000			117.0000			-92.0000			
39.1466			17.9878			-60.3679			-3.2000			219.0000			134.0000			-96.0000			
36.2892			21.9991			-61.4846			-3.1000			206.0000			148.0000			-99.0000			
31.7173			28.8756			-64.8345			-4.2000			190.0000			162.0000			-103.0000			
29.4314			32.3138			-65.3929			-3.6000			174.0000			174.0000			-105.0000			
27.1455			33.4599			-63.7179			-3.1000			156.0000			183.0000			-108.0000			
23.1451			36.3251			-64.8345			-5.3000			140.0000			194.0000			-113.0000			
18.0017			41.4825			-64.8345			-5.3000			122.0000			203.0000			-116.0000			
10.0010			45.4937			-60.3679			-4.8000			102.0000			210.0000			-116.0000			
3.7146			49.5050			-55.9012			-2.6000			81.0000			215.0000			-118.0000			
-2.0002			51.7972			-54.7846			-4.9000			58.0000			220.0000			-117.0000			
-6.5721			53.5163			-52.5513			-5.6000			35.0000			222.0000			-119.0000			
-9.4295			54.6624			-50.3179			-5.0000			12.0000			222.0000			-118.0000			
-14.5728			56.3815			-45.8513			-4.0000			-11.0000			222.0000			-116.0000			
-18.5732			57.5276			-43.0596			-4.1000			-34.0000			219.0000			-112.0000			
-24.2881			59.8197			-40.2680			-4.7000			-58.0000			215.0000			-109.0000			
-30.0029			62.1119			-36.3596			-4.2000			-82.0000			210.0000			-106.0000			
-27.7170			82.1683			31.7568			86.2000			-102.0000			207.0000			-84.0000			
-54.5767			73.5727			-51.4346			-32.4000			-97.0000			226.0000			-72.0000			
-54.5767			39.7633			-50.3179			-65.1000			-111.0000			225.0000			-62.0000			
-10.0010			85.0334			4.3986			79.4000			-136.0000			213.0000			-65.0000			
-55.7197			47.7859			-34.1263			-42.0000			-150.0000			206.0000			-57.0000			
-63.7204			53.5163			-17.9347			-28.1000			-169.0000			195.0000			-55.0000			
-42.0041			72.4266			16.6819			47.1000			-191.0000			179.0000			-50.0000			
-75.1501			36.8981			-7.3264			-45.5000			-206.0000			164.0000			-40.0000			
-64.2919			52.3702			16.6819			4.7000			-225.0000			147.0000			-35.0000			
-56.2911			54.6624			21.1485			19.5000			-241.0000			128.0000			-32.0000			
-70.5782			37.4712			-0.0681			-33.1000			-253.0000			111.0000			-23.0000			
-55.1482			52.3702			18.9152			16.1000			-266.0000			89.0000			-18.0000			
-59.1486			41.4825			18.9152			1.2000			-276.0000			70.0000			-13.0000			
-69.4353			32.8869			17.7985			-18.7000			-286.0000			51.0000			-6.0000			
-60.2915			39.7633			36.7818			16.2000			-296.0000			29.0000			-3.0000			
-70.5782			27.7295			35.1068			-7.7000			-302.0000			10.0000			2.0000			
-70.0068			22.5722			40.1318			-7.2000			-308.0000			-8.0000			6.0000			
-62.0060			21.9991			50.1817			10.1000			-314.0000			-27.0000			10.0000			
-63.1489			8.8192			45.7151			-8.6000			-316.0000			-46.0000			15.0000			
-56.2911			8.8192			49.0651			1.6000			-317.0000			-67.0000			20.0000			
-52.8622			5.9540			52.4151			5.5000			-316.0000			-88.0000			26.0000			
-54.5767			-0.3494			50.1817			-4.7000			-311.0000			-106.0000			30.0000			
-48.8619			0.2236			52.4151			3.7000			-306.0000			-125.0000			33.0000			
-45.4330			-6.6528			55.2067			3.1000			-299.0000			-144.0000			35.0000			
-44.8615			-12.9563			55.7651			-2.0000			-288.0000			-160.0000			38.0000			
-38.0037			-15.8215			60.7900			6.9000			-278.0000			-176.0000			40.0000			
-36.2892			-23.2710			63.0234			3.4000			-265.0000			-193.0000			42.0000			
-32.8603			-29.0014			64.6984			2.8000			-252.0000			-207.0000			45.0000			
-29.4314			-31.8666			66.9317			5.6000			-237.0000			-220.0000			48.0000			
-27.7170			-33.0127			63.0234			2.2000			-221.0000			-233.0000			50.0000			
-23.7166			-33.5857			61.9067			4.6000			-205.0000			-243.0000			53.0000			
-18.5732			-37.5970			61.3484			5.1000			-189.0000			-253.0000			55.0000			
-11.7154			-42.1813			57.4401			3.5000			-170.0000			-260.0000			55.0000			
-3.7146			-46.1926			55.2067			5.3000			-149.0000			-266.0000			56.0000			
1.4287			-50.2038			53.5317			4.7000			-127.0000			-271.0000			55.0000			
4.2861			-54.7882			54.6484			4.1000			-105.0000			-275.0000			55.0000			
7.7150			-54.2151			51.8567			5.3000			-82.0000			-275.0000			53.0000			
12.2869			-54.7882			47.3901			4.8000			-60.0000			-274.0000			52.0000			
16.8588			-56.5073			44.5984			4.9000			-36.0000			-271.0000			50.0000			
22.5736			-58.7994			42.3651			6.1000			-13.0000			-267.0000			45.0000			
28.2884			-61.0916			38.4568			5.6000			10.0000			-262.0000			41.0000			
32.8603			-61.0916			32.8735			4.6000			34.0000			-256.0000			38.0000			
36.8607			-63.3837			30.6401			4.1000			56.0000			-249.0000			35.0000			
39.7181			-64.5298			29.5235			4.7000			78.0000			-241.0000			33.0000			
40.8611			-63.9568			26.7318			3.6000			100.0000			-232.0000			30.0000			
45.4330			-61.0916			20.5902			4.9000			122.0000			-222.0000			26.0000			
48.8619			-58.2264			12.7735			3.4000			142.0000			-210.0000			22.0000			
54.0052			-56.5073			6.0736			3.5000			160.0000			-196.0000			18.0000			
56.2911			-54.2151			1.6069			3.6000			180.0000			-181.0000			13.0000			
56.2911			-51.3499			-1.7431			3.2000			197.0000			-165.0000			8.0000			
57.4341			-47.9117			-7.8847			1.6000			211.0000			-149.0000			2.0000			
58.0056			-43.9004			-12.3514			1.7000			224.0000			-129.0000			-4.0000			
59.7200			-43.3274			-15.7014			0.6000			236.0000			-111.0000			-12.0000			
59.7200			-41.0352			-19.0514			-0.3000			246.0000			-92.0000			-20.0000			
62.0060			-35.8779			-24.0763			2.0000			255.0000			-73.0000			-27.0000			
62.0060			-33.5857			-29.1013			-0.6000			262.0000			-53.0000			-33.0000			
62.5775			-31.2935			-31.3347			0.0000			269.0000			-35.0000			-39.0000			
60.8630			-29.0014			-33.5680			-1.7000			273.0000			-18.0000			-44.0000			
58.5771			-23.2710			-37.4763			-2.1000			276.0000			-1.0000			-52.0000			
56.8626			-15.8215			-42.5013			-1.4000			276.0000			18.0000			-57.0000			
54.5767			-10.0911			-45.2929			-0.8000			275.0000			37.0000			-63.0000			
52.8622			-6.0798			-48.6429			-1.8000			271.0000			55.0000			-70.0000			
49.4333			-0.3494			-50.8763			-1.7000			264.0000			71.0000			-76.0000			
48.2904			0.2236			-50.8763			-2.3000			258.0000			88.0000			-82.0000			
44.2900			4.2349			-52.5513			-4.0000			248.0000			103.0000			-86.0000			
40.8611			9.9653			-53.6679			-2.8000			235.0000			121.0000			-91.0000			
36.2892			13.9766			-54.7846			-4.5000			220.0000			136.0000			-94.0000			
33.4318			19.1339			-57.0179			-4.4000			205.0000			150.0000			-99.0000			
30.5744			23.1452			-59.2512			-5.5000			190.0000			164.0000			-102.0000			
28.2884			29.4486			-61.4846			-3.7000			173.0000			174.0000			-106.0000			
26.5740			28.8756			-60.3679			-4.9000			155.0000			185.0000			-110.0000			
23.1451			31.7408			-60.3679			-5.4000			137.0000			193.0000			-115.0000			
18.5732			35.1790			-59.8096			-6.0000			117.0000			202.0000			-118.0000			
11.7154			40.3364			-57.0179			-4.9000			97.0000			207.0000			-120.0000			
5.4291			44.3477			-53.6679			-3.8000			75.0000			213.0000			-122.0000			
-0.8572			45.4937			-50.3179			-5.6000			52.0000			216.0000			-122.0000			
-3.1432			48.3589			-50.3179			-5.1000			29.0000			218.0000			-123.0000			
-6.5721			48.3589			-47.5263			-5.7000			5.0000			217.0000			-124.0000			
-12.2869			51.2241			-44.7346			-5.7000			-20.0000			216.0000			-121.0000			
12.2869			66.6962			-36.3596			42.6000			-36.0000			222.0000			-96.0000			
-52.8622			59.8197			-86.0511			-79.0000			-29.0000			242.0000			-80.0000			
-44.8615			48.9320			-50.8763			-46.8000			-50.0000			239.0000			-74.0000			
4.8576			87.3256			-1.1848			91.0000			-77.0000			230.0000			-77.0000			
-48.2904			35.1790			-55.9012			-69.0000			-92.0000			227.0000			-70.0000			
-37.4322			59.8197			-24.0763			-1.6000			-115.0000			217.0000			-71.0000			
-27.7170			67.8423			-7.8847			32.2000			-139.0000			207.0000			-67.0000			
-64.8634			36.8981			-31.8930			-59.8000			-158.0000			198.0000			-61.0000			
-44.8615			59.8197			6.0736			21.0000			-182.0000			183.0000			-60.0000			
-49.4333			51.7972			1.6069			3.9000			-203.0000			169.0000			-55.0000			
-61.4345			43.2016			-15.1430			-33.3000			-220.0000			153.0000			-47.0000			
-41.4326			62.1119			4.9569			25.6000			-240.0000			135.0000			-46.0000			
-54.0052			46.6398			-3.4181			-10.7000			-254.0000			118.0000			-39.0000			
-57.4341			40.9094			3.2819			-13.2000			-268.0000			99.0000			-35.0000			
-50.5763			46.0668			20.5902			16.0000			-282.0000			77.0000			-33.0000			
-63.1489			31.7408			17.2402			-14.1000			-291.0000			58.0000			-25.0000			
-62.5775			32.8869			27.8485			-1.8000			-302.0000			36.0000			-20.0000			
-60.8630			32.3138			35.6651			7.1000			-312.0000			14.0000			-15.0000			
-66.5779			23.7182			31.1985			-11.6000			-318.0000			-3.0000			-10.0000			
-59.7200			28.3026			35.1068			3.6000			-325.0000			-24.0000			-5.0000			
-55.1482			22.5722			34.5485			1.9000			-331.0000			-41.0000			-2.0000			
-55.1482			15.1226			33.4318			-6.5000			-333.0000			-62.0000			4.0000			
-48.8619			13.9766			41.2484			6.3000			-332.0000			-81.0000			9.0000			
-50.5763			5.3810			44.0401			-1.1000			-331.0000			-100.0000			14.0000			
-50.5763			1.3697			49.0651			-0.1000			-327.0000			-120.0000			17.0000			
-47.7189			0.2236			52.9734			5.4000			-320.0000			-137.0000			21.0000			
-46.5759			-6.0798			52.4151			-0.2000			-313.0000			-154.0000			25.0000			
-42.5755			-10.0911			54.6484			1.9000			-301.0000			-171.0000			28.0000			
-36.2892			-13.5293			54.6484			4.8000			-289.0000			-187.0000			31.0000			
-34.0033			-19.2597			54.6484			1.3000			-276.0000			-203.0000			34.0000			
-30.5744			-20.9788			56.8817			5.3000			-260.0000			-217.0000			38.0000			
-28.2884			-25.5631			59.1151			5.2000			-244.0000			-229.0000			41.0000			
-26.5740			-27.2823			57.4401			3.5000			-229.0000			-240.0000			45.0000			
-23.7166			-29.5744			59.1151			5.8000			-212.0000			-249.0000			48.0000			
-19.7162			-34.1587			59.6734			5.8000			-193.0000			-257.0000			52.0000			
-13.4299			-37.0239			55.7651			5.3000			-173.0000			-263.0000			53.0000			
-7.1435			-41.0352			53.5317			5.3000			-150.0000			-269.0000			54.0000			
-1.4287			-44.4734			51.2984			5.3000			-128.0000			-272.0000			56.0000			
3.1432			-46.7656			49.6234			5.9000			-104.0000			-273.0000			55.0000			
6.0006			-46.7656			47.3901			6.6000			-80.0000			-274.0000			55.0000			
10.0010			-47.9117			42.9234			5.0000			-56.0000			-272.0000			55.0000			
14.0014			-51.3499			42.3651			5.0000			-31.0000			-267.0000			52.0000			
19.1447			-53.0690			40.6901			6.7000			-6.0000			-263.0000			48.0000			
23.1451			-55.9342			37.8985			5.1000			18.0000			-257.0000			46.0000			
27.1455			-56.5073			33.9901			4.6000			43.0000			-251.0000			44.0000			
31.1459			-59.3725			32.8735			4.6000			67.0000			-242.0000			44.0000			
33.4318			-59.9455			30.6401			4.1000			90.0000			-233.0000			41.0000			
10.5724			-67.9681			17.2402			-40.1000			106.0000			-232.0000			18.0000			
68.8638			-61.0916			69.1650			76.9000			100.0000			-244.0000			3.0000			
64.8634			-49.0578			27.8485			43.6000			116.0000			-233.0000			-2.0000			
14.5728			-76.5636			-18.4930			-80.4000			141.0000			-216.0000			-1.0000			
62.0060			-27.8553			26.1735			60.3000			153.0000			-206.0000			-10.0000			
53.4337			-49.6308			-1.7431			2.0000			170.0000			-187.0000			-14.0000			
42.5755			-58.7994			-18.4930			-34.7000			188.0000			-168.0000			-20.0000			
72.8642			-24.4171			3.8402			52.2000			198.0000			-148.0000			-27.0000			
51.1478			-42.7543			-27.4263			-19.0000			213.0000			-126.0000			-31.0000			
54.5767			-39.3161			-22.4013			-7.1000			225.0000			-105.0000			-38.0000			
66.0064			-30.1475			-7.8847			27.9000			234.0000			-84.0000			-44.0000			
48.8619			-45.0465			-26.8680			-23.0000			246.0000			-62.0000			-46.0000			
58.0056			-29.5744			-19.6097			8.8000			252.0000			-44.0000			-51.0000			
59.1486			-26.7092			-21.8430			10.6000			259.0000			-24.0000			-55.0000			
49.4333			-29.0014			-36.9180			-16.4000			267.0000			-5.0000			-57.0000			
57.4341			-13.5293			-32.4513			11.4000			266.0000			14.0000			-62.0000			
53.4337			-11.8102			-43.0596			-1.4000			268.0000			36.0000			-65.0000			
48.8619			-7.7989			-50.3179			-9.2000			267.0000			56.0000			-71.0000			
51.7193			0.7967			-44.7346			7.7000			264.0000			76.0000			-75.0000			
44.2900			-2.0685			-47.5263			-5.3000			258.0000			96.0000			-76.0000			
41.4326			-0.3494			-45.8513			-4.7000			251.0000			115.0000			-79.0000			
40.8611			5.9540			-43.6179			3.1000			242.0000			132.0000			-81.0000			
33.4318			7.1001			-48.0846			-7.5000			231.0000			149.0000			-82.0000			
32.8603			14.5496			-48.6429			-1.2000			219.0000			166.0000			-86.0000			
31.7173			18.5609			-51.9929			-1.7000			203.0000			181.0000			-86.0000			
28.8599			23.1452			-58.6929			-6.6000			190.0000			193.0000			-88.0000			
27.1455			30.0217			-59.8096			-2.6000			174.0000			205.0000			-90.0000			
23.7166			29.4486			-57.5762			-4.4000			158.0000			215.0000			-93.0000			
18.5732			31.7408			-55.9012			-5.5000			142.0000			225.0000			-94.0000			
13.4299			36.8981			-52.5513			-2.2000			123.0000			234.0000			-96.0000			
5.4291			38.0442			-49.2013			-5.7000			102.0000			239.0000			-96.0000			
0.2857			39.7633			-45.8513			-5.7000			80.0000			244.0000			-97.0000			
-2.5717			41.4825			-44.7346			-5.8000			58.0000			246.0000			-95.0000			
-4.8576			43.7746			-44.7346			-5.8000			37.0000			247.0000			-93.0000			
-8.8580			46.0668			-41.9430			-4.7000			13.0000			245.0000			-91.0000			
-12.8584			47.2129			-40.8263			-6.4000			-10.0000			242.0000			-88.0000			
-18.0017			50.6511			-38.5930			-5.9000			-35.0000			238.0000			-85.0000			
-23.1451			54.6624			-35.8013			-4.2000			-58.0000			231.0000			-82.0000			
-26.5740			53.5163			-31.8930			-4.9000			-84.0000			224.0000			-80.0000			
-31.1459			54.0893			-28.5430			-5.5000			-106.0000			217.0000			-78.0000			
-32.2888			54.0893			-27.4263			-5.6000			-129.0000			209.0000			-75.0000			
-35.1462			54.0893			-24.0763			-5.1000			-151.0000			199.0000			-73.0000			
-38.0037			52.9432			-19.0514			-4.1000			-170.0000			188.0000			-70.0000			
-43.1470			51.2241			-12.3514			-4.2000			-193.0000			175.0000			-66.0000			
-47.1474			50.0780			-7.3264			-4.4000			-213.0000			160.0000			-61.0000			
-48.2904			47.2129			-1.7431			-2.8000			-233.0000			145.0000			-57.0000			
-50.5763			46.6398			2.1652			-1.7000			-248.0000			128.0000			-51.0000			
-50.0048			44.9207			3.8402			-1.2000			-264.0000			110.0000			-46.0000			
-51.7193			41.4825			8.8652			-1.3000			-277.0000			91.0000			-42.0000			
-52.2908			38.0442			13.8902			-0.3000			-289.0000			71.0000			-34.0000			
-54.5767			35.1790			18.3569			-1.0000			-300.0000			52.0000			-29.0000			
-55.1482			32.3138			22.2652			-0.5000			-309.0000			31.0000			-23.0000			
-56.2911			30.0217			26.1735			0.0000			-316.0000			12.0000			-17.0000			
-58.0056			28.8756			28.4068			-0.7000			-322.0000			-6.0000			-11.0000			
-56.8626			26.5834			30.6401			0.3000			-327.0000			-25.0000			-6.0000			
-54.0052			21.9991			32.8735			0.8000			-331.0000			-44.0000			-1.0000			
-50.5763			13.9766			37.8985			1.3000			-332.0000			-62.0000			6.0000			
-50.0048			10.5383			40.1318			0.6000			-330.0000			-80.0000			12.0000			
-48.2904			6.5271			43.4818			1.7000			-327.0000			-99.0000			18.0000			
-46.0044			3.6619			45.7151			3.3000			-322.0000			-116.0000			22.0000			
-44.8615			0.7967			46.8318			2.7000			-314.0000			-134.0000			27.0000			
-42.0041			-3.2146			47.9484			2.7000			-305.0000			-150.0000			32.0000			
-39.1466			-6.6528			48.5068			2.7000			-292.0000			-167.0000			36.0000			
-35.1462			-11.2372			50.1817			3.8000			-281.0000			-181.0000			39.0000			
-31.7173			-15.8215			52.4151			4.8000			-264.0000			-196.0000			43.0000			
-31.1459			-19.2597			54.0901			3.6000			-248.0000			-209.0000			46.0000			
-28.8599			-22.6979			57.4401			5.8000			-232.0000			-220.0000			51.0000			
-26.5740			-25.5631			56.8817			4.7000			-215.0000			-230.0000			56.0000			
-23.7166			-27.8553			56.8817			5.3000			-196.0000			-239.0000			60.0000			
-18.5732			-31.2935			55.2067			5.3000			-176.0000			-247.0000			63.0000			
-11.1439			-34.1587			51.8567			6.5000			-156.0000			-252.0000			64.0000			
-6.0006			-37.5970			49.6234			6.0000			-133.0000			-257.0000			66.0000			
-2.0002			-40.4622			48.5068			6.0000			-110.0000			-260.0000			67.0000			
0.8572			-42.1813			46.2734			4.9000			-86.0000			-261.0000			68.0000			
4.8576			-44.4734			45.1568			5.5000			-64.0000			-261.0000			68.0000			
8.2865			-46.1926			43.4818			5.5000			-38.0000			-258.0000			65.0000			
12.2869			-48.4847			41.2484			5.0000			-14.0000			-255.0000			63.0000			
16.8588			-50.2038			38.4568			5.1000			12.0000			-250.0000			60.0000			
22.5736			-53.0690			35.1068			4.6000			38.0000			-244.0000			57.0000			
25.4310			-54.7882			33.4318			4.0000			61.0000			-235.0000			54.0000			
-18.0017			-93.1818			36.2235			-74.9000			71.0000			-247.0000			27.0000			
40.2896			-31.2935			105.4566			114.4000			61.0000			-262.0000			9.0000			
42.5755			-66.8220			28.4068			4.1000			84.0000			-250.0000			8.0000			
15.7158			-80.5749			-5.0931			-69.9000			105.0000			-239.0000			10.0000			
63.1489			-23.8440			41.8068			81.1000			120.0000			-231.0000			-1.0000			
31.7173			-61.0916			-4.5347			-33.9000			142.0000			-213.0000			0.0000			
44.2900			-49.6308			-5.0931			-10.4000			160.0000			-197.0000			-8.0000			
71.7212			-28.4283			9.9819			53.2000			174.0000			-181.0000			-16.0000			
42.5755			-52.4960			-25.1930			-35.1000			194.0000			-161.0000			-18.0000			
54.0052			-35.3048			-5.0931			13.6000			205.0000			-142.0000			-26.0000			
56.8626			-38.1700			2.1652			20.8000			217.0000			-122.0000			-30.0000			
42.5755			-49.6308			-19.6097			-26.6000			229.0000			-99.0000			-35.0000			
58.5771			-30.1475			-9.0014			19.4000			238.0000			-80.0000			-41.0000			
54.5767			-34.1587			-19.0514			1.3000			249.0000			-59.0000			-45.0000			
51.7193			-37.0239			-31.3347			-16.6000			255.0000			-41.0000			-49.0000			
63.7204			-21.5519			-25.1930			16.9000			261.0000			-22.0000			-53.0000			
54.5767			-23.8440			-36.9180			-6.1000			268.0000			-1.0000			-56.0000			
50.5763			-13.5293			-41.3846			-4.3000			269.0000			18.0000			-61.0000			
53.4337			-6.0798			-39.1513			8.2000			270.0000			38.0000			-67.0000			
46.0044			-11.2372			-44.1763			-9.4000			267.0000			60.0000			-72.0000			
45.4330			-5.5068			-39.7096			0.2000			265.0000			79.0000			-75.0000			
43.7185			-2.6416			-39.1513			1.9000			260.0000			97.0000			-77.0000			
38.5751			-0.3494			-45.2929			-7.0000			250.0000			116.0000			-81.0000			
39.7181			5.3810			-44.1763			0.9000			239.0000			133.0000			-82.0000			
35.7177			9.9653			-48.0846			-2.3000			228.0000			151.0000			-84.0000			
30.5744			16.8418			-53.1096			-5.6000			216.0000			166.0000			-87.0000			
31.7173			20.8530			-53.1096			-0.5000			200.0000			181.0000			-89.0000			
28.8599			24.2913			-57.5762			-4.4000			186.0000			194.0000			-91.0000			
26.0025			26.0104			-55.9012			-3.8000			171.0000			205.0000			-93.0000			
23.7166			27.1565			-53.6679			-2.7000			154.0000			215.0000			-96.0000			
18.0017			27.1565			-51.4346			-6.2000			137.0000			223.0000			-98.0000			
11.1439			34.6060			-48.6429			-2.8000			116.0000			231.0000			-99.0000			
4.2861			39.1903			-47.5263			-4.0000			97.0000			237.0000			-99.0000			
-0.8572			40.3364			-46.4096			-6.9000			75.0000			240.0000			-99.0000			
-1.4287			43.2016			-46.9679			-5.1000			52.0000			244.0000			-98.0000			
-4.8576			46.0668			-45.2929			-4.0000			30.0000			243.0000			-98.0000			
-9.4295			47.2129			-43.6179			-5.8000			7.0000			242.0000			-96.0000			
-14.0014			47.7859			-39.1513			-5.3000			-16.0000			238.0000			-92.0000			
-18.5732			48.9320			-36.3596			-5.9000			-41.0000			233.0000			-89.0000			
-23.7166			53.5163			-34.6846			-4.8000			-65.0000			228.0000			-85.0000			
-28.2884			54.6624			-30.7763			-4.4000			-89.0000			220.0000			-84.0000			
-31.7173			54.0893			-27.4263			-5.0000			-113.0000			213.0000			-82.0000			
-34.0033			53.5163			-25.1930			-5.6000			-134.0000			204.0000			-79.0000			
-35.1462			55.2354			-23.5180			-3.4000			-157.0000			194.0000			-77.0000			
-39.7181			53.5163			-18.4930			-4.6000			-178.0000			182.0000			-75.0000			
-43.1470			51.7972			-11.7931			-3.1000			-199.0000			171.0000			-70.0000			
-46.5759			49.5050			-5.6514			-2.7000			-219.0000			155.0000			-65.0000			
-48.8619			47.2129			-2.3014			-3.9000			-238.0000			140.0000			-60.0000			
-50.5763			44.3477			2.7236			-3.5000			-255.0000			124.0000			-55.0000			
-52.2908			43.2016			6.6319			-2.4000			-269.0000			106.0000			-50.0000			
-52.2908			40.3364			11.0985			-0.8000			-282.0000			86.0000			-44.0000			
-54.0052			39.1903			13.8902			-0.9000			-295.0000			66.0000			-38.0000			
-55.1482			35.1790			18.9152			-1.0000			-304.0000			47.0000			-32.0000			
-57.4341			32.8869			23.3818			-1.1000			-313.0000			27.0000			-25.0000			
-57.4341			31.1677			26.7318			0.4000			-319.0000			8.0000			-18.0000			
-57.4341			28.3026			28.9651			-0.1000			-325.0000			-10.0000			-13.0000			
-57.4341			25.4374			32.3151			0.3000			-329.0000			-28.0000			-7.0000			
-54.5767			19.7070			36.2235			1.3000			-332.0000			-46.0000			-1.0000			
-51.7193			13.4035			39.0151			0.7000			-333.0000			-65.0000			5.0000			
-49.4333			7.6731			44.0401			2.2000			-331.0000			-83.0000			12.0000			
-48.2904			4.2349			46.8318			2.7000			-326.0000			-101.0000			16.0000			
-47.1474			1.9427			47.3901			2.1000			-322.0000			-118.0000			22.0000			
-43.1470			-0.3494			48.5068			5.0000			-313.0000			-136.0000			28.0000			
-41.4326			-4.9337			50.1817			3.8000			-302.0000			-152.0000			33.0000			
-38.0037			-9.5180			50.7401			3.2000			-290.0000			-168.0000			36.0000			
-34.5748			-12.3832			51.2984			4.3000			-277.0000			-182.0000			40.0000			
-30.5744			-19.8328			54.6484			4.2000			-261.0000			-197.0000			44.0000			
-30.0029			-21.5519			56.3234			4.7000			-245.0000			-209.0000			49.0000			
-28.8599			-25.5631			59.1151			4.6000			-228.0000			-220.0000			53.0000			
-26.5740			-29.0014			59.6734			4.0000			-210.0000			-230.0000			58.0000			
-22.0021			-30.7205			58.5567			5.8000			-193.0000			-238.0000			61.0000			
-16.8588			-33.5857			56.3234			5.8000			-172.0000			-245.0000			64.0000			
-9.4295			-36.4509			51.2984			5.4000			-150.0000			-251.0000			67.0000			
-3.1432			-42.7543			50.7401			4.8000			-127.0000			-255.0000			69.0000			
-0.2857			-42.7543			49.0651			6.0000			-105.0000			-259.0000			71.0000			
2.5717			-44.4734			47.3901			5.4000			-80.0000			-260.0000			70.0000			
6.0006			-46.1926			45.7151			5.5000			-56.0000			-259.0000			70.0000			
10.5724			-49.6308			42.9234			3.8000			-33.0000			-257.0000			68.0000			
14.5728			-51.9230			41.8068			4.4000			-7.0000			-253.0000			65.0000			
31.1459			-15.2484			-46.4096			-30.5000			19.0000			-246.0000			56.0000			
7.1435			-59.9455			18.3569			-34.4000			23.0000			-263.0000			34.0000			
53.4337			-11.2372			100.9899			143.1000			22.0000			-273.0000			16.0000			
23.7166			-75.4176			28.4068			-23.2000			48.0000			-262.0000			19.0000			
27.1455			-78.8558			22.2652			-29.4000			67.0000			-256.0000			18.0000			
62.5775			-36.4509			50.1817			76.3000			84.0000			-249.0000			13.0000			
18.0017			-68.5411			-2.3014			-52.8000			110.0000			-233.0000			14.0000			
46.0044			-41.6082			8.3069			12.7000			130.0000			-221.0000			6.0000			
65.4349			-38.7430			8.8652			35.5000			148.0000			-206.0000			-1.0000			
44.8615			-62.8107			-21.8430			-39.7000			170.0000			-188.0000			-3.0000			
60.2915			-41.0352			7.7486			27.0000			184.0000			-173.0000			-11.0000			
53.4337			-47.3386			3.2819			9.3000			202.0000			-152.0000			-14.0000			
42.5755			-53.0690			-12.3514			-22.8000			217.0000			-132.0000			-17.0000			
59.1486			-34.1587			-0.0681			24.9000			227.0000			-113.0000			-23.0000			
53.4337			-42.7543			-17.3764			-6.6000			239.0000			-92.0000			-27.0000			
55.7197			-35.8779			-27.4263			-7.5000			249.0000			-72.0000			-32.0000			
67.1493			-24.9901			-24.0763			18.0000			257.0000			-53.0000			-37.0000			
57.4341			-30.7205			-36.9180			-10.1000			266.0000			-31.0000			-42.0000			
59.1486			-22.1249			-35.8013			1.2000			271.0000			-12.0000			-46.0000			
58.5771			-18.1136			-35.2430			5.2000			276.0000			7.0000			-51.0000			
48.2904			-17.5406			-39.1513			-8.3000			279.0000			27.0000			-55.0000			
50.0048			-8.3720			-37.4763			4.1000			278.0000			48.0000			-61.0000			
48.2904			-7.7989			-41.3846			-0.8000			277.0000			67.0000			-65.0000			
45.4330			-6.6528			-45.8513			-7.0000			271.0000			86.0000			-69.0000			
46.0044			1.3697			-44.1763			3.2000			265.0000			103.0000			-73.0000			
42.5755			4.2349			-50.3179			-3.5000			256.0000			122.0000			-75.0000			
38.5751			10.5383			-54.2262			-5.1000			245.0000			138.0000			-77.0000			
36.2892			15.1226			-51.9929			-0.5000			232.0000			154.0000			-80.0000			
30.5744			20.8530			-55.3429			-3.9000			218.0000			171.0000			-84.0000			
28.2884			23.1452			-55.9012			-4.4000			204.0000			184.0000			-86.0000			
27.7170			24.8643			-56.4596			-3.8000			188.0000			196.0000			-90.0000			
23.7166			26.0104			-55.3429			-5.6000			174.0000			207.0000			-92.0000			
20.8592			28.3026			-54.2262			-5.0000			154.0000			215.0000			-96.0000			
16.2873			33.4599			-54.2262			-4.4000			137.0000			224.0000			-99.0000			
9.4295			38.0442			-53.1096			-5.6000			115.0000			231.0000			-99.0000			
3.1432			43.7746			-51.4346			-4.5000			93.0000			235.0000			-102.0000			
-0.8572			44.9207			-49.2013			-5.1000			71.0000			239.0000			-101.0000			
-3.7146			46.6398			-48.0846			-5.1000			47.0000			239.0000			-101.0000			
-7.7150			47.7859			-45.8513			-5.7000			25.0000			239.0000			-101.0000			
-14.5728			48.3589			-39.7096			-5.9000			-1.0000			237.0000			-99.0000			
-17.4303			50.6511			-38.5930			-5.3000			-23.0000			231.0000			-97.0000			
-20.8592			51.2241			-35.8013			-5.4000			-49.0000			228.0000			-94.0000			
-27.1455			55.8084			-34.6846			-6.0000			-74.0000			221.0000			-91.0000			
-31.1459			57.5276			-31.3347			-4.9000			-98.0000			213.0000			-90.0000			
-33.4318			56.3815			-28.5430			-5.5000			-122.0000			206.0000			-87.0000			
-34.5748			55.2354			-25.1930			-4.5000			-145.0000			197.0000			-87.0000			
-38.5751			55.8084			-21.8430			-4.6000			-168.0000			186.0000			-84.0000			
-42.5755			55.2354			-16.2597			-3.5000			-190.0000			173.0000			-82.0000			
-47.1474			43.2016			-5.0931			-9.0000			-211.0000			159.0000			-73.0000			
0.2857			63.2580			-10.1181			53.4000			-214.0000			164.0000			-49.0000			
-76.2931			13.4035			-65.9512			-128.8000			-208.0000			168.0000			-31.0000			
-46.5759			62.1119			3.2819			18.8000			-226.0000			146.0000			-30.0000			
-44.2900			66.1231			18.9152			40.7000			-240.0000			130.0000			-26.0000			
-77.4360			17.4148			-10.1181			-70.1000			-248.0000			114.0000			-16.0000			
-36.8607			52.9432			32.3151			48.4000			-264.0000			91.0000			-14.0000			
-56.8626			32.8869			23.9402			0.0000			-273.0000			69.0000			-5.0000			
-76.2931			17.9878			21.1485			-37.1000			-281.0000			49.0000			2.0000			
-51.7193			38.6173			50.7401			37.6000			-292.0000			27.0000			5.0000			
-64.8634			20.8530			26.7318			-17.2000			-297.0000			8.0000			12.0000			
-60.2915			24.2913			23.9402			-12.0000			-303.0000			-11.0000			16.0000			
-46.0044			30.5947			40.1318			24.7000			-309.0000			-32.0000			18.0000			
-57.4341			6.5271			31.1985			-19.7000			-309.0000			-50.0000			24.0000			
-48.8619			8.8192			44.5984			4.5000			-310.0000			-71.0000			25.0000			
-47.1474			4.2349			51.2984			8.3000			-308.0000			-91.0000			28.0000			
-55.1482			-5.5068			46.8318			-13.8000			-305.0000			-110.0000			33.0000			
-44.8615			-0.3494			55.7651			10.5000			-300.0000			-129.0000			36.0000			
-42.5755			-8.9450			53.5317			2.0000			-292.0000			-147.0000			38.0000			
-40.8611			-16.3945			52.4151			-4.8000			-282.0000			-166.0000			39.0000			
-32.2888			-13.5293			56.8817			11.0000			-271.0000			-183.0000			41.0000			
-32.2888			-20.9788			52.4151			-0.8000			-258.0000			-199.0000			42.0000			
-30.0029			-23.2710			54.0901			0.8000			-245.0000			-214.0000			44.0000			
-26.5740			-24.4171			60.2317			9.2000			-232.0000			-228.0000			46.0000			
-27.7170			-30.1475			57.9984			0.1000			-217.0000			-239.0000			47.0000			
-22.5736			-30.1475			57.9984			5.2000			-202.0000			-251.0000			48.0000			
-16.2873			-35.8779			57.9984			5.8000			-184.0000			-258.0000			49.0000			
-10.0010			-43.3274			54.6484			1.3000			-166.0000			-267.0000			50.0000			
-1.4287			-45.6195			52.4151			5.3000			-146.0000			-273.0000			50.0000			
2.0002			-46.1926			49.6234			5.4000			-125.0000			-279.0000			49.0000			
4.2861			-46.7656			46.2734			3.7000			-104.0000			-281.0000			47.0000			
7.7150			-47.3386			45.7151			6.1000			-82.0000			-282.0000			45.0000			
12.2869			-49.0578			39.5734			2.8000			-59.0000			-281.0000			41.0000			
16.8588			-51.3499			38.4568			3.9000			-37.0000			-278.0000			38.0000			
20.2877			-52.4960			39.0151			6.8000			-14.0000			-274.0000			34.0000			
25.4310			-57.0803			36.7818			5.1000			10.0000			-268.0000			28.0000			
28.8599			-59.3725			32.8735			2.3000			31.0000			-263.0000			26.0000			
33.4318			-58.2264			29.5235			4.7000			54.0000			-256.0000			23.0000			
34.5748			-58.2264			26.7318			3.0000			76.0000			-247.0000			20.0000			
38.0037			-57.0803			22.8235			3.7000			97.0000			-239.0000			18.0000			
40.8611			-53.6421			16.1235			3.3000			118.0000			-228.0000			15.0000			
44.8615			-50.7769			9.9819			4.0000			137.0000			-215.0000			10.0000			
49.4333			-50.2038			4.9569			4.1000			157.0000			-201.0000			4.0000			
51.7193			-49.6308			-0.0681			2.0000			174.0000			-186.0000			-1.0000			
52.2908			-48.4847			-2.3014			1.5000			190.0000			-169.0000			-7.0000			
53.4337			-45.6195			-5.0931			2.7000			205.0000			-152.0000			-12.0000			
55.1482			-42.7543			-10.1181			2.2000			216.0000			-132.0000			-18.0000			
55.7197			-39.8891			-13.4680			2.3000			227.0000			-111.0000			-25.0000			
56.8626			-36.4509			-20.1680			0.2000			238.0000			-92.0000			-32.0000			
58.0056			-31.8666			-25.1930			0.9000			246.0000			-73.0000			-37.0000			
59.1486			-30.7205			-28.5430			-0.1000			253.0000			-54.0000			-43.0000			
59.7200			-30.1475			-29.1013			0.4000			260.0000			-35.0000			-49.0000			
56.2911			-24.4171			-31.8930			0.0000			265.0000			-17.0000			-55.0000			
55.1482			-20.4058			-34.6846			0.0000			267.0000			1.0000			-61.0000			
51.7193			-14.1024			-38.0346			-0.4000			267.0000			20.0000			-66.0000			
49.4333			-9.5180			-41.3846			-1.4000			264.0000			38.0000			-73.0000			
48.8619			-4.3607			-45.8513			-1.3000			261.0000			57.0000			-78.0000			
46.5759			-1.4955			-48.0846			-2.9000			255.0000			76.0000			-82.0000			
43.7185			0.7967			-48.0846			-3.5000			247.0000			93.0000			-87.0000			
40.2896			5.9540			-49.2013			-2.9000			239.0000			110.0000			-91.0000			
37.4322			9.9653			-50.3179			-2.9000			226.0000			125.0000			-94.0000			
34.5748			14.5496			-52.5513			-3.4000			212.0000			141.0000			-97.0000			
31.7173			19.1339			-52.5513			-1.6000			198.0000			155.0000			-101.0000			
28.2884			23.1452			-54.7846			-3.3000			183.0000			169.0000			-104.0000			
27.1455			25.4374			-58.1346			-5.5000			166.0000			180.0000			-107.0000			
25.4310			30.0217			-58.6929			-3.2000			148.0000			191.0000			-110.0000			
20.8592			32.3138			-57.5762			-4.4000			131.0000			200.0000			-114.0000			
15.1443			32.3138			-51.9929			-4.5000			112.0000			207.0000			-116.0000			
9.4295			37.4712			-52.5513			-5.6000			91.0000			213.0000			-118.0000			
3.1432			41.4825			-49.7596			-5.1000			69.0000			219.0000			-119.0000			
-2.0002			45.4937			-48.0846			-4.5000			47.0000			222.0000			-119.0000			
-4.8576			44.3477			-45.2929			-5.8000			25.0000			223.0000			-118.0000			
-8.2865			46.0668			-43.6179			-5.8000			1.0000			223.0000			-117.0000			
-13.4299			48.3589			-39.7096			-4.7000			-22.0000			221.0000			-114.0000			
-17.4303			51.2241			-38.0346			-4.2000			-44.0000			216.0000			-111.0000			
-20.2877			52.3702			-36.3596			-4.2000			-69.0000			212.0000			-107.0000			
-26.0025			53.5163			-32.4513			-4.9000			-95.0000			206.0000			-104.0000			
-30.0029			55.8084			-30.7763			-4.9000			-117.0000			200.0000			-101.0000			
-32.8603			57.5276			-28.5430			-3.8000			-139.0000			192.0000			-99.0000			
-34.5748			56.3815			-25.7513			-3.9000			-161.0000			185.0000			-97.0000			
-36.8607			54.0893			-21.2847			-4.0000			-182.0000			176.0000			-93.0000			
-42.5755			68.4153			4.9569			30.8000			-196.0000			172.0000			-66.0000			
-60.2915			59.8197			-43.6179			-44.0000			-185.0000			186.0000			-50.0000			
-76.8646			34.6060			-19.0514			-61.3000			-197.0000			175.0000			-39.0000			
-6.5721			71.8535			34.5485			99.8000			-216.0000			159.0000			-40.0000			
-60.8630			16.8418			-18.4930			-62.5000			-224.0000			148.0000			-29.0000			
-60.2915			39.1903			7.7486			-13.3000			-238.0000			129.0000			-25.0000			
-42.5755			54.0893			35.1068			46.6000			-252.0000			109.0000			-18.0000			
-76.2931			16.8418			3.2819			-56.1000			-259.0000			90.0000			-5.0000			
-53.4337			36.8981			35.6651			19.1000			-271.0000			68.0000			-1.0000			
-52.8622			32.8869			34.5485			14.5000			-280.0000			47.0000			6.0000			
-70.0068			20.2800			13.8902			-35.8000			-285.0000			30.0000			12.0000			
-49.4333			40.3364			33.9901			24.8000			-294.0000			9.0000			16.0000			
-54.5767			23.7182			26.1735			-4.6000			-298.0000			-7.0000			22.0000			
-58.0056			14.5496			26.1735			-17.2000			-301.0000			-26.0000			25.0000			
-46.0044			16.8418			47.9484			18.7000			-303.0000			-46.0000			29.0000			
-55.7197			1.9427			43.4818			-10.2000			-300.0000			-66.0000			34.0000			
-52.2908			0.2236			49.6234			-2.4000			-298.0000			-85.0000			38.0000			
-44.2900			-0.3494			56.3234			11.6000			-295.0000			-105.0000			41.0000			
-48.8619			-8.3720			47.9484			-9.2000			-288.0000			-124.0000			46.0000			
-38.5751			-6.6528			50.7401			5.5000			-279.0000			-142.0000			47.0000			
-35.1462			-8.9450			51.2984			7.2000			-270.0000			-160.0000			49.0000			
-36.2892			-15.8215			48.5068			-3.6000			-257.0000			-176.0000			51.0000			
-29.4314			-17.5406			54.0901			7.1000			-246.0000			-193.0000			53.0000			
-28.8599			-22.1249			53.5317			2.5000			-232.0000			-208.0000			54.0000			
-28.8599			-27.2823			57.4401			1.2000			-217.0000			-219.0000			57.0000			
-24.8595			-29.0014			61.3484			7.4000			-204.0000			-232.0000			56.0000			
-23.1451			-34.1587			59.1151			1.8000			-186.0000			-242.0000			58.0000			
-16.2873			-37.0239			55.7651			2.4000			-170.0000			-252.0000			59.0000			
-8.8580			-39.3161			54.6484			6.4000			-153.0000			-260.0000			59.0000			
-2.5717			-43.9004			50.1817			3.7000			-133.0000			-266.0000			59.0000			
1.4287			-43.9004			47.3901			4.9000			-112.0000			-271.0000			57.0000			
4.8576			-43.3274			44.5984			6.1000			-92.0000			-273.0000			55.0000			
7.1435			-45.6195			42.3651			3.9000			-70.0000			-275.0000			52.0000			
12.8584			-48.4847			41.2484			5.6000			-49.0000			-273.0000			47.0000			
16.2873			-51.9230			40.6901			5.0000			-26.0000			-271.0000			42.0000			
19.7162			-52.4960			37.3401			4.5000			-4.0000			-268.0000			37.0000			
24.8595			-54.7882			35.1068			5.1000			18.0000			-263.0000			33.0000			
28.2884			-58.2264			32.8735			2.9000			40.0000			-258.0000			29.0000			
31.7173			-58.7994			30.6401			3.5000			61.0000			-252.0000			27.0000			
34.5748			-55.9342			25.6152			4.2000			81.0000			-244.0000			23.0000			
36.2892			-54.2151			20.5902			2.6000			103.0000			-236.0000			18.0000			
40.8611			-50.2038			13.3319			3.9000			121.0000			-225.0000			14.0000			
44.8615			-49.6308			9.9819			5.2000			140.0000			-213.0000			8.0000			
47.1474			-49.6308			4.9569			2.4000			157.0000			-200.0000			2.0000			
50.5763			-49.0578			0.4902			2.0000			173.0000			-185.0000			-5.0000			
50.5763			-46.1926			-2.3014			2.0000			189.0000			-169.0000			-10.0000			
52.8622			-43.9004			-5.6514			3.3000			200.0000			-151.0000			-17.0000			
52.8622			-41.0352			-9.0014			2.8000			212.0000			-133.0000			-24.0000			
54.5767			-38.7430			-13.4680			2.3000			222.0000			-114.0000			-31.0000			
55.7197			-34.1587			-19.6097			1.9000			230.0000			-94.0000			-38.0000			
