23.4219			-26.1989			47.4772			44.7000			64.0000			-169.0000			57.0000			
15.0130			-37.4701			28.1633			5.7000			87.0000			-155.0000			59.0000			
6.0435			-54.3771			10.5049			-37.8000			110.0000			-137.0000			61.0000			
37.9974			-28.4531			32.5779			42.1000			124.0000			-129.0000			55.0000			
20.0583			-39.7244			8.2976			-11.3000			148.0000			-111.0000			59.0000			
21.1795			-38.5973			7.7458			-9.6000			165.0000			-95.0000			57.0000			
33.5126			-27.3260			20.9896			27.1000			181.0000			-81.0000			52.0000			
18.3766			-41.9787			6.6421			-16.9000			200.0000			-59.0000			53.0000			
29.5884			-37.4701			12.1604			4.2000			214.0000			-42.0000			51.0000			
33.5126			-32.3981			12.1604			13.2000			227.0000			-26.0000			49.0000			
27.9067			-36.9066			-3.8426			-12.8000			240.0000			-5.0000			49.0000			
37.9974			-27.8896			-0.5316			9.5000			250.0000			12.0000			45.0000			
37.9974			-28.4531			-6.6017			2.9000			259.0000			33.0000			42.0000			
31.8308			-22.2539			-45.7814			-36.2000			268.0000			55.0000			29.0000			
49.7698			-18.3090			-23.7083			7.7000			245.0000			47.0000			11.0000			
58.1787			8.1786			4.4348			70.7000			242.0000			48.0000			-4.0000			
5.4829			-37.4701			-30.8821			-62.8000			255.0000			73.0000			-1.0000			
40.2397			-27.3260			-8.8090			4.0000			253.0000			85.0000			-8.0000			
50.3304			-13.2369			-6.0499			31.0000			252.0000			98.0000			-10.0000			
22.3007			-30.7074			-31.9857			-40.3000			259.0000			119.0000			-9.0000			
44.1639			0.2887			-17.6382			26.8000			252.0000			131.0000			-17.0000			
37.9974			-0.8385			-32.5376			4.6000			249.0000			147.0000			-17.0000			
29.0278			-8.1648			-42.4704			-21.6000			246.0000			164.0000			-19.0000			
42.4821			6.4879			-24.8120			24.1000			236.0000			174.0000			-24.0000			
29.0278			-3.0927			-34.1930			-8.2000			230.0000			189.0000			-23.0000			
28.4672			-1.4020			-34.7449			-7.6000			220.0000			199.0000			-24.0000			
33.5126			7.0514			-24.8120			15.7000			207.0000			208.0000			-25.0000			
21.7401			2.5429			-36.4003			-12.1000			196.0000			221.0000			-25.0000			
25.1037			11.5599			-36.4003			0.2000			182.0000			226.0000			-26.0000			
25.6643			19.4498			-39.1595			5.9000			169.0000			232.0000			-26.0000			
18.3766			18.3227			-45.2296			-8.5000			155.0000			239.0000			-26.0000			
19.4977			22.8312			-40.2631			2.0000			142.0000			241.0000			-28.0000			
13.8918			22.8312			-38.0558			-1.3000			127.0000			245.0000			-29.0000			
8.2859			21.1405			-35.8485			-6.4000			111.0000			246.0000			-29.0000			
8.2859			26.2126			-31.9857			2.5000			92.0000			245.0000			-30.0000			
3.2405			25.6490			-31.9857			-3.0000			75.0000			244.0000			-29.0000			
0.9981			25.6490			-30.3302			-3.6000			56.0000			241.0000			-27.0000			
0.4375			30.7211			-29.7784			1.3000			38.0000			234.0000			-25.0000			
-5.7290			32.4118			-31.4339			-4.7000			19.0000			225.0000			-23.0000			
-4.6078			34.6661			-32.5376			-2.4000			-1.0000			217.0000			-20.0000			
-9.0926			38.0474			-30.3302			-1.3000			-20.0000			207.0000			-16.0000			
-13.0167			38.0474			-28.6748			-3.6000			-39.0000			198.0000			-13.0000			
-17.5015			38.6110			-24.8120			-3.7000			-57.0000			187.0000			-11.0000			
-19.1833			37.4839			-22.6047			-4.3000			-75.0000			175.0000			-8.0000			
-20.8650			36.9203			-21.5010			-5.4000			-92.0000			165.0000			-8.0000			
-21.4256			36.3568			-17.0864			-2.1000			-108.0000			152.0000			-5.0000			
-21.9862			33.5389			-13.7755			-2.2000			-123.0000			138.0000			-4.0000			
-26.4710			34.1025			-11.0163			-3.3000			-139.0000			122.0000			1.0000			
-28.1528			35.7932			-8.8090			-1.1000			-153.0000			105.0000			5.0000			
-31.5163			35.2296			-6.6017			-2.8000			-166.0000			90.0000			8.0000			
-31.5163			32.9754			-3.8426			-2.3000			-177.0000			73.0000			13.0000			
-33.1981			30.7211			0.0202			-2.4000			-188.0000			55.0000			17.0000			
-35.4405			30.7211			2.2275			-2.4000			-197.0000			37.0000			22.0000			
-35.4405			29.5940			4.4348			-1.4000			-206.0000			19.0000			26.0000			
-37.1223			27.3397			7.7458			-2.0000			-212.0000			-1.0000			30.0000			
-38.2435			24.5219			12.1604			-1.5000			-218.0000			-17.0000			37.0000			
-39.9252			23.3948			14.9195			-1.6000			-222.0000			-33.0000			40.0000			
-39.9252			20.5770			16.5750			-2.7000			-226.0000			-49.0000			43.0000			
-39.9252			20.0134			19.3341			-0.5000			-228.0000			-62.0000			49.0000			
-37.6829			16.6320			19.8859			-1.1000			-229.0000			-76.0000			52.0000			
-35.4405			12.6871			20.9896			-1.7000			-228.0000			-91.0000			56.0000			
-34.8799			9.3057			24.8524			-0.7000			-222.0000			-104.0000			60.0000			
-34.3193			6.4879			28.1633			0.3000			-217.0000			-117.0000			64.0000			
-34.8799			4.7972			28.7151			-1.3000			-211.0000			-129.0000			68.0000			
-32.0769			1.4158			31.4743			0.8000			-202.0000			-141.0000			71.0000			
-32.0769			-1.9656			33.6816			-0.3000			-191.0000			-151.0000			74.0000			
-32.0769			-3.0927			34.7852			-0.3000			-179.0000			-161.0000			77.0000			
-29.8346			-5.9106			35.3371			-0.4000			-165.0000			-169.0000			79.0000			
-26.4710			-9.2919			35.8889			0.1000			-150.0000			-177.0000			81.0000			
-24.7892			-12.6733			38.0962			0.6000			-138.0000			-182.0000			83.0000			
-23.6680			-16.0547			38.6480			-1.0000			-121.0000			-187.0000			86.0000			
-20.8650			-18.3090			39.7517			0.5000			-107.0000			-190.0000			90.0000			
-18.6227			-19.4361			40.3035			2.2000			-90.0000			-191.0000			92.0000			
-15.2591			-20.5632			36.9925			1.1000			-74.0000			-193.0000			94.0000			
-11.3349			-22.8175			35.3371			1.1000			-54.0000			-193.0000			95.0000			
-7.4108			-26.1989			35.3371			1.7000			-36.0000			-191.0000			95.0000			
-4.6078			-30.1438			35.3371			0.5000			-17.0000			-188.0000			95.0000			
-2.3654			-29.5802			32.5779			0.6000			3.0000			-183.0000			95.0000			
0.9981			-30.7074			32.0261			2.3000			22.0000			-176.0000			94.0000			
3.2405			-33.5252			30.3706			0.0000			42.0000			-168.0000			92.0000			
5.4829			-34.6523			31.4743			2.3000			61.0000			-159.0000			90.0000			
8.2859			-36.3430			29.2670			1.2000			83.0000			-149.0000			87.0000			
11.6494			-38.5973			27.6115			0.6000			102.0000			-139.0000			84.0000			
14.4524			-39.7244			25.9560			0.6000			119.0000			-129.0000			83.0000			
18.9371			-40.8515			22.6451			0.7000			136.0000			-117.0000			81.0000			
-13.5773			-61.1398			29.2670			-45.4000			148.0000			-109.0000			63.0000			
41.9215			-39.1608			36.4407			39.2000			132.0000			-127.0000			45.0000			
46.9669			-19.9997			24.3005			51.2000			147.0000			-119.0000			38.0000			
5.4829			-45.3600			2.7793			-37.0000			170.0000			-98.0000			45.0000			
32.9520			-20.5632			24.8524			37.2000			179.0000			-84.0000			35.0000			
26.7855			-40.8515			6.6421			-7.4000			195.0000			-66.0000			35.0000			
27.9067			-41.4151			-4.9462			-18.4000			208.0000			-47.0000			30.0000			
43.6033			-23.3810			6.6421			26.8000			216.0000			-32.0000			21.0000			
31.2702			-31.2709			-12.6718			-12.6000			228.0000			-9.0000			21.0000			
35.7550			-30.1438			-7.1536			-1.5000			234.0000			8.0000			15.0000			
41.3609			-25.0717			-0.5316			15.7000			240.0000			26.0000			8.0000			
31.2702			-31.8345			-12.1200			-12.6000			247.0000			45.0000			6.0000			
37.4368			-25.0717			-8.2572			4.1000			252.0000			60.0000			2.0000			
39.1185			-22.8175			-11.0163			5.2000			254.0000			75.0000			-1.0000			
34.6338			-23.9446			-19.8456			-9.1000			258.0000			91.0000			-3.0000			
40.8003			-15.4911			-18.1901			7.1000			258.0000			105.0000			-8.0000			
35.7550			-12.6733			-23.7083			-0.6000			256.0000			119.0000			-10.0000			
35.7550			-9.8555			-27.5711			-1.6000			255.0000			136.0000			-14.0000			
35.7550			-4.2199			-27.5711			3.9000			248.0000			150.0000			-19.0000			
31.8308			-5.3470			-28.6748			-2.1000			244.0000			163.0000			-22.0000			
30.1490			-4.2199			-28.1229			-2.1000			236.0000			175.0000			-25.0000			
30.7096			-0.2749			-29.2266			1.2000			225.0000			187.0000			-26.0000			
29.5884			-0.8385			-31.4339			-2.6000			214.0000			196.0000			-27.0000			
28.4672			3.6700			-33.0894			-0.9000			202.0000			206.0000			-30.0000			
26.7855			8.1786			-34.7449			0.2000			187.0000			214.0000			-31.0000			
23.9825			12.6871			-39.1595			-2.4000			175.0000			221.0000			-32.0000			
23.4219			14.9413			-38.6076			-0.2000			160.0000			225.0000			-34.0000			
18.9371			17.7591			-38.6076			-1.9000			146.0000			230.0000			-37.0000			
16.1342			19.4498			-38.0558			-2.4000			131.0000			232.0000			-38.0000			
13.8918			19.4498			-35.2967			-1.9000			115.0000			235.0000			-41.0000			
9.9676			21.1405			-33.0894			-1.9000			98.0000			234.0000			-41.0000			
6.6041			22.8312			-31.4339			-1.9000			78.0000			233.0000			-41.0000			
4.9223			26.7762			-31.9857			-0.2000			59.0000			231.0000			-40.0000			
2.1193			26.7762			-31.9857			-3.0000			42.0000			226.0000			-39.0000			
0.4375			29.5940			-31.9857			-1.9000			23.0000			219.0000			-37.0000			
-3.4866			32.9754			-30.8821			-1.3000			4.0000			212.0000			-35.0000			
-6.8502			34.1025			-31.9857			-4.7000			-17.0000			203.0000			-33.0000			
-7.9714			34.6661			-29.2266			-2.5000			-35.0000			194.0000			-28.0000			
-13.0167			36.3568			-26.4675			-3.1000			-53.0000			185.0000			-27.0000			
-15.8197			37.4839			-24.8120			-3.1000			-72.0000			174.0000			-25.0000			
-18.0621			37.4839			-22.6047			-3.1000			-89.0000			161.0000			-23.0000			
-18.6227			36.3568			-20.9492			-3.2000			-105.0000			149.0000			-20.0000			
-20.3045			35.2296			-18.1901			-3.2000			-122.0000			139.0000			-18.0000			
-20.8650			34.1025			-15.4309			-2.1000			-137.0000			123.0000			-16.0000			
-23.6680			32.9754			-12.6718			-3.3000			-152.0000			110.0000			-12.0000			
-26.4710			34.1025			-8.8090			-1.1000			-167.0000			94.0000			-5.0000			
-29.2740			34.6661			-7.1536			-1.7000			-180.0000			78.0000			-3.0000			
-31.5163			31.8482			-3.8426			-3.5000			-190.0000			61.0000			1.0000			
-30.9557			29.0304			0.5720			-1.3000			-198.0000			46.0000			8.0000			
-33.7587			28.4669			2.2275			-3.0000			-206.0000			27.0000			12.0000			
-33.7587			30.1576			3.3311			-0.2000			-214.0000			10.0000			19.0000			
-35.4405			26.7762			6.0903			-2.5000			-220.0000			-7.0000			23.0000			
-37.1223			25.6490			10.5049			-0.9000			-224.0000			-24.0000			29.0000			
-38.2435			22.8312			13.8158			-1.5000			-229.0000			-38.0000			35.0000			
-38.2435			21.7041			15.4713			-1.0000			-230.0000			-52.0000			40.0000			
-37.1223			19.4498			16.5750			-1.0000			-230.0000			-66.0000			45.0000			
-36.0011			17.1956			18.2305			-0.5000			-229.0000			-78.0000			50.0000			
-34.8799			13.2506			21.5414			0.0000			-226.0000			-91.0000			55.0000			
-33.7587			9.8692			23.1969			-0.6000			-221.0000			-103.0000			61.0000			
-34.3193			8.1786			27.0597			0.9000			-215.0000			-117.0000			65.0000			
-33.1981			6.4879			28.1633			1.4000			-207.0000			-127.0000			70.0000			
-32.6375			3.6700			28.7151			-0.2000			-196.0000			-137.0000			74.0000			
-30.9557			-0.8385			32.0261			0.2000			-184.0000			-146.0000			77.0000			
-30.3951			-1.9656			33.6816			1.3000			-172.0000			-154.0000			81.0000			
-29.8346			-4.2199			34.2334			0.1000			-156.0000			-162.0000			84.0000			
-25.9104			-8.1648			34.2334			0.1000			-142.0000			-168.0000			89.0000			
-24.2286			-12.1098			37.5444			1.2000			-125.0000			-174.0000			91.0000			
-22.5468			-16.0547			39.1998			0.5000			-111.0000			-177.0000			94.0000			
-20.3045			-16.0547			38.0962			1.7000			-94.0000			-180.0000			99.0000			
-18.6227			-18.8725			38.0962			0.6000			-77.0000			-181.0000			99.0000			
-15.8197			-19.4361			35.8889			0.6000			-60.0000			-181.0000			103.0000			
-18.0621			-25.6353			-30.3302			-74.0000			-44.0000			-182.0000			92.0000			
12.7706			-34.6523			38.6480			16.7000			-56.0000			-208.0000			77.0000			
18.3766			4.2336			46.3736			68.9000			-44.0000			-216.0000			69.0000			
-33.7587			-43.1058			13.8158			-63.0000			-15.0000			-204.0000			78.0000			
6.0435			-27.8896			43.0626			21.2000			-4.0000			-201.0000			71.0000			
9.9676			-29.0167			39.1998			20.1000			18.0000			-192.0000			70.0000			
-6.8502			-46.4872			17.1268			-36.2000			43.0000			-177.0000			71.0000			
18.9371			-26.1989			41.4071			34.1000			61.0000			-170.0000			64.0000			
12.7706			-34.6523			23.1969			1.3000			85.0000			-157.0000			64.0000			
12.2100			-42.5422			14.9195			-15.4000			105.0000			-143.0000			65.0000			
25.1037			-31.8345			30.9225			24.1000			123.0000			-133.0000			61.0000			
11.6494			-42.5422			20.4378			-10.4000			143.0000			-117.0000			63.0000			
15.5736			-39.7244			20.9896			-3.1000			160.0000			-103.0000			63.0000			
24.5431			-31.2709			22.6451			15.9000			176.0000			-88.0000			61.0000			
20.0583			-37.4701			8.8494			-8.5000			194.0000			-70.0000			62.0000			
29.5884			-32.3981			9.4012			6.5000			209.0000			-54.0000			58.0000			
31.8308			-32.3981			6.6421			6.0000			223.0000			-37.0000			55.0000			
29.5884			-34.0888			-1.0835			-5.5000			236.0000			-17.0000			52.0000			
35.1944			-27.8896			0.0202			7.3000			247.0000			-1.0000			50.0000			
34.0732			-29.5802			-2.7389			1.7000			258.0000			18.0000			47.0000			
32.9520			-31.8345			-3.8426			-2.7000			265.0000			39.0000			43.0000			
34.0732			-27.3260			-1.6353			5.1000			272.0000			56.0000			38.0000			
34.6338			-27.8896			-8.8090			-2.0000			280.0000			75.0000			34.0000			
36.3156			-24.5082			-12.6718			-0.8000			285.0000			89.0000			31.0000			
38.5579			-21.6903			-14.3273			2.5000			289.0000			104.0000			27.0000			
37.4368			-21.1268			-18.7419			-2.4000			290.0000			118.0000			23.0000			
36.8762			-16.6183			-20.3974			-0.1000			291.0000			133.0000			19.0000			
36.3156			-14.3640			-22.6047			-0.6000			287.0000			147.0000			14.0000			
33.5126			-9.8555			-25.9156			-2.2000			284.0000			160.0000			11.0000			
32.9520			-7.0377			-26.4675			-0.5000			279.0000			173.0000			5.0000			
31.2702			-5.3470			-27.5711			-1.6000			271.0000			185.0000			2.0000			
31.2702			-4.2199			-28.6748			-1.6000			261.0000			195.0000			-2.0000			
31.2702			-0.2749			-32.5376			-1.5000			248.0000			203.0000			-5.0000			
29.5884			1.9793			-33.6412			-2.0000			236.0000			212.0000			-10.0000			
29.5884			3.6700			-34.7449			-1.4000			221.0000			221.0000			-12.0000			
25.1037			9.3057			-36.9522			-2.5000			205.0000			226.0000			-16.0000			
23.4219			11.5599			-38.6076			-3.6000			189.0000			231.0000			-20.0000			
21.7401			16.0684			-39.7113			-1.9000			173.0000			233.0000			-24.0000			
19.4977			16.6320			-38.6076			-2.4000			156.0000			235.0000			-28.0000			
16.1342			18.3227			-37.5040			-3.0000			138.0000			235.0000			-33.0000			
12.7706			20.0134			-36.4003			-3.6000			119.0000			234.0000			-36.0000			
9.4070			21.7041			-34.7449			-3.6000			100.0000			233.0000			-39.0000			
5.4829			24.5219			-33.6412			-3.6000			78.0000			228.0000			-41.0000			
2.1193			26.7762			-33.0894			-4.2000			57.0000			223.0000			-43.0000			
1.5587			29.0304			-33.6412			-3.0000			37.0000			217.0000			-43.0000			
-0.1231			30.1576			-32.5376			-2.5000			15.0000			207.0000			-44.0000			
-4.6078			32.9754			-31.4339			-3.0000			-6.0000			198.0000			-44.0000			
-7.9714			34.6661			-30.3302			-3.6000			-27.0000			187.0000			-43.0000			
29.0278			66.7892			-4.9462			90.8000			-38.0000			184.0000			-23.0000			
-30.9557			32.4118			-59.0252			-57.5000			-30.0000			202.0000			-3.0000			
-24.2286			33.5389			-32.5376			-23.2000			-50.0000			190.0000			-5.0000			
-6.2896			52.7001			-6.0499			40.3000			-73.0000			172.0000			-10.0000			
-37.1223			23.3948			-40.2631			-53.9000			-84.0000			166.0000			-3.0000			
-12.4561			39.1746			-14.8791			11.8000			-107.0000			147.0000			-7.0000			
-16.9409			42.5560			-6.0499			19.5000			-126.0000			130.0000			-5.0000			
-39.3647			21.1405			-18.1901			-36.4000			-139.0000			116.0000			-1.0000			
-24.2286			37.4839			6.0903			19.3000			-161.0000			94.0000			-2.0000			
-34.8799			34.6661			-2.1871			-2.4000			-174.0000			76.0000			4.0000			
-37.6829			29.0304			-10.4645			-19.1000			-186.0000			58.0000			7.0000			
-25.9104			38.6110			4.9866			17.6000			-202.0000			36.0000			6.0000			
-37.6829			30.1576			-3.2908			-10.8000			-210.0000			17.0000			10.0000			
-36.5617			30.1576			-1.0835			-7.4000			-220.0000			-1.0000			12.0000			
-32.6375			32.4118			11.0567			10.8000			-229.0000			-23.0000			13.0000			
-43.2888			22.8312			9.4012			-11.0000			-236.0000			-39.0000			19.0000			
-42.7282			21.7041			20.9896			0.0000			-244.0000			-57.0000			20.0000			
-39.9252			20.5770			22.6451			3.2000			-247.0000			-75.0000			23.0000			
-41.0464			14.9413			18.2305			-7.8000			-251.0000			-89.0000			27.0000			
-35.4405			16.0684			22.6451			3.2000			-254.0000			-104.0000			29.0000			
-36.0011			12.6871			22.6451			-0.6000			-252.0000			-118.0000			33.0000			
-35.4405			8.7421			22.0932			-4.6000			-249.0000			-132.0000			38.0000			
-32.6375			8.7421			27.0597			3.1000			-245.0000			-147.0000			39.0000			
-34.8799			4.7972			28.1633			-1.9000			-236.0000			-158.0000			43.0000			
-34.8799			1.4158			32.5779			-0.8000			-227.0000			-170.0000			44.0000			
-31.5163			-1.4020			36.4407			3.5000			-216.0000			-179.0000			47.0000			
-31.5163			-7.0377			36.4407			-2.1000			-204.0000			-188.0000			50.0000			
-28.7134			-7.6012			38.6480			2.3000			-190.0000			-196.0000			52.0000			
-25.3498			-11.5462			37.5444			0.6000			-175.0000			-202.0000			56.0000			
-23.1074			-14.9276			38.6480			0.6000			-158.0000			-207.0000			58.0000			
-20.8650			-16.6183			40.3035			2.8000			-143.0000			-210.0000			62.0000			
-19.1833			-18.8725			39.1998			1.1000			-127.0000			-212.0000			65.0000			
-17.5015			-19.9997			37.5444			0.0000			-110.0000			-212.0000			69.0000			
-13.5773			-22.8175			38.6480			2.2000			-91.0000			-212.0000			71.0000			
-10.7743			-26.1989			36.9925			0.0000			-71.0000			-209.0000			73.0000			
-6.8502			-29.0167			36.4407			0.5000			-51.0000			-206.0000			75.0000			
-3.4866			-30.7074			35.8889			1.6000			-29.0000			-201.0000			77.0000			
-0.1231			-32.9616			33.6816			0.5000			-9.0000			-193.0000			79.0000			
1.5587			-33.5252			33.1298			1.1000			13.0000			-185.0000			78.0000			
6.0435			-35.2159			31.4743			2.3000			35.0000			-174.0000			79.0000			
7.7253			-36.9066			29.8188			0.6000			56.0000			-162.0000			79.0000			
10.5282			-37.4701			28.7151			1.7000			78.0000			-152.0000			78.0000			
13.3312			-39.7244			28.7151			2.3000			100.0000			-139.0000			78.0000			
18.3766			-41.4151			24.8524			1.8000			120.0000			-125.0000			77.0000			
20.6189			-42.5422			23.1969			1.2000			140.0000			-112.0000			77.0000			
31.2702			-18.8725			-33.6412			-21.2000			159.0000			-97.0000			68.0000			
26.2249			-31.8345			3.8830			-1.7000			147.0000			-110.0000			52.0000			
35.7550			-2.5292			41.4071			74.6000			147.0000			-116.0000			31.0000			
-5.7290			-53.2499			-4.3944			-63.3000			172.0000			-92.0000			38.0000			
31.2702			-48.1779			7.7458			-9.1000			182.0000			-77.0000			34.0000			
51.4516			-23.9446			17.6786			45.1000			193.0000			-63.0000			29.0000			
16.6948			-46.4872			-11.0163			-40.8000			215.0000			-38.0000			31.0000			
41.9215			-26.1989			3.3311			19.0000			222.0000			-21.0000			23.0000			
44.1639			-22.8175			-6.0499			15.2000			232.0000			-1.0000			21.0000			
31.2702			-36.3430			-22.0529			-27.1000			244.0000			23.0000			20.0000			
47.5275			-22.2539			-1.0835			24.1000			250.0000			40.0000			14.0000			
37.4368			-28.4531			-9.9127			-0.9000			260.0000			62.0000			13.0000			
36.3156			-30.1438			-17.0864			-10.9000			266.0000			79.0000			13.0000			
45.8457			-18.8725			-9.3609			17.6000			270.0000			94.0000			10.0000			
35.1944			-23.3810			-19.2937			-7.4000			275.0000			111.0000			9.0000			
36.3156			-15.4911			-22.0529			-1.2000			275.0000			126.0000			8.0000			
40.8003			-7.0377			-24.2602			9.4000			276.0000			141.0000			5.0000			
35.7550			-8.7284			-34.7449			-7.7000			275.0000			158.0000			4.0000			
36.3156			-0.8385			-32.5376			2.9000			269.0000			172.0000			0.0000			
34.6338			-0.8385			-30.3302			3.4000			265.0000			186.0000			-2.0000			
31.2702			-2.5292			-34.1930			-5.4000			258.0000			199.0000			-5.0000			
32.9520			1.4158			-30.8821			3.4000			248.0000			211.0000			-6.0000			
29.0278			3.1065			-34.1930			-2.0000			237.0000			222.0000			-6.0000			
26.7855			5.9243			-36.4003			-3.6000			224.0000			230.0000			-7.0000			
26.7855			12.6871			-36.9522			2.5000			208.0000			238.0000			-9.0000			
23.9825			15.5049			-40.8149			-1.3000			197.0000			244.0000			-10.0000			
21.7401			19.4498			-43.5741			-2.3000			182.0000			250.0000			-12.0000			
19.4977			22.2677			-43.0222			-1.2000			166.0000			253.0000			-15.0000			
15.0130			21.1405			-40.2631			-4.1000			151.0000			255.0000			-17.0000			
11.6494			24.5219			-36.9522			-0.7000			134.0000			257.0000			-19.0000			
8.2859			26.2126			-35.8485			-1.3000			114.0000			255.0000			-20.0000			
4.3617			27.3397			-34.7449			-3.0000			95.0000			253.0000			-21.0000			
1.5587			29.0304			-31.9857			-1.3000			75.0000			250.0000			-21.0000			
-1.2442			30.1576			-32.5376			-3.6000			55.0000			243.0000			-21.0000			
-2.3654			34.1025			-34.7449			-3.0000			35.0000			236.0000			-20.0000			
-5.7290			35.7932			-32.5376			-2.4000			15.0000			225.0000			-18.0000			
-9.6532			37.4839			-31.9857			-4.1000			-7.0000			215.0000			-17.0000			
-11.8955			39.1746			-29.2266			-1.9000			-28.0000			203.0000			-17.0000			
-15.8197			40.3017			-27.5711			-3.0000			-48.0000			191.0000			-14.0000			
-20.3045			40.8653			-24.8120			-4.2000			-68.0000			178.0000			-15.0000			
-22.5468			40.8653			-22.0529			-3.7000			-86.0000			166.0000			-15.0000			
-23.1074			38.6110			-19.8456			-4.3000			-105.0000			152.0000			-15.0000			
-24.2286			36.3568			-15.4309			-3.3000			-122.0000			138.0000			-15.0000			
-25.3498			35.7932			-12.6718			-2.2000			-139.0000			121.0000			-12.0000			
-29.2740			37.4839			-10.4645			-2.2000			-157.0000			105.0000			-11.0000			
-30.9557			36.3568			-8.2572			-2.8000			-172.0000			87.0000			-8.0000			
-33.1981			34.6661			-4.3944			-2.9000			-186.0000			70.0000			-4.0000			
-37.1223			33.5389			1.1238			-2.4000			-199.0000			51.0000			-1.0000			
-37.6829			30.7211			12.7122			5.7000			-189.0000			48.0000			19.0000			
-40.4858			21.1405			-39.1595			-58.5000			-179.0000			52.0000			39.0000			
-29.8346			42.5560			19.8859			32.6000			-194.0000			26.0000			39.0000			
-38.2435			47.6280			13.8158			23.2000			-201.0000			8.0000			41.0000			
-57.3037			9.3057			-6.0499			-54.0000			-202.0000			-3.0000			49.0000			
-28.1528			31.2847			28.1633			31.2000			-214.0000			-26.0000			47.0000			
-43.2888			20.5770			19.8859			-2.8000			-215.0000			-42.0000			54.0000			
-48.8948			8.7421			17.1268			-23.0000			-217.0000			-57.0000			59.0000			
-30.3951			18.3227			37.5444			25.4000			-221.0000			-74.0000			58.0000			
-40.4858			4.7972			22.6451			-13.0000			-217.0000			-88.0000			65.0000			
-38.2435			7.6150			25.4042			-5.2000			-216.0000			-105.0000			67.0000			
-29.8346			11.5599			33.1298			14.8000			-213.0000			-121.0000			68.0000			
-38.8041			0.2887			24.3005			-14.2000			-205.0000			-132.0000			71.0000			
-31.5163			1.4158			34.7852			4.6000			-198.0000			-145.0000			71.0000			
-31.5163			-0.8385			38.0962			5.7000			-188.0000			-156.0000			71.0000			
-34.8799			-9.8555			35.3371			-9.4000			-176.0000			-167.0000			73.0000			
-27.0316			-9.8555			43.6145			6.7000			-166.0000			-177.0000			73.0000			
-27.5922			-15.4911			41.9590			-1.1000			-153.0000			-185.0000			74.0000			
-24.7892			-20.5632			41.4071			-3.9000			-138.0000			-191.0000			76.0000			
-19.1833			-18.8725			43.0626			5.0000			-125.0000			-198.0000			77.0000			
-20.3045			-21.1268			40.3035			-1.1000			-111.0000			-202.0000			78.0000			
-17.5015			-22.2539			38.0962			-1.6000			-96.0000			-205.0000			79.0000			
-11.8955			-22.8175			38.0962			3.3000			-81.0000			-206.0000			79.0000			
-9.6532			-27.8896			35.8889			-1.6000			-62.0000			-206.0000			79.0000			
-4.6078			-31.2709			37.5444			1.6000			-44.0000			-205.0000			79.0000			
-2.3654			-33.5252			38.6480			2.7000			-25.0000			-203.0000			77.0000			
-0.1231			-34.6523			34.7852			0.0000			-6.0000			-196.0000			76.0000			
4.9223			-36.9066			33.6816			1.6000			12.0000			-190.0000			75.0000			
6.0435			-37.4701			32.5779			1.1000			31.0000			-183.0000			72.0000			
9.9676			-39.7244			29.8188			0.0000			51.0000			-175.0000			70.0000			
12.2100			-39.7244			29.2670			1.7000			69.0000			-165.0000			65.0000			
17.2554			-41.9787			25.9560			1.2000			89.0000			-153.0000			63.0000			
19.4977			-43.6693			23.7487			-0.4000			107.0000			-142.0000			62.0000			
23.4219			-43.6693			20.9896			0.7000			124.0000			-131.0000			59.0000			
23.4219			-43.6693			19.3341			-0.9000			141.0000			-118.0000			57.0000			
23.9825			-40.8515			17.6786			0.8000			157.0000			-105.0000			55.0000			
26.7855			-38.0337			13.2640			2.0000			172.0000			-92.0000			51.0000			
30.1490			-37.4701			9.4012			2.0000			188.0000			-77.0000			49.0000			
34.0732			-37.4701			6.0903			2.6000			202.0000			-61.0000			45.0000			
34.0732			-36.3430			2.7793			0.5000			214.0000			-44.0000			41.0000			
35.1944			-32.9616			-1.0835			1.1000			225.0000			-27.0000			37.0000			
37.9974			-31.8345			-4.3944			1.7000			234.0000			-9.0000			33.0000			
39.1185			-31.8345			-6.0499			1.2000			242.0000			9.0000			29.0000			
40.2397			-30.7074			-7.7054			1.8000			249.0000			27.0000			24.0000			
40.8003			-29.0167			-12.1200			-0.3000			256.0000			44.0000			19.0000			
43.0427			-26.7624			-15.4309			0.8000			260.0000			61.0000			15.0000			
43.0427			-23.3810			-17.6382			2.0000			264.0000			75.0000			10.0000			
43.6033			-21.6903			-21.5010			0.4000			267.0000			91.0000			6.0000			
41.9215			-18.3090			-22.6047			1.0000			267.0000			105.0000			1.0000			
39.6791			-13.8004			-24.8120			1.0000			266.0000			118.0000			-3.0000			
37.4368			-9.2919			-28.1229			0.0000			264.0000			133.0000			-7.0000			
37.4368			-6.4741			-31.9857			-1.0000			260.0000			146.0000			-10.0000			
36.8762			-3.6563			-33.0894			0.1000			254.0000			159.0000			-15.0000			
33.5126			-1.4020			-33.0894			-0.9000			245.0000			170.0000			-20.0000			
34.0732			1.4158			-36.4003			-0.9000			235.0000			181.0000			-24.0000			
32.3914			4.7972			-38.6076			-1.4000			223.0000			190.0000			-27.0000			
30.7096			5.9243			-38.0558			-1.4000			209.0000			200.0000			-29.0000			
28.4672			10.9964			-40.2631			-0.8000			196.0000			207.0000			-32.0000			
25.1037			13.8142			-40.8149			-1.8000			180.0000			214.0000			-34.0000			
22.8613			18.8863			-43.0222			-1.2000			166.0000			220.0000			-37.0000			
20.6189			21.1405			-44.1259			-2.3000			151.0000			222.0000			-41.0000			
17.8160			22.8312			-42.4704			-1.8000			136.0000			226.0000			-43.0000			
14.4524			24.5219			-42.4704			-3.4000			119.0000			227.0000			-45.0000			
10.5282			24.5219			-38.0558			-3.0000			102.0000			226.0000			-48.0000			
6.6041			29.0304			-38.6076			-2.9000			84.0000			225.0000			-50.0000			
3.2405			30.7211			-36.9522			-2.9000			63.0000			223.0000			-49.0000			
0.4375			34.1025			-35.8485			-1.3000			45.0000			219.0000			-50.0000			
-3.4866			33.5389			-33.6412			-3.5000			25.0000			214.0000			-49.0000			
-6.2896			36.9203			-33.6412			-3.0000			6.0000			206.0000			-49.0000			
-7.9714			39.7381			-34.1930			-2.4000			-14.0000			197.0000			-47.0000			
-11.8955			39.7381			-30.8821			-3.0000			-35.0000			187.0000			-44.0000			
-7.4108			38.6110			0.5720			31.7000			-53.0000			177.0000			-32.0000			
-23.6680			37.4839			-15.4309			-1.6000			-46.0000			191.0000			-16.0000			
-34.8799			11.5599			-45.7814			-69.1000			-53.0000			195.0000			-2.0000			
4.3617			58.3358			-8.2572			54.4000			-77.0000			176.0000			-7.0000			
-27.5922			51.5730			-23.7083			0.2000			-88.0000			167.0000			-2.0000			
-40.4858			34.6661			-26.4675			-32.2000			-103.0000			156.0000			1.0000			
-13.5773			49.8823			0.5720			36.8000			-123.0000			136.0000			-1.0000			
-40.4858			27.3397			-12.6718			-25.8000			-136.0000			124.0000			9.0000			
-38.2435			31.8482			-1.6353			-8.0000			-150.0000			105.0000			12.0000			
-30.9557			41.4288			8.8494			19.3000			-167.0000			86.0000			13.0000			
-44.9706			26.7762			-5.4981			-23.7000			-175.0000			70.0000			21.0000			
-36.5617			34.1025			6.0903			3.6000			-187.0000			50.0000			21.0000			
-35.4405			35.2296			6.0903			5.8000			-196.0000			30.0000			26.0000			
-44.4100			27.9033			0.0202			-16.4000			-203.0000			13.0000			31.0000			
-37.1223			31.8482			13.8158			8.5000			-212.0000			-8.0000			33.0000			
-45.5312			26.2126			16.5750			-2.7000			-217.0000			-23.0000			37.0000			
-47.2130			20.5770			19.8859			-6.7000			-220.0000			-41.0000			40.0000			
-42.7282			20.5770			28.1633			6.0000			-227.0000			-58.0000			43.0000			
-44.9706			13.8142			24.8524			-6.3000			-229.0000			-71.0000			47.0000			
-39.9252			11.5599			25.4042			-2.9000			-230.0000			-87.0000			50.0000			
-35.4405			11.5599			28.7151			4.8000			-227.0000			-103.0000			54.0000			
-37.1223			4.2336			27.6115			-5.2000			-223.0000			-117.0000			57.0000			
-36.0011			5.9243			31.4743			1.3000			-218.0000			-130.0000			61.0000			
-34.8799			3.1065			32.5779			0.7000			-212.0000			-143.0000			62.0000			
-36.0011			-2.5292			35.8889			-2.6000			-202.0000			-153.0000			63.0000			
-32.6375			-5.9106			40.8553			2.3000			-191.0000			-164.0000			66.0000			
-32.0769			-9.2919			40.8553			-0.5000			-179.0000			-174.0000			67.0000			
-29.2740			-12.6733			40.8553			-1.0000			-166.0000			-182.0000			70.0000			
-25.9104			-16.6183			43.6145			1.0000			-153.0000			-189.0000			72.0000			
-23.6680			-18.8725			43.6145			1.0000			-138.0000			-195.0000			74.0000			
-20.8650			-22.2539			42.5108			-0.6000			-122.0000			-199.0000			77.0000			
-18.0621			-22.8175			41.4071			0.5000			-108.0000			-202.0000			79.0000			
-15.8197			-26.1989			40.8553			-1.1000			-93.0000			-204.0000			81.0000			
-12.4561			-25.6353			39.1998			1.1000			-75.0000			-205.0000			82.0000			
-6.8502			-29.5802			38.6480			2.2000			-56.0000			-203.0000			82.0000			
-4.0472			-34.0888			38.6480			0.5000			-36.0000			-200.0000			83.0000			
-0.6837			-34.6523			38.0962			2.7000			-16.0000			-197.0000			82.0000			
2.1193			-35.7794			35.3371			1.6000			2.0000			-191.0000			82.0000			
6.6041			-38.0337			33.1298			1.6000			22.0000			-183.0000			80.0000			
7.7253			-39.7244			33.1298			1.1000			42.0000			-175.0000			78.0000			
11.6494			-40.2880			30.3706			1.7000			63.0000			-165.0000			77.0000			
13.3312			-41.4151			28.7151			0.6000			82.0000			-154.0000			74.0000			
18.3766			-43.1058			26.5078			1.7000			102.0000			-142.0000			74.0000			
21.1795			-44.7965			23.7487			0.1000			120.0000			-132.0000			72.0000			
22.8613			-43.6693			20.9896			0.1000			139.0000			-118.0000			70.0000			
25.1037			-43.1058			19.3341			1.3000			155.0000			-107.0000			69.0000			
25.6643			-41.4151			16.0231			0.2000			171.0000			-94.0000			66.0000			
27.9067			-38.0337			11.0567			0.9000			187.0000			-78.0000			65.0000			
31.2702			-38.0337			7.1939			0.4000			204.0000			-63.0000			61.0000			
33.5126			-38.5973			4.9866			0.0000			217.0000			-49.0000			57.0000			
35.1944			-36.9066			2.2275			0.5000			230.0000			-32.0000			53.0000			
34.6338			-34.0888			-1.0835			-0.5000			239.0000			-15.0000			50.0000			
38.5579			-32.3981			-6.0499			0.1000			249.0000			3.0000			45.0000			
39.6791			-32.3981			-7.1536			0.1000			256.0000			22.0000			41.0000			
40.8003			-30.1438			-9.3609			1.2000			261.0000			39.0000			35.0000			
40.2397			-27.3260			-13.7755			-0.8000			267.0000			55.0000			29.0000			
41.9215			-24.5082			-17.0864			0.3000			274.0000			71.0000			24.0000			
43.6033			-23.3810			-19.8456			0.3000			276.0000			85.0000			19.0000			
41.9215			-21.1268			-21.5010			-0.7000			277.0000			99.0000			15.0000			
40.8003			-18.3090			-23.1565			-0.6000			279.0000			111.0000			9.0000			
37.9974			-14.9276			-24.8120			-1.7000			276.0000			124.0000			5.0000			
36.3156			-10.4191			-28.1229			-2.2000			273.0000			138.0000			-1.0000			
36.3156			-7.0377			-30.8821			-1.6000			267.0000			150.0000			-7.0000			
35.7550			-5.3470			-33.0894			-2.6000			259.0000			163.0000			-12.0000			
34.0732			-2.5292			-33.6412			-2.0000			251.0000			173.0000			-16.0000			
32.9520			1.4158			-36.4003			-2.0000			239.0000			183.0000			-21.0000			
32.3914			3.6700			-38.0558			-1.9000			227.0000			191.0000			-25.0000			
30.1490			6.4879			-38.6076			-1.9000			211.0000			199.0000			-27.0000			
27.3461			9.8692			-39.7113			-2.4000			198.0000			207.0000			-32.0000			
24.5431			14.9413			-40.2631			-0.7000			181.0000			211.0000			-36.0000			
22.8613			18.3227			-43.0222			-1.8000			167.0000			215.0000			-39.0000			
20.0583			20.5770			-43.0222			-2.3000			150.0000			218.0000			-43.0000			
17.8160			21.7041			-42.4704			-2.9000			132.0000			219.0000			-47.0000			
14.4524			22.8312			-40.8149			-3.5000			115.0000			220.0000			-50.0000			
11.6494			25.0855			-38.6076			-1.8000			97.0000			218.0000			-53.0000			
6.6041			26.2126			-36.4003			-3.5000			77.0000			215.0000			-56.0000			
3.2405			30.7211			-37.5040			-3.5000			58.0000			212.0000			-56.0000			
15.5736			43.6831			1.1238			60.3000			37.0000			208.0000			-45.0000			
-11.8955			29.0304			-18.7419			-1.6000			50.0000			232.0000			-29.0000			
-22.5468			-0.2749			-56.8179			-79.6000			43.0000			242.0000			-13.0000			
25.6643			57.2086			-11.5682			71.3000			13.0000			223.0000			-21.0000			
-14.1379			44.8102			-35.2967			-4.6000			-1.0000			217.0000			-15.0000			
-29.2740			34.6661			-40.2631			-34.8000			-20.0000			208.0000			-13.0000			
1.5587			54.9544			-10.4645			46.0000			-48.0000			189.0000			-16.0000			
-33.7587			34.1025			-31.9857			-31.6000			-63.0000			181.0000			-9.0000			
-27.5922			36.9203			-18.7419			-9.4000			-83.0000			165.0000			-10.0000			
-19.1833			47.0645			-7.7054			20.1000			-104.0000			149.0000			-13.0000			
-34.3193			30.1576			-23.7083			-27.8000			-120.0000			136.0000			-8.0000			
-21.4256			39.1746			-12.6718			5.0000			-140.0000			119.0000			-9.0000			
-24.2286			40.8653			-10.4645			6.1000			-156.0000			101.0000			-8.0000			
-36.0011			32.9754			-15.9828			-19.0000			-169.0000			85.0000			-4.0000			
-29.8346			39.7381			-1.0835			8.8000			-186.0000			65.0000			-4.0000			
-35.4405			31.2847			0.0202			-4.1000			-196.0000			47.0000			-1.0000			
-40.4858			26.7762			3.3311			-10.3000			-209.0000			27.0000			2.0000			
-37.1223			32.9754			11.6085			7.4000			-220.0000			6.0000			5.0000			
-42.7282			26.7762			8.2976			-7.6000			-227.0000			-12.0000			10.0000			
-45.5312			25.0855			41.9590			21.5000			-237.0000			-33.0000			18.0000			
-43.8494			18.3227			34.2334			8.7000			-220.0000			-33.0000			36.0000			
-45.5312			-0.2749			-34.7449			-80.5000			-207.0000			-25.0000			56.0000			
-27.5922			36.3568			34.7852			43.5000			-219.0000			-49.0000			53.0000			
-37.1223			38.6110			19.8859			21.3000			-218.0000			-63.0000			56.0000			
-56.7431			-2.5292			2.7793			-56.4000			-214.0000			-71.0000			63.0000			
-23.1074			20.0134			40.3035			37.2000			-218.0000			-93.0000			60.0000			
-40.4858			3.1065			27.0597			-10.3000			-212.0000			-106.0000			67.0000			
-44.4100			-7.0377			29.8188			-21.6000			-206.0000			-119.0000			72.0000			
-25.9104			7.0514			49.1327			30.2000			-204.0000			-136.0000			70.0000			
-39.3647			-7.6012			29.8188			-17.1000			-193.0000			-145.0000			75.0000			
-32.0769			-4.2199			31.4743			-4.8000			-183.0000			-158.0000			76.0000			
-23.6680			1.4158			38.6480			16.3000			-172.0000			-170.0000			75.0000			
-33.1981			-12.1098			28.1633			-17.1000			-157.0000			-177.0000			78.0000			
-23.6680			-8.7284			39.1998			6.8000			-146.0000			-185.0000			77.0000			
-22.5468			-16.0547			43.6145			5.0000			-132.0000			-193.0000			77.0000			
-26.4710			-23.9446			41.4071			-9.0000			-118.0000			-196.0000			80.0000			
-18.0621			-21.6903			46.9254			7.1000			-106.0000			-201.0000			81.0000			
-17.5015			-26.1989			41.4071			-2.2000			-90.0000			-203.0000			82.0000			
-13.5773			-28.4531			38.0962			-3.9000			-73.0000			-205.0000			83.0000			
-5.1684			-26.1989			37.5444			6.1000			-57.0000			-207.0000			81.0000			
-4.6078			-29.5802			32.5779			-1.6000			-37.0000			-204.0000			81.0000			
-1.2442			-30.1438			31.4743			0.0000			-20.0000			-202.0000			79.0000			
2.1193			-30.1438			32.5779			4.5000			-1.0000			-197.0000			79.0000			
0.9981			-34.6523			31.4743			-2.1000			17.0000			-189.0000			76.0000			
6.6041			-36.9066			33.6816			3.3000			37.0000			-182.0000			72.0000			
8.8465			-40.2880			32.0261			0.5000			56.0000			-173.0000			67.0000			
11.0888			-41.4151			29.2670			-1.0000			75.0000			-163.0000			65.0000			
16.6948			-41.4151			27.0597			2.3000			93.0000			-153.0000			63.0000			
19.4977			-42.5422			23.1969			0.1000			110.0000			-143.0000			61.0000			
20.6189			-41.9787			20.9896			-0.3000			127.0000			-130.0000			59.0000			
21.7401			-39.1608			18.7823			1.3000			143.0000			-118.0000			55.0000			
24.5431			-38.5973			13.8158			-0.2000			159.0000			-105.0000			54.0000			
25.6643			-36.9066			11.0567			-0.1000			175.0000			-92.0000			51.0000			
28.4672			-35.7794			8.8494			1.5000			190.0000			-76.0000			46.0000			
31.2702			-36.9066			6.0903			0.4000			202.0000			-60.0000			43.0000			
32.3914			-35.7794			3.3311			0.0000			214.0000			-44.0000			37.0000			
34.6338			-34.0888			1.1238			1.6000			225.0000			-27.0000			34.0000			
35.7550			-31.8345			-3.8426			0.0000			233.0000			-9.0000			29.0000			
37.9974			-31.2709			-6.6017			0.1000			240.0000			9.0000			25.0000			
37.9974			-29.0167			-8.2572			0.7000			247.0000			27.0000			19.0000			
39.1185			-27.8896			-12.6718			-1.4000			252.0000			43.0000			15.0000			
40.2397			-25.0717			-15.9828			-0.8000			257.0000			60.0000			10.0000			
41.9215			-23.9446			-18.7419			-0.7000			260.0000			75.0000			5.0000			
40.8003			-22.2539			-19.2937			-0.7000			263.0000			89.0000			0.0000			
39.1185			-19.4361			-19.8456			-0.1000			264.0000			102.0000			-3.0000			
37.4368			-16.0547			-23.1565			-1.7000			261.0000			117.0000			-7.0000			
36.3156			-10.9826			-25.9156			-0.5000			259.0000			131.0000			-13.0000			
36.8762			-8.7284			-28.1229			0.0000			254.0000			144.0000			-18.0000			
35.1944			-4.7834			-31.4339			-1.0000			246.0000			157.0000			-22.0000			
34.0732			-1.9656			-31.9857			0.1000			239.0000			168.0000			-25.0000			
33.5126			0.8522			-35.2967			-0.9000			229.0000			178.0000			-28.0000			
31.2702			2.5429			-37.5040			-3.6000			217.0000			188.0000			-31.0000			
29.5884			5.3607			-36.9522			-2.0000			203.0000			197.0000			-34.0000			
27.9067			8.1786			-38.0558			-1.9000			190.0000			205.0000			-36.0000			
25.1037			10.9964			-39.1595			-3.0000			174.0000			212.0000			-39.0000			
22.3007			17.1956			-41.3668			-1.8000			159.0000			216.0000			-41.0000			
21.1795			18.3227			-41.9186			-2.4000			145.0000			219.0000			-43.0000			
18.9371			20.0134			-41.3668			-2.4000			129.0000			222.0000			-47.0000			
15.0130			21.7041			-39.1595			-2.4000			111.0000			223.0000			-49.0000			
11.6494			23.9583			-38.0558			-2.4000			95.0000			223.0000			-50.0000			
7.7253			26.2126			-37.5040			-3.5000			76.0000			223.0000			-52.0000			
4.3617			28.4669			-36.4003			-3.5000			57.0000			220.0000			-53.0000			
1.5587			30.1576			-34.7449			-3.0000			39.0000			216.0000			-52.0000			
-1.8048			31.2847			-33.0894			-3.6000			19.0000			210.0000			-51.0000			
-3.4866			33.5389			-32.5376			-2.4000			-1.0000			203.0000			-50.0000			
-5.1684			34.6661			-31.9857			-2.4000			-20.0000			194.0000			-47.0000			
-7.9714			36.9203			-30.8821			-1.9000			-40.0000			184.0000			-44.0000			
-12.4561			38.0474			-28.1229			-2.5000			-58.0000			174.0000			-41.0000			
-16.9409			39.7381			-25.9156			-3.1000			-77.0000			164.0000			-38.0000			
-19.7439			41.4288			-24.8120			-3.1000			-95.0000			154.0000			-36.0000			
-20.8650			32.4118			-2.1871			9.3000			-107.0000			145.0000			-18.0000			
-36.5617			47.6280			-44.6777			-33.6000			-91.0000			162.0000			-1.0000			
-53.9401			6.4879			-28.1229			-75.5000			-102.0000			158.0000			8.0000			
2.1193			49.8823			8.8494			60.8000			-124.0000			137.0000			4.0000			
-36.5617			26.7762			-24.8120			-34.6000			-130.0000			130.0000			15.0000			
-33.1981			33.5389			-10.4645			-10.1000			-144.0000			112.0000			19.0000			
-22.5468			45.9373			11.6085			34.9000			-160.0000			91.0000			19.0000			
-48.3342			21.1405			-9.3609			-36.5000			-165.0000			78.0000			31.0000			
-34.3193			29.0304			11.6085			6.3000			-179.0000			56.0000			33.0000			
-34.3193			34.6661			11.0567			11.4000			-186.0000			38.0000			37.0000			
-46.0918			23.9583			-3.2908			-25.4000			-192.0000			21.0000			45.0000			
-31.5163			33.5389			12.7122			14.7000			-200.0000			-1.0000			46.0000			
-38.2435			26.7762			11.0567			-0.4000			-204.0000			-16.0000			51.0000			
-43.2888			20.5770			9.4012			-13.3000			-207.0000			-31.0000			55.0000			
-36.0011			27.3397			21.5414			12.8000			-212.0000			-49.0000			56.0000			
-42.1676			16.0684			18.2305			-7.8000			-212.0000			-62.0000			61.0000			
-40.4858			11.5599			23.1969			-5.7000			-213.0000			-77.0000			65.0000			
-36.0011			10.9964			30.9225			5.9000			-212.0000			-93.0000			66.0000			
-38.8041			3.6700			27.0597			-8.0000			-206.0000			-107.0000			71.0000			
-33.1981			4.7972			29.8188			1.4000			-201.0000			-121.0000			74.0000			
-32.0769			3.6700			30.9225			2.5000			-194.0000			-135.0000			76.0000			
-34.8799			-1.4020			29.2670			-7.0000			-186.0000			-146.0000			78.0000			
-30.3951			-1.4020			34.2334			2.4000			-175.0000			-157.0000			78.0000			
-29.2740			-4.2199			33.1298			-0.3000			-164.0000			-167.0000			79.0000			
-29.2740			-9.8555			36.4407			-2.6000			-150.0000			-175.0000			80.0000			
-25.9104			-12.1098			39.7517			1.7000			-137.0000			-183.0000			81.0000			
-24.7892			-18.3090			40.8553			-2.2000			-124.0000			-190.0000			83.0000			
-21.9862			-20.5632			42.5108			0.0000			-110.0000			-195.0000			84.0000			
-18.0621			-19.9997			40.8553			2.7000			-96.0000			-199.0000			86.0000			
-16.3803			-22.2539			37.5444			-1.0000			-80.0000			-202.0000			87.0000			
-11.8955			-22.8175			35.3371			0.6000			-65.0000			-202.0000			87.0000			
-9.0926			-27.3260			35.8889			-0.5000			-46.0000			-202.0000			88.0000			
-5.1684			-27.8896			33.1298			0.0000			-28.0000			-201.0000			86.0000			
-1.8048			-29.5802			33.1298			1.7000			-11.0000			-198.0000			86.0000			
-1.2442			-30.7074			32.5779			0.6000			8.0000			-192.0000			82.0000			
2.6799			-34.6523			32.5779			0.6000			27.0000			-185.0000			81.0000			
4.3617			-37.4701			33.6816			0.5000			47.0000			-177.0000			77.0000			
8.2859			-38.0337			30.3706			0.6000			66.0000			-168.0000			73.0000			
12.2100			-39.7244			27.6115			0.0000			86.0000			-158.0000			70.0000			
16.6948			-40.2880			25.4042			1.8000			102.0000			-148.0000			68.0000			
18.9371			-41.4151			22.6451			0.1000			120.0000			-136.0000			65.0000			
18.9371			-40.8515			20.9896			-0.9000			136.0000			-125.0000			62.0000			
21.1795			-39.1608			18.7823			0.7000			153.0000			-113.0000			60.0000			
21.7401			-38.0337			15.4713			-0.8000			167.0000			-101.0000			58.0000			
24.5431			-36.9066			11.6085			-0.7000			183.0000			-87.0000			54.0000			
27.3461			-35.7794			9.4012			0.9000			196.0000			-73.0000			50.0000			
30.7096			-36.9066			6.6421			0.4000			207.0000			-57.0000			45.0000			
31.2702			-35.2159			3.3311			-0.6000			221.0000			-41.0000			41.0000			
33.5126			-33.5252			0.0202			0.0000			229.0000			-25.0000			36.0000			
34.6338			-31.2709			-2.7389			0.6000			239.0000			-6.0000			31.0000			
35.7550			-31.2709			-4.9462			-0.4000			246.0000			11.0000			25.0000			
37.4368			-30.1438			-7.7054			-0.4000			251.0000			29.0000			20.0000			
36.8762			-27.3260			-11.0163			-1.4000			256.0000			45.0000			15.0000			
39.6791			-26.1989			-13.7755			-0.2000			260.0000			61.0000			11.0000			
40.2397			-23.3810			-17.6382			-0.7000			263.0000			76.0000			4.0000			
40.2397			-22.2539			-18.1901			-0.2000			264.0000			88.0000			-1.0000			
36.8762			-19.4361			-19.2937			-1.8000			264.0000			103.0000			-5.0000			
35.7550			-14.9276			-22.0529			-1.2000			262.0000			116.0000			-9.0000			
35.1944			-10.9826			-24.8120			-0.6000			258.0000			129.0000			-15.0000			
34.6338			-8.1648			-28.1229			-1.6000			253.0000			142.0000			-18.0000			
35.1944			-6.4741			-29.7784			-1.0000			246.0000			155.0000			-24.0000			
31.8308			-2.5292			-31.4339			-2.1000			236.0000			165.0000			-28.0000			
32.9520			-0.2749			-34.1930			-1.5000			226.0000			175.0000			-31.0000			
31.2702			1.9793			-35.2967			-2.0000			214.0000			185.0000			-34.0000			
30.1490			4.2336			-34.7449			-0.3000			199.0000			193.0000			-36.0000			
27.9067			8.1786			-36.9522			-0.8000			185.0000			201.0000			-40.0000			
24.5431			11.5599			-39.1595			-3.0000			168.0000			207.0000			-43.0000			
22.3007			14.9413			-40.2631			-3.0000			154.0000			211.0000			-46.0000			
20.0583			17.1956			-41.3668			-4.1000			140.0000			215.0000			-49.0000			
18.3766			18.3227			-39.7113			-3.0000			124.0000			218.0000			-51.0000			
15.0130			21.1405			-37.5040			-1.3000			106.0000			219.0000			-54.0000			
11.0888			21.7041			-35.8485			-3.0000			89.0000			219.0000			-54.0000			
7.7253			25.0855			-35.2967			-2.4000			70.0000			217.0000			-57.0000			
6.0435			27.3397			-35.2967			-1.9000			50.0000			214.0000			-57.0000			
1.5587			28.4669			-33.0894			-3.0000			32.0000			210.0000			-56.0000			
-0.6837			30.1576			-32.5376			-3.0000			13.0000			203.0000			-55.0000			
31.2702			65.0985			-43.5741			52.7000			2.0000			202.0000			-35.0000			
-27.5922			31.8482			-48.5405			-44.2000			14.0000			225.0000			-15.0000			
-29.8346			14.9413			-40.2631			-55.1000			-6.0000			220.0000			-11.0000			
8.8465			52.1366			-6.6017			54.3000			-30.0000			201.0000			-16.0000			
-30.3951			21.1405			-46.8850			-56.1000			-40.0000			199.0000			-6.0000			
-13.5773			40.8653			-22.6047			4.6000			-61.0000			185.0000			-8.0000			
-10.7743			49.8823			-10.4645			28.6000			-82.0000			170.0000			-6.0000			
-37.1223			27.3397			-30.3302			-40.1000			-94.0000			161.0000			2.0000			
-19.1833			37.4839			-3.2908			15.0000			-116.0000			143.0000			-1.0000			
-25.3498			35.2296			-6.6017			3.2000			-131.0000			128.0000			3.0000			
-33.7587			28.4669			-18.7419			-24.0000			-145.0000			112.0000			9.0000			
-21.4256			42.5560			-4.9462			16.1000			-161.0000			92.0000			10.0000			
-30.9557			34.6661			-11.0163			-7.3000			-172.0000			77.0000			14.0000			
-33.1981			30.7211			-8.2572			-10.7000			-183.0000			59.0000			17.0000			
-29.8346			35.2296			4.9866			10.3000			-193.0000			38.0000			19.0000			
-38.2435			25.6490			1.6757			-10.9000			-201.0000			21.0000			24.0000			
-38.8041			26.7762			9.4012			-2.6000			-212.0000			1.0000			29.0000			
-37.6829			27.3397			15.4713			5.1000			-217.0000			-17.0000			31.0000			
-42.7282			20.5770			13.8158			-8.3000			-223.0000			-34.0000			36.0000			
-38.8041			22.2677			17.1268			0.5000			-229.0000			-51.0000			39.0000			
-38.2435			21.7041			16.0231			-0.5000			-230.0000			-67.0000			43.0000			
-38.8041			18.3227			13.8158			-6.6000			-233.0000			-82.0000			46.0000			
-33.7587			16.0684			18.7823			1.0000			-233.0000			-97.0000			49.0000			
-34.8799			11.5599			21.5414			-1.7000			-230.0000			-111.0000			52.0000			
-36.0011			5.9243			27.0597			-3.0000			-224.0000			-124.0000			55.0000			
-34.3193			5.9243			30.3706			1.9000			-220.0000			-137.0000			58.0000			
-35.4405			1.4158			31.4743			-2.5000			-212.0000			-150.0000			61.0000			
-34.3193			-2.5292			34.7852			-2.0000			-201.0000			-161.0000			63.0000			
-32.6375			-1.9656			35.3371			0.7000			-191.0000			-170.0000			63.0000			
-29.8346			-5.3470			33.6816			-1.5000			-177.0000			-179.0000			67.0000			
-26.4710			-7.6012			33.6816			-0.3000			-163.0000			-186.0000			68.0000			
-24.2286			-12.1098			36.9925			0.6000			-149.0000			-193.0000			71.0000			
-23.6680			-14.9276			38.0962			-0.4000			-134.0000			-198.0000			74.0000			
-21.4256			-16.6183			40.3035			2.2000			-119.0000			-201.0000			76.0000			
-19.7439			-19.9997			40.3035			0.5000			-103.0000			-203.0000			79.0000			
-17.5015			-21.1268			37.5444			-1.0000			-87.0000			-205.0000			81.0000			
-12.4561			-23.3810			37.5444			1.7000			-68.0000			-204.0000			83.0000			
-8.5320			-26.7624			34.7852			-0.5000			-50.0000			-202.0000			83.0000			
-4.6078			-29.5802			34.7852			0.6000			-30.0000			-199.0000			85.0000			
-1.8048			-29.0167			33.1298			2.3000			-9.0000			-194.0000			85.0000			
0.4375			-30.1438			30.9225			1.2000			11.0000			-188.0000			84.0000			
2.6799			-32.3981			31.4743			1.7000			30.0000			-179.0000			83.0000			
4.3617			-35.2159			31.4743			0.6000			50.0000			-170.0000			80.0000			
6.6041			-35.7794			30.9225			1.7000			71.0000			-158.0000			79.0000			
12.2100			-37.4701			27.6115			2.3000			91.0000			-148.0000			77.0000			
14.4524			-40.8515			26.5078			0.1000			111.0000			-136.0000			75.0000			
17.2554			-41.4151			23.7487			-0.4000			130.0000			-124.0000			74.0000			
27.9067			-26.1989			-22.6047			-20.8000			148.0000			-111.0000			66.0000			
25.1037			-32.3981			6.0903			-1.2000			142.0000			-119.0000			52.0000			
27.9067			-9.8555			38.0962			56.1000			147.0000			-121.0000			36.0000			
1.5587			-48.1779			0.5720			-46.0000			167.0000			-99.0000			41.0000			
29.0278			-45.3600			9.4012			-6.9000			179.0000			-85.0000			35.0000			
44.1639			-25.0717			17.1268			36.2000			190.0000			-71.0000			30.0000			
17.8160			-43.6693			-6.0499			-31.9000			208.0000			-48.0000			31.0000			
36.3156			-27.3260			3.8830			12.8000			216.0000			-33.0000			23.0000			
41.3609			-26.1989			-2.7389			12.4000			226.0000			-13.0000			20.0000			
29.5884			-35.7794			-16.5346			-22.7000			237.0000			9.0000			18.0000			
41.9215			-23.3810			-1.6353			16.9000			242.0000			25.0000			12.0000			
36.8762			-27.8896			-8.8090			0.1000			250.0000			45.0000			9.0000			
34.6338			-29.0167			-14.3273			-8.7000			257.0000			63.0000			7.0000			
43.6033			-20.5632			-8.8090			14.2000			260.0000			78.0000			2.0000			
36.3156			-24.5082			-18.1901			-6.3000			265.0000			94.0000			1.0000			
36.8762			-18.8725			-19.8456			-1.8000			266.0000			110.0000			-2.0000			
38.5579			-10.9826			-19.8456			7.7000			264.0000			125.0000			-6.0000			
33.5126			-10.9826			-28.6748			-6.1000			264.0000			141.0000			-8.0000			
36.3156			-5.9106			-29.2266			1.1000			260.0000			154.0000			-11.0000			
35.1944			-3.0927			-29.7784			2.3000			254.0000			169.0000			-14.0000			
30.7096			-4.7834			-30.3302			-4.4000			247.0000			183.0000			-16.0000			
32.3914			0.8522			-30.3302			2.9000			238.0000			194.0000			-17.0000			
30.1490			0.2887			-31.9857			-1.5000			225.0000			205.0000			-19.0000			
27.9067			1.4158			-34.1930			-4.8000			214.0000			213.0000			-21.0000			
27.9067			8.1786			-35.2967			0.7000			201.0000			222.0000			-22.0000			
24.5431			10.9964			-39.1595			-3.6000			187.0000			229.0000			-23.0000			
22.3007			17.1956			-41.9186			-2.4000			173.0000			235.0000			-25.0000			
20.6189			19.4498			-40.2631			-0.1000			158.0000			237.0000			-26.0000			
17.8160			19.4498			-40.8149			-3.5000			143.0000			242.0000			-28.0000			
14.4524			20.0134			-36.9522			-2.4000			127.0000			243.0000			-31.0000			
9.9676			21.7041			-35.2967			-3.6000			109.0000			243.0000			-32.0000			
6.0435			23.9583			-34.7449			-4.7000			92.0000			243.0000			-33.0000			
4.9223			27.3397			-33.6412			-1.3000			71.0000			239.0000			-33.0000			
3.2405			27.3397			-33.6412			-3.0000			52.0000			234.0000			-31.0000			
-0.1231			29.5940			-33.0894			-3.6000			35.0000			227.0000			-30.0000			
-4.0472			34.1025			-31.9857			-1.9000			15.0000			221.0000			-28.0000			
-7.4108			34.6661			-32.5376			-5.2000			-5.0000			210.0000			-26.0000			
-8.5320			35.2296			-30.3302			-3.6000			-26.0000			200.0000			-25.0000			
-13.0167			36.3568			-28.1229			-4.7000			-46.0000			190.0000			-21.0000			
-16.3803			38.6110			-26.4675			-4.2000			-64.0000			179.0000			-18.0000			
-18.0621			38.6110			-23.1565			-2.6000			-83.0000			166.0000			-19.0000			
-20.3045			37.4839			-20.9492			-3.7000			-101.0000			153.0000			-17.0000			
-21.4256			37.4839			-19.8456			-3.7000			-117.0000			141.0000			-16.0000			
-22.5468			35.7932			-15.9828			-2.7000			-133.0000			126.0000			-13.0000			
-23.6680			34.6661			-12.6718			-1.6000			-148.0000			111.0000			-11.0000			
-28.7134			34.6661			-9.9127			-3.9000			-163.0000			95.0000			-7.0000			
-31.5163			35.2296			-6.6017			-2.8000			-178.0000			78.0000			-2.0000			
-32.0769			32.9754			-4.9462			-4.0000			-189.0000			62.0000			2.0000			
-33.7587			31.2847			-0.5316			-3.0000			-199.0000			44.0000			5.0000			
-35.4405			30.7211			1.1238			-3.5000			-209.0000			27.0000			9.0000			
-36.5617			31.2847			3.8830			-1.4000			-217.0000			8.0000			14.0000			
-35.4405			28.4669			5.5385			-1.4000			-223.0000			-10.0000			18.0000			
-38.8041			26.2126			10.5049			-2.0000			-228.0000			-27.0000			24.0000			
-39.9252			23.9583			13.8158			-2.1000			-234.0000			-42.0000			29.0000			
-39.9252			22.2677			16.5750			-1.0000			-236.0000			-57.0000			34.0000			
-39.3647			20.0134			17.1268			-2.2000			-237.0000			-71.0000			38.0000			
-38.2435			17.1956			19.3341			-1.7000			-237.0000			-84.0000			44.0000			
-36.5617			14.3778			22.0932			0.0000			-235.0000			-98.0000			47.0000			
-34.8799			9.8692			25.4042			0.3000			-232.0000			-110.0000			52.0000			
-36.0011			7.0514			27.6115			-1.3000			-225.0000			-123.0000			57.0000			
-33.7587			4.2336			29.2670			-0.2000			-217.0000			-133.0000			62.0000			
-33.7587			3.1065			29.2670			-1.3000			-209.0000			-145.0000			66.0000			
-32.6375			-0.8385			33.6816			0.2000			-197.0000			-153.0000			70.0000			
-31.5163			-3.6563			34.7852			-0.3000			-184.0000			-162.0000			72.0000			
-30.9557			-4.2199			34.7852			-0.3000			-169.0000			-170.0000			75.0000			
-25.9104			-8.7284			35.8889			1.2000			-153.0000			-177.0000			79.0000			
-25.3498			-12.6733			38.0962			0.0000			-139.0000			-181.0000			83.0000			
-23.6680			-16.6183			40.3035			0.0000			-123.0000			-186.0000			86.0000			
-20.3045			-18.3090			38.6480			0.0000			-107.0000			-188.0000			90.0000			
-17.5015			-20.5632			38.6480			0.5000			-89.0000			-190.0000			93.0000			
-15.8197			-21.1268			36.9925			0.0000			-72.0000			-189.0000			96.0000			
-11.8955			-23.3810			35.8889			0.6000			-54.0000			-188.0000			98.0000			
-7.4108			-26.7624			35.8889			1.7000			-33.0000			-185.0000			99.0000			
-4.0472			-29.5802			33.6816			0.0000			-13.0000			-181.0000			101.0000			
-2.3654			-30.7074			33.1298			0.0000			8.0000			-177.0000			101.0000			
15.0130			-15.4911			-28.1229			-28.5000			28.0000			-167.0000			95.0000			
7.1647			-26.7624			11.6085			-7.9000			23.0000			-184.0000			77.0000			
13.3312			0.8522			73.4131			87.5000			25.0000			-194.0000			59.0000			
-12.4561			-56.6313			13.8158			-55.2000			56.0000			-176.0000			64.0000			
14.4524			-58.3220			29.8188			-14.0000			70.0000			-165.0000			60.0000			
34.0732			-26.7624			42.5108			49.8000			86.0000			-159.0000			55.0000			
2.1193			-53.8135			11.0567			-40.6000			111.0000			-140.0000			60.0000			
25.6643			-33.5252			24.8524			16.9000			128.0000			-129.0000			55.0000			
31.2702			-32.3981			21.5414			20.4000			146.0000			-115.0000			55.0000			
17.2554			-43.6693			-2.7389			-29.1000			166.0000			-97.0000			55.0000			
32.3914			-28.4531			17.1268			21.0000			180.0000			-83.0000			49.0000			
25.1037			-33.5252			10.5049			2.0000			199.0000			-65.0000			49.0000			
23.9825			-41.4151			5.5385			-11.8000			213.0000			-47.0000			48.0000			
35.7550			-30.7074			13.8158			18.8000			223.0000			-31.0000			44.0000			
29.5884			-36.3430			-1.6353			-8.3000			237.0000			-11.0000			44.0000			
33.5126			-32.3981			-3.8426			-2.7000			246.0000			9.0000			41.0000			
40.2397			-26.7624			-3.8426			9.6000			253.0000			29.0000			37.0000			
36.3156			-29.5802			-13.7755			-7.0000			263.0000			48.0000			33.0000			
40.2397			-24.5082			-14.3273			1.3000			269.0000			65.0000			29.0000			
41.3609			-22.2539			-15.9828			3.1000			277.0000			83.0000			25.0000			
37.4368			-23.9446			-18.7419			-5.2000			282.0000			99.0000			23.0000			
39.1185			-21.1268			-14.8791			3.1000			283.0000			115.0000			19.0000			
35.7550			-18.8725			-17.6382			-0.7000			286.0000			130.0000			17.0000			
34.6338			-16.6183			-21.5010			-3.4000			286.0000			144.0000			12.0000			
35.7550			-8.1648			-23.7083			3.8000			282.0000			157.0000			9.0000			
34.0732			-6.4741			-30.3302			-2.7000			278.0000			171.0000			6.0000			
34.6338			-2.5292			-33.0894			-0.9000			270.0000			184.0000			2.0000			
35.1944			-1.4020			-33.0894			0.7000			261.0000			195.0000			-1.0000			
31.8308			1.4158			-35.8485			-2.6000			252.0000			206.0000			-4.0000			
29.5884			4.2336			-36.4003			-2.5000			238.0000			215.0000			-7.0000			
29.0278			4.2336			-34.7449			-1.4000			224.0000			223.0000			-10.0000			
25.1037			7.6150			-36.4003			-3.6000			210.0000			230.0000			-12.0000			
23.9825			11.5599			-37.5040			-1.9000			194.0000			233.0000			-17.0000			
22.3007			16.6320			-40.8149			-1.8000			179.0000			239.0000			-18.0000			
20.0583			18.3227			-41.3668			-2.9000			163.0000			241.0000			-22.0000			
17.8160			20.5770			-41.3668			-2.9000			146.0000			241.0000			-26.0000			
13.8918			21.7041			-39.1595			-3.5000			128.0000			241.0000			-29.0000			
9.9676			23.3948			-36.4003			-3.0000			108.0000			240.0000			-31.0000			
5.4829			26.2126			-36.4003			-4.7000			89.0000			236.0000			-34.0000			
3.2405			28.4669			-34.7449			-3.0000			67.0000			233.0000			-35.0000			
1.5587			29.0304			-33.6412			-3.0000			46.0000			226.0000			-35.0000			
-1.2442			30.1576			-32.5376			-3.6000			26.0000			217.0000			-36.0000			
-5.7290			33.5389			-30.8821			-3.0000			5.0000			207.0000			-36.0000			
-7.4108			34.6661			-32.5376			-5.2000			-18.0000			197.0000			-35.0000			
-9.6532			35.7932			-30.8821			-4.7000			-38.0000			186.0000			-34.0000			
-12.4561			37.4839			-28.1229			-3.0000			-59.0000			173.0000			-33.0000			
-17.5015			39.1746			-25.3638			-3.6000			-80.0000			161.0000			-33.0000			
-35.4405			30.7211			32.0261			27.3000			-98.0000			147.0000			-27.0000			
-24.2286			30.1576			-1.6353			4.3000			-92.0000			157.0000			-9.0000			
-27.0316			8.1786			-59.5770			-78.4000			-90.0000			167.0000			10.0000			
-6.8502			48.1916			0.0202			41.3000			-113.0000			144.0000			5.0000			
-24.7892			51.5730			-10.4645			16.3000			-126.0000			129.0000			8.0000			
-47.7736			20.5770			-25.9156			-53.1000			-137.0000			118.0000			14.0000			
-15.2591			44.2467			6.0903			35.0000			-160.0000			93.0000			12.0000			
-36.0011			30.1576			-5.4981			-11.3000			-170.0000			76.0000			19.0000			
-44.4100			23.9583			-2.1871			-22.6000			-180.0000			58.0000			23.0000			
-29.2740			37.4839			18.2305			26.4000			-194.0000			33.0000			21.0000			
-42.7282			25.0855			-0.5316			-18.1000			-201.0000			17.0000			29.0000			
-37.6829			28.4669			2.7793			-6.4000			-212.0000			-4.0000			31.0000			
-32.0769			32.4118			12.1604			12.4000			-220.0000			-25.0000			33.0000			
-44.9706			21.1405			6.0903			-17.7000			-225.0000			-41.0000			37.0000			
-37.1223			24.5219			17.1268			4.5000			-231.0000			-59.0000			37.0000			
-38.2435			21.1405			19.3341			2.2000			-235.0000			-74.0000			39.0000			
-42.7282			12.1235			19.8859			-10.7000			-235.0000			-87.0000			43.0000			
-36.0011			13.2506			28.1633			5.4000			-237.0000			-106.0000			43.0000			
-38.2435			7.0514			28.7151			-2.4000			-234.0000			-120.0000			47.0000			
-37.1223			3.6700			28.1633			-5.2000			-231.0000			-134.0000			50.0000			
-31.5163			5.9243			29.8188			4.2000			-226.0000			-149.0000			50.0000			
-32.6375			1.4158			28.1633			-3.0000			-217.0000			-162.0000			55.0000			
-31.5163			0.2887			30.3706			-0.8000			-209.0000			-172.0000			57.0000			
-29.2740			-1.9656			34.2334			2.9000			-197.0000			-181.0000			56.0000			
-30.9557			-6.4741			34.7852			-2.6000			-184.0000			-190.0000			59.0000			
-27.0316			-10.4191			38.0962			0.6000			-170.0000			-198.0000			60.0000			
-24.7892			-14.3640			40.3035			1.1000			-156.0000			-205.0000			61.0000			
-23.6680			-19.4361			41.4071			-1.6000			-142.0000			-209.0000			64.0000			
-19.1833			-19.9997			40.8553			1.6000			-128.0000			-213.0000			65.0000			
-16.9409			-21.1268			38.0962			0.0000			-111.0000			-216.0000			67.0000			
-13.5773			-22.8175			35.3371			-1.0000			-94.0000			-216.0000			71.0000			
-10.2138			-23.9446			35.8889			1.7000			-76.0000			-216.0000			71.0000			
-7.9714			-27.3260			35.3371			0.0000			-55.0000			-213.0000			72.0000			
-4.0472			-29.0167			34.2334			1.1000			-36.0000			-209.0000			73.0000			
-0.6837			-30.7074			33.1298			1.7000			-17.0000			-203.0000			73.0000			
0.4375			-33.5252			33.6816			0.5000			5.0000			-194.0000			72.0000			
4.3617			-35.2159			32.0261			1.1000			25.0000			-185.0000			72.0000			
7.1647			-36.9066			33.1298			3.3000			46.0000			-177.0000			69.0000			
10.5282			-38.5973			28.7151			0.6000			67.0000			-165.0000			69.0000			
13.8918			-39.7244			27.0597			1.2000			88.0000			-151.0000			68.0000			
18.3766			-39.7244			24.3005			2.9000			107.0000			-141.0000			66.0000			
20.0583			-41.4151			22.6451			1.2000			127.0000			-128.0000			66.0000			
20.6189			-39.1608			20.4378			1.8000			145.0000			-114.0000			65.0000			
21.7401			-38.5973			17.1268			0.2000			163.0000			-100.0000			65.0000			
23.4219			-36.3430			13.8158			0.8000			180.0000			-85.0000			65.0000			
36.3156			-30.7074			-36.9522			-31.3000			198.0000			-69.0000			55.0000			
32.9520			-29.5802			-3.8426			-0.4000			192.0000			-69.0000			40.0000			
33.5126			-14.3640			44.7181			63.8000			191.0000			-70.0000			22.0000			
19.4977			-45.3600			-12.1200			-37.9000			209.0000			-47.0000			26.0000			
34.0732			-45.3600			-2.1871			-13.4000			216.0000			-29.0000			23.0000			
50.8910			-18.8725			9.9531			41.9000			222.0000			-15.0000			16.0000			
22.8613			-38.5973			-13.7755			-29.5000			237.0000			10.0000			16.0000			
40.8003			-25.0717			-7.1536			8.5000			241.0000			27.0000			9.0000			
45.2851			-18.3090			-11.0163			15.9000			248.0000			45.0000			5.0000			
34.6338			-27.8896			-28.6748			-21.9000			255.0000			66.0000			5.0000			
45.2851			-16.6183			-13.7755			14.8000			259.0000			81.0000			-3.0000			
39.1185			-21.1268			-15.9828			2.0000			266.0000			97.0000			-3.0000			
32.9520			-22.8175			-21.5010			-11.3000			267.0000			116.0000			-4.0000			
38.5579			-9.2919			-17.0864			12.1000			264.0000			128.0000			-9.0000			
34.6338			-12.1098			-26.4675			-3.9000			264.0000			143.0000			-9.0000			
33.5126			-7.6012			-29.7784			-3.8000			258.0000			159.0000			-12.0000			
36.8762			-0.8385			-28.1229			7.9000			251.0000			171.0000			-14.0000			
32.3914			-1.9656			-37.5040			-7.0000			247.0000			185.0000			-15.0000			
34.0732			3.6700			-35.8485			1.8000			237.0000			197.0000			-18.0000			
31.2702			5.9243			-34.7449			2.4000			226.0000			208.0000			-18.0000			
26.7855			5.9243			-38.0558			-5.3000			214.0000			218.0000			-19.0000			
26.7855			9.3057			-34.7449			1.3000			201.0000			226.0000			-22.0000			
23.4219			12.1235			-36.9522			-1.4000			185.0000			233.0000			-23.0000			
21.1795			14.9413			-39.7113			-3.5000			172.0000			240.0000			-25.0000			
20.6189			19.4498			-40.8149			-0.7000			158.0000			244.0000			-25.0000			
17.2554			19.4498			-40.2631			-3.5000			144.0000			245.0000			-27.0000			
13.3312			21.7041			-38.0558			-3.0000			127.0000			246.0000			-28.0000			
9.4070			24.5219			-36.4003			-2.4000			109.0000			247.0000			-29.0000			
4.9223			26.7762			-35.8485			-4.1000			92.0000			246.0000			-29.0000			
2.6799			29.5940			-35.2967			-3.0000			72.0000			242.0000			-28.0000			
1.5587			28.4669			-32.5376			-2.5000			53.0000			238.0000			-28.0000			
-0.6837			30.1576			-32.5376			-3.0000			34.0000			230.0000			-27.0000			
-5.1684			32.9754			-28.6748			-0.8000			13.0000			222.0000			-24.0000			
-6.8502			34.1025			-30.3302			-3.0000			-6.0000			213.0000			-23.0000			
-9.6532			35.2296			-29.7784			-4.2000			-26.0000			202.0000			-19.0000			
-11.8955			38.0474			-27.5711			-1.4000			-46.0000			191.0000			-17.0000			
-16.3803			39.1746			-26.4675			-3.6000			-65.0000			179.0000			-15.0000			
-20.3045			39.1746			-22.6047			-3.7000			-82.0000			168.0000			-14.0000			
-19.7439			38.6110			-21.5010			-2.6000			-99.0000			155.0000			-13.0000			
-21.4256			35.7932			-18.1901			-3.8000			-116.0000			142.0000			-12.0000			
-21.9862			33.5389			-14.3273			-2.7000			-133.0000			127.0000			-9.0000			
-25.9104			34.1025			-11.5682			-3.3000			-148.0000			112.0000			-8.0000			
-29.8346			34.6661			-8.2572			-3.4000			-164.0000			95.0000			-3.0000			
-29.8346			33.5389			-7.1536			-3.4000			-177.0000			78.0000			-1.0000			
-32.6375			31.8482			-2.7389			-3.5000			-187.0000			62.0000			4.0000			
-33.7587			32.4118			-1.0835			-2.4000			-198.0000			43.0000			9.0000			
-34.8799			30.7211			1.1238			-3.0000			-208.0000			25.0000			13.0000			
-36.0011			29.0304			3.8830			-3.0000			-215.0000			7.0000			17.0000			
-36.0011			26.2126			8.8494			-0.9000			-222.0000			-13.0000			21.0000			
-38.8041			25.6490			11.0567			-2.0000			-228.0000			-28.0000			28.0000			
-39.3647			21.7041			14.3677			-3.2000			-233.0000			-45.0000			31.0000			
-40.4858			21.1405			17.6786			-1.6000			-235.0000			-60.0000			36.0000			
-38.2435			18.8863			18.2305			-1.1000			-236.0000			-74.0000			39.0000			
-37.6829			16.6320			18.7823			-2.2000			-236.0000			-86.0000			44.0000			
-36.0011			12.6871			21.5414			-1.7000			-234.0000			-101.0000			48.0000			
-34.8799			8.7421			25.9560			-0.1000			-230.0000			-114.0000			52.0000			
-34.3193			6.4879			27.6115			-0.2000			-224.0000			-127.0000			57.0000			
-34.3193			4.7972			28.1633			-1.3000			-216.0000			-137.0000			62.0000			
-32.0769			1.4158			31.4743			0.8000			-206.0000			-148.0000			65.0000			
-32.0769			-2.5292			34.7852			0.1000			-195.0000			-158.0000			68.0000			
-30.9557			-1.9656			33.6816			0.7000			-182.0000			-167.0000			71.0000			
-28.7134			-5.9106			35.8889			1.2000			-167.0000			-174.0000			74.0000			
-25.9104			-9.8555			35.8889			0.1000			-152.0000			-180.0000			78.0000			
-23.6680			-13.8004			37.5444			0.0000			-137.0000			-185.0000			79.0000			
-21.4256			-16.0547			38.6480			1.1000			-121.0000			-190.0000			83.0000			
-20.3045			-17.7454			38.0962			0.0000			-105.0000			-191.0000			87.0000			
-18.0621			-21.1268			38.6480			-0.5000			-89.0000			-191.0000			90.0000			
-13.5773			-20.5632			35.8889			1.7000			-70.0000			-191.0000			93.0000			
-10.2138			-24.5082			35.8889			1.1000			-51.0000			-191.0000			95.0000			
-7.4108			-26.7624			35.3371			1.1000			-31.0000			-188.0000			96.0000			
-4.6078			-29.5802			35.3371			1.1000			-11.0000			-183.0000			97.0000			
-1.8048			-30.1438			32.5779			0.6000			10.0000			-179.0000			98.0000			
-2.9260			-21.1268			0.0202			-24.0000			29.0000			-169.0000			87.0000			
6.0435			-27.3260			22.0932			0.8000			24.0000			-185.0000			72.0000			
18.9371			-2.5292			50.7882			67.1000			32.0000			-192.0000			57.0000			
-19.1833			-54.9406			14.9195			-59.2000			61.0000			-172.0000			63.0000			
16.6948			-47.0507			30.3706			0.0000			74.0000			-163.0000			57.0000			
29.0278			-32.9616			36.4407			32.5000			92.0000			-155.0000			54.0000			
2.6799			-51.5592			11.0567			-37.8000			117.0000			-136.0000			59.0000			
27.9067			-31.8345			27.6115			23.6000			131.0000			-125.0000			54.0000			
26.7855			-34.6523			17.1268			9.2000			151.0000			-111.0000			53.0000			
18.3766			-41.4151			1.1238			-21.9000			171.0000			-93.0000			54.0000			
32.9520			-27.8896			17.1268			22.1000			185.0000			-79.0000			47.0000			
25.1037			-36.9066			8.8494			-2.9000			203.0000			-60.0000			47.0000			
24.5431			-39.1608			7.1939			-7.4000			215.0000			-42.0000			47.0000			
34.6338			-29.5802			11.6085			16.6000			226.0000			-26.0000			42.0000			
29.5884			-35.7794			-2.7389			-8.9000			239.0000			-5.0000			42.0000			
34.6338			-31.2709			-3.8426			-0.4000			248.0000			15.0000			38.0000			
39.1185			-26.7624			-3.8426			8.5000			257.0000			34.0000			34.0000			
34.6338			-29.0167			-13.7755			-8.1000			266.0000			53.0000			31.0000			
40.8003			-23.3810			-12.6718			4.7000			272.0000			70.0000			28.0000			
39.6791			-21.6903			-16.5346			1.4000			278.0000			87.0000			24.0000			
36.8762			-23.9446			-18.1901			-5.2000			282.0000			105.0000			20.0000			
37.4368			-19.9997			-14.8791			2.5000			284.0000			118.0000			17.0000			
34.6338			-18.8725			-17.0864			-1.3000			286.0000			134.0000			14.0000			
34.0732			-14.3640			-20.3974			-0.6000			283.0000			148.0000			11.0000			
35.1944			-7.6012			-24.8120			2.7000			279.0000			161.0000			7.0000			
33.5126			-7.6012			-30.3302			-4.4000			275.0000			174.0000			3.0000			
32.9520			-3.0927			-30.3302			-0.4000			268.0000			187.0000			-1.0000			
33.5126			-1.4020			-31.9857			0.1000			257.0000			198.0000			-3.0000			
31.2702			1.4158			-36.4003			-3.7000			247.0000			207.0000			-4.0000			
30.7096			2.5429			-33.6412			-0.3000			235.0000			217.0000			-9.0000			
28.4672			4.7972			-34.7449			-1.4000			220.0000			223.0000			-11.0000			
25.1037			9.3057			-36.9522			-2.5000			206.0000			231.0000			-14.0000			
23.9825			12.6871			-37.5040			-0.8000			189.0000			235.0000			-17.0000			
21.7401			14.9413			-39.7113			-3.0000			175.0000			239.0000			-21.0000			
19.4977			17.1956			-39.7113			-3.0000			157.0000			242.0000			-24.0000			
17.8160			19.4498			-39.7113			-2.4000			140.0000			242.0000			-26.0000			
13.3312			20.0134			-37.5040			-4.1000			123.0000			242.0000			-30.0000			
9.4070			22.8312			-35.8485			-3.6000			103.0000			240.0000			-33.0000			
6.0435			25.6490			-34.7449			-3.0000			82.0000			236.0000			-34.0000			
3.8011			27.3397			-34.7449			-3.5000			62.0000			231.0000			-36.0000			
0.9981			27.3397			-31.4339			-3.0000			41.0000			223.0000			-36.0000			
-1.2442			29.5940			-29.7784			-1.4000			20.0000			215.0000			-37.0000			
-5.7290			32.9754			-30.8821			-3.6000			-1.0000			206.0000			-36.0000			
-5.7290			33.5389			-30.3302			-2.5000			-23.0000			195.0000			-35.0000			
-8.5320			35.2296			-29.2266			-2.5000			-44.0000			183.0000			-34.0000			
-11.8955			36.3568			-27.5711			-3.1000			-65.0000			172.0000			-34.0000			
-16.9409			39.1746			-25.9156			-3.6000			-85.0000			159.0000			-33.0000			
-18.0621			38.0474			-24.2602			-4.2000			-104.0000			145.0000			-32.0000			
4.3617			63.4078			-11.0163			56.7000			-103.0000			146.0000			-10.0000			
-25.9104			35.7932			-62.8880			-53.0000			-95.0000			162.0000			11.0000			
-16.3803			40.3017			-14.3273			9.5000			-116.0000			144.0000			7.0000			
-23.6680			55.5179			3.8830			35.7000			-132.0000			124.0000			5.0000			
-44.4100			14.3778			-31.9857			-62.0000			-140.0000			115.0000			16.0000			
-16.3803			39.7381			-0.5316			22.8000			-161.0000			91.0000			15.0000			
-27.5922			35.2296			1.1238			8.7000			-174.0000			73.0000			19.0000			
-48.3342			19.4498			-4.3944			-33.2000			-181.0000			55.0000			25.0000			
-27.0316			35.2296			18.2305			26.4000			-197.0000			31.0000			24.0000			
-38.8041			27.3397			2.2275			-9.2000			-204.0000			14.0000			31.0000			
-38.2435			23.9583			-0.5316			-14.8000			-213.0000			-6.0000			34.0000			
-30.3951			33.5389			12.7122			15.8000			-221.0000			-27.0000			35.0000			
-42.1676			21.7041			6.0903			-14.3000			-225.0000			-41.0000			40.0000			
-37.6829			22.8312			12.7122			-2.1000			-231.0000			-59.0000			39.0000			
-34.8799			22.8312			20.4378			8.3000			-235.0000			-75.0000			41.0000			
-40.4858			11.5599			17.1268			-11.7000			-236.0000			-90.0000			44.0000			
-34.8799			12.6871			25.9560			3.7000			-234.0000			-106.0000			46.0000			
-35.4405			7.0514			28.7151			0.3000			-234.0000			-122.0000			49.0000			
-37.1223			3.6700			26.5078			-6.9000			-229.0000			-136.0000			54.0000			
-30.9557			7.0514			29.2670			5.3000			-223.0000			-150.0000			54.0000			
-31.5163			1.9793			28.1633			-1.3000			-215.0000			-161.0000			57.0000			
-30.3951			-0.8385			28.1633			-3.0000			-205.0000			-173.0000			58.0000			
-28.7134			-0.2749			32.5779			3.5000			-194.0000			-183.0000			59.0000			
-30.9557			-4.7834			32.5779			-3.1000			-180.0000			-193.0000			60.0000			
-27.0316			-9.2919			36.9925			0.6000			-166.0000			-200.0000			60.0000			
-23.6680			-12.6733			39.1998			2.8000			-153.0000			-205.0000			61.0000			
-23.1074			-17.1818			39.1998			-1.0000			-138.0000			-209.0000			65.0000			
-19.1833			-17.7454			39.1998			2.2000			-123.0000			-213.0000			67.0000			
-16.9409			-19.9997			37.5444			0.6000			-108.0000			-215.0000			69.0000			
-13.5773			-21.6903			35.8889			0.6000			-90.0000			-216.0000			70.0000			
-9.6532			-21.1268			33.6816			2.8000			-72.0000			-215.0000			73.0000			
-6.2896			-25.6353			33.6816			1.7000			-53.0000			-213.0000			73.0000			
-4.6078			-27.3260			32.5779			0.6000			-32.0000			-208.0000			73.0000			
-1.2442			-28.4531			33.1298			3.4000			-12.0000			-201.0000			72.0000			
0.4375			-31.2709			31.4743			0.6000			8.0000			-193.0000			71.0000			
2.6799			-34.0888			32.5779			1.1000			29.0000			-184.0000			70.0000			
6.0435			-34.6523			30.9225			2.3000			49.0000			-173.0000			68.0000			
8.2859			-35.2159			28.7151			1.7000			71.0000			-163.0000			66.0000			
13.3312			-38.0337			25.9560			1.2000			91.0000			-151.0000			63.0000			
16.6948			-40.2880			23.7487			0.1000			110.0000			-139.0000			64.0000			
17.8160			-39.1608			22.6451			1.3000			129.0000			-125.0000			63.0000			
19.4977			-36.9066			18.7823			1.3000			147.0000			-113.0000			64.0000			
20.0583			-35.7794			17.1268			1.4000			165.0000			-98.0000			63.0000			
21.7401			-34.6523			14.3677			1.4000			181.0000			-82.0000			61.0000			
24.5431			-34.6523			11.0567			0.9000			197.0000			-67.0000			59.0000			
27.9067			-35.7794			8.2976			0.4000			211.0000			-49.0000			55.0000			
30.1490			-35.7794			7.1939			1.5000			225.0000			-33.0000			53.0000			
31.2702			-32.3981			3.3311			2.1000			237.0000			-15.0000			49.0000			
34.0732			-31.2709			-1.6353			1.1000			249.0000			3.0000			47.0000			
34.0732			-31.2709			-3.2908			-0.4000			258.0000			20.0000			42.0000			
34.6338			-29.5802			-3.8426			1.2000			265.0000			40.0000			38.0000			
35.7550			-27.8896			-7.7054			0.1000			271.0000			57.0000			34.0000			
37.4368			-25.0717			-12.1200			0.2000			277.0000			74.0000			30.0000			
40.2397			-24.5082			-14.8791			0.8000			280.0000			90.0000			25.0000			
37.9974			-22.8175			-15.9828			-0.8000			284.0000			103.0000			21.0000			
37.9974			-21.1268			-17.0864			-0.2000			285.0000			118.0000			15.0000			
36.8762			-16.6183			-20.9492			-0.6000			285.0000			131.0000			12.0000			
34.6338			-13.2369			-22.0529			-0.6000			283.0000			144.0000			8.0000			
34.6338			-8.7284			-25.9156			0.0000			278.0000			158.0000			2.0000			
34.0732			-5.9106			-28.6748			-0.5000			270.0000			170.0000			-1.0000			
32.9520			-4.7834			-29.2266			-1.0000			263.0000			181.0000			-6.0000			
31.8308			-1.9656			-31.4339			-1.5000			252.0000			191.0000			-10.0000			
31.2702			0.2887			-33.6412			-2.0000			239.0000			200.0000			-14.0000			
28.4672			3.6700			-34.1930			-2.0000			226.0000			209.0000			-17.0000			
29.0278			4.7972			-34.7449			-0.9000			210.0000			215.0000			-21.0000			
26.2249			9.3057			-36.9522			-1.4000			196.0000			222.0000			-24.0000			
23.4219			13.2506			-38.6076			-1.9000			179.0000			224.0000			-28.0000			
21.1795			16.6320			-40.2631			-2.4000			164.0000			227.0000			-31.0000			
19.4977			17.1956			-39.1595			-2.4000			145.0000			229.0000			-37.0000			
16.1342			18.3227			-38.0558			-3.5000			129.0000			231.0000			-38.0000			
12.2100			21.1405			-36.4003			-3.0000			109.0000			229.0000			-42.0000			
8.8465			22.2677			-35.2967			-4.1000			90.0000			227.0000			-46.0000			
5.4829			26.2126			-35.8485			-4.1000			68.0000			222.0000			-47.0000			
2.6799			28.4669			-33.0894			-1.9000			47.0000			217.0000			-49.0000			
1.5587			28.4669			-33.6412			-3.6000			27.0000			210.0000			-49.0000			
-1.8048			30.7211			-32.5376			-3.6000			7.0000			202.0000			-49.0000			
-4.0472			33.5389			-31.9857			-2.4000			-14.0000			191.0000			-49.0000			
14.4524			38.6110			-38.0558			15.0000			-30.0000			183.0000			-30.0000			
-28.7134			43.6831			-50.7478			-35.7000			-17.0000			206.0000			-11.0000			
-40.4858			8.7421			-40.2631			-72.0000			-33.0000			203.0000			-4.0000			
9.9676			53.2637			-3.2908			59.9000			-59.0000			183.0000			-11.0000			
-28.7134			28.4669			-42.4704			-42.7000			-69.0000			177.0000			-4.0000			
-21.4256			37.4839			-25.3638			-9.3000			-89.0000			161.0000			-6.0000			
-8.5320			47.6280			-3.2908			35.8000			-112.0000			141.0000			-7.0000			
-38.2435			20.5770			-23.7083			-41.3000			-124.0000			131.0000			-1.0000			
-25.9104			33.5389			0.5720			8.1000			-145.0000			111.0000			-1.0000			
-28.1528			37.4839			0.5720			9.8000			-161.0000			92.0000			2.0000			
-39.3647			26.7762			-14.8791			-27.4000			-175.0000			75.0000			6.0000			
-24.2286			38.6110			0.5720			14.9000			-189.0000			54.0000			7.0000			
-33.7587			32.4118			-3.8426			-5.1000			-199.0000			35.0000			8.0000			
-37.1223			29.5940			-6.0499			-13.5000			-209.0000			17.0000			12.0000			
-29.8346			35.2296			7.1939			12.5000			-220.0000			-5.0000			14.0000			
-40.4858			25.0855			6.6421			-8.7000			-226.0000			-22.0000			18.0000			
-41.6070			22.8312			15.4713			-3.3000			-235.0000			-41.0000			20.0000			
-39.9252			23.9583			22.6451			6.6000			-242.0000			-58.0000			24.0000			
-43.2888			16.6320			17.1268			-9.5000			-245.0000			-73.0000			26.0000			
-38.2435			19.4498			19.8859			1.0000			-248.0000			-89.0000			29.0000			
-34.8799			16.6320			20.4378			2.1000			-248.0000			-105.0000			32.0000			
-36.0011			10.9964			18.7823			-6.2000			-247.0000			-119.0000			36.0000			
-33.1981			10.4328			24.3005			1.5000			-243.0000			-134.0000			39.0000			
-33.7587			5.9243			27.0597			-0.7000			-238.0000			-148.0000			43.0000			
-36.0011			3.6700			28.7151			-3.6000			-230.0000			-158.0000			44.0000			
-34.3193			1.4158			35.3371			2.4000			-222.0000			-171.0000			48.0000			
-33.7587			-2.5292			35.8889			-0.3000			-210.0000			-179.0000			51.0000			
-29.8346			-7.0377			36.9925			0.1000			-197.0000			-186.0000			52.0000			
-27.5922			-7.0377			36.9925			2.3000			-182.0000			-195.0000			54.0000			
-25.9104			-12.1098			36.4407			-1.5000			-168.0000			-202.0000			58.0000			
-22.5468			-15.4911			38.6480			0.6000			-152.0000			-206.0000			60.0000			
-21.4256			-16.6183			40.3035			2.2000			-138.0000			-210.0000			64.0000			
-19.7439			-19.4361			38.6480			-0.5000			-121.0000			-211.0000			67.0000			
-16.3803			-19.9997			38.6480			2.2000			-103.0000			-212.0000			71.0000			
-13.5773			-23.3810			37.5444			0.5000			-84.0000			-210.0000			73.0000			
-10.2138			-26.7624			38.0962			1.1000			-65.0000			-209.0000			75.0000			
-5.1684			-29.5802			36.9925			2.2000			-44.0000			-203.0000			76.0000			
-1.8048			-31.8345			35.3371			1.6000			-23.0000			-200.0000			79.0000			
0.4375			-31.8345			32.5779			1.1000			-2.0000			-191.0000			80.0000			
3.8011			-34.6523			33.1298			2.2000			18.0000			-182.0000			79.0000			
7.7253			-34.6523			30.3706			3.4000			41.0000			-172.0000			79.0000			
8.8465			-36.9066			29.8188			1.7000			62.0000			-161.0000			79.0000			
11.6494			-38.0337			28.7151			2.3000			83.0000			-150.0000			78.0000			
15.5736			-40.8515			27.0597			1.7000			105.0000			-137.0000			77.0000			
19.4977			-43.1058			25.4042			1.7000			124.0000			-124.0000			75.0000			
21.7401			-41.9787			22.6451			2.4000			144.0000			-111.0000			76.0000			
21.7401			-40.8515			20.4378			1.3000			162.0000			-97.0000			76.0000			
40.2397			-16.0547			-47.4369			-23.2000			180.0000			-81.0000			67.0000			
30.1490			-29.5802			-2.7389			-2.1000			167.0000			-92.0000			47.0000			
40.8003			-1.4020			40.3035			79.7000			166.0000			-100.0000			26.0000			
-2.9260			-54.3771			-9.3609			-66.6000			189.0000			-74.0000			33.0000			
34.0732			-49.8686			3.3311			-12.4000			197.0000			-58.0000			29.0000			
55.9364			-21.1268			14.3677			49.1000			205.0000			-46.0000			23.0000			
18.3766			-47.0507			-15.4309			-44.1000			226.0000			-20.0000			25.0000			
46.4063			-26.1989			0.0202			20.2000			229.0000			-3.0000			16.0000			
46.9669			-21.6903			-7.7054			17.5000			239.0000			18.0000			13.0000			
33.5126			-34.6523			-28.6748			-29.8000			249.0000			41.0000			12.0000			
49.7698			-16.6183			-7.7054			25.4000			253.0000			55.0000			4.0000			
41.3609			-24.5082			-15.9828			0.8000			261.0000			76.0000			6.0000			
36.3156			-27.8896			-20.9492			-12.5000			266.0000			93.0000			4.0000			
45.8457			-14.9276			-11.5682			19.3000			266.0000			107.0000			0.0000			
34.6338			-18.8725			-25.3638			-9.5000			269.0000			123.0000			0.0000			
36.3156			-10.4191			-29.2266			-3.3000			269.0000			139.0000			-1.0000			
42.4821			-3.6563			-28.6748			10.1000			265.0000			155.0000			-5.0000			
35.1944			-3.6563			-39.1595			-7.6000			262.0000			170.0000			-7.0000			
36.8762			1.9793			-36.4003			2.4000			255.0000			183.0000			-9.0000			
34.6338			4.2336			-35.8485			3.0000			247.0000			195.0000			-11.0000			
29.0278			3.1065			-38.6076			-6.4000			238.0000			207.0000			-11.0000			
31.8308			7.0514			-34.7449			4.1000			226.0000			217.0000			-13.0000			
27.9067			8.1786			-38.0558			-1.9000			213.0000			227.0000			-14.0000			
25.6643			10.4328			-39.7113			-3.6000			201.0000			236.0000			-15.0000			
23.9825			20.0134			-41.3668			2.6000			186.0000			242.0000			-17.0000			
20.0583			21.7041			-45.2296			-3.4000			172.0000			247.0000			-18.0000			
18.9371			23.9583			-45.2296			-2.3000			157.0000			249.0000			-19.0000			
16.6948			26.2126			-42.4704			0.4000			142.0000			250.0000			-20.0000			
9.9676			26.7762			-40.8149			-4.0000			125.0000			254.0000			-22.0000			
6.6041			30.7211			-39.7113			-2.3000			107.0000			253.0000			-24.0000			
3.2405			32.4118			-37.5040			-1.8000			88.0000			250.0000			-23.0000			
0.4375			32.4118			-36.4003			-3.5000			69.0000			247.0000			-23.0000			
-3.4866			34.1025			-33.0894			-2.4000			49.0000			239.0000			-23.0000			
-5.1684			36.9203			-33.0894			-1.3000			30.0000			231.0000			-22.0000			
-7.4108			39.1746			-34.1930			-2.4000			9.0000			223.0000			-18.0000			
-11.8955			41.4288			-30.8821			-1.3000			-11.0000			212.0000			-19.0000			
-15.2591			41.9924			-29.7784			-3.0000			-32.0000			200.0000			-16.0000			
-19.1833			43.1195			-27.0193			-3.0000			-52.0000			189.0000			-14.0000			
-22.5468			44.2467			-25.3638			-3.6000			-70.0000			176.0000			-13.0000			
-24.7892			43.6831			-23.1565			-4.2000			-89.0000			164.0000			-13.0000			
-25.3498			42.5560			-19.8456			-2.6000			-107.0000			150.0000			-11.0000			
-26.4710			39.7381			-14.8791			-1.6000			-123.0000			137.0000			-11.0000			
-29.2740			37.4839			-10.4645			-2.2000			-140.0000			121.0000			-8.0000			
-31.5163			38.6110			-8.2572			-1.1000			-156.0000			104.0000			-6.0000			
-36.0011			37.4839			-4.3944			-2.9000			-170.0000			87.0000			-3.0000			
-36.0011			36.3568			-2.7389			-2.3000			-185.0000			70.0000			-1.0000			
-38.8041			34.6661			2.2275			-1.9000			-197.0000			51.0000			4.0000			
-40.4858			32.9754			4.9866			-2.5000			-206.0000			33.0000			8.0000			
-41.0464			31.8482			6.6421			-2.5000			-215.0000			15.0000			11.0000			
-42.7282			30.7211			9.9531			-2.0000			-223.0000			-5.0000			15.0000			
-42.1676			28.4669			12.7122			-0.9000			-230.0000			-23.0000			21.0000			
-44.9706			25.6490			18.7823			-0.5000			-235.0000			-39.0000			25.0000			
-45.5312			22.2677			21.5414			-1.7000			-240.0000			-53.0000			29.0000			
-46.0918			21.1405			24.3005			-0.6000			-242.0000			-68.0000			31.0000			
-42.7282			17.7591			24.8524			-0.1000			-244.0000			-84.0000			37.0000			
-40.4858			13.2506			26.5078			-0.7000			-242.0000			-97.0000			39.0000			
-38.8041			9.3057			29.8188			0.3000			-240.0000			-110.0000			45.0000			
-38.2435			5.9243			32.5779			0.2000			-234.0000			-123.0000			49.0000			
-37.1223			3.1065			34.2334			0.2000			-228.0000			-136.0000			53.0000			
-35.4405			-1.4020			37.5444			0.7000			-220.0000			-147.0000			57.0000			
-36.5617			-3.0927			40.3035			0.6000			-210.0000			-157.0000			61.0000			
-34.3193			-7.0377			41.4071			0.0000			-197.0000			-166.0000			64.0000			
-31.5163			-9.2919			41.4071			0.6000			-184.0000			-174.0000			66.0000			
-28.7134			-14.3640			43.6145			0.5000			-170.0000			-180.0000			68.0000			
-27.0316			-16.6183			43.6145			0.0000			-154.0000			-186.0000			73.0000			
-22.5468			-22.2539			45.2699			0.4000			-138.0000			-191.0000			76.0000			
-20.3045			-25.0717			46.3736			1.0000			-123.0000			-193.0000			79.0000			
-18.0621			-25.6353			45.2699			1.5000			-105.0000			-195.0000			82.0000			
-14.6985			-28.4531			43.6145			0.4000			-87.0000			-195.0000			87.0000			
-10.2138			-29.5802			41.4071			1.6000			-68.0000			-194.0000			89.0000			
-5.7290			-33.5252			40.8553			1.6000			-49.0000			-193.0000			91.0000			
-1.8048			-36.3430			38.6480			0.4000			-29.0000			-188.0000			92.0000			
0.9981			-37.4701			37.5444			1.0000			-7.0000			-184.0000			94.0000			
4.9223			-39.1608			35.8889			1.6000			12.0000			-176.0000			94.0000			
8.2859			-40.8515			34.2334			1.6000			34.0000			-168.0000			93.0000			
9.9676			-43.6693			34.7852			1.0000			54.0000			-158.0000			92.0000			
14.4524			-43.6693			31.4743			2.2000			75.0000			-147.0000			91.0000			
18.9371			-45.9236			29.8188			2.8000			96.0000			-136.0000			89.0000			
22.3007			-46.4872			26.5078			2.3000			117.0000			-124.0000			88.0000			
25.6643			-48.1779			23.7487			1.2000			135.0000			-113.0000			87.0000			
-16.9409			-81.4281			-11.0163			-109.3000			140.0000			-113.0000			62.0000			
44.1639			-42.5422			64.5838			66.2000			121.0000			-132.0000			41.0000			
35.7550			-41.4151			22.0932			16.4000			141.0000			-121.0000			41.0000			
20.6189			-59.4491			-10.4645			-49.2000			159.0000			-101.0000			45.0000			
56.4970			-20.5632			30.3706			66.2000			166.0000			-94.0000			33.0000			
27.3461			-43.6693			-2.1871			-18.5000			188.0000			-71.0000			35.0000			
35.7550			-48.1779			-9.3609			-21.7000			202.0000			-52.0000			31.0000			
60.9817			-22.2539			1.1238			39.8000			209.0000			-39.0000			22.0000			
37.9974			-38.5973			-25.3638			-25.9000			224.0000			-13.0000			24.0000			
46.4063			-32.9616			-12.1200			1.3000			231.0000			5.0000			18.0000			
52.0122			-26.1989			-4.9462			20.8000			239.0000			24.0000			13.0000			
36.8762			-37.4701			-21.5010			-22.0000			249.0000			45.0000			12.0000			
50.3304			-25.0717			-13.7755			11.4000			252.0000			59.0000			9.0000			
47.5275			-23.3810			-19.2937			4.8000			259.0000			77.0000			6.0000			
44.1639			-25.0717			-30.3302			-11.2000			263.0000			94.0000			7.0000			
52.5728			-12.1098			-27.0193			13.4000			264.0000			108.0000			-1.0000			
44.1639			-11.5462			-35.8485			-3.2000			265.0000			125.0000			-1.0000			
42.4821			-6.4741			-39.7113			-3.7000			265.0000			142.0000			-4.0000			
44.7245			0.8522			-37.5040			8.0000			260.0000			155.0000			-8.0000			
38.5579			-2.5292			-40.2631			-4.2000			257.0000			171.0000			-9.0000			
36.8762			1.4158			-38.6076			-0.3000			250.0000			183.0000			-12.0000			
35.7550			5.9243			-38.0558			3.6000			241.0000			194.0000			-14.0000			
32.9520			5.9243			-43.5741			-4.6000			231.0000			207.0000			-15.0000			
34.0732			12.1235			-43.0222			3.1000			218.0000			215.0000			-17.0000			
29.5884			16.6320			-46.3332			-0.1000			205.0000			223.0000			-17.0000			
26.7855			20.0134			-50.1960			-3.3000			191.0000			231.0000			-17.0000			
24.5431			25.6490			-50.1960			0.0000			179.0000			238.0000			-21.0000			
19.4977			29.0304			-51.2996			-2.7000			164.0000			243.0000			-22.0000			
16.6948			29.5940			-49.0923			-2.8000			149.0000			245.0000			-24.0000			
13.3312			30.7211			-44.1259			0.0000			133.0000			247.0000			-26.0000			
7.7253			31.2847			-43.0222			-4.0000			116.0000			248.0000			-27.0000			
3.2405			34.6661			-41.3668			-3.4000			97.0000			247.0000			-27.0000			
2.1193			39.7381			-41.3668			0.4000			78.0000			243.0000			-27.0000			
-4.0472			39.7381			-39.7113			-4.0000			59.0000			239.0000			-26.0000			
-5.1684			41.9924			-38.0558			-1.2000			41.0000			233.0000			-27.0000			
-10.2138			44.8102			-38.0558			-3.4000			21.0000			223.0000			-26.0000			
-11.8955			45.9373			-37.5040			-3.4000			1.0000			215.0000			-24.0000			
-15.8197			47.0645			-33.0894			-1.8000			-20.0000			205.0000			-21.0000			
-20.8650			48.1916			-29.7784			-2.4000			-39.0000			194.0000			-20.0000			
-25.3498			49.3187			-26.4675			-2.5000			-59.0000			182.0000			-17.0000			
-27.5922			49.3187			-24.2602			-2.5000			-79.0000			171.0000			-17.0000			
-29.8346			48.7552			-22.0529			-3.1000			-96.0000			158.0000			-17.0000			
-31.5163			47.0645			-18.1901			-2.6000			-113.0000			146.0000			-15.0000			
-32.6375			44.8102			-15.4309			-3.2000			-130.0000			131.0000			-14.0000			
-34.8799			42.5560			-9.3609			-1.6000			-146.0000			115.0000			-11.0000			
-38.2435			42.5560			-6.0499			-1.7000			-162.0000			100.0000			-8.0000			
-41.6070			42.5560			-3.2908			-2.3000			-176.0000			82.0000			-4.0000			
-43.2888			40.3017			0.5720			-2.4000			-189.0000			66.0000			-1.0000			
-44.4100			36.3568			5.5385			-2.5000			-200.0000			48.0000			3.0000			
-47.2130			35.2296			9.4012			-2.5000			-210.0000			30.0000			7.0000			
-46.6524			34.1025			11.0567			-1.4000			-218.0000			11.0000			12.0000			
-48.3342			31.2847			13.8158			-3.2000			-224.0000			-6.0000			15.0000			
-48.3342			27.3397			18.7823			-2.2000			-231.0000			-24.0000			21.0000			
-48.8948			25.0855			22.0932			-1.7000			-236.0000			-41.0000			26.0000			
-49.4554			22.8312			25.4042			-1.2000			-240.0000			-56.0000			29.0000			
-48.8948			20.5770			27.6115			-0.7000			-242.0000			-69.0000			34.0000			
-48.3342			17.1956			30.3706			-0.7000			-242.0000			-85.0000			39.0000			
-43.8494			10.9964			32.5779			-0.2000			-242.0000			-97.0000			43.0000			
-43.8494			6.4879			35.8889			-1.4000			-237.0000			-110.0000			47.0000			
-42.1676			3.1065			39.1998			0.1000			-232.0000			-122.0000			52.0000			
-40.4858			0.2887			40.3035			0.1000			-225.0000			-135.0000			56.0000			
-39.3647			-2.5292			42.5108			0.6000			-216.0000			-145.0000			59.0000			
-36.5617			-7.6012			44.7181			0.5000			-205.0000			-154.0000			63.0000			
-36.5617			-9.2919			46.3736			0.5000			-192.0000			-163.0000			67.0000			
-32.0769			-12.1098			45.8218			1.6000			-178.0000			-171.0000			70.0000			
-30.9557			-16.0547			46.9254			0.0000			-163.0000			-178.0000			74.0000			
-26.4710			-22.2539			49.1327			0.3000			-148.0000			-183.0000			77.0000			
-23.1074			-25.6353			49.6845			0.9000			-132.0000			-187.0000			81.0000			
-19.1833			-27.8896			49.6845			2.6000			-115.0000			-190.0000			83.0000			
-18.0621			-30.1438			49.1327			0.9000			-98.0000			-191.0000			87.0000			
-13.5773			-32.3981			46.9254			0.9000			-81.0000			-191.0000			91.0000			
-9.6532			-34.0888			44.7181			0.9000			-63.0000			-190.0000			93.0000			
-4.0472			-37.4701			42.5108			0.9000			-42.0000			-188.0000			95.0000			
0.4375			-41.4151			42.5108			1.5000			-21.0000			-185.0000			97.0000			
2.6799			-41.4151			40.3035			1.5000			-1.0000			-179.0000			99.0000			
6.6041			-43.6693			38.0962			1.0000			19.0000			-172.0000			98.0000			
10.5282			-45.3600			36.4407			1.6000			40.0000			-163.0000			97.0000			
13.3312			-47.6143			36.4407			2.1000			61.0000			-154.0000			95.0000			
16.1342			-48.7414			33.1298			0.5000			81.0000			-144.0000			94.0000			
-0.1231			-53.8135			35.3371			-18.6000			96.0000			-137.0000			74.0000			
47.5275			-58.8856			51.3400			39.9000			79.0000			-159.0000			53.0000			
60.4211			-24.5082			35.3371			71.2000			93.0000			-156.0000			47.0000			
2.1193			-65.6483			-1.0835			-64.6000			120.0000			-136.0000			56.0000			
44.7245			-39.1608			36.4407			42.0000			128.0000			-131.0000			47.0000			
34.0732			-46.4872			17.1268			4.7000			148.0000			-114.0000			47.0000			
24.5431			-57.1949			-6.0499			-38.7000			167.0000			-94.0000			48.0000			
55.3758			-28.4531			13.8158			40.7000			179.0000			-82.0000			38.0000			
41.9215			-42.5422			-10.4645			-11.0000			198.0000			-61.0000			39.0000			
44.1639			-45.9236			-9.3609			-11.1000			212.0000			-42.0000			36.0000			
53.6940			-31.8345			4.9866			26.8000			221.0000			-26.0000			29.0000			
39.1185			-43.1058			-13.2236			-17.2000			234.0000			-3.0000			30.0000			
45.8457			-37.4701			-8.2572			0.1000			241.0000			15.0000			26.0000			
50.3304			-31.2709			-6.0499			13.0000			247.0000			32.0000			22.0000			
44.7245			-34.6523			-22.0529			-11.9000			258.0000			54.0000			22.0000			
55.3758			-22.2539			-22.6047			10.5000			263.0000			68.0000			17.0000			
54.8152			-21.1268			-30.8821			2.8000			267.0000			85.0000			14.0000			
49.2092			-20.5632			-36.9522			-8.3000			272.0000			103.0000			12.0000			
52.5728			-13.2369			-31.9857			7.3000			274.0000			117.0000			8.0000			
44.7245			-10.4191			-34.7449			-0.4000			274.0000			133.0000			5.0000			
41.3609			-7.6012			-35.8485			-2.0000			272.0000			148.0000			2.0000			
43.6033			-2.5292			-35.2967			5.7000			268.0000			163.0000			-1.0000			
39.6791			-1.9656			-40.2631			-2.5000			264.0000			176.0000			-6.0000			
40.2397			0.8522			-42.4704			-1.3000			255.0000			189.0000			-7.0000			
39.1185			8.1786			-44.6777			2.6000			246.0000			199.0000			-9.0000			
36.3156			9.8692			-50.1960			-4.0000			235.0000			209.0000			-10.0000			
34.6338			14.3778			-49.0923			0.0000			223.0000			219.0000			-12.0000			
30.1490			19.4498			-50.1960			-0.5000			209.0000			227.0000			-14.0000			
25.6643			22.2677			-50.7478			-2.8000			195.0000			234.0000			-16.0000			
22.8613			27.3397			-50.1960			0.0000			180.0000			239.0000			-19.0000			
18.3766			28.4669			-49.0923			-2.2000			166.0000			242.0000			-22.0000			
17.2554			29.5940			-49.6442			-2.7000			149.0000			245.0000			-25.0000			
13.8918			31.8482			-47.4369			-1.6000			132.0000			246.0000			-26.0000			
8.2859			32.9754			-45.7814			-4.5000			113.0000			245.0000			-29.0000			
4.3617			38.0474			-45.2296			-2.8000			94.0000			243.0000			-30.0000			
0.4375			42.5560			-44.6777			-1.6000			74.0000			239.0000			-30.0000			
-1.2442			43.1195			-44.6777			-2.8000			55.0000			233.0000			-30.0000			
-7.4108			43.6831			-39.1595			-2.8000			35.0000			227.0000			-30.0000			
-12.4561			45.9373			-37.5040			-4.0000			15.0000			217.0000			-30.0000			
-13.5773			47.0645			-35.2967			-1.8000			-5.0000			207.0000			-28.0000			
-17.5015			48.7552			-33.6412			-2.3000			-26.0000			198.0000			-26.0000			
-21.4256			48.1916			-29.7784			-3.0000			-47.0000			186.0000			-26.0000			
-26.4710			49.8823			-28.1229			-4.7000			-67.0000			173.0000			-24.0000			
-28.7134			51.0094			-25.9156			-3.6000			-86.0000			161.0000			-25.0000			
-30.9557			51.0094			-23.7083			-3.6000			-104.0000			148.0000			-23.0000			
-32.0769			49.3187			-19.8456			-2.5000			-122.0000			134.0000			-21.0000			
-34.3193			46.5009			-14.8791			-2.6000			-139.0000			120.0000			-22.0000			
-31.5163			45.9373			51.3400			65.7000			-153.0000			105.0000			-5.0000			
-54.5007			49.3187			-16.5346			-21.7000			-138.0000			118.0000			11.0000			
-68.5156			13.2506			-16.5346			-71.7000			-145.0000			111.0000			21.0000			
-14.6985			54.9544			18.2305			58.4000			-167.0000			85.0000			18.0000			
-47.7736			30.7211			-3.2908			-20.3000			-171.0000			73.0000			27.0000			
-51.1371			33.5389			2.2275			-15.3000			-181.0000			54.0000			30.0000			
-38.2435			49.3187			24.8524			35.9000			-193.0000			31.0000			32.0000			
-59.5460			22.8312			4.9866			-31.7000			-197.0000			14.0000			41.0000			
-48.3342			25.0855			26.5078			3.2000			-207.0000			-6.0000			42.0000			
-46.0918			28.4669			31.4743			13.8000			-214.0000			-25.0000			44.0000			
-58.4249			17.1956			18.2305			-23.0000			-216.0000			-40.0000			51.0000			
-42.7282			26.2126			30.3706			13.8000			-223.0000			-58.0000			51.0000			
-44.9706			19.4498			27.6115			2.0000			-224.0000			-73.0000			54.0000			
-47.7736			10.4328			25.4042			-11.9000			-223.0000			-87.0000			56.0000			
-38.2435			11.5599			38.0962			11.4000			-223.0000			-104.0000			57.0000			
-44.4100			1.9793			36.9925			-5.4000			-217.0000			-118.0000			61.0000			
-43.2888			-2.5292			41.4071			-4.4000			-214.0000			-132.0000			63.0000			
-38.2435			-1.4020			46.9254			7.2000			-208.0000			-145.0000			65.0000			
-39.9252			-10.4191			44.7181			-5.6000			-197.0000			-156.0000			68.0000			
-36.0011			-10.4191			46.9254			0.5000			-188.0000			-168.0000			67.0000			
-31.5163			-10.9826			46.3736			3.8000			-176.0000			-178.0000			68.0000			
-31.5163			-16.6183			44.7181			-3.4000			-162.0000			-187.0000			70.0000			
-25.3498			-18.3090			48.5809			4.9000			-151.0000			-194.0000			71.0000			
-22.5468			-25.0717			49.6845			2.0000			-137.0000			-200.0000			73.0000			
-22.5468			-27.8896			48.0291			-2.4000			-121.0000			-205.0000			74.0000			
-18.6227			-29.5802			51.3400			3.1000			-107.0000			-209.0000			75.0000			
-15.2591			-31.8345			47.4772			0.3000			-91.0000			-209.0000			76.0000			
-10.7743			-34.6523			45.2699			-0.1000			-74.0000			-210.0000			78.0000			
-4.0472			-36.9066			43.6145			2.6000			-56.0000			-209.0000			77.0000			
-0.1231			-40.8515			40.3035			-0.6000			-37.0000			-208.0000			77.0000			
3.8011			-41.4151			39.1998			1.5000			-19.0000			-203.0000			76.0000			
5.4829			-40.8515			36.9925			1.6000			-1.0000			-197.0000			74.0000			
10.5282			-43.6693			35.8889			2.7000			20.0000			-189.0000			73.0000			
13.3312			-45.3600			34.2334			2.2000			41.0000			-181.0000			71.0000			
15.5736			-47.6143			34.2334			2.1000			60.0000			-171.0000			67.0000			
18.9371			-48.7414			30.9225			1.1000			80.0000			-159.0000			64.0000			
25.1037			-50.4321			28.7151			3.3000			99.0000			-148.0000			63.0000			
