24.4421			4.0419			-26.4673			2.0000			82.0000			-31.0000			-101.0000			
22.7217			4.5943			-25.3540			1.9000			85.0000			-41.0000			-94.0000			
22.1483			2.3847			-23.1275			1.4000			87.0000			-50.0000			-88.0000			
22.1483			-0.3772			-20.3443			1.4000			90.0000			-57.0000			-81.0000			
23.2952			-4.2440			-18.6744			0.3000			91.0000			-65.0000			-75.0000			
23.2952			-4.7964			-17.0045			1.5000			91.0000			-73.0000			-67.0000			
21.5748			-7.5583			-14.7780			-0.7000			92.0000			-79.0000			-59.0000			
23.2952			-9.2155			-14.7780			-0.6000			90.0000			-87.0000			-50.0000			
23.2952			-10.8727			-13.1081			-0.6000			90.0000			-94.0000			-41.0000			
23.8687			-12.5299			-11.9948			-0.6000			88.0000			-99.0000			-31.0000			
26.1625			-13.6346			-11.4382			1.0000			85.0000			-104.0000			-24.0000			
26.1625			-16.9490			-9.7683			-0.5000			82.0000			-109.0000			-15.0000			
27.3095			-21.3681			-6.4284			-0.4000			78.0000			-114.0000			-5.0000			
29.6033			-25.2349			-4.7585			-0.3000			74.0000			-118.0000			5.0000			
29.0298			-26.3397			-3.6453			-0.9000			69.0000			-123.0000			15.0000			
27.3095			-25.2349			-3.0886			-1.0000			63.0000			-128.0000			25.0000			
25.5891			-23.5777			-1.4187			0.6000			59.0000			-129.0000			34.0000			
22.7217			-23.5777			1.9211			1.0000			53.0000			-130.0000			40.0000			
19.2810			-23.5777			3.5910			-0.6000			47.0000			-131.0000			48.0000			
16.9871			-23.0253			4.7042			-1.3000			41.0000			-131.0000			56.0000			
16.4136			-23.5777			7.4874			0.3000			33.0000			-129.0000			63.0000			
14.1198			-25.2349			9.7140			-1.3000			26.0000			-128.0000			73.0000			
14.1198			-26.3397			11.9405			-0.2000			16.0000			-126.0000			79.0000			
14.1198			-27.4444			13.6104			0.2000			10.0000			-124.0000			84.0000			
11.8259			-27.4444			15.2803			-0.3000			2.0000			-121.0000			90.0000			
8.9586			-27.9968			19.1767			0.1000			-5.0000			-117.0000			91.0000			
6.6648			-30.7588			21.9599			-2.1000			-12.0000			-112.0000			96.0000			
4.9444			-30.7588			24.1864			-1.6000			-22.0000			-108.0000			101.0000			
3.2240			-29.6540			24.1864			-2.2000			-31.0000			-102.0000			106.0000			
3.7974			-27.9968			23.6298			-0.5000			-39.0000			-95.0000			108.0000			
1.5036			-24.6825			21.9599			-1.2000			-46.0000			-90.0000			110.0000			
-1.3637			-21.9205			21.9599			-1.3000			-54.0000			-83.0000			110.0000			
-3.6576			-19.7110			22.5165			-0.8000			-60.0000			-78.0000			111.0000			
-5.3780			-16.3966			21.4033			-0.3000			-67.0000			-69.0000			110.0000			
-7.0984			-15.2918			21.4033			-0.9000			-74.0000			-61.0000			108.0000			
-9.3922			-13.6346			23.0732			0.0000			-81.0000			-52.0000			108.0000			
-9.9657			-13.6346			23.0732			-0.5000			-88.0000			-44.0000			103.0000			
-12.2595			-13.0823			24.1864			-1.1000			-92.0000			-35.0000			101.0000			
-15.1269			-11.4251			25.2997			-1.2000			-97.0000			-28.0000			97.0000			
-18.5676			-7.0059			25.8563			0.2000			-101.0000			-19.0000			93.0000			
-22.5819			-4.2440			25.8563			-0.9000			-104.0000			-9.0000			87.0000			
-23.7288			-3.1392			26.9696			0.1000			-110.0000			0.0000			82.0000			
-23.1553			-3.6916			25.8563			-0.9000			-113.0000			11.0000			76.0000			
-21.4350			-2.0344			23.6298			0.1000			-116.0000			19.0000			68.0000			
-22.0084			0.7275			21.4033			0.1000			-117.0000			26.0000			62.0000			
-23.1553			4.5943			18.0635			-0.4000			-119.0000			34.0000			54.0000			
-22.5819			5.6991			16.9502			0.0000			-118.0000			41.0000			48.0000			
-21.4350			6.8039			13.6104			-1.0000			-118.0000			50.0000			39.0000			
-23.1553			9.0134			14.1670			0.0000			-117.0000			59.0000			31.0000			
-24.3023			11.2230			11.3839			-1.6000			-115.0000			67.0000			22.0000			
-23.7288			12.8802			11.3839			0.5000			-113.0000			72.0000			14.0000			
-24.8757			13.9849			12.4971			1.6000			-110.0000			78.0000			6.0000			
-27.1696			17.2993			8.6007			-1.2000			-108.0000			82.0000			-1.0000			
-27.1696			23.3756			5.8175			2.0000			-104.0000			87.0000			-11.0000			
-28.8900			26.1376			3.0343			0.2000			-100.0000			91.0000			-19.0000			
-28.8900			25.5852			3.0343			-0.2000			-95.0000			95.0000			-30.0000			
-27.1696			23.9280			3.0343			-0.2000			-89.0000			98.0000			-41.0000			
-25.4492			23.3756			1.9211			-0.1000			-84.0000			101.0000			-49.0000			
-22.0084			23.3756			-0.8621			0.5000			-79.0000			102.0000			-55.0000			
-19.7146			23.9280			-4.7585			-0.5000			-73.0000			103.0000			-61.0000			
-17.4207			23.3756			-5.3152			0.6000			-67.0000			102.0000			-71.0000			
-15.7003			24.4804			-8.6550			0.1000			-59.0000			101.0000			-79.0000			
-15.1269			26.1376			-10.3249			0.6000			-51.0000			100.0000			-86.0000			
-13.4065			26.6900			-11.4382			1.8000			-43.0000			96.0000			-93.0000			
-13.9799			26.6900			-12.5514			0.1000			-36.0000			95.0000			-99.0000			
-11.6861			25.5852			-14.2213			-0.3000			-29.0000			92.0000			-103.0000			
-8.8188			28.8995			-18.6744			1.4000			-21.0000			87.0000			-108.0000			
-7.0984			30.5567			-21.4576			2.0000			-13.0000			83.0000			-113.0000			
-4.8045			30.0043			-24.2408			0.9000			-4.0000			77.0000			-119.0000			
-3.6576			28.3471			-24.2408			0.4000			4.0000			70.0000			-122.0000			
-3.6576			27.2423			-22.5708			1.0000			13.0000			63.0000			-124.0000			
-3.0841			23.9280			-21.4576			-0.6000			19.0000			58.0000			-127.0000			
0.9301			21.7184			-22.0142			0.6000			25.0000			51.0000			-126.0000			
4.9444			18.9565			-22.0142			1.8000			32.0000			45.0000			-128.0000			
5.5178			17.2993			-22.5708			0.2000			40.0000			39.0000			-126.0000			
6.0913			15.0897			-20.9009			0.2000			47.0000			29.0000			-125.0000			
8.3852			13.9849			-22.0142			0.3000			55.0000			20.0000			-124.0000			
9.5321			13.9849			-23.1275			0.3000			60.0000			11.0000			-121.0000			
12.3994			12.8802			-24.2408			1.0000			66.0000			3.0000			-119.0000			
14.1198			10.6706			-24.2408			0.5000			70.0000			-4.0000			-114.0000			
19.2810			5.6991			-25.3540			-0.3000			73.0000			-12.0000			-111.0000			
22.7217			4.0419			-25.9107			0.8000			78.0000			-21.0000			-105.0000			
23.2952			4.0419			-26.4673			0.8000			83.0000			-33.0000			-99.0000			
22.1483			4.0419			-24.7974			1.3000			87.0000			-42.0000			-92.0000			
22.1483			1.8323			-23.1275			0.8000			89.0000			-50.0000			-88.0000			
22.1483			-2.0344			-20.3443			-0.2000			90.0000			-57.0000			-79.0000			
23.2952			-4.2440			-17.5611			1.4000			91.0000			-65.0000			-73.0000			
22.7217			-7.0059			-15.3346			0.3000			92.0000			-73.0000			-65.0000			
21.5748			-7.5583			-14.2213			-0.2000			92.0000			-80.0000			-57.0000			
23.2952			-8.6631			-14.7780			-0.1000			91.0000			-88.0000			-46.0000			
23.2952			-10.8727			-12.5514			-0.1000			89.0000			-94.0000			-38.0000			
23.8687			-12.5299			-11.9948			-0.6000			88.0000			-101.0000			-30.0000			
26.1625			-14.1870			-11.9948			0.0000			85.0000			-105.0000			-22.0000			
26.7360			-18.0538			-9.2116			-0.5000			83.0000			-109.0000			-14.0000			
27.8829			-22.4729			-6.4284			-1.0000			78.0000			-115.0000			-5.0000			
29.0298			-25.2349			-4.7585			-0.9000			74.0000			-120.0000			6.0000			
28.4564			-25.2349			-4.2019			-0.9000			68.0000			-124.0000			16.0000			
26.7360			-24.1301			-3.0886			-0.4000			63.0000			-127.0000			26.0000			
25.0156			-23.5777			-1.9754			-0.5000			56.0000			-130.0000			33.0000			
21.5748			-22.4729			1.3644			0.4000			52.0000			-131.0000			42.0000			
18.7075			-22.4729			4.7042			0.9000			46.0000			-131.0000			48.0000			
18.1340			-24.6825			5.8175			-0.7000			39.0000			-129.0000			56.0000			
14.6933			-23.5777			8.0440			-0.8000			31.0000			-129.0000			64.0000			
14.6933			-25.2349			9.7140			-0.8000			23.0000			-129.0000			73.0000			
13.5463			-26.8921			12.4971			-0.8000			15.0000			-127.0000			79.0000			
12.9729			-26.8921			13.0538			-0.8000			8.0000			-124.0000			85.0000			
12.3994			-26.8921			14.7237			0.2000			1.0000			-121.0000			88.0000			
8.3852			-27.9968			19.1767			-0.4000			-5.0000			-118.0000			92.0000			
7.2382			-30.2064			23.0732			0.1000			-14.0000			-113.0000			97.0000			
4.3709			-30.7588			25.2997			-1.0000			-24.0000			-107.0000			102.0000			
3.2240			-29.1016			24.7431			-1.1000			-33.0000			-103.0000			106.0000			
3.2240			-27.9968			23.0732			-1.6000			-41.0000			-95.0000			107.0000			
0.9301			-24.1301			22.5165			-0.6000			-48.0000			-89.0000			108.0000			
0.3567			-21.9205			21.9599			0.4000			-54.0000			-84.0000			110.0000			
-4.2310			-19.1586			21.9599			-1.4000			-61.0000			-76.0000			110.0000			
-6.5249			-17.5014			21.4033			-2.6000			-69.0000			-68.0000			109.0000			
-7.0984			-14.7394			20.8466			-0.9000			-75.0000			-60.0000			108.0000			
-9.9657			-13.0823			21.9599			-1.0000			-83.0000			-51.0000			106.0000			
-10.5391			-13.6346			23.6298			-0.5000			-88.0000			-43.0000			103.0000			
-12.2595			-13.0823			25.2997			0.0000			-93.0000			-34.0000			99.0000			
-13.4065			-10.8727			25.8563			1.5000			-97.0000			-27.0000			97.0000			
-19.1411			-7.5583			25.2997			-1.3000			-100.0000			-17.0000			93.0000			
-22.5819			-3.6916			26.4130			0.1000			-104.0000			-6.0000			88.0000			
-23.1553			-4.2440			26.9696			-0.4000			-109.0000			5.0000			83.0000			
-22.5819			-4.2440			25.8563			-0.9000			-112.0000			14.0000			76.0000			
-22.0084			-2.0344			23.6298			-0.4000			-113.0000			22.0000			71.0000			
-22.5819			1.8323			20.2900			-0.4000			-115.0000			29.0000			63.0000			
-23.1553			5.1467			16.9502			-1.0000			-115.0000			37.0000			57.0000			
-22.0084			6.2515			15.2803			-0.4000			-118.0000			44.0000			49.0000			
-22.0084			7.3562			14.7237			0.0000			-116.0000			53.0000			40.0000			
-23.1553			9.0134			13.6104			-0.5000			-116.0000			60.0000			31.0000			
-24.3023			11.7754			11.3839			-1.1000			-115.0000			67.0000			23.0000			
-24.8757			13.4326			11.3839			0.0000			-113.0000			72.0000			13.0000			
-25.4492			14.5373			11.9405			1.0000			-110.0000			77.0000			4.0000			
-27.1696			18.9565			8.6007			0.3000			-109.0000			81.0000			-3.0000			
-29.4634			23.3756			5.8175			-0.2000			-105.0000			86.0000			-11.0000			
-28.8900			25.5852			4.7042			1.4000			-99.0000			91.0000			-24.0000			
-28.3165			25.5852			3.5910			0.8000			-94.0000			95.0000			-33.0000			
-27.1696			24.4804			3.0343			0.3000			-89.0000			98.0000			-42.0000			
-25.4492			22.8232			0.8078			-1.8000			-83.0000			100.0000			-50.0000			
-21.4350			22.2708			-0.8621			0.0000			-79.0000			102.0000			-57.0000			
-19.1411			23.9280			-3.6453			1.1000			-73.0000			102.0000			-65.0000			
-17.4207			23.9280			-6.4284			0.0000			-67.0000			100.0000			-73.0000			
-15.1269			25.0328			-8.6550			1.2000			-58.0000			100.0000			-80.0000			
-15.1269			26.1376			-9.7683			1.2000			-50.0000			99.0000			-89.0000			
-13.4065			26.1376			-11.4382			1.2000			-41.0000			96.0000			-95.0000			
-13.4065			26.6900			-12.5514			0.7000			-35.0000			94.0000			-102.0000			
-11.6861			26.6900			-14.7780			0.2000			-28.0000			90.0000			-105.0000			
-8.2453			28.3471			-18.6744			1.4000			-21.0000			86.0000			-109.0000			
-6.5249			29.4519			-22.5708			0.3000			-13.0000			82.0000			-114.0000			
-4.2310			29.4519			-24.2408			0.9000			-2.0000			76.0000			-118.0000			
-3.6576			28.3471			-23.1275			1.5000			7.0000			69.0000			-123.0000			
-3.0841			27.2423			-22.5708			1.5000			14.0000			62.0000			-125.0000			
-1.9372			25.0328			-21.4576			1.6000			23.0000			57.0000			-126.0000			
1.5036			21.1660			-22.0142			0.6000			28.0000			52.0000			-126.0000			
4.3709			18.9565			-22.5708			0.7000			34.0000			44.0000			-127.0000			
5.5178			16.7469			-20.9009			1.3000			42.0000			36.0000			-125.0000			
6.6648			15.0897			-22.0142			-0.2000			48.0000			28.0000			-124.0000			
8.9586			12.8802			-22.5708			-0.7000			56.0000			18.0000			-122.0000			
10.1055			15.0897			-23.1275			2.0000			63.0000			11.0000			-120.0000			
12.3994			12.8802			-25.3540			0.0000			67.0000			2.0000			-117.0000			
14.6933			10.1182			-24.7974			0.0000			71.0000			-4.0000			-114.0000			
19.2810			5.6991			-25.3540			-0.3000			75.0000			-13.0000			-109.0000			
23.2952			4.0419			-25.9107			1.4000			80.0000			-24.0000			-105.0000			
23.2952			4.0419			-26.4673			0.8000			84.0000			-34.0000			-98.0000			
21.5748			3.4895			-25.9107			-0.8000			88.0000			-43.0000			-92.0000			
22.1483			1.8323			-23.1275			0.8000			88.0000			-52.0000			-85.0000			
22.1483			-2.0344			-20.9009			-0.7000			89.0000			-60.0000			-79.0000			
22.7217			-4.2440			-17.5611			0.9000			91.0000			-67.0000			-72.0000			
23.2952			-6.4536			-15.3346			1.5000			92.0000			-75.0000			-65.0000			
21.5748			-7.0059			-13.6647			0.9000			91.0000			-83.0000			-55.0000			
22.7217			-9.7679			-13.6647			-0.7000			89.0000			-89.0000			-46.0000			
23.8687			-11.4251			-11.9948			0.4000			89.0000			-96.0000			-37.0000			
23.8687			-13.0823			-11.4382			-0.6000			87.0000			-102.0000			-29.0000			
26.1625			-14.7394			-11.4382			0.0000			84.0000			-107.0000			-22.0000			
26.7360			-18.6062			-9.2116			-1.0000			81.0000			-110.0000			-12.0000			
28.4564			-23.0253			-5.3152			0.1000			79.0000			-115.0000			-3.0000			
29.6033			-25.2349			-4.2019			0.1000			74.0000			-120.0000			7.0000			
28.4564			-24.6825			-3.6453			0.1000			68.0000			-125.0000			17.0000			
27.3095			-24.6825			-3.0886			-0.4000			61.0000			-127.0000			27.0000			
24.4421			-22.4729			-1.4187			0.5000			56.0000			-129.0000			36.0000			
21.5748			-22.4729			1.3644			0.4000			51.0000			-130.0000			43.0000			
18.7075			-23.0253			4.1476			-0.1000			45.0000			-131.0000			50.0000			
16.9871			-23.5777			6.3741			-0.2000			39.0000			-130.0000			58.0000			
15.2667			-24.1301			8.0440			-0.8000			30.0000			-129.0000			65.0000			
14.6933			-25.2349			10.2706			-0.2000			23.0000			-128.0000			74.0000			
14.1198			-26.8921			10.8272			-1.9000			15.0000			-126.0000			81.0000			
12.9729			-27.4444			13.0538			-1.4000			7.0000			-124.0000			87.0000			
11.2525			-27.9968			16.3936			-0.3000			-1.0000			-120.0000			89.0000			
8.3852			-28.5492			19.7334			-0.4000			-6.0000			-116.0000			92.0000			
6.0913			-30.2064			23.6298			-0.4000			-14.0000			-112.0000			98.0000			
4.3709			-30.7588			24.7431			-1.6000			-24.0000			-107.0000			103.0000			
3.7974			-29.1016			24.1864			-1.1000			-34.0000			-100.0000			106.0000			
3.2240			-27.4444			22.5165			-1.7000			-42.0000			-94.0000			109.0000			
0.9301			-23.0253			21.4033			-0.6000			-49.0000			-88.0000			109.0000			
-1.9372			-20.8157			21.9599			-0.7000			-55.0000			-84.0000			110.0000			
-3.6576			-19.1586			21.4033			-1.4000			-62.0000			-75.0000			111.0000			
-5.3780			-16.9490			21.4033			-0.9000			-68.0000			-67.0000			110.0000			
-6.5249			-15.8442			21.4033			-0.9000			-75.0000			-59.0000			108.0000			
-9.9657			-13.6346			22.5165			-1.0000			-82.0000			-50.0000			105.0000			
-11.1126			-13.6346			24.1864			-0.5000			-89.0000			-41.0000			103.0000			
-12.2595			-12.5299			25.2997			0.5000			-92.0000			-33.0000			100.0000			
-15.1269			-9.7679			25.2997			0.4000			-97.0000			-26.0000			96.0000			
-19.1411			-5.9012			25.2997			0.2000			-101.0000			-17.0000			91.0000			
-22.5819			-4.2440			26.4130			-0.4000			-107.0000			-7.0000			87.0000			
-23.7288			-3.6916			26.4130			-1.0000			-111.0000			4.0000			80.0000			
-22.5819			-4.2440			25.8563			-0.9000			-114.0000			14.0000			73.0000			
-22.5819			-1.4820			23.0732			-0.9000			-115.0000			22.0000			69.0000			
-23.1553			2.3847			20.2900			-0.4000			-116.0000			30.0000			63.0000			
-23.1553			5.1467			17.5068			-0.5000			-116.0000			37.0000			56.0000			
-22.5819			5.6991			15.2803			-1.5000			-118.0000			45.0000			49.0000			
-22.0084			7.3562			13.6104			-1.0000			-117.0000			53.0000			39.0000			
-23.1553			9.5658			14.1670			0.5000			-115.0000			62.0000			29.0000			
-24.3023			12.3278			11.3839			-0.5000			-114.0000			68.0000			20.0000			
-24.3023			12.8802			11.3839			0.0000			-112.0000			74.0000			11.0000			
-26.5961			15.0897			11.3839			-0.1000			-110.0000			78.0000			3.0000			
-27.7430			19.5089			8.0440			-0.1000			-107.0000			82.0000			-5.0000			
-28.8900			24.4804			4.1476			-0.2000			-103.0000			87.0000			-12.0000			
-29.4634			26.1376			3.5910			0.2000			-99.0000			92.0000			-24.0000			
-28.8900			25.5852			3.0343			-0.2000			-93.0000			95.0000			-34.0000			
-27.1696			25.0328			3.0343			0.9000			-88.0000			99.0000			-43.0000			
-24.3023			23.3756			0.2512			-0.6000			-83.0000			101.0000			-51.0000			
-20.8615			23.3756			-2.5320			0.0000			-78.0000			100.0000			-58.0000			
-19.1411			23.9280			-4.7585			0.0000			-72.0000			101.0000			-66.0000			
-16.8472			23.9280			-6.9851			0.0000			-65.0000			102.0000			-73.0000			
-13.4065			25.0328			-9.2116			2.4000			-57.0000			100.0000			-81.0000			
-14.5534			25.0328			-11.4382			-0.9000			-49.0000			99.0000			-89.0000			
-13.4065			27.7947			-12.5514			1.8000			-41.0000			96.0000			-95.0000			
-13.4065			28.3471			-13.1081			1.8000			-33.0000			93.0000			-101.0000			
-11.1126			26.6900			-15.8912			-0.3000			-27.0000			90.0000			-104.0000			
-7.6718			27.7947			-20.3443			-0.2000			-19.0000			87.0000			-110.0000			
-5.9514			30.5567			-22.5708			2.0000			-11.0000			82.0000			-114.0000			
-4.2310			30.0043			-23.6841			2.0000			-1.0000			76.0000			-119.0000			
-3.0841			28.8995			-23.1275			2.6000			9.0000			70.0000			-121.0000			
-3.6576			27.2423			-22.0142			1.5000			15.0000			63.0000			-124.0000			
-1.3637			23.9280			-21.4576			1.1000			23.0000			57.0000			-125.0000			
1.5036			21.7184			-22.5708			0.6000			29.0000			51.0000			-126.0000			
3.7974			18.4041			-21.4576			0.7000			36.0000			44.0000			-126.0000			
5.5178			17.2993			-21.4576			1.3000			43.0000			36.0000			-126.0000			
7.2382			14.5373			-21.4576			0.3000			51.0000			27.0000			-125.0000			
9.5321			12.8802			-22.0142			0.3000			57.0000			17.0000			-122.0000			
10.1055			13.9849			-23.1275			0.9000			63.0000			10.0000			-120.0000			
11.8259			13.4326			-25.3540			0.0000			66.0000			-1.0000			-117.0000			
15.2667			9.0134			-24.2408			0.0000			71.0000			-6.0000			-114.0000			
20.4279			5.1467			-25.3540			0.2000			75.0000			-16.0000			-110.0000			
23.8687			3.4895			-26.4673			0.8000			79.0000			-25.0000			-105.0000			
24.4421			3.4895			-25.9107			2.0000			83.0000			-36.0000			-98.0000			
21.5748			2.9371			-24.7974			-0.2000			87.0000			-46.0000			-93.0000			
21.0014			1.2799			-23.1275			-0.8000			88.0000			-54.0000			-84.0000			
23.2952			-2.5868			-20.3443			0.3000			91.0000			-61.0000			-79.0000			
23.2952			-4.7964			-17.0045			1.5000			92.0000			-69.0000			-72.0000			
22.1483			-6.4536			-14.7780			0.9000			92.0000			-76.0000			-63.0000			
21.0014			-7.5583			-13.6647			-0.2000			91.0000			-82.0000			-55.0000			
23.8687			-10.3203			-13.6647			-0.1000			90.0000			-90.0000			-46.0000			
23.8687			-11.4251			-11.9948			0.4000			88.0000			-97.0000			-37.0000			
23.8687			-13.0823			-11.9948			-1.2000			86.0000			-103.0000			-28.0000			
26.1625			-14.7394			-10.8815			0.5000			83.0000			-106.0000			-21.0000			
26.7360			-19.1586			-8.0984			-0.5000			81.0000			-111.0000			-12.0000			
27.8829			-23.0253			-4.7585			0.1000			77.0000			-116.0000			-3.0000			
29.6033			-25.7873			-3.6453			0.1000			73.0000			-122.0000			8.0000			
29.0298			-25.2349			-3.0886			0.7000			67.0000			-124.0000			19.0000			
27.8829			-23.5777			-3.0886			1.2000			62.0000			-128.0000			28.0000			
24.4421			-22.4729			-1.4187			0.5000			56.0000			-128.0000			36.0000			
61.7173			52.1000			-56.5256			57.2000			70.0000			-81.0000			74.0000			
53.6888			-32.9684			-20.3443			0.3000			130.0000			-53.0000			148.0000			
59.4234			-5.3488			22.5165			76.5000			132.0000			-43.0000			162.0000			
26.1625			9.0134			5.2609			40.4000			128.0000			-46.0000			174.0000			
19.2810			-13.6346			15.2803			20.9000			115.0000			-44.0000			179.0000			
8.3852			-35.1779			11.3839			-15.3000			107.0000			-40.0000			183.0000			
18.1340			-27.4444			16.3936			7.0000			97.0000			-37.0000			185.0000			
4.9444			-29.1016			14.1670			-9.9000			90.0000			-35.0000			188.0000			
7.2382			-27.9968			23.0732			2.3000			82.0000			-32.0000			192.0000			
5.5178			-34.0731			22.5165			-6.0000			72.0000			-28.0000			197.0000			
6.6648			-33.5208			25.8563			-1.0000			62.0000			-23.0000			199.0000			
3.7974			-30.7588			24.1864			-2.7000			50.0000			-18.0000			201.0000			
2.0771			-27.9968			24.1864			-1.7000			43.0000			-12.0000			202.0000			
0.3567			-25.7873			23.0732			-2.3000			36.0000			-7.0000			203.0000			
-1.9372			-24.1301			23.0732			-2.9000			27.0000			-1.0000			201.0000			
-4.2310			-19.7110			22.5165			-1.4000			20.0000			5.0000			202.0000			
-5.9514			-16.3966			20.8466			-1.4000			13.0000			12.0000			199.0000			
-7.0984			-14.7394			20.2900			-1.5000			4.0000			21.0000			198.0000			
-10.5391			-15.2918			22.5165			-3.3000			-4.0000			28.0000			194.0000			
-10.5391			-15.8442			23.0732			-3.3000			-10.0000			36.0000			190.0000			
-12.8330			-13.6346			24.7431			-1.7000			-16.0000			44.0000			186.0000			
-16.2738			-9.7679			25.2997			-0.7000			-19.0000			50.0000			182.0000			
-20.2880			-5.9012			25.2997			-0.8000			-26.0000			58.0000			175.0000			
-23.1553			-4.7964			26.9696			-0.9000			-31.0000			68.0000			171.0000			
-23.1553			-5.9012			27.5263			-1.5000			-36.0000			76.0000			163.0000			
-22.5819			-4.7964			24.1864			-3.1000			-41.0000			85.0000			154.0000			
-21.4350			-1.4820			21.9599			-0.9000			-43.0000			93.0000			147.0000			
97.2720			-158.3613			-137.7942			-198.8000			-41.0000			60.0000			140.0000			
20.4279			114.5203			8.6007			143.5000			-142.0000			-7.0000			11.0000			
-6.5249			-76.0549			40.8855			-41.6000			-204.0000			-24.0000			-48.0000			
-4.2310			16.7469			52.0182			64.5000			-209.0000			-25.0000			-67.0000			
-35.7715			-3.6916			26.9696			-12.4000			-204.0000			-8.0000			-74.0000			
-26.5961			13.9849			27.5263			14.9000			-203.0000			-9.0000			-83.0000			
-31.1838			18.4041			-3.0886			-15.8000			-198.0000			-5.0000			-82.0000			
-28.8900			9.5658			17.5068			-1.8000			-194.0000			-3.0000			-89.0000			
-30.0369			11.7754			6.9308			-11.3000			-191.0000			2.0000			-96.0000			
-34.0511			24.4804			4.1476			-5.4000			-185.0000			9.0000			-105.0000			
-31.7573			28.8995			-0.3055			-3.1000			-179.0000			18.0000			-115.0000			
-35.1981			21.7184			1.3644			-12.1000			-171.0000			26.0000			-124.0000			
-34.0511			20.0613			4.7042			-9.2000			-162.0000			30.0000			-131.0000			
-31.7573			22.2708			1.9211			-7.5000			-155.0000			33.0000			-135.0000			
-26.0227			22.2708			-4.7585			-8.5000			-149.0000			33.0000			-140.0000			
-23.1553			22.2708			-7.5417			-8.4000			-144.0000			34.0000			-145.0000			
-21.4350			21.1660			-7.5417			-7.8000			-136.0000			35.0000			-151.0000			
-20.8615			22.8232			-9.7683			-7.7000			-126.0000			34.0000			-161.0000			
-19.1411			21.7184			-9.7683			-7.1000			-118.0000			32.0000			-167.0000			
-19.1411			25.0328			-11.9948			-6.0000			-108.0000			30.0000			-172.0000			
-17.9942			25.0328			-14.2213			-7.1000			-100.0000			28.0000			-177.0000			
-15.7003			24.4804			-15.8912			-7.1000			-93.0000			24.0000			-179.0000			
-12.2595			24.4804			-19.2310			-7.0000			-85.0000			20.0000			-183.0000			
-10.5391			27.2423			-22.5708			-5.8000			-75.0000			17.0000			-187.0000			
-9.3922			27.2423			-24.2408			-6.3000			-65.0000			11.0000			-191.0000			
-8.8188			25.5852			-23.1275			-6.3000			-55.0000			6.0000			-194.0000			
-8.2453			22.8232			-20.9009			-6.3000			-47.0000			1.0000			-194.0000			
-5.9514			20.6136			-22.5708			-7.9000			-40.0000			-4.0000			-194.0000			
-2.5107			19.5089			-22.5708			-5.5000			-34.0000			-9.0000			-195.0000			
-0.7903			17.2993			-23.1275			-6.6000			-28.0000			-16.0000			-196.0000			
0.3567			16.1945			-22.5708			-6.0000			-18.0000			-22.0000			-194.0000			
2.0771			13.9849			-22.5708			-6.5000			-9.0000			-30.0000			-192.0000			
4.3709			12.3278			-24.7974			-8.0000			-3.0000			-40.0000			-189.0000			
6.0913			13.4326			-25.3540			-5.8000			2.0000			-49.0000			-187.0000			
7.2382			11.7754			-25.9107			-6.8000			7.0000			-58.0000			-184.0000			
11.2525			7.9086			-24.7974			-5.6000			11.0000			-65.0000			-180.0000			
16.4136			4.0419			-27.5806			-7.1000			16.0000			-73.0000			-175.0000			
19.2810			1.8323			-27.5806			-6.4000			21.0000			-84.0000			-169.0000			
19.2810			1.8323			-26.4673			-5.3000			26.0000			-93.0000			-162.0000			
16.9871			1.8323			-25.3540			-6.5000			30.0000			-102.0000			-154.0000			
16.9871			-1.4820			-22.5708			-7.0000			33.0000			-109.0000			-146.0000			
18.1340			-4.7964			-20.9009			-7.5000			34.0000			-116.0000			-139.0000			
18.1340			-7.0059			-17.5611			-6.4000			36.0000			-124.0000			-129.0000			
16.9871			-8.1107			-15.3346			-6.4000			37.0000			-130.0000			-123.0000			
16.9871			-9.7679			-14.7780			-7.5000			37.0000			-136.0000			-113.0000			
18.7075			-12.5299			-14.2213			-8.0000			36.0000			-143.0000			-105.0000			
18.1340			-13.0823			-13.1081			-8.0000			36.0000			-149.0000			-94.0000			
19.2810			-13.6346			-12.5514			-6.9000			34.0000			-152.0000			-87.0000			
20.4279			-16.3966			-11.4382			-7.3000			31.0000			-157.0000			-78.0000			
21.0014			-19.7110			-9.2116			-7.9000			30.0000			-161.0000			-69.0000			
22.1483			-24.1301			-5.3152			-7.2000			25.0000			-164.0000			-59.0000			
23.2952			-25.7873			-4.2019			-6.6000			22.0000			-169.0000			-48.0000			
21.0014			-25.2349			-3.6453			-7.8000			16.0000			-172.0000			-35.0000			
20.4279			-23.5777			-3.0886			-6.2000			12.0000			-175.0000			-26.0000			
16.9871			-23.5777			-1.4187			-7.9000			5.0000			-176.0000			-18.0000			
15.8402			-25.2349			3.5910			-5.7000			0.0000			-177.0000			-10.0000			
12.9729			-25.7873			5.2609			-7.5000			-4.0000			-177.0000			-1.0000			
135.6941			30.0043			233.4810			399.1000			-13.0000			-116.0000			15.0000			
8.9586			-152.8374			21.4033			-122.4000			110.0000			-39.0000			171.0000			
-3.6576			32.7663			111.0214			140.1000			147.0000			-14.0000			211.0000			
-55.8428			-36.8351			0.2512			-92.4000			151.0000			-11.0000			231.0000			
-6.5249			-5.3488			35.8758			24.0000			136.0000			-14.0000			225.0000			
-23.7288			-43.4638			12.4971			-54.6000			130.0000			-1.0000			233.0000			
12.3994			-25.2349			22.5165			9.6000			118.0000			-1.0000			229.0000			
-8.8188			-37.9399			14.7237			-32.0000			107.0000			7.0000			236.0000			
-7.0984			-29.6540			33.0926			-3.6000			96.0000			10.0000			237.0000			
-8.2453			-35.1779			23.0732			-20.3000			84.0000			14.0000			242.0000			
-3.6576			-31.8636			21.4033			-14.1000			76.0000			20.0000			240.0000			
-8.8188			-27.9968			23.0732			-13.7000			69.0000			23.0000			241.0000			
-15.7003			-21.9205			23.6298			-13.9000			61.0000			30.0000			238.0000			
-15.1269			-20.2633			23.0732			-12.3000			53.0000			36.0000			235.0000			
-14.5534			-21.3681			20.8466			-15.0000			43.0000			41.0000			235.0000			
-16.2738			-18.0538			20.8466			-13.4000			34.0000			48.0000			232.0000			
-21.4350			-13.6346			21.4033			-13.6000			24.0000			56.0000			227.0000			
-23.1553			-14.7394			24.7431			-13.1000			17.0000			65.0000			222.0000			
-24.3023			-15.2918			25.8563			-13.7000			10.0000			71.0000			216.0000			
-26.0227			-13.6346			25.2997			-14.3000			5.0000			78.0000			210.0000			
-31.1838			-6.4536			24.7431			-12.8000			-1.0000			85.0000			206.0000			
-34.6246			-3.6916			25.8563			-12.4000			-6.0000			92.0000			199.0000			
-33.4777			-5.3488			24.7431			-14.0000			-10.0000			103.0000			191.0000			
-31.7573			-5.9012			23.6298			-14.0000			-14.0000			111.0000			182.0000			
-31.1838			-2.5868			20.8466			-12.9000			-19.0000			119.0000			175.0000			
-31.7573			0.1751			19.1767			-12.4000			-20.0000			124.0000			167.0000			
-32.9042			4.5943			15.8369			-12.4000			-23.0000			130.0000			159.0000			
-31.7573			5.1467			13.6104			-12.9000			-24.0000			137.0000			149.0000			
-32.3308			6.2515			14.1670			-11.9000			-25.0000			145.0000			139.0000			
-31.7573			-114.1700			171.1379			25.2000			-24.0000			136.0000			135.0000			
-76.4875			143.7970			50.3483			117.6000			-112.0000			19.0000			-5.0000			
-15.1269			112.3107			55.3580			152.5000			-229.0000			-18.0000			-124.0000			
-34.6246			49.8904			21.4033			36.6000			-209.0000			7.0000			-106.0000			
-55.2693			27.7947			-4.7585			-32.2000			-170.0000			33.0000			-86.0000			
-58.7101			34.4234			-5.3152			-29.5000			-162.0000			36.0000			-88.0000			
-35.7715			42.1569			-26.4673			-20.0000			-159.0000			34.0000			-90.0000			
-40.3592			17.2993			-1.9754			-25.0000			-154.0000			40.0000			-98.0000			
-35.1981			17.2993			10.8272			-7.0000			-147.0000			44.0000			-109.0000			
-40.9327			27.7947			-3.0886			-16.2000			-141.0000			47.0000			-118.0000			
-29.4634			28.8995			-9.7683			-10.3000			-135.0000			49.0000			-126.0000			
-26.0227			27.7947			-11.9948			-10.2000			-126.0000			52.0000			-134.0000			
-26.0227			23.3756			-6.4284			-9.0000			-118.0000			51.0000			-140.0000			
-28.3165			24.4804			-7.5417			-11.3000			-108.0000			51.0000			-145.0000			
-26.0227			28.8995			-15.3346			-12.4000			-100.0000			49.0000			-149.0000			
-22.0084			29.4519			-17.5611			-10.1000			-92.0000			49.0000			-153.0000			
-20.2880			26.1376			-16.4479			-10.5000			-84.0000			47.0000			-157.0000			
-20.2880			26.6900			-17.0045			-10.6000			-75.0000			43.0000			-161.0000			
-19.7146			28.8995			-20.9009			-11.7000			-65.0000			38.0000			-165.0000			
-16.2738			28.3471			-23.1275			-11.0000			-56.0000			34.0000			-170.0000			
-13.4065			26.6900			-25.3540			-12.0000			-46.0000			29.0000			-171.0000			
-11.1126			25.0328			-24.2408			-10.3000			-36.0000			23.0000			-175.0000			
-12.8330			24.4804			-21.4576			-9.8000			-28.0000			17.0000			-177.0000			
-11.6861			21.1660			-20.9009			-11.4000			-21.0000			11.0000			-177.0000			
-7.0984			18.4041			-23.1275			-11.8000			-14.0000			4.0000			-176.0000			
-4.2310			18.4041			-25.3540			-11.1000			-5.0000			-3.0000			-175.0000			
-3.6576			17.8517			-23.6841			-9.4000			-1.0000			-9.0000			-175.0000			
-2.5107			15.6421			-23.1275			-9.9000			9.0000			-17.0000			-172.0000			
0.9301			13.9849			-25.9107			-10.9000			15.0000			-25.0000			-169.0000			
1.5036			14.5373			-27.5806			-11.5000			21.0000			-33.0000			-167.0000			
2.6505			12.8802			-27.5806			-12.0000			25.0000			-39.0000			-163.0000			
6.6648			9.5658			-27.5806			-11.3000			30.0000			-45.0000			-160.0000			
11.2525			6.2515			-28.1372			-10.6000			35.0000			-55.0000			-154.0000			
14.1198			5.1467			-29.2505			-9.9000			40.0000			-66.0000			-148.0000			
14.1198			4.0419			-28.6938			-10.5000			45.0000			-75.0000			-140.0000			
12.9729			2.3847			-26.4673			-11.1000			48.0000			-85.0000			-134.0000			
11.8259			0.7275			-23.6841			-11.1000			51.0000			-91.0000			-126.0000			
14.1198			-3.1392			-22.5708			-11.5000			52.0000			-99.0000			-120.0000			
14.1198			-6.4536			-18.6744			-11.0000			51.0000			-108.0000			-113.0000			
12.9729			-7.5583			-15.8912			-10.4000			52.0000			-117.0000			-105.0000			
14.1198			-8.6631			-15.8912			-10.4000			52.0000			-126.0000			-97.0000			
15.2667			-10.8727			-15.8912			-11.4000			50.0000			-131.0000			-87.0000			
15.8402			-13.0823			-14.2213			-11.4000			50.0000			-137.0000			-77.0000			
15.8402			-13.6346			-13.6647			-11.4000			48.0000			-143.0000			-70.0000			
16.4136			-15.2918			-11.9948			-10.8000			45.0000			-146.0000			-61.0000			
17.5606			-18.6062			-9.7683			-10.8000			42.0000			-150.0000			-53.0000			
17.5606			-21.9205			-7.5417			-11.9000			38.0000			-153.0000			-42.0000			
18.1340			-23.0253			-5.3152			-10.2000			34.0000			-159.0000			-33.0000			
15.2667			-21.9205			-5.3152			-11.9000			28.0000			-162.0000			-22.0000			
15.2667			-21.3681			-4.7585			-10.8000			23.0000			-164.0000			-12.0000			
12.3994			-21.3681			-2.5320			-11.5000			18.0000			-164.0000			-3.0000			
10.6790			-22.4729			0.8078			-10.9000			12.0000			-164.0000			4.0000			
8.9586			-23.5777			3.5910			-11.0000			6.0000			-165.0000			12.0000			
7.8117			-24.1301			5.2609			-11.0000			-1.0000			-165.0000			21.0000			
6.0913			-25.7873			8.0440			-11.6000			-8.0000			-163.0000			28.0000			
5.5178			-27.4444			10.8272			-11.0000			-16.0000			-162.0000			37.0000			
4.9444			-28.5492			11.3839			-12.2000			-24.0000			-159.0000			43.0000			
4.3709			-29.1016			13.0538			-11.6000			-29.0000			-156.0000			49.0000			
0.9301			-29.6540			16.9502			-11.7000			-35.0000			-152.0000			53.0000			
-1.3637			-30.7588			21.4033			-10.7000			-42.0000			-147.0000			57.0000			
-2.5107			-32.4160			24.7431			-10.1000			-50.0000			-142.0000			63.0000			
-4.2310			-31.3112			23.6298			-11.9000			-60.0000			-136.0000			68.0000			
-4.8045			-29.1016			21.9599			-11.9000			-69.0000			-128.0000			72.0000			
-5.3780			-26.8921			21.4033			-10.8000			-75.0000			-123.0000			73.0000			
-9.3922			-24.1301			21.9599			-11.5000			-82.0000			-116.0000			75.0000			
-12.2595			-20.8157			20.8466			-12.2000			-88.0000			-110.0000			75.0000			
-13.4065			-18.6062			20.8466			-11.1000			-94.0000			-101.0000			76.0000			
-14.5534			-16.3966			21.4033			-9.5000			-100.0000			-92.0000			75.0000			
-16.8472			-15.2918			21.4033			-10.7000			-108.0000			-83.0000			74.0000			
-18.5676			-15.8442			21.9599			-12.4000			-114.0000			-74.0000			72.0000			
-19.7146			-14.1870			22.5165			-11.3000			-119.0000			-65.0000			69.0000			
-21.4350			-11.4251			24.1864			-8.6000			-124.0000			-57.0000			66.0000			
-25.4492			-8.1107			24.1864			-9.3000			-127.0000			-49.0000			62.0000			
-30.0369			-5.9012			25.8563			-10.0000			-131.0000			-40.0000			58.0000			
-31.7573			-4.2440			25.8563			-10.1000			-136.0000			-30.0000			52.0000			
-31.1838			-4.7964			25.2997			-10.6000			-139.0000			-20.0000			47.0000			
-30.6104			-4.2440			23.6298			-11.2000			-141.0000			-11.0000			40.0000			
-30.6104			-0.9296			20.8466			-10.6000			-142.0000			-4.0000			34.0000			
-31.7573			2.9371			18.0635			-10.7000			-144.0000			3.0000			28.0000			
-31.1838			4.0419			15.2803			-11.8000			-145.0000			12.0000			20.0000			
-30.0369			6.8039			13.0538			-10.1000			-145.0000			20.0000			13.0000			
-30.0369			8.4610			12.4971			-9.0000			-143.0000			28.0000			3.0000			
-31.1838			10.6706			11.3839			-9.1000			-142.0000			37.0000			-5.0000			
-31.7573			12.3278			10.2706			-9.1000			-140.0000			43.0000			-15.0000			
-33.4777			13.9849			9.1573			-10.3000			-138.0000			49.0000			-22.0000			
-34.6246			17.2993			8.0440			-9.2000			-135.0000			53.0000			-30.0000			
-35.7715			21.7184			5.8175			-8.2000			-132.0000			58.0000			-39.0000			
-36.3450			25.5852			2.4777			-8.2000			-128.0000			63.0000			-48.0000			
-36.3450			26.1376			1.9211			-8.2000			-122.0000			69.0000			-58.0000			
-35.1981			24.4804			0.2512			-10.4000			-117.0000			72.0000			-67.0000			
-34.0511			23.9280			0.2512			-9.8000			-111.0000			75.0000			-75.0000			
-30.6104			23.9280			-2.5320			-9.2000			-105.0000			75.0000			-82.0000			
-27.1696			25.5852			-5.8718			-7.4000			-100.0000			77.0000			-89.0000			
-26.0227			24.4804			-7.5417			-9.0000			-92.0000			77.0000			-96.0000			
-24.3023			24.4804			-9.7683			-9.5000			-85.0000			76.0000			-102.0000			
-22.5819			25.5852			-11.4382			-8.4000			-76.0000			77.0000			-110.0000			
-22.5819			26.6900			-13.1081			-8.9000			-67.0000			74.0000			-118.0000			
-20.8615			27.7947			-14.7780			-7.8000			-58.0000			71.0000			-122.0000			
-20.2880			27.7947			-15.3346			-7.8000			-54.0000			69.0000			-127.0000			
-17.4207			27.7947			-18.1178			-7.7000			-45.0000			66.0000			-131.0000			
-15.1269			30.0043			-22.5708			-7.6000			-36.0000			62.0000			-134.0000			
-13.4065			30.5567			-25.3540			-8.2000			-29.0000			56.0000			-140.0000			
-11.1126			29.4519			-25.3540			-7.0000			-18.0000			52.0000			-144.0000			
-11.1126			28.8995			-24.7974			-7.0000			-9.0000			45.0000			-147.0000			
-9.9657			26.1376			-23.6841			-7.5000			-2.0000			40.0000			-148.0000			
-7.6718			23.3756			-25.3540			-9.6000			6.0000			35.0000			-149.0000			
-4.8045			20.6136			-24.7974			-8.9000			12.0000			27.0000			-148.0000			
-3.0841			18.9565			-24.7974			-8.9000			19.0000			21.0000			-147.0000			
-2.5107			17.2993			-24.7974			-10.0000			27.0000			13.0000			-146.0000			
0.3567			16.1945			-25.3540			-8.7000			34.0000			5.0000			-145.0000			
2.6505			15.0897			-25.3540			-7.6000			39.0000			-3.0000			-143.0000			
3.2240			15.0897			-27.5806			-9.2000			47.0000			-12.0000			-139.0000			
5.5178			12.8802			-27.5806			-9.1000			51.0000			-20.0000			-134.0000			
9.5321			9.0134			-27.0239			-8.4000			55.0000			-27.0000			-131.0000			
14.6933			6.2515			-28.6938			-7.7000			60.0000			-37.0000			-127.0000			
16.9871			4.5943			-29.8071			-8.2000			63.0000			-49.0000			-122.0000			
15.8402			4.0419			-27.5806			-7.6000			68.0000			-58.0000			-116.0000			
14.6933			2.9371			-26.4673			-8.8000			71.0000			-68.0000			-109.0000			
14.6933			0.1751			-23.6841			-8.8000			73.0000			-74.0000			-101.0000			
15.8402			-2.5868			-20.9009			-7.6000			74.0000			-82.0000			-94.0000			
14.1198			-5.3488			-18.6744			-9.9000			75.0000			-90.0000			-87.0000			
14.1198			-6.4536			-17.0045			-9.3000			76.0000			-97.0000			-80.0000			
15.2667			-8.1107			-15.8912			-8.7000			75.0000			-103.0000			-70.0000			
16.4136			-10.8727			-14.7780			-9.2000			73.0000			-109.0000			-60.0000			
17.5606			-11.4251			-14.2213			-8.0000			71.0000			-116.0000			-51.0000			
18.1340			-13.6346			-13.1081			-8.6000			70.0000			-120.0000			-43.0000			
18.1340			-16.3966			-11.9948			-10.2000			67.0000			-124.0000			-35.0000			
19.8544			-20.2633			-8.6550			-9.0000			63.0000			-129.0000			-27.0000			
21.0014			-23.0253			-6.4284			-8.4000			60.0000			-133.0000			-15.0000			
20.4279			-24.6825			-5.3152			-9.5000			55.0000			-138.0000			-4.0000			
19.2810			-23.5777			-4.7585			-9.0000			50.0000			-141.0000			6.0000			
16.9871			-23.0253			-3.6453			-9.6000			44.0000			-142.0000			14.0000			
14.6933			-23.0253			-0.8621			-9.1000			38.0000			-145.0000			23.0000			
12.9729			-24.6825			2.4777			-9.2000			35.0000			-145.0000			29.0000			
10.6790			-24.1301			4.7042			-8.7000			27.0000			-145.0000			39.0000			
8.9586			-25.2349			6.9308			-9.3000			20.0000			-144.0000			46.0000			
7.8117			-26.3397			8.6007			-9.9000			12.0000			-144.0000			55.0000			
7.2382			-27.4444			11.3839			-8.8000			5.0000			-141.0000			63.0000			
7.2382			-29.1016			13.0538			-8.8000			-3.0000			-138.0000			68.0000			
4.9444			-29.1016			13.6104			-10.5000			-9.0000			-136.0000			74.0000			
3.2240			-29.1016			17.5068			-8.3000			-16.0000			-131.0000			77.0000			
0.3567			-31.3112			22.5165			-8.4000			-25.0000			-127.0000			81.0000			
-1.3637			-31.8636			24.7431			-8.4000			-34.0000			-122.0000			86.0000			
-3.0841			-30.7588			23.6298			-10.2000			-42.0000			-116.0000			91.0000			
-3.0841			-28.5492			22.5165			-9.1000			-51.0000			-110.0000			94.0000			
-4.2310			-26.3397			20.8466			-9.7000			-57.0000			-103.0000			95.0000			
-6.5249			-24.6825			21.4033			-9.7000			-65.0000			-97.0000			97.0000			
-9.3922			-20.8157			21.9599			-8.2000			-71.0000			-91.0000			95.0000			
-12.2595			-18.6062			21.9599			-8.8000			-77.0000			-83.0000			97.0000			
-13.4065			-16.9490			21.9599			-8.3000			-84.0000			-73.0000			95.0000			
-15.7003			-14.7394			22.5165			-7.9000			-91.0000			-65.0000			93.0000			
-16.2738			-14.7394			23.6298			-7.3000			-97.0000			-58.0000			92.0000			
-17.9942			-15.2918			24.1864			-9.0000			-102.0000			-49.0000			89.0000			
-20.8615			-12.5299			24.7431			-8.6000			-106.0000			-40.0000			86.0000			
-24.8757			-8.6631			24.7431			-8.7000			-110.0000			-33.0000			81.0000			
-29.4634			-4.7964			25.8563			-8.3000			-114.0000			-23.0000			78.0000			
-31.1838			-3.6916			26.9696			-7.8000			-117.0000			-13.0000			73.0000			
-28.8900			-4.2440			25.8563			-7.2000			-121.0000			-1.0000			67.0000			
-28.3165			-3.6916			22.5165			-9.4000			-124.0000			8.0000			61.0000			
-28.8900			-0.9296			19.7334			-10.0000			-124.0000			16.0000			55.0000			
-30.0369			3.4895			18.0635			-8.4000			-126.0000			25.0000			47.0000			
-29.4634			5.6991			14.7237			-9.0000			-127.0000			31.0000			40.0000			
-27.7430			6.8039			13.0538			-7.8000			-126.0000			40.0000			31.0000			
-28.8900			9.0134			13.6104			-6.2000			-125.0000			47.0000			24.0000			
-30.6104			11.2230			11.9405			-7.4000			-123.0000			55.0000			14.0000			
-30.6104			12.3278			10.2706			-8.0000			-121.0000			61.0000			6.0000			
-31.7573			14.5373			9.7140			-7.5000			-120.0000			66.0000			-3.0000			
-34.0511			17.8517			9.1573			-7.0000			-117.0000			71.0000			-10.0000			
-35.1981			22.8232			4.7042			-7.6000			-113.0000			75.0000			-20.0000			
-36.3450			26.1376			3.0343			-7.1000			-108.0000			81.0000			-28.0000			
-35.1981			26.6900			1.3644			-7.1000			-103.0000			85.0000			-40.0000			
-32.9042			24.4804			1.3644			-7.0000			-97.0000			89.0000			-48.0000			
-31.1838			23.3756			1.3644			-6.4000			-93.0000			91.0000			-57.0000			
-28.3165			23.9280			-3.0886			-7.4000			-86.0000			93.0000			-63.0000			
-26.5961			23.9280			-6.4284			-9.0000			-80.0000			93.0000			-69.0000			
-23.7288			23.9280			-8.0984			-7.8000			-73.0000			94.0000			-77.0000			
-22.0084			23.9280			-9.2116			-7.2000			-66.0000			93.0000			-85.0000			
-20.8615			25.0328			-10.8815			-6.7000			-56.0000			93.0000			-92.0000			
-20.2880			27.2423			-13.6647			-6.7000			-47.0000			90.0000			-99.0000			
-19.7146			27.7947			-14.2213			-6.1000			-40.0000			89.0000			-105.0000			
-19.1411			27.7947			-15.3346			-6.6000			-34.0000			87.0000			-110.0000			
-15.7003			29.4519			-19.7877			-6.0000			-27.0000			82.0000			-112.0000			
-13.4065			31.6615			-23.1275			-4.8000			-17.0000			78.0000			-116.0000			
-11.1126			32.2139			-27.0239			-5.9000			-9.0000			73.0000			-122.0000			
-11.1126			30.5567			-25.3540			-5.9000			2.0000			67.0000			-126.0000			
-9.9657			30.0043			-24.2408			-4.2000			10.0000			61.0000			-128.0000			
-8.2453			26.6900			-24.2408			-5.8000			18.0000			56.0000			-129.0000			
-5.3780			23.9280			-24.7974			-6.2000			23.0000			50.0000			-130.0000			
-2.5107			21.7184			-24.2408			-5.0000			31.0000			42.0000			-129.0000			
-0.7903			18.4041			-23.6841			-6.0000			39.0000			37.0000			-129.0000			
-0.2168			17.2993			-23.1275			-6.0000			46.0000			28.0000			-129.0000			
3.2240			15.6421			-23.6841			-4.8000			54.0000			20.0000			-126.0000			
4.3709			15.0897			-25.9107			-6.4000			60.0000			10.0000			-124.0000			
4.9444			14.5373			-27.5806			-8.0000			65.0000			3.0000			-120.0000			
7.2382			11.7754			-26.4673			-7.4000			69.0000			-6.0000			-116.0000			
11.8259			8.4610			-26.4673			-6.1000			75.0000			-13.0000			-112.0000			
15.8402			5.1467			-28.6938			-7.7000			77.0000			-23.0000			-108.0000			
16.9871			4.5943			-29.2505			-7.6000			82.0000			-33.0000			-103.0000			
16.4136			4.5943			-27.0239			-6.0000			85.0000			-44.0000			-96.0000			
15.8402			2.3847			-25.3540			-7.1000			87.0000			-52.0000			-89.0000			
15.2667			0.1751			-22.5708			-7.1000			89.0000			-59.0000			-83.0000			
16.9871			-3.1392			-19.7877			-5.9000			89.0000			-67.0000			-77.0000			
16.9871			-5.3488			-18.6744			-7.0000			91.0000			-74.0000			-69.0000			
15.2667			-7.0059			-16.4479			-8.1000			91.0000			-82.0000			-60.0000			
17.5606			-8.1107			-15.8912			-6.4000			90.0000			-90.0000			-51.0000			
18.1340			-10.3203			-15.3346			-7.5000			89.0000			-97.0000			-41.0000			
18.7075			-12.5299			-13.1081			-6.9000			88.0000			-102.0000			-34.0000			
19.2810			-13.6346			-13.1081			-7.4000			84.0000			-106.0000			-25.0000			
20.4279			-16.9490			-11.4382			-7.9000			81.0000			-111.0000			-17.0000			
22.1483			-21.3681			-6.9851			-6.2000			78.0000			-115.0000			-8.0000			
23.2952			-25.2349			-5.8718			-7.8000			75.0000			-121.0000			3.0000			
22.7217			-25.7873			-4.7585			-7.8000			69.0000			-124.0000			14.0000			
21.5748			-24.6825			-3.6453			-6.7000			63.0000			-126.0000			25.0000			
19.2810			-24.6825			-3.0886			-8.4000			58.0000			-130.0000			32.0000			
16.9871			-24.6825			-0.3055			-7.9000			54.0000			-130.0000			40.0000			
14.1198			-24.6825			2.4777			-8.0000			47.0000			-131.0000			47.0000			
12.3994			-24.6825			5.2609			-7.0000			42.0000			-131.0000			55.0000			
10.1055			-25.2349			6.9308			-8.1000			33.0000			-131.0000			65.0000			
8.3852			-24.6825			9.1573			-7.1000			27.0000			-129.0000			71.0000			
8.9586			-28.5492			11.3839			-8.2000			17.0000			-128.0000			79.0000			
7.8117			-29.1016			14.1670			-7.1000			10.0000			-125.0000			84.0000			
6.6648			-27.9968			14.7237			-6.6000			3.0000			-121.0000			89.0000			
3.7974			-28.5492			18.0635			-6.6000			-4.0000			-117.0000			92.0000			
0.9301			-30.2064			21.4033			-7.8000			-12.0000			-113.0000			97.0000			
-0.2168			-31.3112			24.1864			-7.3000			-22.0000			-108.0000			102.0000			
-2.5107			-29.1016			23.0732			-8.5000			-30.0000			-102.0000			107.0000			
-1.9372			-29.6540			22.5165			-9.0000			-38.0000			-97.0000			109.0000			
-3.6576			-25.7873			21.4033			-8.0000			-47.0000			-90.0000			110.0000			
-6.5249			-22.4729			22.5165			-6.4000			-51.0000			-84.0000			111.0000			
-7.6718			-22.4729			23.0732			-7.0000			-58.0000			-78.0000			111.0000			
-11.1126			-18.6062			21.4033			-8.3000			-65.0000			-70.0000			111.0000			
-12.8330			-15.8442			21.4033			-7.2000			-73.0000			-62.0000			109.0000			
-15.1269			-15.2918			23.6298			-6.7000			-79.0000			-53.0000			109.0000			
-16.8472			-13.6346			22.5165			-7.9000			-86.0000			-44.0000			106.0000			
-17.9942			-13.6346			24.1864			-7.4000			-90.0000			-35.0000			104.0000			
-19.7146			-11.9775			25.2997			-6.3000			-95.0000			-28.0000			99.0000			
-24.3023			-7.0059			25.8563			-5.4000			-99.0000			-19.0000			95.0000			
-28.8900			-4.2440			26.4130			-6.7000			-103.0000			-9.0000			89.0000			
-30.0369			-3.1392			26.9696			-6.2000			-108.0000			2.0000			85.0000			
-27.7430			-4.2440			25.8563			-6.1000			-111.0000			12.0000			78.0000			
-26.5961			-3.1392			23.6298			-6.1000			-112.0000			21.0000			71.0000			
-27.7430			0.1751			20.8466			-6.7000			-115.0000			28.0000			66.0000			
-28.8900			4.0419			18.6201			-6.2000			-115.0000			37.0000			59.0000			
-27.7430			6.2515			14.1670			-7.3000			-115.0000			44.0000			51.0000			
-27.1696			7.9086			13.6104			-5.6000			-114.0000			52.0000			42.0000			
-28.8900			9.0134			13.0538			-6.8000			-115.0000			59.0000			34.0000			
-28.8900			11.2230			11.3839			-6.2000			-113.0000			67.0000			25.0000			
-29.4634			13.9849			10.2706			-5.1000			-111.0000			73.0000			15.0000			
-31.1838			13.4326			10.8272			-6.9000			-110.0000			78.0000			8.0000			
-31.7573			17.2993			8.0440			-6.4000			-105.0000			82.0000			-1.0000			
-32.9042			22.2708			4.7042			-5.9000			-102.0000			87.0000			-9.0000			
-34.6246			25.5852			3.0343			-5.9000			-97.0000			91.0000			-20.0000			
-34.0511			26.1376			1.3644			-6.5000			-91.0000			97.0000			-29.0000			
-32.3308			25.5852			1.3644			-5.3000			-87.0000			98.0000			-39.0000			
-30.6104			23.3756			0.8078			-6.4000			-81.0000			102.0000			-47.0000			
-27.1696			23.9280			-3.0886			-6.3000			-76.0000			103.0000			-53.0000			
-23.7288			25.0328			-5.8718			-4.5000			-70.0000			103.0000			-61.0000			
-22.5819			25.0328			-7.5417			-5.0000			-62.0000			103.0000			-69.0000			
-21.4350			25.0328			-9.7683			-6.1000			-55.0000			103.0000			-76.0000			
-19.7146			26.1376			-11.4382			-5.0000			-46.0000			102.0000			-84.0000			
-18.5676			27.7947			-13.6647			-4.4000			-39.0000			100.0000			-91.0000			
-19.1411			28.8995			-14.7780			-5.0000			-33.0000			97.0000			-97.0000			
-17.4207			28.3471			-17.0045			-6.0000			-24.0000			93.0000			-101.0000			
-13.4065			30.0043			-20.3443			-3.7000			-17.0000			89.0000			-105.0000			
-11.6861			31.1091			-24.7974			-5.3000			-9.0000			85.0000			-108.0000			
-9.9657			31.6615			-26.4673			-4.7000			-1.0000			80.0000			-114.0000			
-9.3922			30.5567			-25.3540			-4.1000			10.0000			74.0000			-118.0000			
-8.8188			29.4519			-24.7974			-4.1000			19.0000			68.0000			-121.0000			
-7.0984			26.6900			-24.2408			-4.6000			25.0000			60.0000			-122.0000			
-3.0841			23.3756			-24.2408			-3.9000			32.0000			55.0000			-122.0000			
-0.7903			20.0613			-23.6841			-4.4000			39.0000			50.0000			-121.0000			
0.3567			18.9565			-23.6841			-4.3000			46.0000			40.0000			-122.0000			
0.9301			17.2993			-23.1275			-4.8000			53.0000			33.0000			-121.0000			
4.3709			14.5373			-23.1275			-4.2000			60.0000			23.0000			-118.0000			
6.0913			14.5373			-24.2408			-3.6000			66.0000			15.0000			-116.0000			
6.6648			14.5373			-26.4673			-5.2000			71.0000			8.0000			-114.0000			
9.5321			12.8802			-27.0239			-4.6000			75.0000			0.0000			-109.0000			
14.1198			7.3562			-27.5806			-6.0000			79.0000			-8.0000			-105.0000			
18.1340			5.1467			-27.5806			-4.2000			83.0000			-18.0000			-102.0000			
18.7075			5.1467			-28.6938			-4.8000			87.0000			-29.0000			-97.0000			
17.5606			5.1467			-27.5806			-4.8000			90.0000			-40.0000			-88.0000			
16.4136			2.3847			-25.3540			-6.5000			91.0000			-48.0000			-83.0000			
17.5606			0.1751			-22.5708			-4.8000			94.0000			-55.0000			-77.0000			
18.7075			-3.6916			-20.3443			-5.3000			94.0000			-63.0000			-69.0000			
18.1340			-6.4536			-17.0045			-5.3000			95.0000			-71.0000			-62.0000			
16.9871			-6.4536			-15.3346			-4.7000			95.0000			-78.0000			-53.0000			
18.1340			-7.5583			-15.8912			-5.3000			94.0000			-85.0000			-44.0000			
19.8544			-11.4251			-13.6647			-5.2000			92.0000			-92.0000			-35.0000			
19.8544			-11.9775			-13.1081			-5.2000			91.0000			-97.0000			-27.0000			
21.0014			-13.6346			-11.9948			-4.6000			88.0000			-103.0000			-18.0000			
22.7217			-17.5014			-9.7683			-4.5000			86.0000			-107.0000			-11.0000			
23.8687			-22.4729			-7.5417			-6.1000			82.0000			-111.0000			-1.0000			
25.0156			-25.7873			-5.3152			-6.0000			78.0000			-116.0000			9.0000			
24.4421			-25.7873			-3.6453			-4.9000			72.0000			-120.0000			20.0000			
23.2952			-24.6825			-3.6453			-5.0000			67.0000			-123.0000			30.0000			
21.0014			-24.1301			-3.0886			-6.2000			61.0000			-126.0000			39.0000			
16.9871			-23.5777			0.2512			-6.3000			56.0000			-127.0000			46.0000			
14.6933			-24.6825			3.5910			-6.3000			50.0000			-127.0000			53.0000			
12.9729			-24.1301			4.7042			-6.4000			43.0000			-126.0000			61.0000			
12.3994			-25.7873			6.9308			-6.4000			37.0000			-128.0000			68.0000			
10.6790			-25.7873			9.7140			-5.3000			28.0000			-126.0000			76.0000			
8.9586			-26.8921			11.9405			-5.9000			20.0000			-123.0000			85.0000			
8.9586			-28.5492			12.4971			-7.0000			12.0000			-121.0000			89.0000			
7.8117			-27.9968			15.2803			-4.8000			7.0000			-117.0000			93.0000			
4.9444			-29.1016			18.6201			-5.5000			-1.0000			-114.0000			96.0000			
2.0771			-31.3112			23.0732			-6.1000			-10.0000			-110.0000			102.0000			
-0.2168			-31.3112			24.7431			-6.7000			-19.0000			-104.0000			107.0000			
-0.7903			-30.2064			23.6298			-7.3000			-30.0000			-98.0000			111.0000			
-0.7903			-26.8921			23.0732			-4.6000			-36.0000			-92.0000			113.0000			
-2.5107			-25.7873			23.0732			-5.2000			-43.0000			-85.0000			114.0000			
-5.3780			-22.4729			22.5165			-5.3000			-50.0000			-81.0000			114.0000			
-8.2453			-19.7110			22.5165			-5.4000			-57.0000			-73.0000			114.0000			
-9.9657			-18.0538			22.5165			-5.5000			-63.0000			-65.0000			114.0000			
-11.1126			-15.8442			21.4033			-5.5000			-70.0000			-57.0000			113.0000			
-13.9799			-13.6346			22.5165			-5.0000			-77.0000			-48.0000			110.0000			
-16.2738			-13.6346			23.0732			-6.8000			-85.0000			-39.0000			108.0000			
-16.8472			-13.6346			25.8563			-4.6000			-89.0000			-32.0000			104.0000			
-19.1411			-11.9775			24.7431			-6.3000			-94.0000			-24.0000			102.0000			
-24.3023			-7.0059			25.8563			-5.4000			-97.0000			-15.0000			96.0000			
-28.3165			-4.2440			26.4130			-6.1000			-103.0000			-5.0000			91.0000			
-28.8900			-3.6916			26.4130			-6.1000			-107.0000			6.0000			85.0000			
-26.5961			-4.2440			25.8563			-4.9000			-110.0000			16.0000			80.0000			
-26.0227			-2.0344			23.6298			-4.4000			-110.0000			24.0000			74.0000			
-27.1696			1.2799			20.2900			-5.5000			-113.0000			32.0000			68.0000			
-27.1696			4.0419			18.6201			-4.5000			-114.0000			39.0000			60.0000			
-27.1696			7.9086			14.1670			-5.0000			-113.0000			47.0000			53.0000			
-26.0227			7.9086			13.6104			-4.4000			-113.0000			56.0000			43.0000			
-27.7430			9.0134			13.6104			-5.1000			-112.0000			63.0000			35.0000			
-28.3165			11.7754			11.9405			-4.5000			-111.0000			71.0000			26.0000			
-28.8900			12.8802			10.8272			-5.1000			-109.0000			76.0000			17.0000			
-29.4634			14.5373			9.7140			-5.2000			-106.0000			81.0000			10.0000			
-30.6104			17.2993			8.0440			-5.2000			-104.0000			84.0000			1.0000			
-32.9042			23.3756			4.7042			-4.8000			-100.0000			89.0000			-7.0000			
-33.4777			26.1376			1.9211			-5.4000			-95.0000			95.0000			-17.0000			
-32.9042			26.1376			2.4777			-4.2000			-90.0000			98.0000			-29.0000			
-30.0369			25.0328			1.3644			-3.6000			-84.0000			102.0000			-38.0000			
-28.3165			23.9280			0.2512			-4.1000			-78.0000			103.0000			-46.0000			
-25.4492			23.9280			-3.0886			-4.6000			-74.0000			104.0000			-53.0000			
-22.5819			24.4804			-5.8718			-3.9000			-68.0000			105.0000			-59.0000			
-20.8615			25.0328			-8.0984			-3.9000			-61.0000			105.0000			-68.0000			
-19.7146			26.1376			-9.7683			-3.3000			-54.0000			105.0000			-75.0000			
-18.5676			27.2423			-11.4382			-2.7000			-45.0000			103.0000			-83.0000			
-17.4207			27.2423			-13.6647			-3.8000			-37.0000			101.0000			-89.0000			
-18.5676			28.8995			-14.2213			-3.8000			-30.0000			98.0000			-97.0000			
-15.1269			28.3471			-16.4479			-3.2000			-23.0000			95.0000			-99.0000			
-12.2595			30.0043			-20.9009			-3.1000			-16.0000			90.0000			-103.0000			
-9.9657			30.5567			-24.2408			-3.6000			-6.0000			86.0000			-108.0000			
-8.8188			31.1091			-25.9107			-3.6000			2.0000			81.0000			-113.0000			
-8.2453			30.5567			-25.3540			-3.0000			12.0000			75.0000			-116.0000			
-8.2453			27.7947			-23.6841			-4.1000			21.0000			68.0000			-118.0000			
-5.3780			25.5852			-23.1275			-2.9000			27.0000			63.0000			-120.0000			
-2.5107			22.8232			-23.6841			-3.3000			34.0000			56.0000			-121.0000			
-0.2168			20.0613			-23.1275			-3.2000			40.0000			49.0000			-121.0000			
2.0771			18.4041			-24.2408			-3.7000			47.0000			42.0000			-121.0000			
2.6505			16.7469			-23.1275			-3.7000			55.0000			33.0000			-120.0000			
4.3709			15.6421			-23.6841			-3.6000			61.0000			24.0000			-117.0000			
6.6648			14.5373			-25.3540			-4.1000			67.0000			14.0000			-114.0000			
8.9586			14.5373			-26.4673			-2.9000			72.0000			8.0000			-113.0000			
10.6790			11.2230			-26.4673			-4.5000			75.0000			-1.0000			-109.0000			
16.4136			7.3562			-26.4673			-2.6000			78.0000			-11.0000			-105.0000			
19.8544			4.5943			-27.5806			-3.1000			84.0000			-19.0000			-101.0000			
19.8544			5.1467			-27.0239			-2.0000			87.0000			-30.0000			-94.0000			
17.5606			4.5943			-25.3540			-3.1000			91.0000			-40.0000			-89.0000			
17.5606			2.3847			-24.7974			-4.8000			92.0000			-47.0000			-81.0000			
18.7075			-1.4820			-22.0142			-4.7000			95.0000			-55.0000			-74.0000			
19.2810			-3.6916			-18.6744			-3.0000			95.0000			-63.0000			-68.0000			
18.7075			-6.4536			-16.4479			-4.1000			95.0000			-70.0000			-59.0000			
18.7075			-7.5583			-15.8912			-4.7000			95.0000			-78.0000			-52.0000			
19.2810			-8.6631			-15.3346			-4.7000			95.0000			-86.0000			-42.0000			
19.8544			-11.4251			-13.1081			-4.6000			94.0000			-92.0000			-33.0000			
21.0014			-12.5299			-12.5514			-4.0000			91.0000			-98.0000			-25.0000			
22.1483			-14.7394			-11.9948			-4.5000			89.0000			-103.0000			-17.0000			
23.8687			-18.0538			-9.7683			-3.9000			86.0000			-106.0000			-8.0000			
25.0156			-23.0253			-6.9851			-4.9000			82.0000			-111.0000			1.0000			
25.0156			-25.7873			-5.3152			-6.0000			77.0000			-117.0000			12.0000			
24.4421			-25.2349			-3.6453			-4.4000			72.0000			-120.0000			22.0000			
22.7217			-24.6825			-3.6453			-5.6000			67.0000			-124.0000			31.0000			
20.4279			-23.5777			-1.9754			-5.1000			61.0000			-126.0000			40.0000			
17.5606			-23.5777			0.8078			-5.2000			57.0000			-125.0000			47.0000			
15.8402			-24.6825			3.5910			-5.2000			50.0000			-127.0000			54.0000			
13.5463			-24.1301			6.3741			-4.2000			42.0000			-127.0000			63.0000			
12.9729			-25.2349			8.0440			-4.2000			35.0000			-126.0000			69.0000			
11.2525			-26.3397			10.2706			-4.8000			27.0000			-124.0000			79.0000			
10.6790			-26.8921			12.4971			-3.7000			19.0000			-123.0000			84.0000			
10.1055			-28.5492			13.0538			-5.3000			12.0000			-120.0000			90.0000			
7.8117			-28.5492			15.8369			-4.9000			5.0000			-117.0000			93.0000			
4.9444			-30.2064			20.2900			-4.9000			-2.0000			-112.0000			97.0000			
3.2240			-31.8636			23.0732			-5.5000			-11.0000			-108.0000			101.0000			
1.5036			-31.3112			24.7431			-5.0000			-21.0000			-103.0000			107.0000			
0.9301			-31.3112			24.7431			-5.6000			-30.0000			-97.0000			111.0000			
-0.2168			-27.9968			23.0732			-5.1000			-38.0000			-91.0000			114.0000			
-2.5107			-25.7873			22.5165			-5.7000			-44.0000			-84.0000			115.0000			
-5.3780			-21.9205			23.0732			-4.2000			-51.0000			-79.0000			114.0000			
-7.6718			-20.2633			22.5165			-5.4000			-58.0000			-71.0000			114.0000			
-8.2453			-18.6062			22.5165			-4.3000			-64.0000			-64.0000			115.0000			
-11.1126			-15.8442			21.4033			-5.5000			-72.0000			-56.0000			114.0000			
-13.4065			-13.6346			22.5165			-4.5000			-78.0000			-46.0000			111.0000			
-13.4065			-13.6346			23.6298			-3.4000			-84.0000			-37.0000			108.0000			
-16.2738			-13.6346			25.2997			-4.5000			-89.0000			-31.0000			104.0000			
-18.5676			-10.8727			24.7431			-4.6000			-94.0000			-22.0000			100.0000			
-24.3023			-7.0059			25.8563			-5.4000			-97.0000			-13.0000			97.0000			
-26.5961			-4.7964			26.9696			-4.4000			-103.0000			-4.0000			91.0000			
-26.5961			-3.6916			26.4130			-3.8000			-107.0000			6.0000			85.0000			
-25.4492			-3.6916			25.8563			-3.2000			-110.0000			16.0000			77.0000			
-24.8757			-2.0344			23.0732			-3.8000			-111.0000			25.0000			73.0000			
-26.0227			1.8323			19.7334			-4.4000			-112.0000			32.0000			65.0000			
-26.0227			4.0419			16.9502			-5.0000			-113.0000			40.0000			59.0000			
-26.0227			6.2515			14.7237			-5.0000			-114.0000			49.0000			52.0000			
-24.8757			7.9086			13.6104			-3.3000			-114.0000			56.0000			41.0000			
-26.5961			10.1182			13.6104			-2.8000			-111.0000			64.0000			34.0000			
-27.1696			12.3278			11.9405			-2.8000			-110.0000			71.0000			24.0000			
-28.3165			13.4326			10.8272			-4.0000			-107.0000			77.0000			16.0000			
-29.4634			15.0897			10.8272			-3.5000			-106.0000			81.0000			7.0000			
-31.1838			18.9565			8.0440			-4.1000			-102.0000			86.0000			-1.0000			
-31.7573			24.4804			4.7042			-2.5000			-99.0000			91.0000			-10.0000			
-32.3308			26.1376			2.4777			-3.7000			-94.0000			96.0000			-19.0000			
-31.7573			26.1376			2.4777			-3.1000			-89.0000			99.0000			-29.0000			
-29.4634			24.4804			2.4777			-2.5000			-83.0000			102.0000			-38.0000			
-27.1696			24.4804			-0.8621			-3.5000			-77.0000			104.0000			-47.0000			
-24.3023			23.9280			-3.0886			-3.4000			-73.0000			106.0000			-53.0000			
-21.4350			24.4804			-6.4284			-3.3000			-67.0000			107.0000			-59.0000			
-20.2880			24.4804			-8.0984			-3.9000			-59.0000			105.0000			-69.0000			
-17.9942			25.5852			-9.7683			-2.1000			-52.0000			105.0000			-77.0000			
-17.4207			27.2423			-12.5514			-2.7000			-43.0000			102.0000			-84.0000			
-17.4207			27.7947			-13.6647			-3.2000			-36.0000			102.0000			-91.0000			
-16.8472			28.3471			-13.6647			-2.1000			-28.0000			98.0000			-95.0000			
-13.9799			28.3471			-15.8912			-1.5000			-22.0000			93.0000			-100.0000			
-11.1126			29.4519			-20.9009			-2.5000			-15.0000			89.0000			-104.0000			
-8.8188			30.0043			-24.7974			-3.6000			-7.0000			85.0000			-108.0000			
-6.5249			31.1091			-25.9107			-1.3000			4.0000			80.0000			-114.0000			
-7.0984			30.5567			-25.3540			-1.8000			13.0000			73.0000			-119.0000			
-7.6718			28.3471			-23.6841			-3.0000			21.0000			68.0000			-120.0000			
-4.2310			25.5852			-23.1275			-1.7000			28.0000			61.0000			-120.0000			
-1.3637			22.2708			-23.1275			-2.2000			34.0000			55.0000			-120.0000			
0.9301			20.6136			-23.6841			-2.1000			41.0000			48.0000			-122.0000			
2.6505			18.4041			-23.1275			-2.0000			47.0000			40.0000			-121.0000			
4.9444			16.7469			-23.1275			-1.4000			55.0000			32.0000			-120.0000			
6.0913			14.5373			-24.2408			-3.6000			62.0000			23.0000			-118.0000			
7.2382			15.6421			-25.3540			-2.4000			67.0000			13.0000			-116.0000			
9.5321			13.9849			-25.9107			-2.3000			71.0000			5.0000			-114.0000			
12.3994			10.1182			-26.4673			-3.9000			75.0000			-2.0000			-110.0000			
16.4136			6.8039			-27.0239			-3.8000			79.0000			-12.0000			-105.0000			
20.4279			5.1467			-28.6938			-3.1000			83.0000			-22.0000			-101.0000			
20.4279			5.6991			-27.5806			-1.4000			89.0000			-32.0000			-94.0000			
19.2810			4.0419			-25.3540			-2.0000			91.0000			-41.0000			-87.0000			
18.7075			2.9371			-24.2408			-2.5000			93.0000			-49.0000			-82.0000			
19.8544			-0.9296			-21.4576			-2.5000			95.0000			-57.0000			-74.0000			
20.4279			-3.6916			-18.1178			-1.3000			95.0000			-65.0000			-67.0000			
19.8544			-7.0059			-15.8912			-3.0000			95.0000			-71.0000			-60.0000			
19.2810			-7.0059			-14.7780			-2.4000			96.0000			-79.0000			-49.0000			
21.0014			-8.1107			-14.2213			-1.3000			93.0000			-87.0000			-41.0000			
21.0014			-11.9775			-13.1081			-4.0000			93.0000			-93.0000			-33.0000			
22.7217			-13.0823			-11.9948			-2.3000			91.0000			-99.0000			-24.0000			
23.2952			-15.8442			-11.9948			-4.5000			87.0000			-103.0000			-16.0000			
24.4421			-18.6062			-8.6550			-2.8000			86.0000			-108.0000			-8.0000			
26.7360			-23.0253			-5.3152			-1.5000			82.0000			-113.0000			3.0000			
26.7360			-25.7873			-4.7585			-3.7000			76.0000			-117.0000			13.0000			
25.5891			-25.2349			-4.2019			-3.8000			70.0000			-120.0000			24.0000			
24.4421			-23.0253			-3.0886			-1.6000			65.0000			-124.0000			32.0000			
22.1483			-23.5777			-1.4187			-2.8000			59.0000			-125.0000			40.0000			
18.7075			-24.6825			1.3644			-4.6000			55.0000			-127.0000			48.0000			
16.4136			-23.5777			4.7042			-2.4000			48.0000			-127.0000			55.0000			
14.1198			-24.1301			6.9308			-3.0000			41.0000			-127.0000			63.0000			
12.9729			-25.7873			8.6007			-4.2000			33.0000			-126.0000			71.0000			
11.8259			-26.8921			10.8272			-4.2000			25.0000			-125.0000			79.0000			
11.2525			-27.4444			12.4971			-3.6000			17.0000			-122.0000			85.0000			
11.2525			-28.5492			13.6104			-3.6000			9.0000			-119.0000			90.0000			
8.3852			-28.5492			16.3936			-3.7000			4.0000			-116.0000			94.0000			
4.9444			-30.2064			20.2900			-4.9000			-4.0000			-114.0000			98.0000			
2.6505			-31.3112			24.1864			-4.4000			-13.0000			-108.0000			102.0000			
2.6505			-30.7588			24.7431			-3.3000			-22.0000			-102.0000			107.0000			
1.5036			-29.6540			24.1864			-3.9000			-32.0000			-96.0000			111.0000			
0.9301			-28.5492			23.6298			-3.9000			-38.0000			-90.0000			112.0000			
-2.5107			-25.2349			23.0732			-4.6000			-46.0000			-84.0000			113.0000			
-4.8045			-21.9205			22.5165			-4.2000			-52.0000			-78.0000			115.0000			
-6.5249			-19.7110			23.0732			-3.1000			-59.0000			-72.0000			115.0000			
-7.6718			-17.5014			22.5165			-2.6000			-66.0000			-64.0000			113.0000			
-9.9657			-15.8442			22.5165			-3.2000			-73.0000			-54.0000			112.0000			
-13.4065			-13.6346			23.6298			-3.4000			-80.0000			-45.0000			110.0000			
-13.4065			-13.6346			24.1864			-2.8000			-86.0000			-37.0000			107.0000			
-15.7003			-13.6346			25.8563			-3.4000			-89.0000			-29.0000			104.0000			
-19.1411			-9.7679			25.8563			-3.0000			-95.0000			-21.0000			99.0000			
-23.1553			-6.4536			26.4130			-3.1000			-99.0000			-13.0000			95.0000			
-26.5961			-4.2440			26.9696			-3.8000			-103.0000			-3.0000			90.0000			
-26.5961			-3.6916			26.9696			-3.3000			-107.0000			8.0000			82.0000			
-25.4492			-3.6916			25.8563			-3.2000			-111.0000			17.0000			77.0000			
-24.8757			-0.9296			21.9599			-3.8000			-113.0000			25.0000			70.0000			
-25.4492			2.3847			19.7334			-3.3000			-114.0000			32.0000			63.0000			
-26.0227			5.1467			17.5068			-3.3000			-115.0000			40.0000			57.0000			
-24.3023			7.3562			14.1670			-2.7000			-115.0000			49.0000			49.0000			
-24.8757			7.9086			14.7237			-2.2000			-114.0000			57.0000			40.0000			
-27.1696			9.5658			13.6104			-3.9000			-113.0000			65.0000			31.0000			
-27.1696			12.8802			11.3839			-2.9000			-111.0000			72.0000			23.0000			
-27.7430			13.9849			11.3839			-2.3000			-108.0000			77.0000			14.0000			
-28.8900			15.6421			11.3839			-1.8000			-105.0000			82.0000			5.0000			
-29.4634			20.0613			7.4874			-1.9000			-102.0000			86.0000			-1.0000			
-31.1838			24.4804			4.1476			-2.5000			-99.0000			92.0000			-10.0000			
-32.3308			26.1376			3.0343			-3.1000			-94.0000			96.0000			-22.0000			
-30.6104			26.1376			1.9211			-2.5000			-89.0000			100.0000			-33.0000			
-28.8900			24.4804			1.9211			-2.4000			-83.0000			103.0000			-41.0000			
-26.0227			23.3756			0.2512			-2.3000			-77.0000			103.0000			-46.0000			
-22.0084			23.3756			-3.0886			-1.7000			-72.0000			104.0000			-55.0000			
-20.2880			24.4804			-6.4284			-2.2000			-66.0000			105.0000			-62.0000			
-18.5676			23.9280			-7.5417			-2.1000			-59.0000			104.0000			-70.0000			
-17.4207			25.5852			-9.7683			-1.5000			-51.0000			103.0000			-77.0000			
-16.8472			27.7947			-12.5514			-1.6000			-43.0000			103.0000			-86.0000			
-15.7003			28.3471			-14.2213			-1.5000			-35.0000			100.0000			-93.0000			
-15.1269			28.3471			-14.2213			-1.0000			-29.0000			96.0000			-97.0000			
-12.8330			28.8995			-17.5611			-1.4000			-21.0000			93.0000			-101.0000			
-9.3922			30.5567			-22.5708			-1.4000			-13.0000			89.0000			-105.0000			
-7.6718			31.6615			-24.2408			-0.2000			-5.0000			84.0000			-110.0000			
-5.9514			32.2139			-25.9107			0.3000			5.0000			78.0000			-116.0000			
-5.9514			29.4519			-25.3540			-1.8000			13.0000			71.0000			-119.0000			
-5.9514			28.3471			-24.2408			-1.8000			21.0000			66.0000			-120.0000			
-3.0841			25.0328			-24.2408			-2.2000			27.0000			59.0000			-122.0000			
0.3567			22.8232			-24.7974			-1.6000			34.0000			53.0000			-122.0000			
2.6505			20.0613			-24.2408			-1.5000			41.0000			47.0000			-124.0000			
3.2240			18.9565			-22.5708			-0.3000			49.0000			38.0000			-122.0000			
6.0913			16.1945			-23.6841			-1.3000			54.0000			29.0000			-121.0000			
8.3852			15.0897			-24.7974			-1.3000			61.0000			20.0000			-118.0000			
8.3852			15.0897			-25.3540			-1.8000			66.0000			11.0000			-118.0000			
11.2525			13.9849			-27.0239			-1.7000			70.0000			3.0000			-114.0000			
14.1198			9.5658			-26.4673			-2.7000			75.0000			-6.0000			-109.0000			
19.2810			6.8039			-27.5806			-1.4000			79.0000			-14.0000			-105.0000			
22.7217			4.5943			-29.2505			-1.9000			84.0000			-24.0000			-100.0000			
21.5748			4.5943			-28.6938			-2.5000			87.0000			-33.0000			-94.0000			
20.4279			4.0419			-26.4673			-1.9000			90.0000			-43.0000			-86.0000			
20.4279			1.8323			-23.6841			-1.4000			93.0000			-50.0000			-81.0000			
21.5748			-0.3772			-22.5708			-1.3000			93.0000			-57.0000			-74.0000			
21.0014			-5.3488			-18.6744			-3.0000			95.0000			-65.0000			-66.0000			
21.0014			-6.4536			-15.8912			-1.3000			95.0000			-73.0000			-58.0000			
21.0014			-7.5583			-15.8912			-2.4000			95.0000			-81.0000			-50.0000			
23.2952			-9.2155			-15.3346			-1.2000			93.0000			-87.0000			-40.0000			
23.2952			-11.9775			-14.2213			-2.8000			92.0000			-94.0000			-32.0000			
24.4421			-13.0823			-13.6647			-2.3000			90.0000			-99.0000			-24.0000			
25.5891			-15.2918			-13.1081			-2.8000			87.0000			-103.0000			-15.0000			
27.3095			-19.1586			-8.6550			-0.5000			83.0000			-107.0000			-8.0000			
27.8829			-23.5777			-6.4284			-2.1000			81.0000			-114.0000			3.0000			
28.4564			-25.7873			-4.2019			-1.5000			76.0000			-118.0000			14.0000			
27.3095			-25.2349			-5.3152			-3.2000			70.0000			-121.0000			23.0000			
26.1625			-24.1301			-4.2019			-2.1000			64.0000			-125.0000			34.0000			
23.2952			-24.6825			-0.8621			-2.2000			58.0000			-126.0000			40.0000			
20.4279			-24.1301			1.9211			-1.7000			52.0000			-128.0000			49.0000			
17.5606			-25.2349			4.1476			-3.5000			47.0000			-128.0000			55.0000			
15.8402			-25.7873			6.3741			-3.5000			38.0000			-126.0000			64.0000			
14.6933			-25.7873			9.1573			-1.9000			30.0000			-126.0000			72.0000			
14.6933			-27.9968			11.3839			-1.9000			23.0000			-125.0000			79.0000			
12.9729			-29.1016			12.4971			-3.6000			15.0000			-122.0000			86.0000			
12.9729			-29.6540			13.6104			-3.0000			8.0000			-120.0000			91.0000			
8.9586			-28.5492			16.9502			-2.6000			2.0000			-116.0000			93.0000			
6.6648			-30.7588			20.8466			-3.2000			-6.0000			-112.0000			99.0000			
4.9444			-32.9684			24.7431			-3.2000			-16.0000			-108.0000			103.0000			
3.7974			-31.3112			25.8563			-1.6000			-24.0000			-102.0000			107.0000			
16.4136			132.7492			69.2738			218.4000			-36.0000			-74.0000			109.0000			
-29.4634			-75.5025			9.1573			-95.8000			22.0000			-27.0000			183.0000			
-5.9514			25.0328			43.6687			62.7000			37.0000			-9.0000			206.0000			
-34.0511			-29.1016			-5.8718			-69.0000			35.0000			-1.0000			213.0000			
-15.1269			-7.0059			20.2900			-1.8000			25.0000			3.0000			207.0000			
-16.2738			-30.7588			12.4971			-34.5000			16.0000			16.0000			207.0000			
-3.6576			-23.0253			24.7431			-1.9000			6.0000			24.0000			201.0000			
-18.5676			-19.1586			23.0732			-14.6000			-1.0000			34.0000			199.0000			
-13.4065			-13.6346			26.9696			0.0000			-8.0000			41.0000			195.0000			
-15.7003			-16.9490			25.8563			-6.7000			-14.0000			49.0000			191.0000			
-17.9942			-13.6346			28.0829			-3.5000			-17.0000			54.0000			186.0000			
-25.4492			-7.5583			27.5263			-5.4000			-23.0000			63.0000			181.0000			
-27.7430			-5.3488			26.4130			-6.6000			-28.0000			71.0000			174.0000			
-26.0227			-7.0059			26.9696			-6.0000			-33.0000			81.0000			166.0000			
-24.8757			-7.5583			26.9696			-5.4000			-37.0000			88.0000			159.0000			
-23.7288			-4.7964			24.1864			-4.3000			-39.0000			97.0000			151.0000			
-27.1696			1.2799			20.8466			-5.0000			-43.0000			103.0000			143.0000			
-26.5961			4.5943			16.9502			-5.0000			-44.0000			110.0000			135.0000			
-24.8757			4.5943			15.2803			-4.9000			-46.0000			118.0000			127.0000			
-24.3023			4.5943			14.7237			-4.9000			-45.0000			126.0000			117.0000			
-27.1696			7.3562			14.7237			-5.0000			-45.0000			132.0000			106.0000			
-27.1696			10.6706			11.9405			-4.5000			-45.0000			137.0000			97.0000			
-28.3165			13.4326			10.2706			-4.6000			-43.0000			142.0000			88.0000			
-29.4634			13.9849			10.2706			-5.1000			-41.0000			145.0000			79.0000			
-186.0190			-188.1905			-178.4285			-552.6000			-37.0000			106.0000			71.0000			
-39.7858			117.2822			-3.6453			73.8000			-162.0000			26.0000			-79.0000			
-44.3735			34.9758			-40.9398			-50.3000			-206.0000			8.0000			-147.0000			
-25.4492			10.1182			11.3839			-3.9000			-174.0000			30.0000			-129.0000			
-41.5062			18.9565			15.8369			-6.7000			-148.0000			47.0000			-120.0000			
-31.7573			4.0419			4.1476			-23.5000			-141.0000			44.0000			-122.0000			
-27.7430			26.1376			-14.2213			-15.8000			-135.0000			45.0000			-123.0000			
-29.4634			20.0613			-5.3152			-14.7000			-127.0000			47.0000			-129.0000			
-24.3023			18.4041			-5.3152			-11.2000			-121.0000			48.0000			-135.0000			
-22.5819			22.2708			-14.7780			-15.0000			-111.0000			50.0000			-141.0000			
-16.8472			27.7947			-18.6744			-7.7000			-103.0000			50.0000			-151.0000			
-16.8472			22.8232			-18.1178			-12.1000			-92.0000			49.0000			-157.0000			
-20.8615			25.0328			-13.1081			-8.9000			-85.0000			45.0000			-162.0000			
-18.5676			26.6900			-19.2310			-11.1000			-77.0000			41.0000			-164.0000			
-13.4065			29.4519			-25.9107			-9.8000			-70.0000			38.0000			-167.0000			
-9.3922			28.3471			-28.6938			-9.7000			-60.0000			33.0000			-171.0000			
-7.6718			26.6900			-28.1372			-9.1000			-50.0000			29.0000			-175.0000			
-9.9657			26.1376			-25.3540			-9.1000			-40.0000			21.0000			-179.0000			
-10.5391			23.9280			-24.2408			-10.8000			-31.0000			15.0000			-179.0000			
-5.9514			21.7184			-25.3540			-9.5000			-23.0000			9.0000			-179.0000			
-1.9372			18.4041			-26.4673			-9.9000			-17.0000			4.0000			-180.0000			
0.9301			15.0897			-25.9107			-9.8000			-8.0000			-3.0000			-179.0000			
0.9301			13.4326			-24.7974			-10.4000			-1.0000			-11.0000			-178.0000			
3.2240			11.7754			-25.3540			-10.3000			6.0000			-19.0000			-175.0000			
5.5178			11.7754			-26.4673			-9.1000			14.0000			-29.0000			-172.0000			
6.6648			11.7754			-28.6938			-10.2000			20.0000			-35.0000			-169.0000			
7.8117			9.5658			-27.5806			-10.1000			24.0000			-41.0000			-165.0000			
12.3994			5.1467			-27.5806			-10.0000			27.0000			-51.0000			-162.0000			
18.1340			2.9371			-29.8071			-8.7000			31.0000			-60.0000			-157.0000			
19.8544			1.2799			-31.4770			-10.3000			36.0000			-70.0000			-153.0000			
18.7075			2.3847			-29.8071			-8.7000			39.0000			-81.0000			-146.0000			
16.9871			0.1751			-27.5806			-10.4000			41.0000			-88.0000			-139.0000			
17.5606			-2.5868			-24.7974			-9.8000			44.0000			-96.0000			-132.0000			
19.2810			-5.3488			-23.6841			-9.7000			47.0000			-103.0000			-126.0000			
17.5606			-7.5583			-20.3443			-10.3000			47.0000			-108.0000			-117.0000			
17.5606			-10.3203			-17.5611			-10.3000			49.0000			-118.0000			-110.0000			
18.7075			-10.3203			-17.5611			-9.1000			47.0000			-125.0000			-100.0000			
19.8544			-13.0823			-16.4479			-9.6000			48.0000			-131.0000			-90.0000			
19.8544			-15.2918			-15.3346			-10.7000			46.0000			-137.0000			-80.0000			
21.0014			-16.9490			-14.2213			-10.1000			45.0000			-142.0000			-71.0000			
22.1483			-19.1586			-13.6647			-10.6000			43.0000			-147.0000			-65.0000			
23.8687			-23.5777			-9.7683			-9.4000			40.0000			-152.0000			-53.0000			
24.4421			-27.4444			-6.4284			-9.4000			35.0000			-156.0000			-43.0000			
24.4421			-28.5492			-5.8718			-9.9000			32.0000			-160.0000			-33.0000			
23.2952			-27.9968			-5.8718			-10.5000			29.0000			-163.0000			-21.0000			
22.1483			-26.8921			-5.3152			-10.0000			21.0000			-165.0000			-11.0000			
19.2810			-26.8921			-2.5320			-10.1000			16.0000			-166.0000			-5.0000			
17.5606			-28.5492			0.2512			-10.7000			11.0000			-166.0000			3.0000			
129.9594			158.7116			184.4972			473.1000			5.0000			-122.0000			11.0000			
20.4279			-173.8283			8.0440			-145.3000			120.0000			-44.0000			155.0000			
43.3664			31.6615			81.5198			156.5000			149.0000			-19.0000			201.0000			
-18.5676			-36.8351			-17.0045			-72.4000			152.0000			-14.0000			224.0000			
-5.3780			-15.2918			14.7237			-5.9000			136.0000			-18.0000			220.0000			
-19.1411			-37.9399			-5.8718			-62.9000			131.0000			-6.0000			226.0000			
17.5606			-31.8636			16.9502			2.6000			118.0000			-5.0000			225.0000			
-4.2310			-43.4638			12.4971			-35.1000			111.0000			2.0000			230.0000			
0.3567			-32.9684			26.4130			-6.1000			100.0000			3.0000			232.0000			
-1.3637			-39.5971			21.9599			-18.9000			89.0000			7.0000			237.0000			
1.5036			-38.4923			21.9599			-15.0000			79.0000			12.0000			238.0000			
-1.3637			-35.1779			22.5165			-14.0000			71.0000			17.0000			238.0000			
-7.0984			-30.7588			23.0732			-14.7000			64.0000			21.0000			236.0000			
-8.8188			-26.8921			23.0732			-12.6000			57.0000			26.0000			235.0000			
-9.3922			-27.9968			20.8466			-16.5000			49.0000			33.0000			234.0000			
-9.9657			-25.2349			21.9599			-13.2000			40.0000			40.0000			234.0000			
-14.5534			-20.8157			21.9599			-13.3000			30.0000			48.0000			231.0000			
-16.8472			-19.1586			21.9599			-14.0000			22.0000			57.0000			225.0000			
-17.4207			-19.7110			23.0732			-14.0000			15.0000			65.0000			220.0000			
-18.5676			-20.2633			25.2997			-13.5000			10.0000			72.0000			216.0000			
-22.5819			-15.2918			25.8563			-12.0000			4.0000			79.0000			211.0000			
-29.4634			-10.3203			24.7431			-15.0000			-1.0000			88.0000			204.0000			
-30.6104			-8.1107			24.1864			-14.5000			-8.0000			96.0000			198.0000			
-28.8900			-9.7679			24.7431			-13.9000			-12.0000			107.0000			190.0000			
-28.3165			-9.7679			23.6298			-14.4000			-16.0000			114.0000			183.0000			
-28.3165			-7.0059			21.4033			-13.9000			-19.0000			121.0000			175.0000			
-29.4634			-1.4820			17.5068			-13.4000			-21.0000			126.0000			168.0000			
-28.8900			1.2799			15.2803			-12.3000			-22.0000			132.0000			158.0000			
-27.1696			1.2799			13.6104			-12.2000			-25.0000			139.0000			150.0000			
-27.7430			0.7275			13.6104			-13.3000			-24.0000			145.0000			141.0000			
104.1536			-382.6324			-16.4479			-294.9000			-16.0000			115.0000			138.0000			
32.4706			56.5191			58.6978			147.6000			-151.0000			14.0000			-23.0000			
-37.4919			97.3961			8.0440			67.9000			-222.0000			-10.0000			-114.0000			
-34.0511			-35.1779			43.6687			-25.5000			-189.0000			16.0000			-90.0000			
-52.4020			26.1376			28.6395			2.3000			-162.0000			39.0000			-79.0000			
-34.0511			37.7378			8.6007			12.2000			-169.0000			28.0000			-92.0000			
-9.9657			23.9280			-13.1081			0.8000			-170.0000			25.0000			-103.0000			
-31.7573			25.0328			4.7042			-2.0000			-165.0000			28.0000			-114.0000			
-32.9042			13.9849			11.3839			-7.5000			-159.0000			33.0000			-124.0000			
-35.1981			24.4804			-3.6453			-14.3000			-152.0000			37.0000			-133.0000			
-23.7288			25.0328			-14.7780			-13.4000			-146.0000			39.0000			-141.0000			
-23.1553			21.7184			-11.9948			-13.4000			-137.0000			41.0000			-149.0000			
-24.8757			21.7184			-7.5417			-10.7000			-130.0000			39.0000			-156.0000			
-26.0227			22.2708			-11.9948			-15.7000			-120.0000			40.0000			-161.0000			
-19.1411			25.5852			-19.2310			-12.7000			-112.0000			38.0000			-165.0000			
-17.9942			26.6900			-20.3443			-11.6000			-104.0000			37.0000			-169.0000			
-18.5676			22.8232			-17.5611			-13.3000			-95.0000			35.0000			-172.0000			
-17.4207			22.2708			-19.7877			-14.9000			-86.0000			31.0000			-175.0000			
-13.4065			23.9280			-22.5708			-12.0000			-76.0000			26.0000			-178.0000			
-11.1126			24.4804			-25.3540			-11.9000			-66.0000			21.0000			-182.0000			
-8.8188			21.7184			-25.3540			-12.4000			-55.0000			15.0000			-185.0000			
-7.6718			20.6136			-24.7974			-11.8000			-45.0000			9.0000			-189.0000			
-7.0984			18.4041			-23.1275			-11.8000			-37.0000			5.0000			-189.0000			
-5.3780			16.1945			-22.5708			-11.7000			-30.0000			-2.0000			-189.0000			
-2.5107			15.0897			-24.7974			-12.2000			-23.0000			-8.0000			-187.0000			
0.3567			15.0897			-27.5806			-12.1000			-17.0000			-13.0000			-188.0000			
-0.2168			14.5373			-26.4673			-12.1000			-10.0000			-21.0000			-187.0000			
2.0771			11.2230			-25.9107			-12.6000			-1.0000			-27.0000			-185.0000			
5.5178			10.6706			-28.1372			-11.9000			4.0000			-35.0000			-182.0000			
6.0913			11.2230			-29.8071			-12.4000			11.0000			-42.0000			-179.0000			
7.8117			10.6706			-30.3637			-11.8000			15.0000			-49.0000			-175.0000			
11.2525			6.2515			-29.8071			-12.3000			19.0000			-56.0000			-171.0000			
15.8402			2.3847			-30.9204			-12.6000			25.0000			-65.0000			-165.0000			
18.7075			0.7275			-32.0336			-12.5000			31.0000			-75.0000			-158.0000			
17.5606			0.1751			-30.3637			-12.6000			35.0000			-84.0000			-151.0000			
16.9871			-0.9296			-27.5806			-11.5000			39.0000			-93.0000			-144.0000			
16.9871			-3.6916			-25.9107			-12.6000			41.0000			-102.0000			-136.0000			
18.1340			-6.4536			-24.2408			-12.5000			44.0000			-109.0000			-128.0000			
18.7075			-9.2155			-20.3443			-10.8000			46.0000			-117.0000			-120.0000			
17.5606			-11.4251			-18.1178			-11.9000			46.0000			-125.0000			-112.0000			
18.7075			-13.0823			-19.7877			-14.1000			46.0000			-132.0000			-101.0000			
20.4279			-15.2918			-17.5611			-12.4000			45.0000			-139.0000			-92.0000			
19.8544			-17.5014			-15.8912			-13.5000			44.0000			-144.0000			-83.0000			
21.0014			-18.6062			-15.8912			-13.4000			41.0000			-148.0000			-75.0000			
20.4279			-19.7110			-15.3346			-14.6000			38.0000			-153.0000			-69.0000			
22.7217			-23.5777			-9.7683			-10.6000			33.0000			-158.0000			-62.0000			
22.7217			-26.3397			-9.2116			-12.8000			27.0000			-163.0000			-51.0000			
22.1483			-26.3397			-8.0984			-12.2000			23.0000			-167.0000			-41.0000			
19.2810			-25.2349			-6.9851			-12.9000			17.0000			-170.0000			-31.0000			
18.1340			-24.6825			-7.5417			-14.0000			10.0000			-165.0000			-25.0000			
68.0254			-303.0880			50.3483			-184.7000			94.0000			-57.0000			85.0000			
-56.9897			-158.3613			-57.6388			-272.9000			182.0000			-19.0000			191.0000			
16.9871			-74.3977			-8.6550			-66.0000			151.0000			-41.0000			174.0000			
22.7217			-15.8442			17.5068			24.3000			113.0000			-59.0000			151.0000			
2.0771			-13.6346			11.9405			0.3000			102.0000			-62.0000			155.0000			
-5.9514			-24.6825			14.7237			-15.9000			94.0000			-57.0000			161.0000			
3.2240			-25.7873			6.9308			-15.6000			83.0000			-56.0000			163.0000			
-0.2168			-36.2827			9.1573			-27.3000			77.0000			-53.0000			167.0000			
-0.2168			-37.3875			20.2900			-17.3000			69.0000			-52.0000			172.0000			
-9.3922			-35.1779			21.4033			-23.1000			62.0000			-49.0000			176.0000			
-7.6718			-37.9399			25.8563			-19.7000			53.0000			-46.0000			180.0000			
-6.5249			-39.5971			24.1864			-21.9000			41.0000			-39.0000			183.0000			
-6.5249			-35.7303			23.0732			-19.1000			33.0000			-32.0000			185.0000			
-10.5391			-31.8636			22.5165			-19.8000			24.0000			-28.0000			186.0000			
-13.4065			-29.6540			22.5165			-20.5000			17.0000			-23.0000			184.0000			
-16.2738			-25.2349			20.2900			-21.2000			9.0000			-15.0000			184.0000			
-19.1411			-18.0538			17.5068			-19.6000			-1.0000			-6.0000			185.0000			
-19.1411			-15.8442			16.9502			-18.0000			-9.0000			3.0000			182.0000			
-20.2880			-18.0538			19.7334			-18.6000			-18.0000			12.0000			177.0000			
-22.5819			-18.0538			20.8466			-19.7000			-24.0000			19.0000			175.0000			
-24.3023			-15.8442			21.4033			-18.7000			-29.0000			27.0000			171.0000			
-27.7430			-12.5299			20.8466			-19.4000			-34.0000			32.0000			167.0000			
-32.9042			-8.6631			21.9599			-19.5000			-38.0000			40.0000			164.0000			
-36.3450			-5.9012			23.6298			-18.6000			-42.0000			51.0000			159.0000			
-36.3450			-8.1107			24.1864			-20.2000			-48.0000			60.0000			153.0000			
-34.0511			-8.6631			23.6298			-19.0000			-49.0000			69.0000			146.0000			
-34.6246			-5.3488			20.8466			-19.1000			-53.0000			76.0000			139.0000			
-35.7715			-2.0344			18.6201			-19.1000			-55.0000			82.0000			133.0000			
-35.7715			-0.3772			16.3936			-19.7000			-57.0000			89.0000			125.0000			
-35.1981			2.3847			13.6104			-19.1000			-57.0000			95.0000			117.0000			
-33.4777			4.0419			11.3839			-18.0000			-59.0000			103.0000			110.0000			
-34.6246			5.6991			11.3839			-17.5000			-58.0000			111.0000			98.0000			
-36.3450			7.3562			10.2706			-18.7000			-57.0000			118.0000			90.0000			
-36.3450			9.5658			8.6007			-18.1000			-56.0000			124.0000			79.0000			
-37.4919			11.7754			8.0440			-17.6000			-55.0000			128.0000			70.0000			
-38.6389			13.9849			6.9308			-17.7000			-53.0000			134.0000			60.0000			
-40.3592			20.0613			3.0343			-17.2000			-51.0000			138.0000			50.0000			
-40.9327			23.3756			0.8078			-16.7000			-47.0000			142.0000			40.0000			
-41.5062			24.4804			-0.3055			-17.3000			-43.0000			148.0000			29.0000			
-39.7858			23.9280			-0.8621			-16.7000			-38.0000			150.0000			18.0000			
-38.6389			22.2708			-1.9754			-18.3000			-33.0000			152.0000			9.0000			
-35.7715			23.3756			-5.3152			-17.7000			-29.0000			153.0000			2.0000			
-33.4777			23.9280			-7.5417			-17.0000			-23.0000			153.0000			-5.0000			
-30.6104			23.3756			-9.2116			-16.4000			-17.0000			151.0000			-12.0000			
-122.3645			5.1467			-55.4123			-172.6000			-41.0000			61.0000			-58.0000			
-97.1321			158.7116			-20.3443			41.2000			-167.0000			2.0000			-210.0000			
3.7974			-18.0538			62.5942			48.3000			-170.0000			-6.0000			-229.0000			
-54.6958			-38.4923			-27.5806			-120.7000			-129.0000			16.0000			-199.0000			
-30.6104			33.3187			-17.5611			-14.8000			-107.0000			24.0000			-188.0000			
-42.6531			33.8710			-19.2310			-28.0000			-97.0000			15.0000			-190.0000			
-40.9327			27.2423			-32.0336			-45.7000			-86.0000			12.0000			-193.0000			
-15.7003			14.5373			-29.2505			-30.4000			-78.0000			7.0000			-197.0000			
-13.4065			15.0897			-34.2602			-32.5000			-66.0000			4.0000			-201.0000			
-19.1411			20.0613			-28.6938			-27.7000			-59.0000			-1.0000			-204.0000			
-19.7146			19.5089			-25.9107			-26.1000			-51.0000			-6.0000			-204.0000			
-13.4065			16.1945			-29.2505			-26.4000			-45.0000			-10.0000			-203.0000			
-8.8188			13.9849			-32.0336			-26.8000			-38.0000			-16.0000			-201.0000			
-9.9657			12.3278			-28.6938			-26.3000			-30.0000			-22.0000			-201.0000			
-10.5391			13.9849			-29.2505			-25.7000			-23.0000			-29.0000			-201.0000			
-6.5249			9.0134			-29.8071			-27.3000			-15.0000			-37.0000			-199.0000			
-2.5107			7.3562			-30.3637			-25.5000			-6.0000			-45.0000			-195.0000			
0.3567			5.1467			-31.4770			-25.9000			-1.0000			-55.0000			-191.0000			
-0.2168			5.1467			-30.9204			-25.9000			6.0000			-63.0000			-185.0000			
2.6505			2.9371			-31.4770			-25.8000			10.0000			-72.0000			-180.0000			
8.3852			-0.9296			-33.1469			-25.6000			16.0000			-81.0000			-174.0000			
11.8259			-4.7964			-33.1469			-26.1000			22.0000			-90.0000			-167.0000			
10.6790			-6.4536			-30.3637			-26.1000			27.0000			-99.0000			-159.0000			
8.9586			-5.9012			-29.2505			-26.1000			30.0000			-109.0000			-153.0000			
7.2382			-5.3488			-28.6938			-26.8000			32.0000			-116.0000			-145.0000			
9.5321			-9.7679			-25.3540			-25.5000			33.0000			-122.0000			-137.0000			
9.5321			-13.6346			-20.9009			-25.0000			35.0000			-127.0000			-130.0000			
9.5321			-15.2918			-19.2310			-24.9000			34.0000			-134.0000			-123.0000			
9.5321			-14.7394			-21.4576			-26.6000			35.0000			-140.0000			-113.0000			
8.9586			-15.8442			-19.2310			-26.1000			34.0000			-145.0000			-104.0000			
10.1055			-19.1586			-18.1178			-27.1000			31.0000			-151.0000			-94.0000			
10.6790			-19.7110			-17.0045			-26.0000			30.0000			-156.0000			-85.0000			
10.6790			-20.8157			-15.3346			-25.4000			27.0000			-159.0000			-77.0000			
11.8259			-24.6825			-13.6647			-26.5000			24.0000			-163.0000			-68.0000			
12.3994			-28.5492			-9.7683			-25.9000			22.0000			-168.0000			-57.0000			
11.8259			-30.7588			-8.6550			-27.5000			16.0000			-171.0000			-46.0000			
11.8259			-29.6540			-8.6550			-26.4000			12.0000			-174.0000			-35.0000			
41.0726			-316.8978			61.4810			-214.3000			86.0000			-67.0000			63.0000			
-26.5961			-200.3431			-57.6388			-284.5000			183.0000			-25.0000			182.0000			
3.7974			-85.4456			-0.8621			-82.5000			157.0000			-45.0000			168.0000			
6.6648			-20.2633			9.1573			-4.4000			119.0000			-65.0000			143.0000			
3.7974			-2.5868			34.2059			35.4000			108.0000			-63.0000			149.0000			
0.3567			-29.1016			34.2059			5.4000			104.0000			-59.0000			156.0000			
-10.5391			-27.9968			8.6007			-29.9000			94.0000			-58.0000			163.0000			
-8.8188			-39.5971			2.4777			-45.9000			86.0000			-56.0000			168.0000			
-6.5249			-40.7018			10.2706			-36.9000			78.0000			-53.0000			170.0000			
-15.1269			-38.4923			13.0538			-40.5000			69.0000			-51.0000			173.0000			
-15.1269			-39.0447			18.6201			-35.5000			59.0000			-48.0000			176.0000			
-13.4065			-39.5971			18.6201			-34.3000			49.0000			-42.0000			179.0000			
-12.2595			-36.8351			16.3936			-32.6000			38.0000			-36.0000			183.0000			
-15.7003			-34.0731			16.9502			-32.8000			29.0000			-31.0000			183.0000			
-18.5676			-34.0731			18.6201			-34.0000			21.0000			-25.0000			184.0000			
-20.2880			-30.7588			17.5068			-33.5000			13.0000			-20.0000			184.0000			
-22.0084			-26.8921			15.8369			-33.0000			5.0000			-12.0000			183.0000			
-25.4492			-23.5777			14.7237			-34.2000			-3.0000			-6.0000			182.0000			
-27.1696			-24.6825			17.5068			-34.3000			-11.0000			3.0000			179.0000			
-27.1696			-24.6825			19.1767			-32.6000			-18.0000			10.0000			176.0000			
-29.4634			-22.4729			19.1767			-32.7000			-25.0000			17.0000			175.0000			
-32.3308			-20.2633			19.7334			-32.8000			-30.0000			23.0000			170.0000			
-35.1981			-17.5014			20.2900			-32.4000			-35.0000			29.0000			166.0000			
-38.0654			-16.3966			21.9599			-32.4000			-40.0000			36.0000			162.0000			
-41.5062			-15.2918			24.1864			-32.6000			-45.0000			46.0000			155.0000			
-43.2266			-12.5299			23.0732			-32.6000			-50.0000			55.0000			150.0000			
-42.0796			-10.8727			20.2900			-32.6000			-53.0000			64.0000			143.0000			
-42.0796			-9.7679			20.2900			-31.5000			-57.0000			73.0000			134.0000			
-41.5062			-9.2155			18.0635			-32.6000			-59.0000			79.0000			129.0000			
-42.0796			-4.7964			14.7237			-32.1000			-60.0000			86.0000			121.0000			
-41.5062			0.1751			10.2706			-31.0000			-63.0000			95.0000			113.0000			
-42.0796			0.7275			9.1573			-32.1000			-64.0000			101.0000			103.0000			
-43.8000			1.8323			10.2706			-31.6000			-63.0000			110.0000			92.0000			
-43.8000			3.4895			8.0440			-32.2000			-62.0000			117.0000			82.0000			
-44.3735			5.6991			6.3741			-32.2000			-61.0000			123.0000			73.0000			
-44.9470			7.3562			6.9308			-30.6000			-59.0000			127.0000			63.0000			
-46.6673			9.5658			4.7042			-32.3000			-57.0000			131.0000			55.0000			
-46.6673			15.0897			1.3644			-30.2000			-53.0000			136.0000			46.0000			
-47.2408			17.8517			-0.8621			-30.2000			-50.0000			139.0000			36.0000			
-47.2408			17.8517			-1.9754			-31.3000			-46.0000			143.0000			25.0000			
-45.5204			16.1945			-0.8621			-30.1000			-39.0000			146.0000			15.0000			
-43.2266			15.6421			-2.5320			-30.1000			-35.0000			146.0000			6.0000			
-40.9327			17.8517			-6.9851			-30.0000			-30.0000			147.0000			-1.0000			
-38.0654			17.2993			-8.6550			-29.4000			-24.0000			146.0000			-9.0000			
-36.3450			17.2993			-9.7683			-28.8000			-17.0000			146.0000			-16.0000			
-34.0511			17.2993			-11.9948			-28.7000			-9.0000			145.0000			-25.0000			
116.1963			-238.4581			152.7690			30.5000			2.0000			126.0000			-27.0000			
14.6933			74.7480			28.0829			117.5000			-100.0000			15.0000			-157.0000			
50.2480			110.6535			-2.5320			158.3000			-173.0000			-17.0000			-248.0000			
-15.7003			1.8323			-10.8815			-24.7000			-135.0000			6.0000			-216.0000			
-54.1224			27.7947			-59.3087			-85.6000			-96.0000			24.0000			-186.0000			
-27.7430			34.4234			-58.1955			-51.5000			-83.0000			22.0000			-186.0000			
-40.9327			30.5567			-33.7035			-44.0000			-71.0000			15.0000			-191.0000			
-28.8900			23.3756			-31.4770			-36.9000			-59.0000			11.0000			-195.0000			
-15.7003			20.6136			-32.0336			-27.1000			-52.0000			6.0000			-196.0000			
-20.8615			22.8232			-35.9301			-33.9000			-43.0000			-1.0000			-197.0000			
-22.5819			20.6136			-27.0239			-28.9000			-37.0000			-6.0000			-197.0000			
-19.7146			16.1945			-28.6938			-32.2000			-31.0000			-10.0000			-197.0000			
-12.2595			13.9849			-32.0336			-30.3000			-24.0000			-19.0000			-195.0000			
-11.1126			11.7754			-30.9204			-30.2000			-15.0000			-26.0000			-193.0000			
-12.8330			11.2230			-28.6938			-30.2000			-7.0000			-34.0000			-189.0000			
-10.5391			10.1182			-30.3637			-30.7000			1.0000			-43.0000			-187.0000			
-5.9514			7.3562			-32.0336			-30.6000			8.0000			-51.0000			-183.0000			
-1.9372			4.0419			-32.5903			-30.4000			13.0000			-59.0000			-178.0000			
-1.3637			1.8323			-32.0336			-31.5000			19.0000			-69.0000			-172.0000			
2.0771			1.2799			-33.1469			-29.7000			23.0000			-79.0000			-166.0000			
3.2240			-0.3772			-34.2602			-31.4000			29.0000			-85.0000			-160.0000			
3.2240			-2.0344			-31.4770			-30.2000			33.0000			-94.0000			-152.0000			
4.3709			-5.9012			-29.2505			-30.7000			34.0000			-102.0000			-145.0000			
3.2240			-7.0059			-26.4673			-30.2000			36.0000			-109.0000			-139.0000			
3.2240			-8.6631			-25.9107			-31.3000			40.0000			-116.0000			-130.0000			
2.0771			-9.2155			-23.1275			-30.2000			40.0000			-123.0000			-123.0000			
3.2240			-12.5299			-21.4576			-30.7000			40.0000			-129.0000			-114.0000			
5.5178			-16.3966			-19.7877			-30.6000			39.0000			-136.0000			-105.0000			
4.9444			-16.3966			-19.2310			-30.6000			38.0000			-141.0000			-95.0000			
4.3709			-15.2918			-19.2310			-30.1000			37.0000			-147.0000			-87.0000			
6.0913			-17.5014			-18.6744			-30.0000			35.0000			-151.0000			-78.0000			
7.8117			-21.9205			-15.3346			-29.4000			32.0000			-154.0000			-70.0000			
8.3852			-26.8921			-11.9948			-30.4000			30.0000			-161.0000			-61.0000			
8.9586			-29.1016			-10.8815			-31.0000			26.0000			-166.0000			-49.0000			
9.5321			-30.7588			-9.7683			-30.9000			22.0000			-169.0000			-38.0000			
8.9586			-30.7588			-8.0984			-29.8000			17.0000			-172.0000			-28.0000			
6.6648			-30.2064			-6.9851			-30.5000			11.0000			-174.0000			-18.0000			
4.3709			-30.2064			-4.7585			-30.5000			6.0000			-177.0000			-9.0000			
2.6505			-30.2064			-1.4187			-28.9000			1.0000			-176.0000			-1.0000			
0.3567			-31.3112			0.2512			-30.6000			-6.0000			-176.0000			7.0000			
-0.7903			-32.9684			2.4777			-31.2000			-14.0000			-175.0000			14.0000			
-1.9372			-32.9684			4.7042			-30.2000			-21.0000			-175.0000			22.0000			
-3.6576			-34.0731			6.9308			-30.7000			-29.0000			-173.0000			29.0000			
-3.6576			-35.7303			6.9308			-32.4000			-36.0000			-170.0000			34.0000			
-5.3780			-34.0731			8.6007			-30.8000			-43.0000			-165.0000			39.0000			
-8.2453			-34.0731			12.4971			-29.8000			-49.0000			-161.0000			44.0000			
-11.1126			-34.6255			15.2803			-30.4000			-58.0000			-155.0000			49.0000			
-13.4065			-33.5208			16.9502			-29.9000			-68.0000			-148.0000			53.0000			
-12.8330			-32.9684			15.8369			-29.9000			-77.0000			-143.0000			56.0000			
-13.4065			-31.3112			14.7237			-29.9000			-84.0000			-137.0000			59.0000			
-15.1269			-30.2064			15.2803			-30.0000			-90.0000			-130.0000			61.0000			
-17.4207			-28.5492			16.3936			-29.5000			-97.0000			-123.0000			61.0000			
-20.8615			-25.7873			16.3936			-30.2000			-102.0000			-115.0000			62.0000			
-22.5819			-23.5777			16.3936			-29.7000			-110.0000			-108.0000			63.0000			
-24.8757			-21.9205			16.9502			-29.8000			-117.0000			-101.0000			63.0000			
-25.4492			-21.3681			18.6201			-28.1000			-122.0000			-93.0000			61.0000			
-26.5961			-20.8157			19.1767			-28.2000			-128.0000			-84.0000			58.0000			
-28.8900			-20.8157			19.7334			-29.9000			-132.0000			-75.0000			56.0000			
-31.7573			-16.9490			20.8466			-27.8000			-135.0000			-68.0000			53.0000			
-37.4919			-13.6346			21.4033			-29.7000			-139.0000			-59.0000			49.0000			
-40.9327			-10.8727			23.0732			-28.7000			-144.0000			-49.0000			45.0000			
-41.5062			-10.3203			23.0732			-28.7000			-148.0000			-39.0000			39.0000			
-40.3592			-8.6631			21.4033			-27.6000			-151.0000			-28.0000			33.0000			
-39.2123			-8.1107			18.6201			-28.6000			-154.0000			-18.0000			25.0000			
-40.3592			-4.2440			16.9502			-27.6000			-155.0000			-10.0000			20.0000			
-40.9327			-0.3772			14.1670			-27.1000			-156.0000			-2.0000			13.0000			
-40.3592			2.3847			10.2706			-27.6000			-157.0000			7.0000			5.0000			
-40.3592			3.4895			9.1573			-27.7000			-156.0000			16.0000			-3.0000			
-40.9327			5.1467			9.1573			-26.6000			-155.0000			23.0000			-12.0000			
-41.5062			7.9086			8.0440			-25.5000			-151.0000			29.0000			-20.0000			
-42.6531			9.0134			6.3741			-27.2000			-148.0000			38.0000			-26.0000			
-44.9470			10.6706			5.8175			-28.4000			-143.0000			44.0000			-32.0000			
-44.9470			14.5373			4.1476			-26.2000			-140.0000			49.0000			-39.0000			
-46.6673			18.4041			0.2512			-28.0000			-135.0000			55.0000			-47.0000			
-46.6673			21.7184			-1.4187			-26.3000			-131.0000			58.0000			-57.0000			
-45.5204			20.6136			-1.4187			-26.3000			-125.0000			63.0000			-67.0000			
-43.2266			18.9565			-1.9754			-26.2000			-120.0000			67.0000			-76.0000			
-40.9327			17.2993			-3.0886			-26.7000			-113.0000			68.0000			-84.0000			
-38.0654			18.4041			-6.9851			-26.6000			-106.0000			69.0000			-91.0000			
-36.9185			19.5089			-9.7683			-27.1000			-101.0000			69.0000			-97.0000			
-34.0511			19.5089			-11.4382			-25.9000			-93.0000			71.0000			-103.0000			
-32.3308			20.0613			-13.6647			-25.9000			-85.0000			69.0000			-113.0000			
-31.7573			21.7184			-15.8912			-25.9000			-78.0000			70.0000			-119.0000			
-30.0369			23.9280			-17.5611			-23.6000			-70.0000			69.0000			-127.0000			
-30.6104			23.9280			-18.1178			-24.7000			-62.0000			66.0000			-131.0000			
-28.8900			24.4804			-21.4576			-25.8000			-55.0000			63.0000			-135.0000			
-25.4492			26.1376			-25.9107			-25.2000			-48.0000			59.0000			-138.0000			
-22.5819			27.2423			-28.6938			-24.0000			-39.0000			56.0000			-144.0000			
-22.5819			28.8995			-30.3637			-24.0000			-29.0000			50.0000			-149.0000			
-20.2880			25.5852			-29.8071			-24.5000			-20.0000			44.0000			-152.0000			
-20.2880			23.9280			-27.5806			-23.9000			-12.0000			38.0000			-153.0000			
-17.4207			22.2708			-28.6938			-23.8000			-4.0000			32.0000			-155.0000			
-13.4065			18.9565			-29.2505			-23.6000			2.0000			26.0000			-156.0000			
-12.2595			15.6421			-28.1372			-24.7000			10.0000			18.0000			-155.0000			
-11.1126			12.8802			-27.5806			-25.8000			18.0000			11.0000			-153.0000			
-9.3922			11.7754			-27.5806			-25.1000			25.0000			3.0000			-153.0000			
-5.9514			10.1182			-28.1372			-23.9000			31.0000			-5.0000			-149.0000			
-5.3780			9.5658			-29.2505			-25.0000			38.0000			-15.0000			-146.0000			
-3.6576			9.5658			-30.3637			-24.4000			43.0000			-23.0000			-143.0000			
-0.2168			6.2515			-29.8071			-23.7000			48.0000			-29.0000			-139.0000			
4.9444			1.8323			-30.9204			-24.1000			51.0000			-37.0000			-134.0000			
7.8117			0.1751			-32.0336			-24.0000			57.0000			-46.0000			-130.0000			
8.3852			0.7275			-32.0336			-22.9000			62.0000			-55.0000			-124.0000			
6.6648			0.1751			-30.9204			-24.0000			66.0000			-65.0000			-117.0000			
