37.5886			23.2124			-61.7979			-0.9000			46.0000			62.0000			-172.0000			
38.7129			23.2124			-61.7979			0.1000			38.0000			74.0000			-175.0000			
34.7779			26.6617			-61.7979			-0.3000			29.0000			83.0000			-175.0000			
28.0321			33.5602			-61.2328			0.3000			20.0000			92.0000			-175.0000			
21.8484			39.8839			-60.6677			1.0000			10.0000			102.0000			-174.0000			
16.7891			43.9080			-60.6677			0.0000			-1.0000			111.0000			-172.0000			
13.4162			45.6327			-60.1026			-1.0000			-11.0000			121.0000			-170.0000			
11.1676			45.6327			-57.8421			-1.0000			-22.0000			128.0000			-166.0000			
6.6704			48.5071			-54.4514			0.7000			-31.0000			134.0000			-161.0000			
1.6110			50.8066			-52.7560			-0.3000			-40.0000			139.0000			-156.0000			
-5.1348			54.2558			-49.9304			-0.8000			-50.0000			145.0000			-148.0000			
-10.7563			58.2800			-47.6699			-0.1000			-61.0000			148.0000			-139.0000			
-18.0642			60.5795			-42.0187			0.4000			-71.0000			149.0000			-129.0000			
-22.5614			61.7293			-40.8885			-1.7000			-83.0000			151.0000			-118.0000			
-22.5614			60.5795			-39.7582			-1.7000			-91.0000			152.0000			-107.0000			
-22.5614			61.7293			-39.7582			-0.5000			-101.0000			154.0000			-97.0000			
-27.0586			62.8790			-35.8024			0.0000			-106.0000			152.0000			-87.0000			
-33.2423			60.5795			-28.4558			-1.1000			-115.0000			151.0000			-76.0000			
-37.7395			59.4297			-22.8046			-1.1000			-121.0000			151.0000			-64.0000			
-41.1124			58.2800			-17.1535			0.0000			-129.0000			148.0000			-52.0000			
-43.3610			55.9805			-14.3279			-1.7000			-134.0000			144.0000			-38.0000			
-45.0474			54.8307			-10.3720			-0.5000			-140.0000			140.0000			-26.0000			
-47.2960			52.5312			-5.2859			0.0000			-145.0000			135.0000			-15.0000			
-50.6689			50.2317			-0.1999			-0.6000			-149.0000			128.0000			-2.0000			
-54.0418			47.9322			6.0165			0.0000			-151.0000			121.0000			11.0000			
-57.4147			42.7583			15.0584			0.3000			-152.0000			112.0000			24.0000			
-59.6633			37.0095			22.4049			-0.2000			-153.0000			101.0000			39.0000			
-60.2254			37.5844			22.9700			0.3000			-153.0000			90.0000			53.0000			
-61.3497			39.8839			21.8398			0.3000			-153.0000			81.0000			65.0000			
-61.9119			38.7341			24.1003			0.9000			-151.0000			70.0000			76.0000			
-62.4740			32.4105			30.8817			0.8000			-150.0000			60.0000			86.0000			
-61.9119			25.5120			36.5329			0.1000			-149.0000			50.0000			97.0000			
-61.3497			19.1883			42.1841			0.0000			-145.0000			39.0000			107.0000			
-60.2254			14.5893			45.0097			-0.6000			-141.0000			27.0000			118.0000			
-57.4147			12.2898			46.7051			1.5000			-137.0000			14.0000			127.0000			
-54.0418			7.1159			46.7051			-0.2000			-132.0000			2.0000			135.0000			
-49.5446			1.9420			46.1400			-1.4000			-127.0000			-9.0000			142.0000			
-46.1717			-2.6571			50.0958			1.2000			-120.0000			-19.0000			147.0000			
-43.9231			-10.7053			54.6168			0.0000			-112.0000			-31.0000			151.0000			
-40.5502			-19.9034			59.1377			-1.3000			-103.0000			-43.0000			154.0000			
-36.6152			-23.9275			60.8331			0.2000			-92.0000			-56.0000			159.0000			
-36.6152			-22.7778			60.8331			1.4000			-82.0000			-69.0000			160.0000			
-38.3016			-21.6280			61.3982			1.4000			-75.0000			-80.0000			162.0000			
-36.0530			-25.6522			60.8331			-0.8000			-65.0000			-89.0000			163.0000			
-27.6208			-33.7005			60.2680			-1.0000			-56.0000			-99.0000			163.0000			
-21.4371			-38.8744			60.2680			0.0000			-46.0000			-107.0000			162.0000			
-16.9399			-43.4734			60.2680			-0.1000			-37.0000			-117.0000			161.0000			
-13.5670			-45.1980			59.7028			0.9000			-26.0000			-126.0000			158.0000			
-11.3184			-45.7729			58.0075			0.9000			-15.0000			-133.0000			153.0000			
-6.2591			-48.0724			55.1819			0.8000			-5.0000			-141.0000			150.0000			
-2.3240			-51.5217			52.9214			-0.9000			5.0000			-147.0000			143.0000			
4.4218			-54.3961			50.0958			0.1000			14.0000			-149.0000			136.0000			
10.6054			-58.4202			47.2702			-0.5000			24.0000			-153.0000			127.0000			
18.4755			-60.7197			42.1841			0.0000			35.0000			-155.0000			116.0000			
21.2863			-61.8695			40.4888			-0.1000			46.0000			-158.0000			105.0000			
21.2863			-61.8695			41.0539			0.4000			55.0000			-158.0000			94.0000			
22.4106			-61.8695			38.7934			-0.6000			63.0000			-158.0000			83.0000			
27.4699			-63.0192			35.9678			0.4000			71.0000			-158.0000			74.0000			
32.5293			-61.2946			28.6212			-0.1000			77.0000			-158.0000			63.0000			
37.5886			-60.7197			22.9700			-0.1000			85.0000			-156.0000			51.0000			
41.5237			-57.8453			17.3189			0.9000			92.0000			-154.0000			40.0000			
43.2101			-57.2704			13.9281			-0.1000			99.0000			-150.0000			25.0000			
46.0209			-56.1207			11.1025			1.0000			104.0000			-146.0000			13.0000			
47.7073			-52.6714			4.8862			0.0000			107.0000			-140.0000			1.0000			
49.9559			-51.5217			0.3653			-1.2000			110.0000			-134.0000			-10.0000			
54.4531			-46.3478			-6.9813			1.1000			113.0000			-126.0000			-24.0000			
57.8260			-42.3236			-15.4581			0.0000			113.0000			-118.0000			-36.0000			
60.6368			-38.2995			-21.6744			0.6000			115.0000			-107.0000			-51.0000			
60.6368			-38.8744			-22.2395			-0.4000			116.0000			-96.0000			-66.0000			
61.7611			-39.4492			-21.6744			0.6000			115.0000			-86.0000			-77.0000			
61.7611			-37.1497			-23.9349			0.6000			115.0000			-76.0000			-88.0000			
63.4475			-31.9758			-31.2814			0.1000			115.0000			-66.0000			-99.0000			
62.8854			-25.0773			-37.4978			0.3000			111.0000			-56.0000			-109.0000			
60.6368			-18.1788			-42.5838			-0.1000			110.0000			-44.0000			-120.0000			
58.9503			-14.7295			-44.2792			0.0000			105.0000			-33.0000			-129.0000			
58.3882			-12.4300			-45.9746			0.0000			101.0000			-20.0000			-138.0000			
53.3288			-7.2561			-45.9746			0.0000			95.0000			-9.0000			-147.0000			
48.2695			-1.5073			-45.9746			0.7000			91.0000			3.0000			-153.0000			
46.5830			4.2415			-49.3653			1.4000			84.0000			15.0000			-159.0000			
44.8966			10.5651			-54.4514			1.0000			76.0000			26.0000			-163.0000			
39.8372			19.1883			-58.9723			0.0000			66.0000			38.0000			-167.0000			
37.0265			23.2124			-60.1026			0.1000			56.0000			51.0000			-171.0000			
38.1508			23.2124			-61.2328			0.1000			47.0000			62.0000			-173.0000			
38.1508			22.0627			-60.6677			-0.4000			35.0000			74.0000			-174.0000			
33.6536			26.6617			-61.2328			-0.9000			27.0000			84.0000			-175.0000			
27.4699			32.9854			-60.1026			0.3000			19.0000			92.0000			-175.0000			
21.2863			38.7341			-60.1026			0.0000			8.0000			103.0000			-174.0000			
16.7891			43.3332			-60.1026			0.0000			-1.0000			110.0000			-172.0000			
13.4162			45.0578			-58.9723			-0.5000			-11.0000			120.0000			-169.0000			
10.6054			45.6327			-56.7118			-0.4000			-21.0000			128.0000			-165.0000			
6.1082			46.7824			-54.4514			-1.5000			-32.0000			134.0000			-161.0000			
1.0489			49.6568			-52.1909			-1.4000			-41.0000			140.0000			-155.0000			
-5.6969			54.2558			-48.8002			-0.2000			-51.0000			145.0000			-148.0000			
-11.3184			57.1302			-47.1048			-1.2000			-61.0000			147.0000			-139.0000			
-19.1885			60.0046			-41.4536			-0.6000			-71.0000			149.0000			-129.0000			
-22.5614			60.5795			-39.7582			-1.7000			-82.0000			152.0000			-117.0000			
-22.5614			60.5795			-39.1931			-1.1000			-92.0000			153.0000			-106.0000			
-22.5614			61.1544			-39.1931			-0.6000			-100.0000			153.0000			-96.0000			
-27.6208			62.3041			-35.2373			-0.5000			-108.0000			153.0000			-85.0000			
-33.2423			60.5795			-27.3256			0.0000			-114.0000			152.0000			-75.0000			
-38.3016			60.0046			-22.2395			-0.5000			-121.0000			150.0000			-65.0000			
-40.5502			57.1302			-17.1535			-0.5000			-129.0000			148.0000			-52.0000			
-43.9231			55.9805			-13.1976			-1.1000			-134.0000			145.0000			-37.0000			
-45.6096			54.8307			-9.8069			-0.5000			-141.0000			140.0000			-25.0000			
-46.7339			51.9563			-5.8511			-0.6000			-145.0000			134.0000			-13.0000			
-51.2311			50.2317			0.9304			0.0000			-148.0000			128.0000			-1.0000			
-54.6039			47.3573			7.7118			0.4000			-150.0000			120.0000			12.0000			
-57.4147			41.6085			15.6235			-0.1000			-152.0000			111.0000			25.0000			
-59.1011			36.4346			21.8398			-0.8000			-153.0000			100.0000			40.0000			
-60.2254			36.4346			23.5352			-0.2000			-153.0000			90.0000			53.0000			
-61.9119			38.7341			22.9700			-0.2000			-154.0000			79.0000			66.0000			
-61.9119			37.5844			24.1003			-0.2000			-151.0000			69.0000			77.0000			
-63.0362			30.6859			31.4468			-0.9000			-150.0000			59.0000			87.0000			
-61.9119			24.3622			37.0980			-0.4000			-147.0000			49.0000			97.0000			
-60.7876			18.6134			42.1841			0.0000			-146.0000			38.0000			107.0000			
-59.1011			15.1642			44.4446			0.5000			-141.0000			26.0000			118.0000			
-56.8525			10.5651			46.1400			-0.1000			-137.0000			14.0000			126.0000			
-54.0418			6.5410			46.1400			-1.3000			-132.0000			2.0000			136.0000			
-48.9825			2.5168			45.5748			-0.8000			-127.0000			-10.0000			143.0000			
-46.7339			-3.8068			50.6609			0.1000			-120.0000			-20.0000			148.0000			
-43.9231			-10.7053			54.6168			0.0000			-113.0000			-31.0000			151.0000			
-39.9881			-19.9034			58.5726			-1.3000			-102.0000			-44.0000			155.0000			
-36.6152			-23.9275			60.8331			0.2000			-93.0000			-57.0000			158.0000			
-37.1773			-23.3527			60.8331			0.3000			-83.0000			-69.0000			161.0000			
-38.3016			-22.2029			60.8331			0.3000			-73.0000			-81.0000			162.0000			
-34.9287			-26.8019			60.8331			-0.8000			-65.0000			-89.0000			162.0000			
-27.6208			-33.1256			59.1377			-1.6000			-55.0000			-99.0000			163.0000			
-21.4371			-38.8744			59.7028			-0.6000			-46.0000			-108.0000			162.0000			
-15.8156			-43.4734			60.2680			0.9000			-36.0000			-117.0000			160.0000			
-13.5670			-45.7729			59.7028			0.3000			-25.0000			-126.0000			159.0000			
-11.3184			-45.7729			58.0075			0.9000			-15.0000			-135.0000			154.0000			
-6.8212			-47.4975			54.6168			0.2000			-4.0000			-141.0000			148.0000			
-1.1997			-50.3719			52.3563			0.7000			4.0000			-146.0000			143.0000			
5.5461			-54.3961			50.0958			1.2000			14.0000			-150.0000			134.0000			
10.6054			-58.4202			47.8353			0.0000			26.0000			-153.0000			127.0000			
18.4755			-60.7197			41.6190			-0.6000			36.0000			-156.0000			116.0000			
21.8484			-61.2946			39.9236			0.4000			46.0000			-158.0000			104.0000			
21.8484			-61.8695			40.4888			0.4000			55.0000			-159.0000			94.0000			
21.8484			-62.4443			39.9236			-0.6000			63.0000			-159.0000			82.0000			
28.0321			-63.5941			36.5329			0.9000			71.0000			-159.0000			72.0000			
32.5293			-60.7197			28.0561			-0.1000			76.0000			-158.0000			62.0000			
38.1508			-60.1448			21.8398			-0.1000			84.0000			-155.0000			51.0000			
40.3994			-58.4202			17.3189			-0.7000			91.0000			-154.0000			39.0000			
43.2101			-56.6956			13.3630			-0.1000			99.0000			-149.0000			25.0000			
46.0209			-56.1207			10.5374			0.4000			104.0000			-145.0000			12.0000			
47.1452			-52.6714			6.0165			0.4000			107.0000			-139.0000			0.0000			
51.0802			-50.3719			-0.1999			0.4000			111.0000			-134.0000			-13.0000			
55.0153			-46.9226			-7.5464			0.5000			114.0000			-127.0000			-23.0000			
57.8260			-41.7487			-14.8930			1.1000			116.0000			-116.0000			-37.0000			
60.0746			-37.7246			-21.6744			0.6000			116.0000			-106.0000			-51.0000			
60.6368			-37.7246			-22.2395			0.6000			116.0000			-95.0000			-66.0000			
61.1989			-38.8744			-21.6744			0.6000			115.0000			-85.0000			-78.0000			
62.3232			-37.7246			-23.3698			1.2000			115.0000			-76.0000			-90.0000			
63.4475			-31.4009			-31.8466			0.1000			113.0000			-65.0000			-99.0000			
61.7611			-23.9275			-37.4978			0.3000			111.0000			-55.0000			-110.0000			
60.6368			-18.1788			-42.5838			-0.1000			110.0000			-44.0000			-120.0000			
58.3882			-14.1546			-44.2792			0.0000			105.0000			-32.0000			-130.0000			
57.2639			-11.2802			-45.9746			0.0000			101.0000			-20.0000			-139.0000			
53.3288			-7.2561			-45.4094			0.6000			95.0000			-7.0000			-147.0000			
47.7073			-2.6571			-45.4094			-0.3000			90.0000			4.0000			-154.0000			
46.0209			4.2415			-49.9304			0.3000			82.0000			14.0000			-160.0000			
43.7723			11.1400			-54.4514			0.4000			75.0000			26.0000			-164.0000			
39.2751			20.3381			-58.9723			0.6000			63.0000			39.0000			-168.0000			
37.0265			23.2124			-60.1026			0.1000			54.0000			53.0000			-171.0000			
38.1508			22.6376			-61.2328			-0.4000			44.0000			64.0000			-174.0000			
39.2751			22.0627			-61.7979			-0.4000			36.0000			75.0000			-174.0000			
34.2157			26.6617			-60.1026			0.7000			27.0000			83.0000			-175.0000			
26.3456			32.9854			-60.6677			-1.3000			18.0000			93.0000			-175.0000			
20.7241			39.3090			-59.5374			0.4000			9.0000			103.0000			-174.0000			
16.2269			42.7583			-59.5374			-0.5000			-2.0000			112.0000			-172.0000			
13.4162			45.0578			-58.9723			-0.5000			-11.0000			119.0000			-169.0000			
10.0433			46.2076			-57.2770			-1.0000			-23.0000			129.0000			-166.0000			
6.6704			47.9322			-54.4514			0.1000			-33.0000			135.0000			-161.0000			
0.4867			50.2317			-51.6258			-0.9000			-42.0000			139.0000			-155.0000			
-6.2591			54.2558			-48.8002			-0.8000			-52.0000			143.0000			-147.0000			
-11.3184			58.2800			-48.2350			-1.2000			-61.0000			147.0000			-139.0000			
-19.1885			60.0046			-41.4536			-0.6000			-72.0000			149.0000			-128.0000			
-21.9993			61.1544			-39.1931			0.0000			-83.0000			151.0000			-116.0000			
-21.9993			61.1544			-39.1931			0.0000			-92.0000			152.0000			-106.0000			
-22.5614			61.1544			-39.7582			-1.1000			-100.0000			154.0000			-96.0000			
-28.1829			62.8790			-35.2373			-0.5000			-109.0000			154.0000			-85.0000			
-33.8044			60.0046			-26.1954			0.0000			-116.0000			152.0000			-75.0000			
-38.8638			60.0046			-21.1093			0.0000			-123.0000			150.0000			-64.0000			
-41.1124			57.1302			-17.1535			-1.1000			-129.0000			147.0000			-51.0000			
-42.2367			55.9805			-13.1976			0.5000			-136.0000			144.0000			-37.0000			
-45.6096			54.2558			-8.6767			0.0000			-141.0000			139.0000			-24.0000			
-47.2960			51.9563			-4.7208			0.0000			-146.0000			133.0000			-12.0000			
-50.6689			49.6568			0.9304			0.0000			-148.0000			128.0000			-1.0000			
-54.6039			46.2076			8.2769			-0.1000			-151.0000			121.0000			12.0000			
-57.9768			41.0337			16.7537			-0.1000			-152.0000			111.0000			25.0000			
-59.1011			37.0095			22.4049			0.3000			-153.0000			100.0000			40.0000			
-59.6633			37.5844			22.9700			0.8000			-153.0000			90.0000			55.0000			
-60.7876			38.7341			22.9700			0.9000			-153.0000			79.0000			67.0000			
-61.9119			37.5844			24.6654			0.3000			-152.0000			69.0000			76.0000			
-63.0362			30.6859			32.5771			0.2000			-150.0000			60.0000			87.0000			
-61.3497			23.2124			37.6632			-0.4000			-148.0000			49.0000			96.0000			
-60.7876			18.0385			42.7492			0.0000			-145.0000			37.0000			108.0000			
-59.1011			14.0144			44.4446			-0.6000			-140.0000			25.0000			118.0000			
-57.4147			11.7149			46.1400			0.4000			-137.0000			12.0000			128.0000			
-54.0418			7.1159			46.7051			-0.2000			-131.0000			2.0000			135.0000			
-48.4203			1.9420			46.1400			-0.3000			-126.0000			-11.0000			142.0000			
-45.6096			-4.9566			50.0958			-0.4000			-119.0000			-21.0000			147.0000			
-43.3610			-11.8551			55.7470			0.5000			-110.0000			-33.0000			153.0000			
-39.4259			-20.4783			59.1377			-0.7000			-102.0000			-45.0000			154.0000			
-36.6152			-23.9275			60.8331			0.2000			-91.0000			-58.0000			159.0000			
-36.6152			-22.2029			60.8331			2.0000			-81.0000			-70.0000			161.0000			
-38.3016			-21.6280			60.2680			0.3000			-74.0000			-80.0000			162.0000			
-34.3666			-26.8019			60.8331			-0.3000			-65.0000			-91.0000			163.0000			
-26.4965			-33.7005			60.2680			0.0000			-55.0000			-99.0000			163.0000			
-20.3128			-40.0241			60.2680			0.0000			-45.0000			-109.0000			161.0000			
-16.9399			-42.8985			60.2680			0.4000			-34.0000			-119.0000			159.0000			
-13.0049			-45.1980			58.5726			0.3000			-24.0000			-128.0000			158.0000			
-10.7563			-45.7729			58.0075			1.4000			-14.0000			-136.0000			153.0000			
-6.8212			-48.0724			54.6168			-0.2000			-4.0000			-141.0000			148.0000			
-0.6376			-50.9468			52.3563			0.7000			6.0000			-146.0000			143.0000			
6.1082			-54.3961			50.0958			1.8000			15.0000			-150.0000			136.0000			
11.1676			-58.9951			47.2702			-0.5000			26.0000			-153.0000			126.0000			
19.5998			-60.1448			41.6190			1.0000			36.0000			-156.0000			114.0000			
21.2863			-61.2946			39.9236			0.0000			46.0000			-157.0000			103.0000			
21.8484			-61.2946			39.9236			0.4000			57.0000			-158.0000			92.0000			
22.4106			-61.8695			39.3585			-0.1000			63.0000			-159.0000			82.0000			
28.0321			-63.0192			35.9678			0.9000			71.0000			-159.0000			73.0000			
33.0914			-60.1448			28.0561			1.0000			79.0000			-159.0000			63.0000			
38.7129			-60.1448			21.8398			0.4000			85.0000			-156.0000			51.0000			
40.3994			-57.8453			17.8840			0.4000			92.0000			-153.0000			38.0000			
43.2101			-57.2704			13.9281			-0.1000			99.0000			-149.0000			25.0000			
45.4587			-55.5458			9.4072			-0.6000			104.0000			-144.0000			13.0000			
47.7073			-52.6714			6.5816			1.6000			109.0000			-141.0000			-1.0000			
50.5181			-50.9468			0.3653			0.0000			111.0000			-132.0000			-13.0000			
54.4531			-45.1980			-8.1115			1.1000			113.0000			-126.0000			-25.0000			
58.3882			-41.7487			-16.0232			0.6000			115.0000			-116.0000			-38.0000			
59.5125			-37.7246			-21.1093			0.6000			116.0000			-105.0000			-52.0000			
60.6368			-37.7246			-22.2395			0.6000			116.0000			-94.0000			-67.0000			
61.1989			-39.4492			-21.6744			0.0000			116.0000			-85.0000			-80.0000			
61.7611			-37.7246			-23.3698			0.6000			115.0000			-74.0000			-90.0000			
62.8854			-31.4009			-31.2814			0.1000			113.0000			-65.0000			-100.0000			
62.8854			-23.9275			-38.0629			0.8000			111.0000			-54.0000			-110.0000			
60.6368			-18.1788			-43.7141			-1.2000			109.0000			-42.0000			-121.0000			
58.3882			-13.5797			-44.2792			0.5000			105.0000			-31.0000			-130.0000			
56.7017			-11.2802			-45.4094			0.0000			100.0000			-19.0000			-140.0000			
52.7667			-6.6812			-45.9746			0.1000			95.0000			-7.0000			-148.0000			
48.2695			-2.6571			-45.9746			-0.3000			90.0000			4.0000			-155.0000			
46.5830			4.2415			-49.9304			0.8000			82.0000			15.0000			-159.0000			
43.2101			11.7149			-55.0165			0.0000			74.0000			27.0000			-164.0000			
39.2751			20.3381			-58.9723			0.6000			65.0000			40.0000			-168.0000			
37.0265			23.2124			-60.1026			0.1000			55.0000			53.0000			-172.0000			
37.5886			23.2124			-60.6677			0.1000			43.0000			64.0000			-173.0000			
38.1508			22.0627			-60.6677			-0.4000			35.0000			75.0000			-175.0000			
33.6536			27.8115			-60.6677			0.8000			26.0000			85.0000			-175.0000			
26.3456			34.7100			-59.5374			1.5000			17.0000			94.0000			-175.0000			
20.1620			39.8839			-60.1026			0.0000			9.0000			102.0000			-175.0000			
16.2269			42.7583			-60.1026			-1.1000			-2.0000			112.0000			-172.0000			
12.2919			45.0578			-58.4072			-1.0000			-13.0000			121.0000			-170.0000			
10.0433			45.0578			-56.7118			-1.6000			-23.0000			129.0000			-166.0000			
5.5461			47.3573			-54.4514			-1.5000			-33.0000			136.0000			-161.0000			
-0.0754			50.8066			-51.0606			-0.3000			-41.0000			140.0000			-155.0000			
-6.2591			54.2558			-48.2350			-0.2000			-52.0000			144.0000			-147.0000			
-11.8806			58.2800			-45.9746			0.4000			-62.0000			147.0000			-137.0000			
-19.7507			60.5795			-40.8885			0.0000			-73.0000			149.0000			-127.0000			
-22.5614			61.1544			-39.1931			-0.6000			-83.0000			151.0000			-116.0000			
-22.5614			61.1544			-39.1931			-0.6000			-93.0000			153.0000			-105.0000			
-22.5614			61.1544			-39.1931			-0.6000			-101.0000			153.0000			-95.0000			
-28.7451			62.3041			-34.1070			-0.5000			-108.0000			153.0000			-85.0000			
-32.6801			60.0046			-26.1954			1.1000			-116.0000			152.0000			-74.0000			
-38.8638			60.0046			-20.5442			0.5000			-122.0000			150.0000			-62.0000			
-41.1124			57.1302			-17.1535			-1.1000			-130.0000			147.0000			-49.0000			
-42.7988			55.9805			-14.3279			-1.1000			-136.0000			143.0000			-37.0000			
-45.6096			53.6810			-8.1115			0.0000			-141.0000			139.0000			-25.0000			
-46.7339			51.9563			-4.7208			0.4000			-145.0000			134.0000			-12.0000			
-50.6689			49.6568			0.9304			0.0000			-149.0000			127.0000			0.0000			
-55.1661			46.2076			8.2769			-0.6000			-151.0000			119.0000			14.0000			
-57.9768			42.1834			16.7537			0.9000			-152.0000			110.0000			27.0000			
-59.6633			37.0095			22.4049			-0.2000			-152.0000			98.0000			41.0000			
-59.1011			37.5844			22.9700			1.4000			-153.0000			88.0000			54.0000			
-60.7876			39.3090			22.4049			0.9000			-153.0000			79.0000			67.0000			
-61.9119			37.0095			24.6654			-0.2000			-151.0000			68.0000			78.0000			
-62.4740			30.1110			33.1422			0.7000			-149.0000			59.0000			88.0000			
-61.3497			22.6376			38.2283			-0.4000			-148.0000			49.0000			98.0000			
-60.2254			17.4637			43.3144			0.5000			-145.0000			36.0000			108.0000			
-59.1011			14.0144			44.4446			-0.6000			-140.0000			24.0000			119.0000			
-56.8525			10.5651			46.7051			0.4000			-137.0000			13.0000			128.0000			
-52.9175			6.5410			46.7051			0.3000			-131.0000			-1.0000			136.0000			
-48.4203			1.9420			46.1400			-0.3000			-126.0000			-10.0000			143.0000			
-46.1717			-4.9566			51.2260			0.0000			-119.0000			-21.0000			149.0000			
-43.3610			-13.5797			55.7470			-1.2000			-112.0000			-35.0000			151.0000			
-38.3016			-21.0531			59.7028			0.3000			-101.0000			-46.0000			155.0000			
-36.0530			-23.3527			61.3982			1.9000			-91.0000			-60.0000			158.0000			
-37.1773			-22.2029			60.8331			1.4000			-81.0000			-71.0000			162.0000			
-37.7395			-22.7778			60.8331			0.3000			-73.0000			-81.0000			162.0000			
-33.8044			-27.9517			60.2680			-1.4000			-65.0000			-91.0000			163.0000			
-26.4965			-33.7005			60.2680			0.0000			-56.0000			-101.0000			163.0000			
-19.7507			-39.4492			59.7028			0.4000			-45.0000			-108.0000			162.0000			
-15.8156			-44.0483			60.2680			0.4000			-34.0000			-119.0000			160.0000			
-13.5670			-45.1980			59.7028			0.9000			-23.0000			-128.0000			158.0000			
-10.7563			-45.7729			56.8772			0.3000			-14.0000			-135.0000			153.0000			
-5.1348			-48.0724			54.0516			0.8000			-2.0000			-141.0000			147.0000			
-0.0754			-51.5217			52.3563			0.7000			6.0000			-146.0000			141.0000			
4.9839			-55.5458			49.5307			-1.0000			16.0000			-150.0000			136.0000			
12.8540			-58.4202			46.7051			1.1000			26.0000			-153.0000			125.0000			
20.1620			-60.7197			41.0539			0.4000			37.0000			-155.0000			113.0000			
21.2863			-61.8695			40.4888			-0.1000			47.0000			-157.0000			102.0000			
21.8484			-60.7197			40.4888			1.6000			56.0000			-159.0000			92.0000			
22.4106			-62.4443			39.9236			-0.1000			63.0000			-159.0000			81.0000			
29.1564			-63.0192			34.8376			0.9000			73.0000			-159.0000			71.0000			
33.0914			-60.7197			27.4910			-0.1000			79.0000			-157.0000			61.0000			
39.2751			-60.7197			21.2747			-0.1000			85.0000			-156.0000			49.0000			
40.9615			-58.4202			17.3189			-0.1000			94.0000			-153.0000			37.0000			
43.7723			-57.2704			13.3630			-0.1000			99.0000			-150.0000			24.0000			
46.0209			-54.3961			9.9723			1.6000			105.0000			-145.0000			10.0000			
47.7073			-52.6714			6.0165			1.0000			109.0000			-140.0000			-1.0000			
51.0802			-50.3719			-0.1999			0.4000			111.0000			-132.0000			-12.0000			
54.4531			-46.9226			-8.1115			-0.5000			115.0000			-125.0000			-26.0000			
58.3882			-40.5990			-16.5883			1.1000			115.0000			-116.0000			-40.0000			
60.0746			-38.2995			-21.6744			0.0000			115.0000			-105.0000			-52.0000			
60.6368			-37.7246			-21.6744			1.2000			117.0000			-94.0000			-68.0000			
61.1989			-39.4492			-22.2395			-0.5000			116.0000			-84.0000			-79.0000			
62.8854			-37.1497			-24.5000			1.2000			115.0000			-75.0000			-90.0000			
64.0097			-34.2753			-29.5861			0.1000			114.0000			-64.0000			-100.0000			
62.3232			-23.9275			-38.0629			0.3000			111.0000			-54.0000			-109.0000			
15.6648			-5.5314			-43.1490			-33.0000			107.0000			-43.0000			-120.0000			
71.3176			-13.0049			-48.2350			10.0000			103.0000			-31.0000			-132.0000			
65.1340			0.7922			-4.1557			61.7000			140.0000			14.0000			-71.0000			
113.4789			43.3332			-127.9169			28.8000			194.0000			87.0000			-55.0000			
90.9929			22.6376			-87.7934			25.8000			196.0000			111.0000			-49.0000			
60.0746			-19.3285			-36.9326			3.8000			179.0000			115.0000			-52.0000			
62.8854			-3.8068			-30.1512			28.9000			163.0000			118.0000			-59.0000			
69.6312			26.6617			-74.7957			21.5000			165.0000			141.0000			-57.0000			
61.7611			24.9371			-70.2747			16.4000			154.0000			156.0000			-55.0000			
56.7017			27.8115			-62.3630			22.1000			141.0000			165.0000			-57.0000			
58.3882			26.6617			-68.0142			17.0000			134.0000			175.0000			-57.0000			
56.7017			25.5120			-62.9282			19.2000			123.0000			187.0000			-59.0000			
54.4531			31.8356			-65.1886			21.1000			115.0000			197.0000			-59.0000			
42.0858			39.3090			-65.1886			16.2000			105.0000			205.0000			-59.0000			
34.2157			43.9080			-58.4072			19.7000			91.0000			213.0000			-60.0000			
33.0914			44.4829			-60.6677			16.9000			79.0000			219.0000			-61.0000			
31.4050			45.6327			-60.6677			16.3000			65.0000			223.0000			-59.0000			
28.0321			46.7824			-58.9723			15.8000			50.0000			226.0000			-58.0000			
21.8484			48.5071			-55.0165			15.3000			38.0000			227.0000			-57.0000			
13.4162			53.1061			-51.0606			15.4000			23.0000			226.0000			-55.0000			
7.2325			57.1302			-49.9304			14.4000			8.0000			223.0000			-52.0000			
-1.1997			58.8549			-43.7141			13.9000			-11.0000			217.0000			-49.0000			
-2.8862			58.2800			-40.3234			15.0000			-30.0000			211.0000			-47.0000			
-0.6376			57.7051			-42.0187			15.0000			-46.0000			204.0000			-45.0000			
-0.6376			60.0046			-43.1490			16.2000			-61.0000			199.0000			-43.0000			
-7.9455			62.3041			-39.1931			15.1000			-74.0000			192.0000			-40.0000			
-14.1292			58.8549			-29.5861			15.1000			-87.0000			184.0000			-36.0000			
-19.7507			57.1302			-22.8046			14.5000			-102.0000			176.0000			-33.0000			
-22.5614			54.2558			-18.2837			13.4000			-117.0000			165.0000			-30.0000			
-24.2479			53.6810			-16.0232			13.4000			-131.0000			152.0000			-26.0000			
-25.3722			51.3815			-11.5023			14.5000			-146.0000			139.0000			-23.0000			
-27.0586			50.2317			-6.9813			16.1000			-157.0000			125.0000			-20.0000			
-31.5558			48.5071			-1.8952			15.0000			-166.0000			112.0000			-17.0000			
-34.3666			45.0578			5.4513			16.1000			-175.0000			96.0000			-12.0000			
-38.8638			38.1593			13.9281			13.2000			-184.0000			78.0000			-8.0000			
-41.1124			34.7100			20.7096			14.2000			-194.0000			59.0000			-3.0000			
-41.6745			36.4346			21.2747			16.0000			-203.0000			39.0000			0.0000			
-41.1124			37.5844			19.5793			16.0000			-211.0000			21.0000			4.0000			
-41.6745			35.8598			22.4049			16.5000			-216.0000			5.0000			6.0000			
-42.7988			28.9612			29.7515			15.9000			-220.0000			-11.0000			9.0000			
-41.6745			20.9129			36.5329			15.7000			-222.0000			-28.0000			12.0000			
-41.6745			16.3139			40.4888			15.1000			-225.0000			-46.0000			16.0000			
-40.5502			12.8646			43.3144			15.6000			-227.0000			-65.0000			19.0000			
-37.7395			9.4154			43.8795			15.5000			-229.0000			-82.0000			22.0000			
-32.6801			4.8164			44.4446			16.5000			-227.0000			-100.0000			25.0000			
-27.6208			-0.3575			44.4446			16.4000			-225.0000			-114.0000			27.0000			
-25.3722			-5.5314			48.4004			17.4000			-219.0000			-129.0000			28.0000			
-23.1236			-12.4300			52.9214			17.3000			-213.0000			-142.0000			30.0000			
-18.0642			-21.0531			57.4424			18.3000			-205.0000			-155.0000			32.0000			
-16.9399			-23.9275			59.1377			18.2000			-196.0000			-169.0000			34.0000			
-16.3778			-22.2029			58.5726			19.9000			-187.0000			-182.0000			35.0000			
-16.3778			-22.7778			59.1377			19.9000			-178.0000			-193.0000			35.0000			
-13.0049			-26.8019			58.5726			18.7000			-168.0000			-203.0000			36.0000			
-4.5726			-33.7005			57.4424			19.1000			-158.0000			-211.0000			35.0000			
1.0489			-39.4492			58.0075			19.5000			-147.0000			-219.0000			37.0000			
5.5461			-42.8985			58.0075			20.6000			-135.0000			-227.0000			36.0000			
6.6704			-44.6231			58.5726			20.6000			-122.0000			-234.0000			36.0000			
11.7297			-46.3478			56.3121			21.6000			-108.0000			-238.0000			36.0000			
16.2269			-47.4975			52.3563			21.0000			-95.0000			-241.0000			34.0000			
21.2863			-51.5217			49.5307			19.2000			-82.0000			-242.0000			33.0000			
27.4699			-54.9709			50.0958			22.5000			-66.0000			-240.0000			30.0000			
34.2157			-58.4202			47.2702			23.0000			-49.0000			-237.0000			30.0000			
41.5237			-59.5700			41.0539			23.0000			-31.0000			-232.0000			26.0000			
44.8966			-60.1448			38.7934			23.5000			-14.0000			-227.0000			24.0000			
43.2101			-60.7197			38.7934			21.2000			3.0000			-220.0000			22.0000			
44.3344			-61.8695			39.3585			21.8000			18.0000			-214.0000			19.0000			
50.5181			-61.8695			34.8376			23.4000			31.0000			-207.0000			16.0000			
55.0153			-59.5700			26.3608			21.7000			45.0000			-199.0000			13.0000			
60.6368			-58.9951			20.7096			22.3000			60.0000			-189.0000			9.0000			
62.8854			-56.6956			17.3189			23.5000			74.0000			-179.0000			6.0000			
64.5718			-55.5458			12.7979			21.8000			89.0000			-166.0000			2.0000			
67.3826			-53.2463			8.2769			22.4000			103.0000			-154.0000			-1.0000			
69.6312			-51.5217			3.7560			21.8000			114.0000			-140.0000			-3.0000			
71.8798			-49.7970			-0.7650			21.3000			123.0000			-126.0000			-7.0000			
75.8148			-45.1980			-8.1115			22.5000			134.0000			-111.0000			-10.0000			
80.3120			-40.0241			-16.5883			23.7000			143.0000			-93.0000			-14.0000			
80.8742			-36.0000			-22.2395			22.6000			152.0000			-73.0000			-19.0000			
81.9985			-36.0000			-23.9349			22.0000			160.0000			-54.0000			-22.0000			
82.5606			-38.8744			-23.3698			20.3000			167.0000			-35.0000			-25.0000			
82.5606			-36.5748			-25.0651			20.9000			174.0000			-19.0000			-28.0000			
83.1228			-30.8261			-31.8466			20.4000			177.0000			-2.0000			-32.0000			
81.9985			-22.7778			-38.0629			21.1000			181.0000			15.0000			-35.0000			
80.8742			-16.4541			-43.7141			20.7000			183.0000			31.0000			-39.0000			
79.7499			-13.0049			-45.4094			21.3000			186.0000			49.0000			-41.0000			
76.9391			-10.7053			-47.1048			19.1000			187.0000			66.0000			-44.0000			
70.7555			-4.9566			-47.1048			18.6000			185.0000			85.0000			-47.0000			
66.8204			-0.9324			-47.6699			18.2000			182.0000			98.0000			-49.0000			
65.1340			4.2415			-51.6258			17.7000			178.0000			114.0000			-51.0000			
62.3232			11.1400			-56.1467			17.3000			171.0000			128.0000			-53.0000			
56.1396			20.3381			-60.6677			15.8000			162.0000			143.0000			-55.0000			
55.5774			22.6376			-62.3630			15.8000			154.0000			156.0000			-56.0000			
56.7017			21.4878			-62.3630			15.8000			144.0000			168.0000			-57.0000			
56.1396			22.6376			-61.7979			16.9000			136.0000			179.0000			-57.0000			
50.5181			27.2366			-62.3630			15.3000			127.0000			189.0000			-59.0000			
42.6480			32.9854			-61.7979			13.8000			117.0000			199.0000			-57.0000			
37.5886			39.3090			-61.2328			15.6000			106.0000			205.0000			-58.0000			
33.6536			42.1834			-61.2328			14.6000			93.0000			213.0000			-57.0000			
31.4050			43.9080			-60.6677			14.6000			80.0000			219.0000			-59.0000			
26.9078			45.0578			-58.9723			12.9000			67.0000			225.0000			-57.0000			
21.8484			46.7824			-55.5816			13.0000			54.0000			228.0000			-57.0000			
15.6648			50.8066			-52.7560			13.7000			40.0000			228.0000			-55.0000			
10.0433			53.6810			-51.6258			12.0000			24.0000			226.0000			-52.0000			
3.2975			57.7051			-49.3653			11.6000			8.0000			223.0000			-50.0000			
-4.5726			58.8549			-43.7141			10.5000			-9.0000			218.0000			-48.0000			
-7.9455			58.8549			-40.3234			10.5000			-27.0000			213.0000			-45.0000			
-5.1348			58.8549			-41.4536			12.2000			-44.0000			207.0000			-43.0000			
-6.8212			60.5795			-42.0187			11.7000			-58.0000			200.0000			-40.0000			
-13.0049			61.7293			-36.3675			12.3000			-72.0000			192.0000			-38.0000			
-18.6264			58.2800			-29.5861			10.0000			-86.0000			185.0000			-36.0000			
-23.6857			57.7051			-22.8046			11.2000			-100.0000			175.0000			-32.0000			
-25.3722			55.4056			-18.8488			11.1000			-116.0000			164.0000			-28.0000			
-28.1829			53.6810			-14.8930			10.5000			-131.0000			153.0000			-24.0000			
-29.8694			51.3815			-10.9371			10.5000			-143.0000			140.0000			-21.0000			
-32.1180			49.6568			-5.2859			12.2000			-155.0000			126.0000			-17.0000			
-34.9287			47.9322			-1.3301			11.6000			-164.0000			112.0000			-14.0000			
-38.8638			45.0578			5.4513			11.6000			-174.0000			97.0000			-10.0000			
-42.2367			39.3090			14.4933			11.5000			-184.0000			79.0000			-5.0000			
-45.0474			34.7100			21.2747			10.9000			-193.0000			58.0000			-3.0000			
-45.6096			35.2849			21.2747			10.9000			-202.0000			39.0000			2.0000			
-46.1717			37.0095			20.7096			11.5000			-209.0000			22.0000			5.0000			
-45.0474			36.4346			22.9700			14.3000			-213.0000			4.0000			8.0000			
-45.6096			28.9612			30.3166			13.6000			-217.0000			-11.0000			12.0000			
-45.6096			21.4878			35.4027			11.2000			-220.0000			-28.0000			14.0000			
-45.0474			15.7390			41.0539			11.7000			-224.0000			-45.0000			18.0000			
-43.3610			11.7149			43.8795			12.2000			-225.0000			-65.0000			21.0000			
-41.1124			9.4154			44.4446			12.7000			-226.0000			-82.0000			24.0000			
-35.4909			4.2415			45.0097			13.7000			-225.0000			-100.0000			26.0000			
-31.5558			0.7922			45.5748			14.8000			-223.0000			-114.0000			28.0000			
-28.1829			-5.5314			49.5307			15.8000			-218.0000			-127.0000			30.0000			
-26.4965			-13.0049			54.0516			14.5000			-211.0000			-140.0000			31.0000			
-21.4371			-21.0531			57.4424			14.9000			-202.0000			-155.0000			33.0000			
-19.1885			-23.9275			59.7028			16.5000			-193.0000			-169.0000			36.0000			
-20.8750			-22.7778			59.7028			16.0000			-184.0000			-182.0000			35.0000			
-20.3128			-22.7778			59.1377			16.0000			-176.0000			-193.0000			36.0000			
-15.8156			-27.9517			59.1377			15.3000			-166.0000			-202.0000			39.0000			
-7.9455			-34.2753			58.0075			15.7000			-156.0000			-210.0000			38.0000			
-2.3240			-40.0241			58.0075			15.6000			-145.0000			-219.0000			38.0000			
2.1732			-43.4734			58.0075			16.7000			-132.0000			-226.0000			38.0000			
4.9839			-44.6231			58.5726			18.9000			-120.0000			-233.0000			37.0000			
7.7947			-45.7729			56.3121			18.3000			-105.0000			-237.0000			37.0000			
12.8540			-48.0724			52.9214			17.7000			-92.0000			-240.0000			36.0000			
19.0377			-51.5217			50.6609			18.1000			-79.0000			-241.0000			34.0000			
24.6592			-54.9709			48.9656			18.6000			-65.0000			-239.0000			33.0000			
30.8428			-58.4202			48.4004			20.8000			-47.0000			-236.0000			31.0000			
38.1508			-58.9951			40.4888			19.6000			-28.0000			-231.0000			28.0000			
40.3994			-59.5700			38.2283			19.0000			-9.0000			-225.0000			25.0000			
39.8372			-60.1448			39.3585			19.0000			6.0000			-218.0000			23.0000			
39.8372			-61.2946			39.9236			18.4000			21.0000			-212.0000			21.0000			
47.7073			-62.4443			33.7073			18.9000			34.0000			-204.0000			19.0000			
52.7667			-60.1448			26.3608			18.9000			47.0000			-196.0000			14.0000			
57.2639			-59.5700			20.7096			18.3000			62.0000			-187.0000			13.0000			
58.3882			-56.1207			16.1886			18.4000			77.0000			-177.0000			8.0000			
61.7611			-54.9709			12.2328			19.0000			92.0000			-164.0000			6.0000			
64.0097			-52.6714			8.8421			20.1000			105.0000			-151.0000			1.0000			
65.1340			-50.9468			4.8862			19.0000			117.0000			-137.0000			-2.0000			
69.0690			-49.2222			-1.3301			18.5000			126.0000			-123.0000			-5.0000			
72.4419			-45.1980			-8.1115			19.1000			136.0000			-107.0000			-9.0000			
76.3770			-39.4492			-17.1535			19.7000			144.0000			-89.0000			-13.0000			
76.9391			-35.4251			-23.3698			18.1000			153.0000			-71.0000			-17.0000			
78.6256			-36.0000			-23.9349			18.6000			162.0000			-50.0000			-21.0000			
78.6256			-37.7246			-22.2395			18.6000			170.0000			-33.0000			-24.0000			
79.7499			-36.0000			-24.5000			19.2000			175.0000			-17.0000			-27.0000			
79.7499			-29.1014			-32.9768			17.6000			179.0000			2.0000			-30.0000			
78.0634			-22.2029			-38.0629			17.7000			182.0000			17.0000			-33.0000			
77.5013			-15.8792			-43.1490			18.4000			184.0000			35.0000			-36.0000			
74.6905			-13.0049			-44.2792			17.4000			187.0000			54.0000			-41.0000			
74.1284			-10.1305			-47.6699			16.3000			187.0000			71.0000			-42.0000			
68.5069			-4.9566			-47.6699			15.8000			187.0000			88.0000			-46.0000			
63.4475			-0.3575			-47.6699			15.4000			185.0000			103.0000			-48.0000			
61.1989			4.2415			-51.6258			13.8000			179.0000			117.0000			-49.0000			
58.3882			11.1400			-56.1467			13.3000			172.0000			130.0000			-51.0000			
52.7667			20.9129			-59.5374			14.1000			165.0000			145.0000			-53.0000			
52.2045			23.7873			-61.7979			14.1000			154.0000			158.0000			-53.0000			
53.3288			22.0627			-62.3630			13.0000			146.0000			172.0000			-55.0000			
52.7667			22.0627			-62.9282			11.9000			137.0000			182.0000			-56.0000			
46.5830			27.8115			-61.7979			12.6000			128.0000			191.0000			-57.0000			
39.2751			34.1351			-60.6677			12.7000			118.0000			200.0000			-56.0000			
33.0914			39.3090			-60.6677			11.7000			106.0000			209.0000			-56.0000			
30.2807			42.1834			-61.2328			11.2000			93.0000			216.0000			-57.0000			
26.9078			44.4829			-60.1026			11.2000			82.0000			221.0000			-56.0000			
24.0970			45.6327			-58.4072			11.3000			67.0000			227.0000			-57.0000			
19.0377			47.3573			-55.5816			10.8000			54.0000			227.0000			-56.0000			
12.2919			50.2317			-52.7560			9.7000			40.0000			231.0000			-53.0000			
6.6704			54.8307			-51.0606			10.4000			24.0000			229.0000			-51.0000			
-0.6376			58.8549			-48.8002			9.4000			8.0000			225.0000			-49.0000			
-6.8212			58.8549			-43.1490			8.8000			-9.0000			220.0000			-46.0000			
-9.6320			59.4297			-40.8885			8.9000			-27.0000			214.0000			-43.0000			
-8.5077			59.4297			-40.8885			10.0000			-45.0000			207.0000			-41.0000			
-9.0698			60.5795			-42.0187			9.4000			-59.0000			201.0000			-38.0000			
-15.8156			61.1544			-36.9326			8.4000			-72.0000			195.0000			-36.0000			
-22.5614			58.8549			-30.1512			6.1000			-85.0000			186.0000			-33.0000			
-27.0586			58.2800			-22.2395			8.9000			-100.0000			177.0000			-29.0000			
-28.7451			54.8307			-17.7186			8.3000			-115.0000			165.0000			-27.0000			
-30.4315			53.6810			-14.8930			8.3000			-130.0000			152.0000			-23.0000			
-33.2423			51.9563			-10.3720			8.3000			-143.0000			140.0000			-19.0000			
-34.9287			49.6568			-5.8511			8.8000			-154.0000			127.0000			-15.0000			
-37.7395			47.9322			-1.3301			8.8000			-163.0000			113.0000			-12.0000			
-42.2367			44.4829			6.0165			8.2000			-173.0000			98.0000			-8.0000			
-46.1717			37.5844			14.4933			5.9000			-182.0000			79.0000			-5.0000			
-47.8582			34.7100			21.8398			8.6000			-192.0000			59.0000			-1.0000			
-48.4203			35.2849			21.2747			8.1000			-201.0000			40.0000			3.0000			
-49.5446			37.5844			21.8398			9.8000			-209.0000			20.0000			6.0000			
-47.8582			35.8598			22.4049			10.4000			-213.0000			5.0000			9.0000			
-48.9825			28.3863			30.3166			9.7000			-217.0000			-11.0000			12.0000			
-48.9825			21.4878			37.0980			9.5000			-220.0000			-27.0000			15.0000			
-47.2960			15.1642			41.6190			9.4000			-222.0000			-45.0000			19.0000			
-45.6096			11.7149			43.8795			9.9000			-225.0000			-63.0000			21.0000			
-43.3610			9.4154			44.4446			10.4000			-225.0000			-82.0000			25.0000			
-39.4259			4.8164			45.0097			10.3000			-224.0000			-98.0000			28.0000			
-33.8044			0.2173			45.0097			11.4000			-222.0000			-113.0000			29.0000			
-31.5558			-6.1063			49.5307			11.8000			-216.0000			-127.0000			31.0000			
-28.7451			-13.0049			54.0516			12.3000			-209.0000			-139.0000			33.0000			
-23.1236			-22.2029			57.4424			12.1000			-201.0000			-155.0000			35.0000			
-22.5614			-23.9275			59.7028			13.2000			-191.0000			-168.0000			36.0000			
-23.1236			-22.2029			60.2680			14.9000			-182.0000			-180.0000			38.0000			
-23.1236			-22.2029			59.1377			13.8000			-174.0000			-193.0000			38.0000			
-18.6264			-27.3768			58.5726			12.5000			-164.0000			-201.0000			39.0000			
-10.1941			-33.7005			58.5726			14.6000			-154.0000			-210.0000			39.0000			
-4.5726			-40.5990			58.5726			13.3000			-143.0000			-218.0000			39.0000			
-0.6376			-43.4734			59.1377			15.0000			-130.0000			-225.0000			39.0000			
2.1732			-44.6231			58.0075			15.5000			-118.0000			-232.0000			39.0000			
5.5461			-45.1980			55.7470			16.0000			-104.0000			-237.0000			38.0000			
9.4811			-46.9226			52.9214			15.4000			-90.0000			-239.0000			37.0000			
14.5405			-50.3719			50.6609			14.8000			-77.0000			-238.0000			36.0000			
21.8484			-53.8212			48.9656			16.9000			-62.0000			-237.0000			33.0000			
28.5942			-58.4202			47.2702			17.4000			-45.0000			-234.0000			31.0000			
35.3400			-59.5700			40.4888			16.2000			-27.0000			-230.0000			28.0000			
37.5886			-59.5700			38.7934			16.8000			-8.0000			-223.0000			26.0000			
38.1508			-59.5700			39.9236			18.5000			8.0000			-217.0000			24.0000			
38.1508			-60.7197			39.9236			17.3000			22.0000			-210.0000			20.0000			
44.8966			-60.7197			33.7073			17.8000			37.0000			-202.0000			20.0000			
49.3938			-58.9951			26.3608			16.7000			50.0000			-194.0000			16.0000			
53.8910			-58.4202			21.2747			16.7000			63.0000			-185.0000			13.0000			
56.7017			-56.1207			16.7537			17.3000			79.0000			-174.0000			10.0000			
58.3882			-54.3961			13.3630			17.3000			95.0000			-163.0000			6.0000			
61.1989			-52.6714			8.2769			16.7000			108.0000			-149.0000			3.0000			
62.8854			-50.3719			4.8862			17.3000			119.0000			-135.0000			-1.0000			
66.8204			-48.6473			-1.3301			16.8000			129.0000			-120.0000			-3.0000			
69.6312			-45.1980			-8.1115			16.3000			138.0000			-105.0000			-7.0000			
73.5662			-38.8744			-17.1535			17.5000			146.0000			-87.0000			-11.0000			
75.2527			-35.4251			-21.6744			18.1000			155.0000			-68.0000			-17.0000			
76.3770			-36.0000			-23.3698			16.9000			163.0000			-49.0000			-19.0000			
75.2527			-37.7246			-22.8046			14.7000			171.0000			-30.0000			-23.0000			
76.3770			-35.4251			-24.5000			16.4000			177.0000			-13.0000			-25.0000			
76.3770			-28.5266			-32.4117			15.4000			180.0000			3.0000			-29.0000			
75.2527			-21.0531			-39.1931			15.0000			184.0000			19.0000			-32.0000			
74.1284			-15.3044			-42.5838			16.2000			186.0000			36.0000			-36.0000			
71.8798			-11.8551			-43.7141			16.3000			188.0000			57.0000			-39.0000			
69.6312			-8.4058			-47.1048			14.1000			189.0000			72.0000			-42.0000			
65.1340			-4.3817			-47.1048			13.6000			188.0000			90.0000			-45.0000			
61.1989			-0.9324			-47.1048			13.1000			184.0000			105.0000			-46.0000			
58.3882			5.3912			-51.0606			12.7000			180.0000			119.0000			-47.0000			
56.1396			12.8646			-57.2770			11.7000			173.0000			131.0000			-49.0000			
49.9559			21.4878			-60.6677			10.7000			164.0000			147.0000			-50.0000			
49.3938			23.7873			-61.2328			11.9000			155.0000			161.0000			-53.0000			
49.9559			22.6376			-61.2328			11.3000			146.0000			172.0000			-54.0000			
50.5181			22.0627			-62.3630			10.2000			137.0000			183.0000			-55.0000			
44.3344			27.8115			-61.7979			10.3000			127.0000			191.0000			-55.0000			
36.4643			32.9854			-61.2328			8.2000			117.0000			199.0000			-55.0000			
30.8428			39.3090			-60.6677			9.4000			105.0000			209.0000			-55.0000			
26.9078			42.7583			-61.2328			8.4000			94.0000			215.0000			-55.0000			
24.0970			44.4829			-60.1026			8.4000			80.0000			223.0000			-55.0000			
20.7241			45.0578			-58.4072			7.3000			67.0000			227.0000			-54.0000			
15.6648			46.7824			-55.0165			7.4000			54.0000			230.0000			-54.0000			
10.0433			49.6568			-52.7560			6.9000			40.0000			230.0000			-52.0000			
3.2975			53.6810			-51.0606			5.9000			24.0000			230.0000			-50.0000			
-3.4483			57.7051			-48.8002			5.4000			8.0000			226.0000			-47.0000			
-10.1941			58.8549			-43.1490			5.5000			-10.0000			221.0000			-45.0000			
-12.4427			58.2800			-40.3234			5.5000			-28.0000			215.0000			-42.0000			
-11.3184			59.4297			-40.8885			7.2000			-44.0000			209.0000			-39.0000			
-12.4427			60.0046			-40.8885			6.6000			-58.0000			203.0000			-37.0000			
-18.6264			61.7293			-36.3675			6.7000			-73.0000			196.0000			-35.0000			
-24.2479			59.4297			-28.4558			6.7000			-86.0000			188.0000			-33.0000			
-30.4315			58.8549			-22.2395			6.1000			-101.0000			180.0000			-29.0000			
-30.9937			55.9805			-17.1535			7.8000			-116.0000			167.0000			-25.0000			
-32.6801			53.6810			-14.8930			6.0000			-129.0000			156.0000			-21.0000			
-36.0530			52.5312			-9.2418			7.2000			-144.0000			141.0000			-18.0000			
-38.3016			50.2317			-4.7208			7.2000			-154.0000			128.0000			-15.0000			
-40.5502			48.5071			-0.7650			7.1000			-164.0000			114.0000			-11.0000			
-44.4853			44.4829			6.0165			6.0000			-173.0000			99.0000			-7.0000			
-48.4203			38.7341			15.0584			5.3000			-183.0000			81.0000			-4.0000			
-50.6689			35.2849			21.8398			6.4000			-192.0000			62.0000			1.0000			
-50.6689			37.0095			21.2747			7.6000			-201.0000			41.0000			5.0000			
-51.2311			37.5844			21.2747			7.6000			-209.0000			23.0000			8.0000			
-51.2311			35.2849			24.1003			8.1000			-213.0000			6.0000			11.0000			
-51.2311			28.9612			30.8817			8.6000			-217.0000			-9.0000			14.0000			
-50.1068			22.6376			37.0980			9.6000			-220.0000			-25.0000			18.0000			
-50.1068			16.8888			41.6190			8.3000			-223.0000			-43.0000			21.0000			
-47.8582			12.8646			43.3144			8.3000			-224.0000			-61.0000			23.0000			
-45.6096			9.9903			45.0097			9.3000			-226.0000			-79.0000			27.0000			
-40.5502			4.2415			45.5748			9.2000			-224.0000			-97.0000			28.0000			
-36.6152			1.3671			45.0097			9.7000			-221.0000			-111.0000			30.0000			
-33.8044			-5.5314			50.0958			10.7000			-216.0000			-125.0000			33.0000			
-31.5558			-12.4300			54.6168			10.6000			-209.0000			-139.0000			35.0000			
-25.9343			-21.6280			58.5726			11.0000			-200.0000			-153.0000			36.0000			
-25.9343			-23.9275			59.7028			9.8000			-191.0000			-167.0000			37.0000			
-25.9343			-22.2029			60.2680			12.1000			-182.0000			-180.0000			38.0000			
-25.9343			-22.7778			60.2680			11.5000			-172.0000			-190.0000			39.0000			
-20.3128			-28.5266			60.2680			11.4000			-163.0000			-199.0000			40.0000			
-13.5670			-33.7005			59.1377			11.8000			-153.0000			-209.0000			40.0000			
-6.2591			-39.4492			58.5726			12.8000			-142.0000			-216.0000			40.0000			
-3.4483			-44.0483			59.1377			11.6000			-129.0000			-224.0000			40.0000			
-0.6376			-44.6231			58.0075			12.7000			-116.0000			-230.0000			39.0000			
2.1732			-45.1980			55.7470			12.7000			-102.0000			-235.0000			40.0000			
7.7947			-46.9226			53.4865			14.3000			-89.0000			-238.0000			38.0000			
13.4162			-50.9468			50.6609			13.1000			-75.0000			-237.0000			37.0000			
20.7241			-54.3961			48.4004			14.7000			-60.0000			-237.0000			35.0000			
26.9078			-57.8453			46.7051			15.7000			-43.0000			-233.0000			31.0000			
32.5293			-58.9951			41.6190			15.1000			-25.0000			-228.0000			30.0000			
34.7779			-59.5700			39.9236			15.1000			-8.0000			-223.0000			27.0000			
34.7779			-59.5700			39.9236			15.1000			9.0000			-217.0000			25.0000			
36.4643			-60.1448			38.7934			15.1000			25.0000			-208.0000			23.0000			
42.6480			-61.8695			33.1422			13.9000			38.0000			-201.0000			20.0000			
47.1452			-58.9951			26.3608			14.5000			51.0000			-193.0000			19.0000			
52.7667			-58.9951			20.1445			13.9000			67.0000			-184.0000			14.0000			
53.8910			-55.5458			16.7537			15.1000			80.0000			-173.0000			11.0000			
56.1396			-54.3961			12.7979			14.5000			95.0000			-161.0000			6.0000			
59.5125			-52.0965			8.2769			15.6000			108.0000			-147.0000			3.0000			
60.0746			-50.3719			3.7560			13.4000			119.0000			-134.0000			1.0000			
63.4475			-49.2222			-1.3301			12.8000			130.0000			-121.0000			-2.0000			
67.3826			-45.7729			-8.6767			12.9000			138.0000			-106.0000			-6.0000			
70.1933			-38.8744			-18.8488			12.4000			146.0000			-88.0000			-12.0000			
73.0041			-35.4251			-23.3698			14.2000			156.0000			-68.0000			-16.0000			
73.0041			-36.0000			-23.3698			13.6000			166.0000			-49.0000			-20.0000			
74.1284			-38.2995			-23.3698			12.4000			172.0000			-30.0000			-22.0000			
74.1284			-35.4251			-25.6302			13.0000			178.0000			-14.0000			-24.0000			
74.1284			-29.1014			-33.5419			11.4000			181.0000			3.0000			-30.0000			
73.0041			-22.2029			-39.1931			11.6000			184.0000			19.0000			-32.0000			
71.8798			-15.8792			-43.7141			12.2000			186.0000			36.0000			-34.0000			
69.0690			-11.8551			-44.8443			12.3000			187.0000			55.0000			-38.0000			
67.3826			-10.1305			-45.9746			11.2000			188.0000			72.0000			-41.0000			
61.7611			-4.9566			-46.5397			10.2000			188.0000			90.0000			-43.0000			
58.3882			-0.3575			-48.2350			9.7000			185.0000			105.0000			-44.0000			
55.0153			5.3912			-52.1909			8.2000			180.0000			118.0000			-48.0000			
52.7667			13.4395			-56.1467			10.0000			173.0000			132.0000			-49.0000			
47.7073			20.9129			-58.9723			9.6000			164.0000			146.0000			-50.0000			
47.1452			23.7873			-61.7979			9.1000			154.0000			159.0000			-52.0000			
48.2695			22.0627			-61.7979			8.5000			145.0000			172.0000			-53.0000			
48.2695			22.6376			-62.3630			8.5000			137.0000			183.0000			-54.0000			
40.3994			28.3863			-61.7979			6.9000			127.0000			195.0000			-55.0000			
34.2157			34.1351			-61.2328			7.1000			116.0000			200.0000			-55.0000			
28.0321			39.3090			-60.1026			7.2000			104.0000			208.0000			-55.0000			
24.6592			43.3332			-60.6677			7.3000			93.0000			217.0000			-55.0000			
21.2863			44.4829			-60.1026			5.6000			79.0000			224.0000			-55.0000			
19.0377			45.6327			-57.2770			7.3000			65.0000			228.0000			-54.0000			
13.4162			46.7824			-55.0165			5.1000			52.0000			230.0000			-53.0000			
6.6704			50.2317			-52.7560			4.1000			39.0000			230.0000			-52.0000			
1.6110			54.2558			-51.0606			4.8000			23.0000			230.0000			-51.0000			
-6.2591			58.2800			-47.6699			4.3000			7.0000			227.0000			-49.0000			
-13.0049			58.8549			-42.0187			3.8000			-12.0000			221.0000			-44.0000			
-14.1292			58.8549			-41.4536			3.2000			-29.0000			215.0000			-43.0000			
-13.5670			59.4297			-40.8885			4.9000			-45.0000			208.0000			-41.0000			
-14.6913			60.0046			-40.8885			4.4000			-60.0000			202.0000			-38.0000			
-21.4371			61.1544			-34.6722			5.0000			-74.0000			195.0000			-35.0000			
-27.6208			58.8549			-27.8907			3.3000			-88.0000			187.0000			-31.0000			
-32.1180			58.2800			-21.1093			5.0000			-102.0000			179.0000			-28.0000			
-33.8044			55.4056			-17.7186			3.8000			-116.0000			167.0000			-24.0000			
-36.0530			53.1061			-14.3279			2.7000			-131.0000			155.0000			-21.0000			
-38.8638			51.9563			-8.6767			4.4000			-145.0000			141.0000			-17.0000			
-40.5502			49.0819			-4.7208			3.8000			-156.0000			127.0000			-14.0000			
-42.7988			48.5071			-0.7650			4.9000			-165.0000			114.0000			-10.0000			
-47.2960			45.0578			6.0165			3.7000			-174.0000			98.0000			-8.0000			
-50.6689			38.1593			15.6235			3.1000			-183.0000			80.0000			-3.0000			
-52.9175			34.1351			22.4049			3.6000			-193.0000			61.0000			1.0000			
-53.4796			35.8598			22.4049			4.7000			-203.0000			40.0000			5.0000			
-52.9175			38.1593			21.2747			6.5000			-209.0000			23.0000			8.0000			
-53.4796			35.8598			22.9700			5.3000			-212.0000			6.0000			12.0000			
-54.0418			28.9612			31.4468			6.3000			-217.0000			-10.0000			15.0000			
-52.9175			21.4878			37.0980			5.6000			-219.0000			-27.0000			18.0000			
-51.7932			15.7390			42.1841			6.1000			-223.0000			-44.0000			21.0000			
-50.1068			11.7149			44.4446			6.0000			-225.0000			-63.0000			24.0000			
-47.8582			9.4154			44.4446			6.0000			-226.0000			-81.0000			27.0000			
-43.3610			4.2415			46.1400			7.0000			-225.0000			-98.0000			28.0000			
-38.3016			-0.3575			46.1400			7.4000			-220.0000			-112.0000			31.0000			
-36.0530			-6.1063			49.5307			7.3000			-215.0000			-125.0000			33.0000			
-32.6801			-13.5797			54.0516			7.7000			-209.0000			-139.0000			35.0000			
-27.6208			-21.6280			58.5726			9.3000			-199.0000			-153.0000			36.0000			
-27.0586			-24.5024			60.8331			9.2000			-190.0000			-168.0000			37.0000			
-28.7451			-22.2029			59.7028			8.7000			-182.0000			-181.0000			38.0000			
-27.6208			-22.7778			60.2680			9.8000			-173.0000			-191.0000			40.0000			
-22.5614			-27.3768			59.1377			9.1000			-163.0000			-201.0000			40.0000			
-14.1292			-34.8502			58.5726			9.5000			-153.0000			-208.0000			41.0000			
-8.5077			-39.4492			58.0075			10.0000			-140.0000			-215.0000			41.0000			
-5.1348			-43.4734			59.1377			10.5000			-128.0000			-223.0000			41.0000			
-2.8862			-45.7729			58.5726			9.9000			-114.0000			-229.0000			41.0000			
-0.0754			-45.7729			56.3121			10.4000			-102.0000			-233.0000			40.0000			
5.5461			-46.9226			53.4865			12.1000			-88.0000			-236.0000			39.0000			
12.2919			-52.0965			50.6609			10.8000			-74.0000			-237.0000			37.0000			
17.3512			-53.8212			49.5307			13.0000			-59.0000			-236.0000			36.0000			
25.2213			-58.9951			46.1400			12.3000			-42.0000			-232.0000			32.0000			
30.2807			-59.5700			41.6190			12.3000			-23.0000			-228.0000			30.0000			
32.5293			-60.1448			39.9236			12.3000			-7.0000			-223.0000			27.0000			
33.0914			-60.1448			40.4888			13.4000			10.0000			-215.0000			25.0000			
34.2157			-61.2946			38.7934			11.7000			25.0000			-208.0000			23.0000			
40.3994			-61.2946			33.1422			12.2000			39.0000			-200.0000			22.0000			
46.0209			-59.5700			25.7956			12.2000			54.0000			-193.0000			19.0000			
49.3938			-57.8453			20.7096			12.2000			67.0000			-182.0000			15.0000			
51.6424			-55.5458			16.7537			12.8000			82.0000			-173.0000			11.0000			
53.8910			-54.3961			12.7979			12.2000			96.0000			-160.0000			7.0000			
56.7017			-53.2463			8.2769			11.7000			110.0000			-146.0000			4.0000			
58.3882			-50.3719			4.3211			12.3000			120.0000			-132.0000			1.0000			
61.7611			-48.6473			-1.8952			11.2000			131.0000			-118.0000			-1.0000			
65.6961			-45.1980			-8.1115			12.3000			139.0000			-103.0000			-5.0000			
67.9447			-38.8744			-18.2837			10.7000			149.0000			-85.0000			-10.0000			
70.1933			-35.4251			-22.8046			11.9000			157.0000			-65.0000			-14.0000			
71.3176			-36.5748			-22.2395			12.4000			165.0000			-46.0000			-18.0000			
71.8798			-38.2995			-21.6744			11.8000			174.0000			-28.0000			-22.0000			
71.8798			-34.8502			-25.6302			11.3000			177.0000			-11.0000			-24.0000			
71.8798			-27.9517			-32.9768			10.9000			182.0000			4.0000			-27.0000			
70.7555			-22.2029			-39.1931			9.3000			184.0000			22.0000			-31.0000			
69.0690			-16.4541			-43.1490			9.4000			187.0000			39.0000			-33.0000			
67.3826			-12.4300			-44.2792			10.6000			188.0000			57.0000			-37.0000			
65.6961			-9.5556			-45.4094			10.7000			189.0000			73.0000			-41.0000			
60.0746			-4.9566			-46.5397			8.5000			187.0000			91.0000			-43.0000			
55.0153			0.7922			-47.1048			8.7000			183.0000			106.0000			-45.0000			
53.8910			5.3912			-51.6258			7.6000			179.0000			121.0000			-46.0000			
50.5181			13.4395			-56.7118			7.2000			171.0000			134.0000			-47.0000			
44.8966			20.9129			-59.5374			6.2000			163.0000			148.0000			-50.0000			
44.8966			23.2124			-61.2328			6.8000			153.0000			162.0000			-51.0000			
46.0209			21.4878			-61.7979			5.7000			145.0000			174.0000			-52.0000			
44.8966			23.2124			-60.6677			7.4000			135.0000			185.0000			-54.0000			
38.1508			27.8115			-60.6677			5.3000			127.0000			193.0000			-54.0000			
31.4050			34.7100			-60.1026			6.0000			115.0000			203.0000			-54.0000			
25.7835			39.8839			-60.6677			5.0000			104.0000			211.0000			-56.0000			
22.4106			42.1834			-60.1026			4.4000			90.0000			217.0000			-54.0000			
19.5998			44.4829			-58.9723			5.1000			77.0000			224.0000			-55.0000			
15.6648			46.2076			-57.2770			4.5000			64.0000			227.0000			-55.0000			
11.1676			47.3573			-54.4514			4.0000			51.0000			230.0000			-52.0000			
4.9839			49.6568			-52.1909			2.4000			37.0000			230.0000			-50.0000			
-1.1997			53.6810			-49.3653			3.1000			22.0000			230.0000			-49.0000			
-9.0698			58.2800			-47.1048			2.0000			5.0000			226.0000			-47.0000			
-15.2535			57.7051			-42.0187			0.4000			-13.0000			221.0000			-44.0000			
-16.3778			58.8549			-40.3234			2.1000			-32.0000			214.0000			-41.0000			
-15.2535			58.8549			-39.1931			4.4000			-47.0000			208.0000			-38.0000			
-18.0642			60.5795			-39.7582			2.7000			-60.0000			202.0000			-35.0000			
-23.6857			61.1544			-34.6722			2.7000			-74.0000			194.0000			-33.0000			
-29.8694			58.8549			-26.7605			2.2000			-88.0000			188.0000			-30.0000			
-34.9287			57.7051			-21.1093			1.6000			-102.0000			178.0000			-26.0000			
-36.0530			55.4056			-17.1535			2.1000			-117.0000			167.0000			-23.0000			
-37.7395			53.6810			-13.1976			2.7000			-132.0000			154.0000			-20.0000			
-39.9881			51.9563			-8.1115			3.8000			-145.0000			140.0000			-16.0000			
-42.2367			49.6568			-4.7208			2.6000			-157.0000			127.0000			-14.0000			
-46.1717			47.3573			0.9304			2.1000			-166.0000			113.0000			-9.0000			
-50.1068			43.3332			7.7118			0.9000			-174.0000			97.0000			-6.0000			
-53.4796			37.5844			17.3189			1.4000			-184.0000			79.0000			-2.0000			
-54.0418			35.2849			21.2747			2.5000			-194.0000			59.0000			2.0000			
-55.7282			35.2849			21.8398			1.3000			-203.0000			39.0000			6.0000			
-55.7282			37.0095			21.8398			3.1000			-209.0000			21.0000			8.0000			
-55.7282			35.2849			26.3608			5.9000			-215.0000			4.0000			11.0000			
-55.7282			28.9612			30.8817			4.1000			-218.0000			-11.0000			15.0000			
-55.1661			21.4878			37.6632			3.9000			-220.0000			-27.0000			19.0000			
-53.4796			15.7390			42.1841			4.4000			-225.0000			-45.0000			21.0000			
-52.9175			11.7149			45.0097			3.8000			-225.0000			-65.0000			25.0000			
-50.6689			9.4154			46.1400			4.8000			-226.0000			-81.0000			27.0000			
-43.9231			4.8164			45.5748			6.4000			-225.0000			-98.0000			29.0000			
-40.5502			-0.3575			46.1400			5.2000			-222.0000			-113.0000			30.0000			
-37.7395			-6.6812			51.2260			6.8000			-216.0000			-127.0000			33.0000			
-34.9287			-13.5797			56.3121			7.8000			-208.0000			-140.0000			35.0000			
-29.8694			-22.2029			58.5726			6.5000			-199.0000			-154.0000			36.0000			
-28.7451			-23.9275			60.2680			7.5000			-191.0000			-168.0000			37.0000			
-30.4315			-21.6280			60.2680			8.2000			-181.0000			-180.0000			39.0000			
-29.3072			-22.7778			60.2680			8.1000			-172.0000			-192.0000			41.0000			
-23.6857			-29.6763			60.2680			6.9000			-161.0000			-201.0000			41.0000			
-16.3778			-35.4251			59.1377			7.3000			-152.0000			-208.0000			42.0000			
-10.1941			-40.5990			59.7028			8.9000			-141.0000			-215.0000			41.0000			
-7.3834			-44.6231			59.1377			7.1000			-128.0000			-223.0000			41.0000			
-4.5726			-45.1980			58.0075			8.2000			-114.0000			-229.0000			41.0000			
-0.0754			-46.3478			56.8772			10.4000			-101.0000			-234.0000			40.0000			
4.4218			-47.4975			53.4865			10.4000			-87.0000			-235.0000			39.0000			
11.1676			-51.5217			50.6609			10.2000			-74.0000			-236.0000			39.0000			
16.7891			-54.9709			48.9656			10.7000			-58.0000			-234.0000			37.0000			
23.5349			-58.9951			46.7051			11.2000			-41.0000			-232.0000			33.0000			
29.1564			-58.9951			41.0539			11.2000			-23.0000			-227.0000			30.0000			
31.4050			-59.5700			39.9236			11.7000			-3.0000			-221.0000			27.0000			
31.4050			-59.5700			39.9236			11.7000			11.0000			-214.0000			26.0000			
32.5293			-60.7197			39.3585			11.1000			25.0000			-207.0000			24.0000			
38.7129			-61.2946			33.1422			10.5000			40.0000			-198.0000			21.0000			
42.6480			-59.5700			26.3608			9.4000			54.0000			-191.0000			19.0000			
48.2695			-58.9951			20.7096			9.9000			68.0000			-181.0000			17.0000			
49.9559			-56.6956			16.1886			9.4000			82.0000			-170.0000			11.0000			
52.2045			-54.9709			12.2328			9.4000			96.0000			-159.0000			7.0000			
55.5774			-52.6714			7.7118			10.6000			109.0000			-146.0000			5.0000			
56.7017			-50.3719			3.7560			10.0000			121.0000			-132.0000			2.0000			
59.5125			-48.0724			-2.4603			8.9000			131.0000			-118.0000			-1.0000			
64.0097			-44.6231			-9.2418			10.1000			139.0000			-102.0000			-5.0000			
66.8204			-38.2995			-18.8488			9.6000			149.0000			-84.0000			-10.0000			
68.5069			-34.8502			-22.2395			11.4000			157.0000			-65.0000			-14.0000			
69.6312			-36.0000			-22.8046			10.8000			166.0000			-44.0000			-18.0000			
70.1933			-37.7246			-21.6744			10.7000			173.0000			-27.0000			-22.0000			
70.7555			-34.8502			-26.1954			9.7000			178.0000			-10.0000			-25.0000			
70.1933			-28.5266			-32.4117			9.2000			182.0000			7.0000			-26.0000			
68.5069			-21.6280			-39.1931			7.6000			183.0000			22.0000			-31.0000			
66.8204			-15.3044			-43.7141			7.8000			186.0000			40.0000			-33.0000			
65.6961			-11.8551			-45.4094			8.4000			188.0000			58.0000			-37.0000			
63.4475			-8.4058			-46.5397			8.4000			189.0000			76.0000			-40.0000			
58.3882			-4.9566			-46.5397			6.8000			187.0000			92.0000			-42.0000			
53.8910			-0.3575			-48.2350			5.3000			183.0000			108.0000			-44.0000			
51.6424			7.1159			-52.7560			6.0000			179.0000			121.0000			-45.0000			
48.8316			14.0144			-57.2770			5.5000			172.0000			135.0000			-48.0000			
43.2101			21.4878			-60.1026			4.5000			161.0000			150.0000			-49.0000			
43.2101			23.2124			-61.2328			5.1000			153.0000			162.0000			-50.0000			
44.8966			22.6376			-61.7979			5.7000			144.0000			175.0000			-53.0000			
42.6480			23.2124			-61.2328			4.6000			134.0000			185.0000			-53.0000			
36.4643			28.9612			-61.2328			4.1000			125.0000			196.0000			-54.0000			
28.5942			34.7100			-61.2328			2.0000			114.0000			203.0000			-55.0000			
24.0970			41.0337			-60.1026			5.0000			103.0000			211.0000			-55.0000			
19.5998			44.4829			-61.2328			2.8000			91.0000			217.0000			-54.0000			
17.9134			45.0578			-59.5374			3.4000			77.0000			223.0000			-53.0000			
13.4162			46.2076			-57.8421			1.7000			65.0000			229.0000			-53.0000			
8.9190			46.7824			-53.8862			1.8000			50.0000			232.0000			-53.0000			
3.2975			51.3815			-52.1909			2.4000			37.0000			232.0000			-51.0000			
-4.0105			54.8307			-50.4955			0.3000			20.0000			230.0000			-49.0000			
-10.7563			58.2800			-47.1048			0.4000			4.0000			227.0000			-46.0000			
-16.9399			58.8549			-41.4536			0.4000			-14.0000			221.0000			-43.0000			
-18.0642			59.4297			-39.1931			2.1000			-33.0000			214.0000			-41.0000			
-18.0642			58.8549			-39.1931			1.5000			-49.0000			207.0000			-38.0000			
-19.1885			60.5795			-40.3234			1.0000			-62.0000			202.0000			-37.0000			
-25.9343			60.5795			-34.1070			0.5000			-75.0000			195.0000			-33.0000			
-31.5558			58.8549			-26.1954			1.1000			-90.0000			187.0000			-30.0000			
-36.6152			57.1302			-19.9791			0.5000			-104.0000			177.0000			-27.0000			
-37.7395			55.4056			-16.5883			1.0000			-119.0000			165.0000			-23.0000			
-38.8638			53.6810			-13.1976			1.6000			-132.0000			154.0000			-20.0000			
-42.7988			52.5312			-8.6767			1.0000			-146.0000			140.0000			-17.0000			
-43.9231			49.6568			-3.5906			2.1000			-158.0000			127.0000			-13.0000			
-47.8582			48.5071			1.4955			2.1000			-167.0000			112.0000			-9.0000			
-51.7932			44.4829			8.8421			1.5000			-175.0000			96.0000			-5.0000			
-54.6039			37.5844			17.8840			0.8000			-185.0000			77.0000			-1.0000			
-56.2904			34.7100			22.4049			0.8000			-194.0000			59.0000			2.0000			
-57.4147			36.4346			21.8398			0.8000			-204.0000			39.0000			6.0000			
-57.9768			36.4346			22.9700			1.4000			-209.0000			20.0000			10.0000			
-57.4147			35.2849			24.1003			1.9000			-215.0000			4.0000			12.0000			
-57.4147			28.3863			32.0120			2.9000			-218.0000			-11.0000			15.0000			
-56.2904			20.9129			39.3585			3.9000			-221.0000			-28.0000			18.0000			
-55.1661			14.5893			43.3144			2.7000			-224.0000			-46.0000			21.0000			
-53.4796			11.7149			44.4446			2.6000			-226.0000			-65.0000			24.0000			
-50.6689			9.4154			45.5748			4.3000			-227.0000			-82.0000			26.0000			
-45.6096			3.6666			46.7051			4.7000			-225.0000			-99.0000			28.0000			
-42.2367			-0.3575			47.2702			4.6000			-223.0000			-114.0000			31.0000			
-39.9881			-7.2561			51.2260			3.9000			-217.0000			-127.0000			33.0000			
-36.0530			-14.1546			56.8772			6.6000			-209.0000			-141.0000			35.0000			
-30.9937			-22.2029			59.1377			5.9000			-200.0000			-155.0000			38.0000			
-31.5558			-23.9275			60.2680			4.7000			-191.0000			-168.0000			39.0000			
-32.6801			-22.2029			61.3982			6.5000			-181.0000			-181.0000			40.0000			
-30.4315			-23.3527			60.8331			7.0000			-172.0000			-192.0000			40.0000			
-25.3722			-29.1014			60.2680			5.7000			-162.0000			-201.0000			41.0000			
-17.5021			-35.4251			59.7028			6.7000			-152.0000			-208.0000			41.0000			
-11.8806			-40.5990			59.7028			7.2000			-140.0000			-216.0000			43.0000			
-7.3834			-44.0483			59.7028			8.2000			-128.0000			-223.0000			41.0000			
-5.1348			-45.1980			59.1377			8.8000			-113.0000			-230.0000			41.0000			
-1.7619			-45.7729			56.8772			9.3000			-101.0000			-234.0000			40.0000			
3.2975			-48.0724			53.4865			8.7000			-86.0000			-236.0000			40.0000			
8.9190			-51.5217			50.6609			8.0000			-73.0000			-235.0000			38.0000			
15.6648			-54.3961			48.9656			10.2000			-58.0000			-234.0000			36.0000			
22.4106			-58.9951			46.7051			10.1000			-41.0000			-232.0000			32.0000			
27.4699			-59.5700			41.6190			9.5000			-21.0000			-227.0000			30.0000			
30.2807			-60.1448			39.3585			9.4000			-4.0000			-220.0000			28.0000			
30.2807			-60.1448			39.9236			10.0000			11.0000			-214.0000			26.0000			
30.8428			-61.8695			38.7934			7.7000			26.0000			-207.0000			24.0000			
38.1508			-61.2946			32.5771			9.4000			40.0000			-198.0000			21.0000			
43.2101			-59.5700			26.3608			9.9000			54.0000			-191.0000			18.0000			
47.1452			-58.9951			20.7096			8.8000			69.0000			-181.0000			15.0000			
49.3938			-56.1207			16.1886			9.4000			82.0000			-170.0000			12.0000			
51.6424			-54.3961			12.2328			9.4000			96.0000			-158.0000			8.0000			
53.8910			-52.6714			7.7118			8.9000			110.0000			-145.0000			4.0000			
55.5774			-50.3719			3.1909			8.3000			121.0000			-130.0000			2.0000			
58.3882			-48.6473			-1.8952			7.8000			131.0000			-117.0000			-1.0000			
62.8854			-44.6231			-8.6767			9.5000			140.0000			-100.0000			-6.0000			
66.2583			-37.7246			-18.8488			9.6000			149.0000			-82.0000			-11.0000			
67.3826			-36.5748			-22.2395			8.5000			158.0000			-63.0000			-15.0000			
68.5069			-36.0000			-22.2395			10.2000			165.0000			-45.0000			-18.0000			
68.5069			-38.2995			-22.2395			7.9000			173.0000			-26.0000			-21.0000			
69.0690			-34.8502			-27.3256			6.8000			177.0000			-9.0000			-24.0000			
68.5069			-27.3768			-33.5419			7.5000			182.0000			7.0000			-27.0000			
67.3826			-21.0531			-39.1931			7.1000			185.0000			24.0000			-29.0000			
66.8204			-15.3044			-43.1490			8.3000			187.0000			41.0000			-34.0000			
64.0097			-11.8551			-44.2792			7.8000			187.0000			59.0000			-38.0000			
61.1989			-8.4058			-45.9746			6.8000			188.0000			76.0000			-41.0000			
56.1396			-3.8068			-46.5397			5.7000			187.0000			93.0000			-43.0000			
53.3288			0.7922			-48.8002			5.3000			183.0000			108.0000			-44.0000			
49.3938			7.1159			-52.7560			3.7000			178.0000			122.0000			-45.0000			
47.1452			14.0144			-57.2770			3.8000			171.0000			135.0000			-48.0000			
42.0858			22.0627			-59.5374			4.6000			160.0000			151.0000			-49.0000			
42.0858			22.6376			-61.2328			3.4000			151.0000			163.0000			-51.0000			
43.7723			22.0627			-61.7979			4.0000			142.0000			175.0000			-53.0000			
40.9615			23.7873			-61.2328			3.5000			133.0000			186.0000			-54.0000			
34.2157			30.1110			-61.2328			3.0000			124.0000			194.0000			-54.0000			
27.4699			34.7100			-59.5374			2.6000			113.0000			204.0000			-54.0000			
22.4106			41.6085			-60.6677			3.3000			102.0000			211.0000			-55.0000			
18.4755			43.3332			-58.9723			2.8000			89.0000			219.0000			-55.0000			
15.6648			44.4829			-58.9723			1.1000			76.0000			225.0000			-54.0000			
12.2919			44.4829			-57.2770			-0.4000			63.0000			228.0000			-53.0000			
6.1082			47.9322			-53.8862			0.1000			49.0000			231.0000			-52.0000			
0.4867			51.3815			-50.4955			1.3000			36.0000			231.0000			-51.0000			
-5.6969			54.2558			-49.9304			-1.3000			20.0000			228.0000			-49.0000			
-13.0049			58.2800			-46.5397			-1.2000			2.0000			225.0000			-46.0000			
-19.1885			59.4297			-41.4536			-1.2000			-16.0000			221.0000			-44.0000			
-19.7507			58.8549			-40.3234			-1.2000			-34.0000			213.0000			-41.0000			
-18.6264			58.8549			-40.8885			-0.6000			-50.0000			207.0000			-39.0000			
-21.4371			60.5795			-38.6280			0.5000			-64.0000			200.0000			-36.0000			
-27.6208			61.1544			-34.1070			-0.5000			-77.0000			195.0000			-33.0000			
-33.8044			58.8549			-26.1954			-1.1000			-89.0000			186.0000			-30.0000			
-37.7395			57.1302			-21.1093			-1.7000			-105.0000			176.0000			-26.0000			
-39.9881			54.2558			-16.0232			-1.7000			-120.0000			165.0000			-24.0000			
-41.1124			53.6810			-12.6325			0.0000			-134.0000			152.0000			-20.0000			
-43.9231			50.8066			-8.1115			-1.2000			-147.0000			139.0000			-17.0000			
-46.7339			49.6568			-3.5906			-0.6000			-159.0000			126.0000			-12.0000			
-48.9825			48.5071			0.9304			0.4000			-168.0000			112.0000			-10.0000			
-52.9175			44.4829			8.8421			0.4000			-177.0000			96.0000			-5.0000			
-56.2904			37.5844			17.8840			-0.8000			-185.0000			77.0000			-2.0000			
-58.5390			34.1351			22.9700			-1.4000			-196.0000			57.0000			2.0000			
-57.9768			36.4346			22.4049			0.8000			-204.0000			38.0000			6.0000			
-58.5390			37.0095			22.4049			0.8000			-211.0000			19.0000			8.0000			
-59.1011			34.7100			25.2305			0.8000			-215.0000			3.0000			12.0000			
-58.5390			27.8115			31.4468			0.7000			-218.0000			-12.0000			15.0000			
-57.4147			20.3381			38.7934			1.7000			-221.0000			-28.0000			19.0000			
-56.8525			14.0144			43.8795			1.0000			-224.0000			-46.0000			22.0000			
-54.6039			11.1400			45.5748			2.1000			-225.0000			-66.0000			25.0000			
-52.3554			8.2656			45.0097			0.9000			-226.0000			-82.0000			27.0000			
-46.1717			4.2415			45.5748			3.6000			-224.0000			-99.0000			29.0000			
-43.9231			-1.5073			47.8353			2.4000			-222.0000			-114.0000			32.0000			
-40.5502			-7.2561			52.3563			4.5000			-214.0000			-129.0000			31.0000			
-38.3016			-15.3044			56.8772			3.2000			-208.0000			-141.0000			34.0000			
-32.1180			-22.7778			58.5726			3.6000			-197.0000			-156.0000			36.0000			
-31.5558			-24.5024			60.2680			4.2000			-189.0000			-170.0000			38.0000			
-33.2423			-22.2029			60.8331			5.3000			-180.0000			-182.0000			39.0000			
-31.5558			-23.3527			61.3982			6.4000			-171.0000			-193.0000			41.0000			
-25.9343			-29.1014			60.2680			5.2000			-160.0000			-201.0000			42.0000			
-18.6264			-35.4251			59.1377			5.0000			-150.0000			-209.0000			41.0000			
-12.4427			-42.3236			59.7028			4.9000			-139.0000			-217.0000			42.0000			
-9.6320			-44.0483			60.2680			6.5000			-127.0000			-223.0000			42.0000			
-6.2591			-45.7729			58.5726			6.5000			-113.0000			-229.0000			42.0000			
-2.3240			-46.3478			55.7470			7.0000			-98.0000			-234.0000			40.0000			
2.1732			-48.0724			52.9214			7.0000			-86.0000			-236.0000			40.0000			
7.7947			-52.0965			50.6609			6.3000			-70.0000			-235.0000			37.0000			
13.4162			-56.1207			48.9656			6.2000			-57.0000			-234.0000			35.0000			
21.8484			-59.5700			46.7051			8.9000			-39.0000			-231.0000			32.0000			
28.0321			-60.1448			40.4888			8.3000			-21.0000			-226.0000			30.0000			
28.5942			-60.1448			39.9236			8.3000			-1.0000			-220.0000			28.0000			
29.1564			-60.1448			40.4888			9.4000			13.0000			-213.0000			26.0000			
30.8428			-61.2946			39.3585			8.9000			27.0000			-206.0000			23.0000			
37.0265			-61.8695			32.0120			7.1000			42.0000			-198.0000			22.0000			
42.0858			-58.9951			25.2305			8.3000			54.0000			-190.0000			17.0000			
46.0209			-57.8453			20.1445			8.3000			70.0000			-180.0000			15.0000			
48.2695			-55.5458			15.6235			8.3000			84.0000			-169.0000			12.0000			
50.5181			-54.9709			12.2328			7.7000			98.0000			-158.0000			8.0000			
53.3288			-52.6714			7.7118			8.3000			111.0000			-145.0000			5.0000			
55.0153			-50.3719			3.1909			7.8000			123.0000			-130.0000			2.0000			
58.3882			-48.0724			-3.0255			7.2000			132.0000			-115.0000			-3.0000			
61.7611			-45.1980			-9.8069			6.7000			141.0000			-100.0000			-5.0000			
65.1340			-37.1497			-19.4139			8.5000			150.0000			-82.0000			-10.0000			
66.8204			-34.8502			-23.3698			8.5000			159.0000			-61.0000			-16.0000			
66.8204			-36.0000			-21.6744			9.1000			167.0000			-42.0000			-17.0000			
67.3826			-38.2995			-22.2395			6.8000			172.0000			-25.0000			-21.0000			
67.3826			-34.8502			-27.8907			4.6000			178.0000			-8.0000			-25.0000			
67.3826			-27.9517			-34.1070			5.3000			182.0000			8.0000			-27.0000			
66.2583			-21.0531			-39.1931			6.0000			185.0000			24.0000			-30.0000			
64.5718			-14.7295			-43.7141			6.1000			187.0000			42.0000			-34.0000			
62.8854			-10.7053			-45.4094			6.7000			188.0000			60.0000			-38.0000			
60.6368			-8.4058			-45.9746			6.2000			188.0000			78.0000			-39.0000			
53.8910			-4.3817			-45.4094			4.0000			186.0000			93.0000			-43.0000			
50.5181			1.3671			-48.2350			3.6000			183.0000			109.0000			-43.0000			
48.8316			7.1159			-53.3211			2.6000			178.0000			123.0000			-46.0000			
46.0209			14.0144			-57.8421			2.1000			170.0000			136.0000			-47.0000			
40.3994			23.2124			-60.1026			3.5000			162.0000			151.0000			-50.0000			
40.3994			23.2124			-61.7979			1.8000			151.0000			165.0000			-51.0000			
42.6480			22.0627			-61.7979			2.9000			142.0000			178.0000			-53.0000			
39.8372			23.7873			-62.3630			1.2000			133.0000			187.0000			-53.0000			
32.5293			29.5361			-61.7979			0.2000			124.0000			195.0000			-54.0000			
26.3456			35.2849			-60.6677			0.9000			113.0000			203.0000			-55.0000			
20.1620			42.1834			-60.1026			2.2000			99.0000			211.0000			-56.0000			
16.7891			44.4829			-60.6677			0.6000			89.0000			218.0000			-55.0000			
14.5405			45.0578			-59.5374			0.0000			75.0000			223.0000			-54.0000			
10.6054			46.7824			-57.2770			0.1000			63.0000			228.0000			-53.0000			
5.5461			47.9322			-53.8862			-0.4000			47.0000			231.0000			-52.0000			
-0.6376			51.3815			-52.1909			-1.4000			34.0000			231.0000			-50.0000			
-7.3834			55.4056			-50.4955			-2.4000			19.0000			229.0000			-49.0000			
-14.1292			59.4297			-46.5397			-1.2000			2.0000			227.0000			-46.0000			
-19.7507			59.4297			-40.8885			-1.2000			-17.0000			220.0000			-43.0000			
-20.8750			58.8549			-40.8885			-2.9000			-35.0000			214.0000			-40.0000			
-19.7507			59.4297			-40.8885			-1.2000			-50.0000			207.0000			-39.0000			
-23.6857			60.5795			-38.6280			-1.7000			-65.0000			199.0000			-37.0000			
-30.4315			60.0046			-30.7163			-1.1000			-79.0000			192.0000			-33.0000			
-34.3666			59.4297			-26.7605			-1.7000			-91.0000			185.0000			-29.0000			
-39.4259			58.2800			-21.1093			-2.2000			-106.0000			175.0000			-27.0000			
-41.1124			54.2558			-15.4581			-2.3000			-122.0000			165.0000			-23.0000			
-43.9231			53.1061			-12.0674			-2.8000			-136.0000			152.0000			-19.0000			
-44.4853			51.3815			-8.1115			-1.2000			-149.0000			139.0000			-15.0000			
-47.2960			49.6568			-3.5906			-1.2000			-158.0000			124.0000			-12.0000			
-51.7932			47.9322			2.6257			-1.2000			-169.0000			110.0000			-10.0000			
-54.0418			44.4829			8.8421			-0.7000			-177.0000			94.0000			-6.0000			
-57.4147			37.5844			19.0142			-0.8000			-186.0000			75.0000			-1.0000			
-59.1011			34.7100			22.9700			-1.4000			-196.0000			55.0000			3.0000			
-59.6633			35.8598			22.4049			-1.4000			-204.0000			35.0000			6.0000			
-60.2254			37.0095			22.4049			-0.8000			-210.0000			19.0000			8.0000			
-59.6633			35.2849			25.7956			1.4000			-213.0000			2.0000			12.0000			
-59.1011			27.2366			33.1422			1.2000			-218.0000			-14.0000			15.0000			
-59.6633			19.7632			39.9236			0.0000			-220.0000			-31.0000			19.0000			
-57.9768			14.0144			45.0097			1.0000			-223.0000			-49.0000			22.0000			
-55.7282			11.1400			45.0097			0.4000			-225.0000			-67.0000			25.0000			
-54.0418			9.4154			45.5748			0.9000			-225.0000			-85.0000			27.0000			
-47.2960			4.2415			44.4446			1.3000			-224.0000			-101.0000			29.0000			
-43.9231			-2.0822			47.8353			1.8000			-220.0000			-116.0000			32.0000			
-41.6745			-8.9807			52.9214			2.2000			-214.0000			-130.0000			33.0000			
-38.3016			-16.4541			56.8772			2.1000			-206.0000			-142.0000			34.0000			
-33.2423			-22.2029			59.1377			3.6000			-196.0000			-157.0000			36.0000			
-33.8044			-23.9275			60.8331			3.1000			-187.0000			-170.0000			38.0000			
-35.4909			-21.6280			60.2680			3.1000			-178.0000			-182.0000			39.0000			
-32.6801			-23.9275			60.2680			3.6000			-170.0000			-193.0000			40.0000			
-25.3722			-30.2512			60.2680			4.6000			-161.0000			-201.0000			41.0000			
-18.6264			-36.5748			59.7028			4.5000			-150.0000			-210.0000			41.0000			
-13.5670			-41.1739			59.7028			4.9000			-138.0000			-218.0000			42.0000			
-9.6320			-44.0483			59.1377			5.4000			-124.0000			-225.0000			41.0000			
-7.9455			-45.1980			58.0075			4.8000			-112.0000			-230.0000			42.0000			
-3.4483			-46.3478			55.7470			5.9000			-97.0000			-234.0000			41.0000			
2.1732			-48.6473			52.9214			6.4000			-85.0000			-237.0000			40.0000			
8.3568			-52.6714			51.2260			6.9000			-70.0000			-236.0000			37.0000			
13.4162			-55.5458			48.9656			6.8000			-54.0000			-235.0000			36.0000			
21.8484			-58.9951			46.1400			8.9000			-37.0000			-231.0000			33.0000			
26.3456			-59.5700			42.1841			8.9000			-20.0000			-225.0000			29.0000			
27.4699			-59.5700			39.9236			7.8000			-2.0000			-219.0000			28.0000			
26.9078			-59.5700			39.9236			7.2000			15.0000			-213.0000			26.0000			
29.7185			-61.2946			38.2283			6.6000			29.0000			-205.0000			23.0000			
36.4643			-61.2946			31.4468			6.6000			42.0000			-197.0000			21.0000			
41.5237			-60.1448			25.2305			6.6000			56.0000			-189.0000			19.0000			
44.8966			-57.8453			20.1445			7.1000			70.0000			-179.0000			14.0000			
47.7073			-55.5458			15.0584			7.2000			85.0000			-168.0000			11.0000			
49.9559			-54.3961			11.6677			7.2000			99.0000			-156.0000			8.0000			
52.2045			-52.0965			7.7118			7.8000			112.0000			-141.0000			4.0000			
53.8910			-50.3719			3.1909			6.7000			123.0000			-129.0000			-1.0000			
57.2639			-46.9226			-3.0255			7.3000			133.0000			-114.0000			-2.0000			
61.1989			-44.6231			-9.8069			6.7000			141.0000			-98.0000			-6.0000			
64.0097			-37.7246			-19.4139			6.8000			151.0000			-80.0000			-11.0000			
65.6961			-35.4251			-23.3698			6.8000			159.0000			-60.0000			-15.0000			
66.2583			-36.5748			-22.8046			6.8000			168.0000			-41.0000			-19.0000			
66.8204			-37.7246			-22.2395			6.8000			174.0000			-24.0000			-22.0000			
66.8204			-34.8502			-26.7605			5.2000			179.0000			-7.0000			-25.0000			
66.8204			-27.3768			-34.6722			4.7000			183.0000			8.0000			-27.0000			
65.1340			-20.4783			-39.1931			5.4000			185.0000			26.0000			-31.0000			
63.4475			-14.7295			-43.7141			4.9000			188.0000			43.0000			-34.0000			
61.1989			-11.8551			-45.4094			3.9000			188.0000			61.0000			-38.0000			
58.9503			-8.4058			-45.9746			4.5000			189.0000			79.0000			-41.0000			
53.3288			-4.3817			-45.9746			2.9000			187.0000			95.0000			-42.0000			
49.3938			1.3671			-48.2350			2.5000			183.0000			109.0000			-45.0000			
47.1452			7.6907			-52.7560			2.0000			178.0000			123.0000			-46.0000			
44.3344			14.5893			-58.4072			0.5000			170.0000			139.0000			-48.0000			
39.8372			21.4878			-59.5374			1.7000			159.0000			151.0000			-49.0000			
39.2751			23.2124			-60.6677			1.8000			151.0000			165.0000			-51.0000			
40.3994			22.0627			-61.2328			1.2000			143.0000			177.0000			-52.0000			
38.7129			23.7873			-61.7979			0.7000			133.0000			187.0000			-54.0000			
31.9671			29.5361			-60.1026			1.3000			123.0000			196.0000			-54.0000			
24.6592			35.2849			-60.6677			-0.7000			111.0000			204.0000			-54.0000			
19.0377			41.6085			-60.6677			0.0000			101.0000			212.0000			-55.0000			
16.2269			43.9080			-59.5374			0.5000			88.0000			219.0000			-55.0000			
13.4162			44.4829			-57.2770			0.6000			75.0000			226.0000			-54.0000			
9.4811			46.2076			-57.8421			-2.1000			62.0000			229.0000			-52.0000			
4.4218			47.3573			-53.3211			-1.5000			47.0000			229.0000			-51.0000			
-2.8862			50.8066			-51.0606			-3.1000			33.0000			231.0000			-51.0000			
-7.9455			55.4056			-50.4955			-3.0000			18.0000			229.0000			-49.0000			
-16.3778			58.2800			-46.5397			-4.6000			-1.0000			225.0000			-46.0000			
-20.8750			59.4297			-40.8885			-2.3000			-17.0000			219.0000			-43.0000			
-21.4371			60.0046			-40.3234			-1.7000			-36.0000			213.0000			-41.0000			
-20.8750			59.4297			-41.4536			-2.9000			-51.0000			206.0000			-38.0000			
-24.8100			60.5795			-36.3675			-0.6000			-65.0000			199.0000			-35.0000			
-29.8694			60.5795			-32.4117			-1.7000			-79.0000			192.0000			-33.0000			
-36.0530			58.8549			-26.7605			-3.9000			-92.0000			184.0000			-30.0000			
-39.4259			57.7051			-21.1093			-2.8000			-107.0000			175.0000			-27.0000			
-41.6745			54.2558			-14.8930			-2.3000			-121.0000			162.0000			-23.0000			
-44.4853			53.6810			-12.0674			-2.8000			-137.0000			151.0000			-20.0000			
-46.1717			51.3815			-8.1115			-2.9000			-149.0000			137.0000			-16.0000			
-47.8582			49.6568			-4.1557			-2.3000			-160.0000			123.0000			-13.0000			
-51.2311			47.3573			2.0606			-1.8000			-169.0000			109.0000			-10.0000			
-56.2904			44.4829			8.8421			-2.9000			-177.0000			92.0000			-6.0000			
-58.5390			37.5844			19.0142			-1.9000			-188.0000			74.0000			-1.0000			
-59.6633			35.2849			21.8398			-2.5000			-196.0000			54.0000			3.0000			
-60.7876			36.4346			21.8398			-2.5000			-205.0000			35.0000			6.0000			
-60.2254			37.5844			22.4049			-0.2000			-211.0000			16.0000			9.0000			
-60.7876			34.7100			25.2305			-0.8000			-215.0000			0.0000			13.0000			
-60.2254			26.6617			32.5771			-0.9000			-217.0000			-15.0000			16.0000			
-59.6633			19.7632			38.7934			-1.1000			-220.0000			-32.0000			18.0000			
-58.5390			14.0144			43.8795			-0.6000			-223.0000			-49.0000			22.0000			
-56.8525			11.1400			45.5748			-0.1000			-225.0000			-68.0000			26.0000			
-53.4796			9.4154			45.0097			0.9000			-225.0000			-85.0000			27.0000			
-47.2960			3.6666			46.1400			2.5000			-223.0000			-101.0000			31.0000			
-45.0474			-2.0822			47.8353			0.7000			-219.0000			-117.0000			32.0000			
-41.6745			-8.9807			52.9214			2.2000			-213.0000			-130.0000			33.0000			
-38.8638			-15.8792			58.0075			3.2000			-206.0000			-145.0000			35.0000			
-34.3666			-22.7778			59.1377			1.9000			-196.0000			-157.0000			36.0000			
-33.8044			-23.3527			61.3982			4.2000			-187.0000			-171.0000			37.0000			
-35.4909			-21.6280			60.2680			3.1000			-178.0000			-183.0000			41.0000			
-33.8044			-24.5024			60.2680			1.9000			-169.0000			-193.0000			41.0000			
-25.9343			-29.6763			59.7028			4.0000			-159.0000			-202.0000			41.0000			
-18.6264			-36.0000			59.1377			4.5000			-148.0000			-210.0000			42.0000			
-14.1292			-41.1739			60.2680			4.9000			-136.0000			-217.0000			42.0000			
-10.1941			-44.0483			59.1377			4.8000			-124.0000			-224.0000			42.0000			
-8.5077			-45.1980			58.0075			4.3000			-110.0000			-231.0000			42.0000			
-3.4483			-46.3478			55.1819			5.3000			-97.0000			-234.0000			41.0000			
0.4867			-48.0724			52.9214			5.3000			-82.0000			-236.0000			39.0000			
7.7947			-52.0965			49.5307			5.2000			-68.0000			-236.0000			38.0000			
13.4162			-56.1207			47.8353			5.1000			-52.0000			-234.0000			35.0000			
21.2863			-58.9951			45.5748			7.8000			-35.0000			-231.0000			32.0000			
25.7835			-58.9951			41.0539			7.8000			-17.0000			-225.0000			30.0000			
26.9078			-60.1448			38.7934			5.5000			-1.0000			-219.0000			29.0000			
26.9078			-60.1448			39.9236			6.6000			16.0000			-211.0000			26.0000			
30.2807			-61.2946			38.2283			7.2000			30.0000			-205.0000			24.0000			
35.3400			-60.7197			30.3166			4.9000			43.0000			-197.0000			21.0000			
40.9615			-59.5700			24.6654			6.0000			57.0000			-189.0000			18.0000			
44.8966			-57.8453			19.5793			6.6000			72.0000			-180.0000			14.0000			
46.5830			-55.5458			15.0584			6.0000			87.0000			-168.0000			11.0000			
48.8316			-53.8212			11.6677			6.6000			101.0000			-155.0000			7.0000			
50.5181			-52.0965			7.7118			6.1000			114.0000			-141.0000			3.0000			
52.7667			-50.3719			2.0606			4.4000			123.0000			-128.0000			1.0000			
56.1396			-47.4975			-3.5906			5.0000			133.0000			-113.0000			-4.0000			
60.0746			-43.4734			-10.3720			6.2000			143.0000			-98.0000			-6.0000			
64.0097			-37.7246			-21.1093			5.1000			151.0000			-78.0000			-11.0000			
65.1340			-35.4251			-22.8046			6.9000			160.0000			-59.0000			-15.0000			
65.6961			-36.0000			-22.2395			7.4000			168.0000			-40.0000			-18.0000			
65.1340			-37.7246			-21.6744			5.7000			175.0000			-22.0000			-21.0000			
66.2583			-34.2753			-26.7605			5.2000			179.0000			-6.0000			-24.0000			
65.1340			-26.2270			-35.2373			3.6000			182.0000			10.0000			-29.0000			
65.1340			-19.9034			-40.3234			4.9000			186.0000			28.0000			-31.0000			
62.3232			-14.7295			-43.7141			3.8000			187.0000			45.0000			-35.0000			
60.6368			-10.7053			-44.8443			5.0000			188.0000			63.0000			-38.0000			
56.7017			-8.4058			-45.4094			2.8000			189.0000			80.0000			-40.0000			
52.2045			-3.8068			-44.8443			3.5000			187.0000			96.0000			-44.0000			
49.3938			1.3671			-48.2350			2.5000			183.0000			112.0000			-45.0000			
46.0209			8.8405			-53.3211			1.5000			177.0000			125.0000			-46.0000			
43.2101			15.7390			-57.8421			1.0000			169.0000			138.0000			-48.0000			
38.1508			22.0627			-59.5374			0.6000			160.0000			153.0000			-50.0000			
38.7129			22.0627			-61.2328			-0.4000			151.0000			165.0000			-51.0000			
39.8372			22.0627			-61.2328			0.6000			141.0000			178.0000			-53.0000			
37.5886			23.7873			-61.2328			0.1000			133.0000			188.0000			-54.0000			
30.2807			30.6859			-60.6677			0.3000			124.0000			197.0000			-54.0000			
23.5349			37.0095			-59.5374			1.0000			111.0000			204.0000			-55.0000			
18.4755			41.6085			-60.1026			0.0000			99.0000			212.0000			-55.0000			
15.1026			43.9080			-58.9723			0.0000			87.0000			219.0000			-55.0000			
11.7297			45.0578			-58.4072			-1.6000			73.0000			225.0000			-55.0000			
7.7947			46.7824			-56.1467			-1.5000			59.0000			228.0000			-55.0000			
3.2975			47.9322			-53.3211			-2.0000			47.0000			230.0000			-52.0000			
-2.3240			51.3815			-51.6258			-2.5000			33.0000			230.0000			-50.0000			
-9.6320			55.9805			-49.9304			-3.5000			17.0000			229.0000			-49.0000			
-18.0642			60.0046			-45.4094			-3.4000			-1.0000			225.0000			-46.0000			
-21.4371			59.4297			-41.4536			-3.4000			-18.0000			220.0000			-44.0000			
-22.5614			58.8549			-40.3234			-4.0000			-37.0000			213.0000			-41.0000			
-21.9993			58.8549			-39.1931			-2.3000			-51.0000			206.0000			-38.0000			
-25.9343			61.7293			-39.1931			-3.4000			-66.0000			199.0000			-35.0000			
-31.5558			60.5795			-32.4117			-3.3000			-79.0000			194.0000			-33.0000			
-37.1773			60.0046			-25.6302			-2.8000			-93.0000			186.0000			-30.0000			
-41.1124			57.1302			-18.8488			-2.8000			-108.0000			174.0000			-26.0000			
-42.2367			54.8307			-16.0232			-3.4000			-123.0000			163.0000			-23.0000			
-44.4853			53.6810			-12.0674			-2.8000			-137.0000			150.0000			-20.0000			
-46.7339			51.9563			-6.9813			-1.7000			-149.0000			136.0000			-16.0000			
-48.4203			49.6568			-4.1557			-2.9000			-160.0000			124.0000			-13.0000			
-52.3554			47.3573			3.1909			-1.8000			-169.0000			108.0000			-9.0000			
-55.7282			43.9080			9.9723			-1.8000			-178.0000			93.0000			-6.0000			
-59.6633			36.4346			19.5793			-3.6000			-187.0000			74.0000			-1.0000			
-60.2254			35.2849			21.8398			-3.1000			-197.0000			54.0000			4.0000			
-60.7876			36.4346			22.4049			-1.9000			-204.0000			33.0000			6.0000			
-60.7876			37.5844			21.8398			-1.3000			-211.0000			16.0000			9.0000			
-62.4740			33.5602			26.9259			-1.9000			-216.0000			-1.0000			12.0000			
-60.7876			26.0868			34.2724			-0.4000			-218.0000			-17.0000			16.0000			
-59.6633			19.7632			38.7934			-1.1000			-220.0000			-33.0000			18.0000			
-59.1011			14.0144			43.3144			-1.7000			-222.0000			-50.0000			22.0000			
-56.2904			11.7149			45.0097			0.4000			-223.0000			-69.0000			25.0000			
-54.0418			7.6907			45.5748			-0.7000			-225.0000			-86.0000			28.0000			
-48.4203			3.0917			45.0097			-0.3000			-222.0000			-102.0000			30.0000			
-45.6096			-1.5073			48.4004			1.2000			-219.0000			-117.0000			31.0000			
-42.2367			-8.4058			52.3563			1.7000			-213.0000			-131.0000			34.0000			
-39.4259			-15.3044			57.4424			2.7000			-205.0000			-144.0000			36.0000			
-34.3666			-22.7778			59.7028			2.5000			-195.0000			-158.0000			37.0000			
-34.9287			-22.7778			60.2680			2.5000			-186.0000			-172.0000			39.0000			
-36.0530			-21.6280			60.2680			2.5000			-177.0000			-184.0000			39.0000			
-33.8044			-23.3527			60.2680			3.1000			-168.0000			-194.0000			41.0000			
-27.0586			-29.6763			59.1377			2.4000			-158.0000			-202.0000			41.0000			
-19.7507			-36.0000			58.5726			2.8000			-148.0000			-210.0000			41.0000			
-14.1292			-41.1739			59.7028			4.4000			-136.0000			-218.0000			42.0000			
-10.7563			-44.6231			59.7028			4.3000			-124.0000			-225.0000			42.0000			
-9.0698			-44.6231			58.0075			4.3000			-109.0000			-230.0000			42.0000			
-4.5726			-45.7729			55.1819			4.8000			-96.0000			-235.0000			41.0000			
0.4867			-48.0724			52.9214			5.3000			-82.0000			-236.0000			40.0000			
7.2325			-51.5217			50.0958			5.8000			-68.0000			-236.0000			38.0000			
13.4162			-55.5458			47.8353			5.7000			-52.0000			-233.0000			36.0000			
20.7241			-58.4202			45.0097			7.3000			-34.0000			-230.0000			34.0000			
25.2213			-58.9951			41.0539			7.2000			-16.0000			-226.0000			30.0000			
25.7835			-58.9951			39.3585			6.1000			-1.0000			-218.0000			27.0000			
25.7835			-59.5700			40.4888			6.6000			16.0000			-212.0000			24.0000			
29.1564			-61.2946			37.6632			5.5000			31.0000			-204.0000			23.0000			
34.2157			-60.1448			30.3166			4.3000			45.0000			-196.0000			21.0000			
39.8372			-58.9951			24.6654			5.5000			59.0000			-188.0000			18.0000			
43.2101			-56.6956			19.5793			6.0000			74.0000			-179.0000			15.0000			
46.0209			-54.9709			15.0584			6.1000			87.0000			-167.0000			11.0000			
48.8316			-53.2463			11.6677			7.2000			102.0000			-155.0000			8.0000			
49.3938			-50.9468			6.0165			4.4000			114.0000			-141.0000			4.0000			
52.7667			-49.7970			2.6257			5.5000			124.0000			-127.0000			2.0000			
55.0153			-47.4975			-3.5906			3.9000			134.0000			-113.0000			-2.0000			
60.0746			-42.8985			-11.5023			5.6000			143.0000			-97.0000			-8.0000			
62.8854			-37.1497			-19.9791			5.7000			152.0000			-78.0000			-11.0000			
63.4475			-35.4251			-22.2395			5.7000			159.0000			-58.0000			-14.0000			
64.0097			-37.1497			-22.2395			4.6000			169.0000			-39.0000			-19.0000			
64.0097			-37.1497			-22.2395			4.6000			175.0000			-21.0000			-22.0000			
65.1340			-34.2753			-27.8907			2.9000			179.0000			-6.0000			-25.0000			
64.5718			-25.6522			-34.6722			4.2000			182.0000			10.0000			-27.0000			
63.4475			-18.7536			-40.3234			4.3000			186.0000			29.0000			-31.0000			
61.1989			-14.1546			-43.7141			3.3000			188.0000			45.0000			-35.0000			
60.0746			-11.2802			-44.8443			3.9000			189.0000			64.0000			-39.0000			
56.1396			-8.4058			-45.4094			2.3000			189.0000			81.0000			-41.0000			
51.0802			-3.2319			-46.5397			1.2000			187.0000			97.0000			-43.0000			
47.7073			1.9420			-48.2350			1.4000			183.0000			111.0000			-45.0000			
45.4587			8.8405			-53.3211			0.9000			177.0000			126.0000			-46.0000			
41.5237			15.7390			-57.8421			-0.5000			169.0000			139.0000			-49.0000			
37.5886			23.2124			-60.1026			0.6000			159.0000			153.0000			-49.0000			
38.1508			23.7873			-61.2328			0.7000			150.0000			165.0000			-51.0000			
39.2751			22.0627			-61.2328			0.1000			142.0000			178.0000			-53.0000			
35.9022			24.9371			-61.2328			-0.3000			132.0000			188.0000			-54.0000			
28.5942			31.2607			-61.2328			-1.3000			121.0000			196.0000			-54.0000			
22.4106			36.4346			-59.5374			-0.6000			111.0000			205.0000			-54.0000			
16.7891			42.1834			-60.1026			-1.1000			98.0000			213.0000			-55.0000			
13.4162			44.4829			-59.5374			-1.6000			87.0000			220.0000			-54.0000			
12.2919			45.0578			-58.9723			-1.6000			73.0000			226.0000			-55.0000			
6.6704			46.2076			-55.5816			-2.7000			60.0000			229.0000			-54.0000			
1.0489			47.9322			-53.3211			-4.3000			46.0000			230.0000			-53.0000			
-4.5726			51.3815			-51.6258			-4.8000			31.0000			231.0000			-51.0000			
-10.7563			55.9805			-49.3653			-4.1000			16.0000			227.0000			-49.0000			
-19.1885			58.8549			-44.8443			-5.1000			-2.0000			224.0000			-46.0000			
-22.5614			59.4297			-41.4536			-4.5000			-19.0000			219.0000			-42.0000			
-22.5614			59.4297			-40.3234			-3.4000			-38.0000			213.0000			-40.0000			
-22.5614			59.4297			-39.7582			-2.8000			-52.0000			205.0000			-37.0000			
-26.4965			61.7293			-38.6280			-3.3000			-67.0000			199.0000			-36.0000			
-32.1180			60.5795			-32.4117			-3.9000			-80.0000			193.0000			-32.0000			
-38.3016			60.5795			-25.0651			-2.7000			-93.0000			184.0000			-30.0000			
-42.2367			57.1302			-18.8488			-3.9000			-109.0000			174.0000			-26.0000			
-43.9231			54.8307			-15.4581			-4.5000			-122.0000			163.0000			-23.0000			
-45.6096			52.5312			-11.5023			-4.5000			-137.0000			149.0000			-18.0000			
-47.2960			51.3815			-7.5464			-3.4000			-150.0000			136.0000			-16.0000			
-49.5446			49.6568			-3.0255			-2.9000			-161.0000			122.0000			-12.0000			
-53.4796			47.3573			3.1909			-2.9000			-170.0000			107.0000			-9.0000			
-56.8525			43.3332			11.1025			-2.4000			-179.0000			90.0000			-5.0000			
-61.3497			36.4346			20.1445			-4.7000			-189.0000			71.0000			-1.0000			
-60.7876			34.7100			21.8398			-4.2000			-197.0000			52.0000			3.0000			
-61.9119			37.5844			21.8398			-2.4000			-205.0000			33.0000			7.0000			
-61.3497			37.5844			21.8398			-1.9000			-210.0000			15.0000			9.0000			
-63.0362			34.1351			27.4910			-1.4000			-216.0000			-1.0000			13.0000			
-60.7876			26.0868			33.7073			-0.9000			-219.0000			-17.0000			16.0000			
-60.2254			19.1883			39.9236			-1.1000			-221.0000			-34.0000			18.0000			
-59.6633			14.5893			43.8795			-1.2000			-223.0000			-53.0000			23.0000			
-57.4147			10.5651			44.4446			-2.4000			-225.0000			-70.0000			25.0000			
-54.6039			8.2656			44.4446			-1.8000			-225.0000			-87.0000			28.0000			
-48.4203			3.6666			44.4446			-0.3000			-222.0000			-103.0000			31.0000			
-45.6096			-0.9324			48.4004			1.8000			-219.0000			-118.0000			32.0000			
-42.7988			-8.9807			53.4865			1.7000			-212.0000			-132.0000			33.0000			
-39.4259			-17.6039			56.8772			-0.1000			-204.0000			-145.0000			35.0000			
-34.9287			-22.7778			59.1377			1.4000			-195.0000			-160.0000			39.0000			
-35.4909			-22.2029			60.2680			2.5000			-186.0000			-172.0000			38.0000			
-36.6152			-22.2029			60.8331			2.0000			-177.0000			-184.0000			40.0000			
-33.8044			-24.5024			60.2680			1.9000			-167.0000			-194.0000			41.0000			
-26.4965			-30.2512			59.7028			2.9000			-157.0000			-202.0000			41.0000			
-20.3128			-36.5748			59.1377			2.2000			-146.0000			-210.0000			42.0000			
-14.6913			-41.7487			59.7028			3.2000			-136.0000			-219.0000			42.0000			
-11.3184			-44.0483			59.1377			3.7000			-123.0000			-225.0000			41.0000			
-9.6320			-44.6231			57.4424			3.1000			-108.0000			-231.0000			42.0000			
-5.1348			-45.1980			55.1819			4.8000			-95.0000			-235.0000			41.0000			
1.0489			-48.6473			51.7912			4.1000			-82.0000			-236.0000			40.0000			
6.6704			-50.9468			48.9656			4.6000			-66.0000			-235.0000			38.0000			
12.8540			-55.5458			48.4004			5.7000			-51.0000			-234.0000			36.0000			
20.1620			-58.9951			45.0097			6.1000			-33.0000			-230.0000			32.0000			
24.0970			-59.5700			40.4888			5.0000			-15.0000			-224.0000			30.0000			
25.2213			-59.5700			38.7934			4.4000			1.0000			-217.0000			28.0000			
25.7835			-60.1448			39.9236			5.5000			18.0000			-211.0000			25.0000			
28.0321			-60.7197			38.2283			5.5000			32.0000			-204.0000			23.0000			
34.2157			-61.2946			30.8817			3.8000			45.0000			-197.0000			20.0000			
40.9615			-59.5700			23.5352			4.9000			59.0000			-188.0000			17.0000			
43.7723			-57.8453			20.1445			6.0000			73.0000			-178.0000			14.0000			
46.0209			-54.9709			14.4933			5.5000			89.0000			-167.0000			10.0000			
48.2695			-53.8212			11.1025			5.5000			103.0000			-153.0000			7.0000			
49.3938			-51.5217			7.1467			5.0000			115.0000			-139.0000			3.0000			
52.7667			-50.3719			2.6257			5.0000			125.0000			-126.0000			-1.0000			
55.0153			-46.9226			-3.5906			4.4000			135.0000			-112.0000			-2.0000			
60.0746			-43.4734			-12.0674			4.5000			143.0000			-96.0000			-7.0000			
62.3232			-36.5748			-21.1093			4.6000			153.0000			-78.0000			-11.0000			
62.8854			-35.4251			-23.3698			4.0000			161.0000			-57.0000			-16.0000			
62.8854			-37.1497			-21.6744			4.0000			169.0000			-38.0000			-19.0000			
64.0097			-37.7246			-21.6744			4.6000			175.0000			-20.0000			-21.0000			
64.5718			-32.5507			-28.4558			3.5000			180.0000			-4.0000			-25.0000			
63.4475			-25.6522			-35.2373			2.5000			183.0000			12.0000			-28.0000			
62.3232			-19.3285			-40.3234			2.6000			186.0000			30.0000			-32.0000			
60.0746			-13.5797			-43.1490			3.3000			188.0000			47.0000			-35.0000			
58.9503			-10.7053			-44.2792			3.9000			188.0000			65.0000			-38.0000			
55.5774			-7.8310			-45.9746			1.7000			189.0000			82.0000			-41.0000			
49.9559			-2.6571			-45.4094			1.8000			186.0000			97.0000			-43.0000			
47.1452			2.5168			-48.2350			1.4000			183.0000			113.0000			-44.0000			
44.8966			9.4154			-53.3211			0.9000			177.0000			126.0000			-46.0000			
40.3994			16.8888			-57.8421			-0.5000			169.0000			140.0000			-49.0000			
37.0265			23.2124			-60.1026			0.1000			159.0000			153.0000			-49.0000			
37.0265			23.7873			-60.6677			0.1000			149.0000			167.0000			-52.0000			
