-58.9517			27.2366			32.0610			0.3000			-449.0000			109.0000			301.0000			
-57.2810			22.1646			34.2739			-0.8000			-435.0000			67.0000			332.0000			
-55.0533			18.2196			35.3804			-1.4000			-419.0000			28.0000			362.0000			
-52.2687			13.7111			37.5934			-0.9000			-402.0000			-12.0000			388.0000			
-48.9272			7.5119			40.9128			-0.5000			-381.0000			-51.0000			412.0000			
-48.9272			5.2576			43.6790			0.0000			-359.0000			-90.0000			433.0000			
-43.9150			-3.7594			47.5517			-0.1000			-334.0000			-129.0000			452.0000			
-40.5735			-13.3400			49.7646			-4.1000			-303.0000			-171.0000			468.0000			
-47.2565			-7.7043			50.8711			-4.0000			-272.0000			-211.0000			481.0000			
-38.9027			-15.5942			54.7438			0.2000			-236.0000			-251.0000			492.0000			
-36.6750			-21.7934			57.5100			-0.9000			-199.0000			-290.0000			498.0000			
-34.4474			-24.0477			56.9568			-1.5000			-163.0000			-326.0000			501.0000			
-30.5490			-30.2469			61.3827			0.5000			-125.0000			-360.0000			503.0000			
-28.3213			-31.9376			60.2762			0.0000			-90.0000			-392.0000			504.0000			
-23.8659			-34.1918			59.1697			1.1000			-54.0000			-422.0000			500.0000			
-18.8537			-37.5732			57.5100			1.0000			-19.0000			-448.0000			495.0000			
-13.8414			-39.2639			54.1906			1.0000			17.0000			-471.0000			488.0000			
-7.7153			-43.2089			51.9776			1.0000			51.0000			-491.0000			475.0000			
-2.7031			-46.0267			49.7646			1.0000			84.0000			-509.0000			462.0000			
-1.5893			-47.1538			49.7646			1.0000			118.0000			-525.0000			446.0000			
5.6507			-51.0988			46.9984			1.5000			152.0000			-536.0000			425.0000			
6.7645			-53.3530			49.2114			2.6000			189.0000			-544.0000			398.0000			
15.6752			-55.0437			44.2322			4.8000			222.0000			-548.0000			370.0000			
21.8013			-58.4251			38.6998			2.0000			256.0000			-551.0000			339.0000			
22.3582			-60.1158			38.6998			0.9000			286.0000			-549.0000			305.0000			
29.0412			-61.8065			34.8272			2.0000			317.0000			-544.0000			270.0000			
32.3827			-63.4972			31.5077			0.3000			344.0000			-538.0000			233.0000			
34.0535			-62.3701			28.7415			0.4000			369.0000			-529.0000			198.0000			
37.9519			-61.8065			25.4221			1.5000			393.0000			-518.0000			160.0000			
39.0657			-59.5522			21.5494			1.0000			413.0000			-503.0000			124.0000			
41.8503			-56.1708			16.5702			2.2000			431.0000			-487.0000			88.0000			
45.1918			-53.9166			8.8249			0.1000			445.0000			-467.0000			51.0000			
47.4195			-53.9166			7.1651			0.6000			459.0000			-446.0000			14.0000			
49.6471			-50.5352			2.1860			1.3000			467.0000			-421.0000			-23.0000			
52.4317			-43.2089			-8.8788			0.3000			474.0000			-392.0000			-64.0000			
55.7732			-43.2089			-8.8788			3.6000			479.0000			-358.0000			-103.0000			
55.7732			-43.2089			-11.0918			1.4000			477.0000			-323.0000			-142.0000			
57.4440			-39.8275			-17.1774			0.4000			475.0000			-285.0000			-182.0000			
59.6717			-35.8825			-22.7098			1.0000			469.0000			-244.0000			-220.0000			
60.2286			-31.9376			-27.1358			1.1000			461.0000			-202.0000			-257.0000			
60.7855			-29.6833			-29.3487			1.7000			450.0000			-160.0000			-292.0000			
58.5578			-26.8655			-32.1149			-0.4000			438.0000			-118.0000			-326.0000			
56.3301			-22.3570			-35.4344			-1.4000			425.0000			-76.0000			-358.0000			
54.6594			-18.4121			-35.4344			0.8000			408.0000			-35.0000			-387.0000			
52.4317			-13.3400			-38.2006			0.8000			392.0000			4.0000			-413.0000			
48.5333			-6.5772			-41.5200			0.4000			371.0000			45.0000			-436.0000			
48.5333			-4.3229			-43.1797			1.0000			348.0000			83.0000			-459.0000			
44.6349			3.0034			-48.1589			-0.5000			324.0000			122.0000			-476.0000			
42.9641			13.1475			-50.9251			5.1000			293.0000			164.0000			-493.0000			
47.9764			7.5119			-52.0316			3.4000			260.0000			204.0000			-506.0000			
39.6226			15.4018			-55.9043			-0.8000			223.0000			244.0000			-516.0000			
36.8380			22.1646			-58.1172			0.8000			189.0000			283.0000			-523.0000			
34.0535			24.4188			-58.1172			0.3000			151.0000			319.0000			-526.0000			
30.1550			31.1816			-61.4367			-0.1000			113.0000			353.0000			-528.0000			
27.9274			32.3087			-60.8834			-0.6000			77.0000			385.0000			-527.0000			
24.0289			35.6901			-59.7769			0.0000			40.0000			414.0000			-524.0000			
18.4598			37.9444			-57.5640			-1.1000			5.0000			439.0000			-518.0000			
14.0044			39.6351			-53.1381			0.5000			-30.0000			463.0000			-509.0000			
7.3214			43.0164			-52.0316			-1.6000			-65.0000			485.0000			-499.0000			
5.0938			46.3978			-51.4783			0.0000			-99.0000			502.0000			-485.0000			
3.4230			46.9614			-50.9251			-0.5000			-132.0000			516.0000			-469.0000			
-7.1584			51.4699			-46.4992			-2.1000			-166.0000			528.0000			-447.0000			
-13.2845			52.5970			-46.4992			-7.1000			-201.0000			535.0000			-421.0000			
-16.6260			55.4148			-42.0733			-3.2000			-235.0000			540.0000			-392.0000			
-20.5244			58.7962			-38.2006			0.0000			-269.0000			542.0000			-362.0000			
-22.1952			59.9234			-38.2006			-0.4000			-300.0000			540.0000			-328.0000			
-29.9920			61.6141			-34.8811			-3.2000			-329.0000			535.0000			-293.0000			
-33.3335			62.7412			-30.4552			-1.0000			-357.0000			529.0000			-257.0000			
-35.0043			61.6141			-28.7955			-2.1000			-381.0000			519.0000			-220.0000			
-37.7889			61.6141			-24.3696			-0.5000			-406.0000			507.0000			-183.0000			
-38.9027			58.7962			-21.0501			-1.1000			-425.0000			494.0000			-146.0000			
-41.6873			56.5420			-16.0710			-1.2000			-443.0000			475.0000			-110.0000			
-45.0288			53.1606			-7.7724			0.3000			-458.0000			458.0000			-73.0000			
-46.6996			52.0335			-6.6659			-1.3000			-470.0000			436.0000			-36.0000			
-50.0411			52.0335			-3.3464			-1.3000			-479.0000			411.0000			1.0000			
-51.7118			43.0164			8.8249			0.1000			-485.0000			380.0000			41.0000			
-55.0533			41.3257			11.5911			-2.1000			-487.0000			348.0000			81.0000			
-56.7241			42.4529			11.5911			-2.6000			-488.0000			311.0000			121.0000			
-56.7241			39.6351			16.5702			-0.5000			-485.0000			272.0000			160.0000			
-58.3948			35.6901			22.1026			-0.6000			-478.0000			232.0000			198.0000			
-60.0656			32.8723			26.5285			-0.6000			-471.0000			190.0000			235.0000			
-58.9517			30.0545			29.2948			0.4000			-460.0000			147.0000			272.0000			
-58.3948			26.1095			31.5077			-0.7000			-448.0000			105.0000			303.0000			
-56.7241			22.1646			34.2739			-0.2000			-434.0000			63.0000			336.0000			
-54.4964			18.7832			34.8272			-0.8000			-419.0000			23.0000			365.0000			
-51.7118			13.1475			38.6998			0.1000			-401.0000			-17.0000			390.0000			
-48.3703			7.5119			40.9128			0.0000			-380.0000			-55.0000			413.0000			
-48.3703			4.1305			43.1258			-1.1000			-357.0000			-94.0000			435.0000			
-43.9150			-3.7594			48.1049			0.4000			-331.0000			-135.0000			454.0000			
-45.5857			-11.0857			49.7646			-6.9000			-300.0000			-176.0000			470.0000			
-46.1426			-6.5772			51.4244			-1.2000			-268.0000			-216.0000			483.0000			
-37.7889			-17.2849			54.7438			-0.3000			-232.0000			-255.0000			491.0000			
-36.6750			-21.7934			57.5100			-0.9000			-196.0000			-295.0000			499.0000			
-34.4474			-23.4841			57.5100			-0.4000			-159.0000			-329.0000			503.0000			
-29.9920			-30.8105			60.8295			0.0000			-121.0000			-364.0000			503.0000			
-27.7644			-31.9376			60.2762			0.5000			-86.0000			-395.0000			503.0000			
-23.3090			-35.3190			59.1697			0.5000			-50.0000			-424.0000			501.0000			
-18.8537			-36.4461			56.4035			1.1000			-15.0000			-449.0000			495.0000			
-13.8414			-39.2639			53.0841			0.0000			20.0000			-472.0000			486.0000			
-7.1584			-42.0817			50.8711			1.6000			55.0000			-493.0000			475.0000			
-3.8169			-45.4631			50.3179			1.0000			88.0000			-510.0000			460.0000			
-2.1462			-48.2809			51.9776			1.5000			122.0000			-525.0000			443.0000			
7.3214			-51.6623			45.8920			1.5000			157.0000			-536.0000			421.0000			
10.6629			-52.2259			47.5517			5.9000			192.0000			-545.0000			394.0000			
17.3459			-55.6073			42.0193			3.7000			225.0000			-549.0000			366.0000			
21.2444			-58.4251			38.1466			0.9000			260.0000			-551.0000			335.0000			
22.9151			-58.9887			37.5934			1.5000			290.0000			-549.0000			301.0000			
29.0412			-60.6794			33.7207			2.0000			319.0000			-545.0000			266.0000			
32.9396			-62.9336			30.9545			0.9000			348.0000			-537.0000			229.0000			
35.1673			-62.3701			27.6350			0.4000			372.0000			-528.0000			194.0000			
37.9519			-60.6794			24.8688			2.1000			394.0000			-515.0000			156.0000			
37.9519			-58.4251			20.4429			0.0000			415.0000			-501.0000			120.0000			
41.8503			-55.6073			16.0170			2.2000			433.0000			-485.0000			82.0000			
45.7487			-52.2259			8.8249			2.3000			447.0000			-465.0000			45.0000			
46.8626			-52.2259			5.5054			0.1000			459.0000			-444.0000			9.0000			
51.3179			-51.0988			0.5263			0.7000			469.0000			-418.0000			-28.0000			
52.4317			-42.0817			-11.0918			-0.7000			475.0000			-389.0000			-69.0000			
55.7732			-42.0817			-9.9853			3.7000			478.0000			-355.0000			-108.0000			
55.7732			-42.6453			-12.7515			0.3000			478.0000			-321.0000			-146.0000			
56.8871			-38.7004			-17.1774			1.0000			474.0000			-281.0000			-185.0000			
59.6717			-35.3190			-24.3696			0.0000			468.0000			-239.0000			-224.0000			
60.2286			-31.3740			-28.2422			0.6000			459.0000			-197.0000			-260.0000			
59.6717			-28.5562			-29.9020			1.2000			447.0000			-155.0000			-295.0000			
58.5578			-25.1748			-33.2214			0.1000			437.0000			-114.0000			-329.0000			
57.4440			-22.3570			-35.4344			-0.3000			423.0000			-72.0000			-362.0000			
54.1025			-18.9756			-35.4344			-0.3000			407.0000			-32.0000			-390.0000			
51.8748			-12.2128			-39.3071			0.3000			389.0000			9.0000			-417.0000			
47.9764			-6.0136			-41.5200			0.4000			367.0000			49.0000			-438.0000			
48.5333			-3.1958			-43.7330			1.6000			346.0000			87.0000			-459.0000			
44.0780			4.1305			-48.7121			-0.5000			318.0000			126.0000			-478.0000			
46.8626			11.4568			-50.9251			7.3000			287.0000			169.0000			-494.0000			
47.4195			6.9483			-53.1381			1.2000			255.0000			209.0000			-507.0000			
37.9519			17.0925			-57.0107			-1.9000			220.0000			248.0000			-517.0000			
36.8380			23.2917			-58.1172			2.0000			184.0000			286.0000			-523.0000			
34.0535			24.9824			-58.6705			0.3000			147.0000			322.0000			-527.0000			
29.5981			31.7452			-61.9899			-0.6000			110.0000			355.0000			-528.0000			
26.8135			33.9994			-61.9899			-1.1000			72.0000			388.0000			-526.0000			
22.3582			36.8172			-60.3302			-1.1000			37.0000			417.0000			-524.0000			
17.9029			38.5079			-57.0107			-0.5000			-1.0000			443.0000			-518.0000			
13.4475			40.7622			-54.2445			0.0000			-34.0000			467.0000			-508.0000			
6.7645			44.1436			-51.4783			-0.5000			-69.0000			487.0000			-497.0000			
4.5368			46.9614			-51.4783			0.0000			-102.0000			503.0000			-484.0000			
1.1953			48.6521			-52.5848			-2.7000			-137.0000			518.0000			-466.0000			
-11.0568			53.1606			-46.4992			-4.3000			-171.0000			529.0000			-444.0000			
-14.9553			53.1606			-42.6265			-4.4000			-207.0000			536.0000			-417.0000			
-16.6260			56.5420			-40.9668			-1.0000			-239.0000			540.0000			-389.0000			
-20.5244			59.3598			-39.3071			-0.4000			-271.0000			541.0000			-356.0000			
-23.3090			60.4869			-38.2006			-1.0000			-303.0000			541.0000			-325.0000			
-30.5490			63.3047			-33.7746			-1.0000			-332.0000			535.0000			-289.0000			
-33.3335			62.7412			-31.0084			-1.6000			-359.0000			527.0000			-253.0000			
-36.1181			62.7412			-27.6890			-1.0000			-384.0000			518.0000			-216.0000			
-38.3458			62.1776			-24.3696			-0.5000			-408.0000			507.0000			-179.0000			
-39.4596			58.7962			-19.9436			-0.6000			-427.0000			492.0000			-143.0000			
-42.8011			56.5420			-14.9645			-1.2000			-445.0000			475.0000			-106.0000			
-46.1426			52.5970			-8.3256			-1.8000			-459.0000			456.0000			-68.0000			
-47.2565			53.1606			-6.6659			-0.7000			-471.0000			434.0000			-31.0000			
-49.4841			50.9063			-0.5802			0.8000			-479.0000			407.0000			6.0000			
-52.8256			41.8893			11.0378			0.0000			-485.0000			376.0000			46.0000			
-55.6102			44.7071			7.7184			-3.1000			-489.0000			344.0000			85.0000			
-55.6102			42.4529			12.1443			-1.0000			-487.0000			307.0000			125.0000			
-57.2810			38.5079			18.2299			-0.5000			-484.0000			268.0000			165.0000			
-58.9517			35.6901			22.6559			-0.6000			-477.0000			227.0000			203.0000			
-59.5087			31.7452			27.0818			-0.6000			-468.0000			185.0000			239.0000			
-58.3948			28.9273			29.2948			-0.1000			-459.0000			143.0000			275.0000			
-58.3948			26.1095			32.6142			0.3000			-446.0000			99.0000			309.0000			
-56.1671			21.6010			33.7207			-0.8000			-433.0000			58.0000			339.0000			
-53.9395			18.7832			35.3804			0.2000			-417.0000			18.0000			367.0000			
-51.1549			13.1475			38.6998			0.6000			-399.0000			-22.0000			394.0000			
-48.3703			6.9483			41.4660			0.0000			-376.0000			-61.0000			417.0000			
-48.9272			4.1305			44.7855			0.0000			-354.0000			-99.0000			438.0000			
-44.4719			-3.7594			48.1049			-0.1000			-327.0000			-140.0000			458.0000			
-48.3703			-7.1408			51.4244			-4.0000			-296.0000			-182.0000			472.0000			
-42.8011			-7.1408			52.5308			2.5000			-264.0000			-220.0000			484.0000			
-36.1181			-18.4121			55.2970			0.7000			-228.0000			-260.0000			494.0000			
-36.1181			-21.2299			57.5100			0.1000			-192.0000			-299.0000			499.0000			
-33.8905			-25.1748			59.7230			0.6000			-155.0000			-334.0000			503.0000			
-29.9920			-30.8105			61.3827			0.5000			-118.0000			-368.0000			504.0000			
-27.2074			-32.5012			59.7230			0.0000			-83.0000			-399.0000			503.0000			
-22.7521			-35.3190			58.6165			0.5000			-46.0000			-427.0000			500.0000			
-18.2968			-37.5732			56.9568			1.0000			-12.0000			-453.0000			494.0000			
-13.2845			-39.8275			53.6373			0.5000			23.0000			-475.0000			486.0000			
-7.1584			-43.2089			51.4244			1.0000			59.0000			-496.0000			475.0000			
-2.7031			-45.4631			49.7646			1.5000			92.0000			-513.0000			460.0000			
0.6384			-49.4081			50.8711			2.1000			125.0000			-527.0000			442.0000			
9.5491			-51.6623			44.2322			2.1000			160.0000			-537.0000			419.0000			
13.4475			-52.7895			42.5725			3.2000			195.0000			-545.0000			391.0000			
17.3459			-55.6073			41.4660			3.2000			230.0000			-549.0000			362.0000			
20.6874			-58.4251			39.2531			1.5000			264.0000			-550.0000			332.0000			
23.4720			-58.9887			37.0401			1.5000			294.0000			-549.0000			298.0000			
30.1550			-61.8065			33.1674			1.5000			323.0000			-543.0000			263.0000			
32.9396			-62.9336			30.9545			0.9000			350.0000			-536.0000			227.0000			
35.1673			-62.3701			27.6350			0.4000			374.0000			-527.0000			189.0000			
37.9519			-61.2429			23.7623			0.4000			398.0000			-514.0000			153.0000			
39.6226			-57.8615			19.8897			1.6000			418.0000			-500.0000			116.0000			
42.9641			-56.1708			14.9105			1.7000			434.0000			-483.0000			80.0000			
46.3056			-53.3530			8.8249			1.7000			447.0000			-463.0000			41.0000			
46.3056			-52.2259			6.0587			0.1000			461.0000			-441.0000			5.0000			
51.3179			-48.8445			-1.6867			0.7000			468.0000			-415.0000			-33.0000			
53.5456			-42.6453			-9.4321			1.4000			476.0000			-384.0000			-73.0000			
55.7732			-49.4081			-5.0062			1.3000			478.0000			-351.0000			-112.0000			
56.3301			-42.6453			-13.8580			-0.1000			477.0000			-315.0000			-152.0000			
58.0009			-37.0097			-20.4969			0.4000			474.0000			-277.0000			-190.0000			
59.6717			-35.3190			-23.2631			1.0000			467.0000			-234.0000			-228.0000			
58.5578			-30.8105			-28.2422			-0.4000			458.0000			-193.0000			-265.0000			
59.1147			-27.9926			-30.4552			0.6000			447.0000			-151.0000			-300.0000			
59.6717			-25.1748			-32.1149			2.3000			435.0000			-108.0000			-334.0000			
56.3301			-21.7934			-34.8811			-0.3000			421.0000			-68.0000			-365.0000			
54.1025			-17.8485			-36.5409			-0.2000			404.0000			-27.0000			-393.0000			
51.3179			-11.6493			-39.3071			0.3000			386.0000			13.0000			-419.0000			
48.5333			-6.0136			-42.6265			-0.1000			364.0000			54.0000			-442.0000			
49.0902			-3.1958			-44.2862			1.6000			340.0000			92.0000			-463.0000			
43.5210			5.2576			-48.1589			0.6000			315.0000			132.0000			-480.0000			
47.9764			5.8212			-50.9251			2.8000			284.0000			175.0000			-497.0000			
41.8503			9.2026			-54.7978			-3.7000			251.0000			214.0000			-509.0000			
35.1673			19.9103			-56.4575			-1.3000			215.0000			254.0000			-518.0000			
35.7242			22.1646			-57.0107			0.8000			179.0000			290.0000			-524.0000			
32.9396			26.6731			-59.7769			-0.1000			142.0000			327.0000			-528.0000			
29.5981			31.7452			-61.4367			0.0000			106.0000			359.0000			-529.0000			
27.3704			32.8723			-60.8834			-0.6000			69.0000			392.0000			-528.0000			
22.3582			36.8172			-59.7769			-0.5000			33.0000			420.0000			-524.0000			
17.3459			38.5079			-55.9043			0.0000			-4.0000			445.0000			-517.0000			
12.3337			42.4529			-54.7978			0.0000			-38.0000			468.0000			-507.0000			
5.6507			45.2707			-51.4783			-0.5000			-73.0000			488.0000			-495.0000			
3.9799			47.5249			-50.3719			1.1000			-106.0000			506.0000			-482.0000			
-1.5893			48.6521			-49.2654			-2.2000			-141.0000			520.0000			-463.0000			
-13.2845			52.0335			-42.6265			-3.8000			-175.0000			531.0000			-441.0000			
-11.6138			53.1606			-39.3071			2.2000			-209.0000			537.0000			-415.0000			
-14.3983			57.1055			-40.9668			1.7000			-242.0000			542.0000			-386.0000			
-19.4106			59.3598			-40.9668			-1.0000			-276.0000			543.0000			-354.0000			
-24.4229			59.9234			-37.6473			-2.1000			-307.0000			540.0000			-321.0000			
-31.6628			63.3047			-33.2214			-1.5000			-336.0000			535.0000			-286.0000			
-33.8905			63.3047			-29.9020			-0.4000			-362.0000			527.0000			-249.0000			
-35.5612			63.3047			-27.6890			0.0000			-387.0000			517.0000			-213.0000			
-38.3458			61.0505			-23.2631			-0.5000			-411.0000			505.0000			-175.0000			
-39.4596			58.2327			-19.3904			-0.6000			-429.0000			490.0000			-139.0000			
-42.8011			56.5420			-13.8580			-0.1000			-447.0000			473.0000			-103.0000			
-46.1426			52.5970			-8.3256			-1.8000			-461.0000			452.0000			-64.0000			
-46.6996			52.0335			-5.5594			-0.2000			-472.0000			431.0000			-29.0000			
-50.5980			48.6521			1.6327			-0.3000			-481.0000			404.0000			11.0000			
-53.3826			41.8893			8.2716			-3.2000			-485.0000			373.0000			51.0000			
-55.0533			47.5249			4.9522			-2.5000			-488.0000			338.0000			91.0000			
-56.1671			41.8893			13.2508			-1.0000			-488.0000			302.0000			130.0000			
-57.8379			37.9444			19.8897			0.0000			-484.0000			262.0000			169.0000			
-59.5087			36.2537			23.2091			0.0000			-477.0000			222.0000			206.0000			
-58.3948			30.6180			28.1883			0.4000			-468.0000			180.0000			243.0000			
-58.9517			27.8002			30.9545			-0.1000			-456.0000			138.0000			278.0000			
-58.3948			25.5459			32.6142			-0.2000			-445.0000			94.0000			312.0000			
-55.6102			20.4739			34.8272			-0.3000			-430.0000			53.0000			343.0000			
-53.3826			17.6561			35.3804			-0.3000			-414.0000			14.0000			371.0000			
-50.5980			10.8933			39.8063			0.1000			-395.0000			-27.0000			397.0000			
-49.4841			6.3848			42.5725			-0.5000			-374.0000			-65.0000			419.0000			
-48.9272			4.6941			43.6790			-0.5000			-350.0000			-104.0000			439.0000			
-43.9150			-3.7594			48.1049			0.4000			-324.0000			-144.0000			459.0000			
-47.8134			-3.7594			50.3179			-1.2000			-293.0000			-185.0000			473.0000			
-37.7889			-11.0857			53.6373			4.7000			-260.0000			-225.0000			486.0000			
-34.4474			-20.6663			55.8503			0.7000			-224.0000			-265.0000			495.0000			
-35.5612			-21.7934			56.4035			-0.9000			-187.0000			-303.0000			499.0000			
-32.7766			-26.3019			59.7230			0.6000			-150.0000			-337.0000			504.0000			
-29.4351			-30.2469			60.8295			1.1000			-113.0000			-372.0000			505.0000			
-27.2074			-31.9376			59.1697			0.0000			-78.0000			-402.0000			503.0000			
-22.7521			-35.3190			58.6165			0.5000			-42.0000			-431.0000			499.0000			
-17.7399			-37.5732			55.2970			0.0000			-8.0000			-455.0000			492.0000			
-12.7276			-39.2639			53.0841			1.0000			27.0000			-477.0000			484.0000			
-6.0446			-43.2089			50.3179			1.0000			63.0000			-496.0000			472.0000			
-3.8169			-45.4631			50.3179			1.0000			95.0000			-514.0000			457.0000			
1.7523			-53.3530			53.6373			2.0000			131.0000			-528.0000			439.0000			
13.4475			-57.2980			48.6582			4.8000			165.0000			-538.0000			415.0000			
12.8906			-55.0437			40.9128			-1.2000			200.0000			-545.0000			387.0000			
16.2321			-59.5522			45.3387			2.0000			233.0000			-549.0000			358.0000			
19.5736			-60.6794			43.6790			2.5000			267.0000			-550.0000			327.0000			
23.4720			-61.8065			39.2531			0.9000			298.0000			-548.0000			293.0000			
29.5981			-62.9336			34.8272			1.4000			326.0000			-543.0000			258.0000			
32.9396			-63.4972			31.5077			0.9000			353.0000			-535.0000			221.0000			
35.1673			-63.4972			29.2948			0.9000			376.0000			-525.0000			186.0000			
37.3950			-61.8065			24.8688			0.4000			401.0000			-512.0000			148.0000			
39.0657			-58.4251			19.8897			0.5000			420.0000			-498.0000			111.0000			
42.9641			-56.7344			14.9105			1.1000			435.0000			-481.0000			76.0000			
46.8626			-53.9166			7.7184			0.6000			450.0000			-461.0000			37.0000			
46.8626			-51.6623			4.3989			-0.3000			461.0000			-439.0000			0.0000			
51.3179			-48.2809			-2.2399			0.8000			471.0000			-412.0000			-38.0000			
53.5456			-42.6453			-8.3256			2.5000			476.0000			-381.0000			-78.0000			
55.2163			-48.8445			-5.5594			0.8000			478.0000			-347.0000			-117.0000			
55.7732			-40.3911			-14.9645			0.4000			478.0000			-311.0000			-156.0000			
58.0009			-37.0097			-21.0501			0.0000			473.0000			-271.0000			-194.0000			
59.1147			-35.3190			-24.3696			-0.5000			466.0000			-230.0000			-232.0000			
58.0009			-29.6833			-28.2422			0.0000			455.0000			-188.0000			-270.0000			
59.6717			-27.4291			-31.0084			1.2000			445.0000			-146.0000			-304.0000			
58.0009			-24.6113			-33.7746			-0.3000			434.0000			-103.0000			-337.0000			
55.2163			-22.3570			-34.3279			-1.4000			420.0000			-61.0000			-368.0000			
53.5456			-18.4121			-35.4344			-0.3000			403.0000			-23.0000			-396.0000			
50.7610			-11.0857			-39.8603			-0.1000			384.0000			17.0000			-421.0000			
48.5333			-4.8865			-42.6265			1.0000			363.0000			57.0000			-444.0000			
48.5333			-2.6323			-44.8395			1.0000			340.0000			96.0000			-465.0000			
43.5210			6.3848			-49.8186			0.0000			313.0000			137.0000			-482.0000			
47.4195			6.3848			-52.5848			1.2000			281.0000			178.0000			-498.0000			
36.8380			14.2747			-55.3510			-4.2000			247.0000			217.0000			-509.0000			
34.6104			23.8553			-58.6705			-0.1000			212.0000			257.0000			-519.0000			
35.7242			23.8553			-58.6705			0.9000			176.0000			295.0000			-524.0000			
32.9396			31.1816			-65.8626			-1.7000			139.0000			331.0000			-527.0000			
28.4843			35.1265			-63.6496			0.0000			103.0000			361.0000			-528.0000			
25.6997			37.3808			-63.6496			-0.5000			64.0000			393.0000			-526.0000			
21.2444			41.3257			-62.5431			0.0000			29.0000			422.0000			-522.0000			
16.7890			44.1436			-60.3302			0.6000			-7.0000			447.0000			-515.0000			
11.7768			47.5249			-59.2237			0.0000			-43.0000			470.0000			-505.0000			
5.6507			50.3428			-57.0107			-1.0000			-76.0000			489.0000			-493.0000			
3.9799			52.5970			-57.0107			-0.4000			-110.0000			506.0000			-479.0000			
-2.7031			54.8513			-54.7978			-2.6000			-143.0000			518.0000			-460.0000			
-13.2845			63.8683			-52.0316			-1.4000			-178.0000			530.0000			-436.0000			
-7.1584			99.9364			-89.6519			3.1000			-213.0000			533.0000			-406.0000			
-17.7399			439.2020			-403.8924			17.5000			-246.0000			500.0000			-338.0000			
-13.8414			629.6867			-607.4849			8.3000			-280.0000			445.0000			-244.0000			
-8.2723			713.6577			-707.6214			-2.2000			-311.0000			410.0000			-174.0000			
-32.7766			799.3195			-771.2440			-4.7000			-341.0000			382.0000			-114.0000			
-31.6628			883.2905			-853.6768			-2.0000			-368.0000			353.0000			-58.0000			
-31.6628			956.5538			-927.2578			-2.3000			-392.0000			336.0000			-17.0000			
-32.2197			1034.8893			-1005.2647			-2.5000			-412.0000			324.0000			16.0000			
-35.5612			1118.2967			-1088.8040			-6.0000			-428.0000			315.0000			44.0000			
-44.4719			1139.7122			-1143.5748			-48.3000			-441.0000			308.0000			69.0000			
-50.5980			1139.7122			-1150.7669			-61.6000			-455.0000			300.0000			93.0000			
-56.7241			1139.7122			-1150.7669			-67.7000			-465.0000			290.0000			118.0000			
-61.7363			1139.7122			-1150.7669			-72.7000			-471.0000			278.0000			142.0000			
-61.7363			1139.7122			-1148.5539			-70.5000			-477.0000			262.0000			166.0000			
-59.5087			1139.7122			-1120.3387			-40.1000			-476.0000			246.0000			189.0000			
-60.0656			1139.7122			-1071.6535			7.9000			-475.0000			229.0000			208.0000			
-61.1794			1048.9784			-1001.3920			-13.5000			-471.0000			215.0000			223.0000			
-64.5209			975.1515			-926.7046			-16.0000			-465.0000			202.0000			235.0000			
-65.0778			892.3075			-846.4847			-19.2000			-457.0000			187.0000			247.0000			
-63.4071			802.1373			-753.5403			-14.8000			-449.0000			173.0000			257.0000			
-62.8502			704.0771			-650.6376			-9.4000			-437.0000			155.0000			267.0000			
-60.0656			591.9279			-533.9039			-2.0000			-425.0000			138.0000			275.0000			
-58.3948			474.1430			-413.2975			2.4000			-411.0000			120.0000			284.0000			
-54.4964			355.7945			-306.5221			-5.2000			-394.0000			101.0000			291.0000			
-52.2687			222.2298			-179.2769			-9.3000			-374.0000			81.0000			296.0000			
-50.5980			84.7202			-44.2862			-10.1000			-351.0000			58.0000			297.0000			
-49.4841			-60.1158			95.1304			-14.4000			-326.0000			36.0000			297.0000			
-48.9272			-201.5704			242.8455			-7.6000			-298.0000			13.0000			293.0000			
-35.5612			-350.9149			387.2413			0.7000			-266.0000			-14.0000			290.0000			
-35.0043			-508.7128			542.7018			-1.0000			-231.0000			-41.0000			283.0000			
-36.6750			-667.6379			701.4818			-2.8000			-196.0000			-69.0000			277.0000			
-33.3335			-835.5800			866.9006			-2.0000			-161.0000			-98.0000			270.0000			
-31.6628			-1001.8314			1032.3195			-1.1000			-123.0000			-124.0000			261.0000			
-27.7644			-1168.0828			1114.7523			-81.0000			-87.0000			-149.0000			248.0000			
-23.3090			-1168.0828			1114.7523			-76.6000			-50.0000			-171.0000			233.0000			
-19.9675			-1168.0828			1114.7523			-73.2000			-16.0000			-191.0000			217.0000			
-14.9553			-1168.0828			1114.7523			-68.2000			21.0000			-210.0000			200.0000			
-9.3861			-1168.0828			1114.7523			-62.7000			54.0000			-227.0000			182.0000			
-4.3738			-1168.0828			1114.7523			-57.7000			88.0000			-245.0000			164.0000			
3.4230			-1168.0828			1114.7523			-49.9000			122.0000			-260.0000			145.0000			
12.3337			-1168.0828			1114.7523			-40.9000			156.0000			-276.0000			125.0000			
17.9029			-1168.0828			1114.7523			-35.4000			191.0000			-291.0000			103.0000			
24.5859			-1168.0828			1114.7523			-28.7000			226.0000			-305.0000			81.0000			
29.5981			-1168.0828			1114.7523			-23.7000			261.0000			-317.0000			56.0000			
34.6104			-1168.0828			1114.7523			-18.7000			291.0000			-328.0000			32.0000			
41.8503			-1168.0828			1114.7523			-11.4000			321.0000			-335.0000			8.0000			
46.3056			-1168.0828			1114.7523			-7.0000			347.0000			-341.0000			-15.0000			
50.7610			-1168.0828			1114.7523			-2.5000			368.0000			-345.0000			-38.0000			
55.2163			-1168.0828			1114.7523			1.8000			388.0000			-346.0000			-58.0000			
61.8993			-1168.0828			1114.7523			8.5000			405.0000			-346.0000			-76.0000			
67.4685			-1168.0828			1114.7523			14.1000			419.0000			-344.0000			-94.0000			
74.1515			-1168.0828			1114.7523			20.8000			427.0000			-341.0000			-111.0000			
78.6068			-1168.0828			1114.7523			25.2000			438.0000			-335.0000			-127.0000			
81.9483			-1168.0828			1114.7523			28.6000			444.0000			-329.0000			-144.0000			
84.7329			-1168.0828			1114.7523			31.4000			448.0000			-321.0000			-159.0000			
88.0744			-1168.0828			1114.7523			34.7000			451.0000			-310.0000			-174.0000			
89.1883			-1168.0828			1114.7523			35.8000			449.0000			-298.0000			-188.0000			
91.9729			-1168.0828			1114.7523			38.6000			449.0000			-285.0000			-202.0000			
93.0867			-1168.0828			1114.7523			39.7000			444.0000			-273.0000			-214.0000			
94.7574			-1168.0828			1114.7523			41.4000			439.0000			-258.0000			-223.0000			
95.8713			-1168.0828			1114.7523			42.5000			430.0000			-242.0000			-234.0000			
95.3144			-1168.0828			1114.7523			41.9000			423.0000			-224.0000			-244.0000			
93.6436			-1168.0828			1114.7523			40.3000			411.0000			-208.0000			-252.0000			
93.0867			-1168.0828			1114.7523			39.7000			398.0000			-190.0000			-260.0000			
90.3021			-1168.0828			1114.7523			36.9000			383.0000			-171.0000			-266.0000			
86.9606			-1168.0828			1114.7523			33.6000			366.0000			-150.0000			-272.0000			
84.1760			-1112.2900			1038.9584			10.8000			346.0000			-130.0000			-275.0000			
81.9483			-926.8774			849.1969			4.2000			323.0000			-107.0000			-276.0000			
75.2653			-737.5198			666.6276			4.3000			299.0000			-84.0000			-276.0000			
70.8100			-545.9081			480.7389			5.6000			271.0000			-60.0000			-273.0000			
53.5456			-343.0250			295.4034			5.9000			237.0000			-35.0000			-267.0000			
51.3179			-146.3411			109.5146			14.4000			204.0000			-9.0000			-260.0000			
49.6471			44.7071			-76.9274			17.4000			167.0000			18.0000			-252.0000			
44.6349			234.0647			-255.0708			23.6000			131.0000			46.0000			-241.0000			
36.2811			406.5153			-432.1077			10.6000			93.0000			73.0000			-230.0000			
29.5981			571.0760			-591.4409			9.2000			56.0000			103.0000			-220.0000			
22.3582			736.7638			-750.2209			8.9000			18.0000			132.0000			-209.0000			
15.6752			902.4517			-907.8944			10.2000			-18.0000			157.0000			-195.0000			
8.9922			1063.6310			-1065.0147			7.6000			-54.0000			181.0000			-182.0000			
1.7523			1139.7122			-1150.7669			-9.2000			-89.0000			200.0000			-165.0000			
-5.4877			1139.7122			-1150.7669			-16.5000			-123.0000			219.0000			-144.0000			
-16.6260			1139.7122			-1150.7669			-27.6000			-158.0000			235.0000			-125.0000			
-23.3090			1139.7122			-1150.7669			-34.3000			-193.0000			251.0000			-103.0000			
-31.1059			1139.7122			-1150.7669			-42.1000			-226.0000			266.0000			-80.0000			
-37.7889			1139.7122			-1150.7669			-48.8000			-261.0000			280.0000			-58.0000			
-43.3580			1139.7122			-1150.7669			-54.4000			-291.0000			293.0000			-36.0000			
-49.4841			1139.7122			-1150.7669			-60.5000			-321.0000			303.0000			-14.0000			
-56.1671			1139.7122			-1150.7669			-67.2000			-346.0000			314.0000			7.0000			
-65.0778			1139.7122			-1150.7669			-76.1000			-368.0000			318.0000			27.0000			
-71.7608			1139.7122			-1150.7669			-82.8000			-387.0000			319.0000			48.0000			
-78.4438			1139.7122			-1150.7669			-89.4000			-403.0000			321.0000			67.0000			
-85.1268			1139.7122			-1150.7669			-96.1000			-416.0000			318.0000			88.0000			
-92.3668			1139.7122			-1150.7669			-103.4000			-427.0000			316.0000			104.0000			
-100.7205			1139.7122			-1150.7669			-111.7000			-430.0000			312.0000			124.0000			
-722.2402			1139.7122			-1150.7669			-733.2000			-355.0000			264.0000			102.0000			
-845.8759			1139.7122			-1150.7669			-856.9000			-301.0000			223.0000			88.0000			
-1030.7724			1139.7122			-1150.7669			-1041.8000			-263.0000			190.0000			85.0000			
-1154.4081			1139.7122			-1150.7669			-1165.4000			-229.0000			158.0000			83.0000			
-1154.4081			1139.7122			-1150.7669			-1165.4000			-207.0000			132.0000			86.0000			
-1154.4081			1139.7122			-1150.7669			-1165.4000			-197.0000			114.0000			95.0000			
-1154.4081			1139.7122			-998.6258			-1013.3000			-191.0000			97.0000			105.0000			
-1154.4081			1139.7122			-807.7579			-822.4000			-182.0000			79.0000			116.0000			
-1154.4081			1139.7122			-625.7418			-640.4000			-175.0000			64.0000			124.0000			
-1154.4081			1139.7122			-444.8322			-459.5000			-165.0000			49.0000			131.0000			
-1154.4081			1139.7122			-266.1356			-280.8000			-152.0000			32.0000			136.0000			
-1154.4081			1139.7122			-57.0107			-71.6000			-139.0000			16.0000			142.0000			
-1154.4081			1139.7122			125.5586			110.8000			-126.0000			-3.0000			145.0000			
-1154.4081			1139.7122			313.1070			298.4000			-113.0000			-21.0000			151.0000			
-1154.4081			1139.7122			490.6972			476.0000			-103.0000			-38.0000			157.0000			
-1154.4081			1139.7122			668.2874			653.5000			-95.0000			-54.0000			165.0000			
-1154.4081			1139.7122			840.3451			825.6000			-88.0000			-69.0000			173.0000			
-1154.4081			1139.7122			1010.1899			995.5000			-81.0000			-84.0000			178.0000			
-1154.4081			1139.7122			1114.7523			1100.0000			-71.0000			-97.0000			184.0000			
-1154.4081			1139.1486			1114.7523			1099.4000			-61.0000			-110.0000			183.0000			
-1154.4081			1016.2916			1114.7523			976.6000			-49.0000			-120.0000			181.0000			
-1154.4081			825.8070			1114.7523			786.1000			-36.0000			-131.0000			178.0000			
-1154.4081			634.1952			1114.7523			594.5000			-24.0000			-140.0000			175.0000			
-1154.4081			437.5113			1114.7523			397.8000			-11.0000			-148.0000			171.0000			
-1154.4081			236.3189			1114.7523			196.6000			1.0000			-154.0000			165.0000			
-1154.4081			32.3087			1114.7523			-7.3000			13.0000			-160.0000			161.0000			
-1154.4081			-167.7565			1114.7523			-207.4000			24.0000			-166.0000			156.0000			
-1154.4081			-359.9319			1114.7523			-399.5000			35.0000			-172.0000			149.0000			
-1154.4081			-553.7980			1114.7523			-593.4000			49.0000			-179.0000			142.0000			
-1154.4081			-753.2996			1114.7523			-792.9000			64.0000			-185.0000			134.0000			
-1154.4081			-946.6021			1114.7523			-986.2000			79.0000			-190.0000			123.0000			
-1154.4081			-1135.9597			1114.7523			-1175.6000			91.0000			-193.0000			111.0000			
-1154.4081			-1168.0828			1114.7523			-1207.7000			102.0000			-194.0000			102.0000			
-967.2839			-1168.0828			1114.7523			-1020.6000			113.0000			-193.0000			91.0000			
-771.2490			-1168.0828			1114.7523			-824.5000			120.0000			-189.0000			79.0000			
-571.8726			-1168.0828			1114.7523			-625.1000			129.0000			-185.0000			67.0000			
-372.4962			-1168.0828			1114.7523			-425.8000			135.0000			-182.0000			56.0000			
-160.8676			-1168.0828			1114.7523			-214.1000			141.0000			-177.0000			44.0000			
39.6226			-1168.0828			1114.7523			-13.7000			147.0000			-171.0000			31.0000			
236.2144			-1168.0828			1114.7523			182.8000			151.0000			-165.0000			18.0000			
428.3509			-1168.0828			1114.7523			375.0000			156.0000			-158.0000			5.0000			
630.5119			-1168.0828			1114.7523			577.1000			159.0000			-150.0000			-8.0000			
821.5345			-1168.0828			1114.7523			768.2000			162.0000			-141.0000			-22.0000			
1009.7726			-1168.0828			1114.7523			956.4000			164.0000			-133.0000			-35.0000			
1126.1683			-1168.0828			1114.7523			1072.8000			163.0000			-121.0000			-50.0000			
1126.1683			-1168.0828			1114.7523			1072.8000			162.0000			-110.0000			-61.0000			
1126.1683			-1168.0828			1114.7523			1072.8000			160.0000			-97.0000			-73.0000			
1126.1683			-1168.0828			955.4191			913.5000			157.0000			-83.0000			-84.0000			
1126.1683			-1168.0828			780.5951			738.6000			153.0000			-71.0000			-95.0000			
1126.1683			-1168.0828			601.3453			559.4000			149.0000			-59.0000			-106.0000			
1126.1683			-1168.0828			416.0098			374.1000			144.0000			-45.0000			-115.0000			
1126.1683			-1168.0828			227.9080			185.9000			139.0000			-33.0000			-124.0000			
1126.1683			-1168.0828			36.4869			-5.4000			133.0000			-17.0000			-133.0000			
1126.1683			-1168.0828			-152.7213			-194.6000			126.0000			-4.0000			-141.0000			
1126.1683			-1168.0828			-334.1842			-376.0000			118.0000			10.0000			-148.0000			
1126.1683			-1168.0828			-520.6262			-562.5000			111.0000			23.0000			-155.0000			
1126.1683			-1168.0828			-703.1955			-745.1000			103.0000			39.0000			-163.0000			
1126.1683			-1168.0828			-883.5518			-925.4000			95.0000			55.0000			-170.0000			
1126.1683			-1168.0828			-1060.5887			-1102.4000			87.0000			69.0000			-175.0000			
1126.1683			-1168.0828			-1150.7669			-1192.6000			76.0000			83.0000			-180.0000			
1126.1683			-1168.0828			-1150.7669			-1192.6000			66.0000			95.0000			-182.0000			
1126.1683			-996.7593			-1150.7669			-1021.3000			55.0000			107.0000			-182.0000			
1126.1683			-806.8382			-1150.7669			-831.4000			43.0000			117.0000			-180.0000			
1126.1683			-590.4296			-1150.7669			-615.0000			31.0000			126.0000			-178.0000			
1126.1683			-384.1652			-1150.7669			-408.7000			20.0000			134.0000			-173.0000			
1126.1683			-184.6635			-1150.7669			-209.2000			8.0000			140.0000			-169.0000			
1126.1683			19.9103			-1150.7669			-4.6000			-3.0000			147.0000			-163.0000			
1126.1683			220.5391			-1150.7669			195.9000			-16.0000			152.0000			-159.0000			
1126.1683			405.3882			-1150.7669			380.7000			-27.0000			159.0000			-153.0000			
1126.1683			581.2202			-1150.7669			556.6000			-41.0000			168.0000			-148.0000			
1126.1683			768.3234			-1150.7669			743.7000			-55.0000			177.0000			-143.0000			
1126.1683			966.1344			-1150.7669			941.5000			-67.0000			182.0000			-135.0000			
1126.1683			1137.4579			-1150.7669			1112.8000			-77.0000			184.0000			-127.0000			
1126.1683			1139.7122			-1150.7669			1115.1000			-89.0000			186.0000			-117.0000			
1054.8829			1139.7122			-1150.7669			1043.8000			-98.0000			185.0000			-106.0000			
860.5187			1139.7122			-1150.7669			849.4000			-106.0000			182.0000			-95.0000			
672.2807			1139.7122			-1150.7669			661.2000			-115.0000			180.0000			-83.0000			
481.8150			1139.7122			-1150.7669			470.7000			-123.0000			176.0000			-74.0000			
286.8939			1139.7122			-1150.7669			275.8000			-129.0000			171.0000			-62.0000			
90.8590			1139.7122			-1150.7669			79.8000			-135.0000			165.0000			-50.0000			
-104.0620			1139.7122			-1150.7669			-115.1000			-140.0000			158.0000			-37.0000			
-292.3001			1139.7122			-1150.7669			-303.3000			-145.0000			151.0000			-24.0000			
-479.9812			1139.7122			-1150.7669			-491.0000			-149.0000			145.0000			-11.0000			
-663.7639			1139.7122			-1150.7669			-674.8000			-154.0000			139.0000			3.0000			
-846.9897			1139.7122			-1150.7669			-858.0000			-157.0000			131.0000			17.0000			
-1023.5325			1139.7122			-1150.7669			-1034.5000			-160.0000			121.0000			30.0000			
-1154.4081			1139.7122			-1150.7669			-1165.4000			-159.0000			108.0000			43.0000			
-1154.4081			1139.7122			-1150.7669			-1165.4000			-158.0000			97.0000			55.0000			
-1154.4081			1139.7122			-1055.6096			-1070.2000			-156.0000			84.0000			68.0000			
-1154.4081			1139.7122			-880.7856			-895.4000			-152.0000			72.0000			78.0000			
-1154.4081			1139.7122			-676.6399			-691.3000			-148.0000			60.0000			88.0000			
-1154.4081			1139.7122			-495.1771			-509.8000			-143.0000			46.0000			99.0000			
-1154.4081			1139.7122			-313.7143			-328.4000			-136.0000			33.0000			105.0000			
-1154.4081			1139.7122			-129.4852			-144.1000			-130.0000			19.0000			115.0000			
-1154.4081			1139.7122			54.1906			39.5000			-122.0000			5.0000			124.0000			
-1154.4081			1139.7122			227.3548			212.6000			-116.0000			-11.0000			132.0000			
-1154.4081			1139.7122			398.8593			384.1000			-108.0000			-27.0000			141.0000			
-1154.4081			1139.7122			579.7689			565.0000			-101.0000			-43.0000			151.0000			
-1154.4081			1139.7122			749.6137			734.9000			-94.0000			-58.0000			159.0000			
-1154.4081			1139.7122			908.9469			894.2000			-85.0000			-73.0000			165.0000			
-1154.4081			1139.7122			1066.6204			1051.9000			-75.0000			-89.0000			170.0000			
-1154.4081			1139.7122			1114.7523			1100.0000			-66.0000			-100.0000			174.0000			
-1154.4081			941.3376			1114.7523			901.6000			-57.0000			-110.0000			174.0000			
-1154.4081			758.1793			1114.7523			718.5000			-47.0000			-120.0000			175.0000			
-1154.4081			570.5124			1114.7523			530.8000			-35.0000			-130.0000			171.0000			
-1154.4081			380.0278			1114.7523			340.3000			-23.0000			-137.0000			168.0000			
-1154.4081			187.8524			1114.7523			148.2000			-10.0000			-145.0000			162.0000			
-1154.4081			-6.5772			1114.7523			-46.2000			3.0000			-151.0000			158.0000			
-1154.4081			-188.0448			1114.7523			-227.6000			15.0000			-158.0000			151.0000			
-1154.4081			-363.8768			1114.7523			-403.5000			29.0000			-166.0000			145.0000			
-1154.4081			-543.0902			1114.7523			-582.7000			44.0000			-174.0000			140.0000			
-1154.4081			-725.6850			1114.7523			-765.3000			56.0000			-182.0000			133.0000			
-1154.4081			-904.3348			1114.7523			-943.9000			70.0000			-187.0000			126.0000			
-1154.4081			-1075.6583			1114.7523			-1115.3000			81.0000			-189.0000			117.0000			
-1003.4835			-1168.0828			1114.7523			-1056.8000			93.0000			-191.0000			107.0000			
-830.8391			-1168.0828			1114.7523			-884.1000			103.0000			-190.0000			96.0000			
-623.6659			-1168.0828			1114.7523			-676.9000			111.0000			-187.0000			84.0000			
-441.5539			-1168.0828			1114.7523			-494.8000			120.0000			-184.0000			72.0000			
-256.6574			-1168.0828			1114.7523			-309.9000			128.0000			-181.0000			62.0000			
-65.6347			-1168.0828			1114.7523			-118.9000			133.0000			-176.0000			50.0000			
122.6033			-1168.0828			1114.7523			69.2000			140.0000			-170.0000			37.0000			
310.8414			-1168.0828			1114.7523			257.5000			145.0000			-164.0000			25.0000			
494.6241			-1168.0828			1114.7523			441.2000			149.0000			-159.0000			15.0000			
678.9637			-1168.0828			1114.7523			625.6000			153.0000			-153.0000			1.0000			
868.3156			-1168.0828			1114.7523			814.9000			159.0000			-146.0000			-13.0000			
1044.3014			-1168.0828			1114.7523			990.9000			161.0000			-137.0000			-26.0000			
1126.1683			-1168.0828			1114.7523			1072.8000			163.0000			-126.0000			-39.0000			
1126.1683			-1168.0828			1113.0926			1071.1000			165.0000			-113.0000			-49.0000			
1126.1683			-1168.0828			906.7339			864.8000			165.0000			-99.0000			-60.0000			
1126.1683			-1168.0828			741.3151			699.4000			165.0000			-83.0000			-70.0000			
1126.1683			-1168.0828			567.0444			525.1000			163.0000			-69.0000			-80.0000			
1126.1683			-1168.0828			387.7945			345.8000			159.0000			-54.0000			-90.0000			
1126.1683			-1168.0828			208.5446			166.6000			153.0000			-40.0000			-98.0000			
1126.1683			-1168.0828			25.9753			-15.9000			148.0000			-26.0000			-107.0000			
1126.1683			-1168.0828			-154.9343			-196.8000			142.0000			-12.0000			-116.0000			
1126.1683			-1168.0828			-325.8856			-367.7000			136.0000			4.0000			-124.0000			
1126.1683			-1168.0828			-495.1771			-537.0000			132.0000			20.0000			-134.0000			
1126.1683			-1168.0828			-659.4895			-701.3000			123.0000			38.0000			-146.0000			
1126.1683			-1168.0828			-817.1630			-859.0000			118.0000			56.0000			-159.0000			
1126.1683			-1168.0828			-970.4106			-1012.3000			111.0000			73.0000			-170.0000			
1126.1683			-1168.0828			-1120.3387			-1162.2000			102.0000			88.0000			-177.0000			
1126.1683			-1147.7945			-1150.7669			-1172.3000			93.0000			104.0000			-182.0000			
1126.1683			-983.2338			-1150.7669			-1007.8000			82.0000			117.0000			-183.0000			
1126.1683			-795.0034			-1150.7669			-819.5000			72.0000			126.0000			-185.0000			
1126.1683			-593.8110			-1150.7669			-618.4000			54.0000			134.0000			-188.0000			
1126.1683			-419.1061			-1150.7669			-443.6000			39.0000			137.0000			-191.0000			
1126.1683			-242.1470			-1150.7669			-266.7000			23.0000			139.0000			-193.0000			
1126.1683			-54.4802			-1150.7669			-79.0000			7.0000			143.0000			-193.0000			
1126.1683			131.4960			-1150.7669			106.9000			-7.0000			149.0000			-189.0000			
1126.1683			302.8195			-1150.7669			278.2000			-19.0000			155.0000			-182.0000			
1126.1683			473.0158			-1150.7669			448.4000			-31.0000			164.0000			-178.0000			
1126.1683			661.2463			-1150.7669			636.6000			-43.0000			175.0000			-172.0000			
1126.1683			832.0062			-1150.7669			807.4000			-54.0000			182.0000			-165.0000			
1126.1683			1001.6390			-1150.7669			977.0000			-65.0000			188.0000			-158.0000			
1126.1683			1139.7122			-1150.7669			1115.1000			-75.0000			191.0000			-146.0000			
1052.0983			1139.7122			-1150.7669			1041.0000			-85.0000			191.0000			-136.0000			
866.6448			1139.7122			-1150.7669			855.5000			-93.0000			189.0000			-125.0000			
682.3052			1139.7122			-1150.7669			671.2000			-103.0000			186.0000			-112.0000			
492.3964			1139.7122			-1150.7669			481.3000			-110.0000			183.0000			-101.0000			
304.1583			1139.7122			-1150.7669			293.1000			-118.0000			178.0000			-88.0000			
113.1357			1139.7122			-1150.7669			102.0000			-123.0000			173.0000			-76.0000			
-77.8869			1139.7122			-1150.7669			-88.9000			-129.0000			167.0000			-63.0000			
-261.1127			1139.7122			-1150.7669			-272.1000			-135.0000			160.0000			-51.0000			
-438.2124			1139.7122			-1150.7669			-449.2000			-143.0000			156.0000			-36.0000			
-621.9951			1139.7122			-1150.7669			-633.0000			-149.0000			149.0000			-21.0000			
-802.4363			1139.7122			-1150.7669			-813.4000			-153.0000			141.0000			-5.0000			
-973.4099			1139.7122			-1150.7669			-984.4000			-157.0000			131.0000			9.0000			
-1143.2697			1139.7122			-1150.7669			-1154.3000			-158.0000			119.0000			23.0000			
-1154.4081			1139.7122			-1150.7669			-1165.4000			-156.0000			108.0000			35.0000			
-1154.4081			1139.7122			-991.4337			-1006.1000			-154.0000			95.0000			48.0000			
-1154.4081			1139.7122			-826.5681			-841.2000			-151.0000			81.0000			60.0000			
-1154.4081			1139.7122			-658.3830			-673.0000			-146.0000			67.0000			69.0000			
-1154.4081			1139.7122			-484.1123			-498.8000			-141.0000			53.0000			80.0000			
-1154.4081			1139.7122			-305.9689			-320.6000			-135.0000			38.0000			90.0000			
-1154.4081			1139.7122			-128.3787			-143.0000			-131.0000			23.0000			100.0000			
-1154.4081			1139.7122			50.8711			36.1000			-124.0000			9.0000			110.0000			
-1154.4081			1139.7122			220.1627			205.4000			-120.0000			-5.0000			121.0000			
-1154.4081			1139.7122			375.6232			360.9000			-116.0000			-23.0000			135.0000			
-1154.4081			1139.7122			532.7435			518.0000			-110.0000			-38.0000			150.0000			
-1154.4081			1139.7122			685.4378			670.7000			-104.0000			-54.0000			164.0000			
-1154.4081			1139.7122			838.1321			823.4000			-95.0000			-65.0000			178.0000			
-1154.4081			1139.7122			994.1459			979.4000			-85.0000			-78.0000			186.0000			
-1154.4081			1139.7122			1114.7523			1100.0000			-73.0000			-88.0000			190.0000			
-1154.4081			1073.7752			1114.7523			1034.1000			-63.0000			-99.0000			192.0000			
-1154.4081			891.1804			1114.7523			851.5000			-51.0000			-109.0000			191.0000			
-1154.4081			707.4585			1114.7523			667.8000			-39.0000			-116.0000			191.0000			
-1154.4081			524.3002			1114.7523			484.6000			-26.0000			-123.0000			187.0000			
-1154.4081			334.3791			1114.7523			294.7000			-16.0000			-130.0000			182.0000			
-1154.4081			140.5130			1114.7523			100.8000			-4.0000			-136.0000			177.0000			
-1154.4081			-52.7895			1114.7523			-92.4000			10.0000			-143.0000			171.0000			
-1154.4081			-226.9308			1114.7523			-266.5000			22.0000			-149.0000			165.0000			
-1154.4081			-408.3984			1114.7523			-448.0000			34.0000			-157.0000			160.0000			
-1154.4081			-593.2474			1114.7523			-632.8000			47.0000			-162.0000			155.0000			
-1154.4081			-774.7151			1114.7523			-814.3000			59.0000			-168.0000			148.0000			
-1154.4081			-946.0386			1114.7523			-985.6000			70.0000			-173.0000			139.0000			
-1116.5377			-1116.2349			1114.7523			-1118.0000			82.0000			-175.0000			131.0000			
-946.6779			-1168.0828			1114.7523			-1000.0000			92.0000			-178.0000			121.0000			
-744.5169			-1168.0828			1114.7523			-797.8000			101.0000			-177.0000			112.0000			
-561.8481			-1168.0828			1114.7523			-615.1000			110.0000			-176.0000			102.0000			
-378.0653			-1168.0828			1114.7523			-431.3000			117.0000			-174.0000			91.0000			
-192.0550			-1168.0828			1114.7523			-245.3000			124.0000			-170.0000			79.0000			
-2.1462			-1168.0828			1114.7523			-55.4000			132.0000			-166.0000			66.0000			
186.6488			-1168.0828			1114.7523			133.3000			138.0000			-160.0000			54.0000			
366.5331			-1168.0828			1114.7523			313.2000			143.0000			-155.0000			41.0000			
552.5435			-1168.0828			1114.7523			499.2000			149.0000			-148.0000			27.0000			
732.9847			-1168.0828			1114.7523			679.6000			155.0000			-143.0000			12.0000			
907.2998			-1168.0828			1114.7523			853.9000			161.0000			-137.0000			-4.0000			
1076.0457			-1168.0828			1114.7523			1022.7000			164.0000			-128.0000			-18.0000			
1126.1683			-1168.0828			1114.7523			1072.8000			166.0000			-116.0000			-31.0000			
1126.1683			-1168.0828			1045.5973			1003.6000			163.0000			-103.0000			-44.0000			
1126.1683			-1168.0828			877.9654			836.0000			159.0000			-89.0000			-57.0000			
1126.1683			-1168.0828			715.3128			673.4000			157.0000			-76.0000			-67.0000			
1126.1683			-1168.0828			544.3615			502.4000			155.0000			-63.0000			-80.0000			
1126.1683			-1168.0828			367.8778			325.9000			150.0000			-49.0000			-90.0000			
1126.1683			-1168.0828			190.8409			148.9000			144.0000			-35.0000			-100.0000			
1126.1683			-1168.0828			12.6975			-29.2000			139.0000			-20.0000			-111.0000			
1126.1683			-1168.0828			-163.2329			-205.1000			134.0000			-5.0000			-120.0000			
1126.1683			-1168.0828			-331.4180			-373.3000			125.0000			10.0000			-128.0000			
1126.1683			-1168.0828			-491.8577			-533.7000			118.0000			27.0000			-140.0000			
1126.1683			-1168.0828			-655.6168			-697.5000			114.0000			45.0000			-153.0000			
1126.1683			-1168.0828			-821.0357			-862.9000			106.0000			62.0000			-165.0000			
1126.1683			-1168.0828			-968.1976			-1010.1000			97.0000			77.0000			-175.0000			
1126.1683			-1168.0828			-1126.4243			-1168.3000			83.0000			86.0000			-185.0000			
1126.1683			-1159.0658			-1150.7669			-1183.6000			69.0000			97.0000			-192.0000			
1126.1683			-997.8865			-1150.7669			-1022.4000			55.0000			106.0000			-195.0000			
1126.1683			-798.3848			-1150.7669			-822.9000			46.0000			115.0000			-193.0000			
1126.1683			-618.0443			-1150.7669			-642.6000			36.0000			126.0000			-192.0000			
1126.1683			-434.3224			-1150.7669			-458.9000			27.0000			136.0000			-187.0000			
1126.1683			-250.0369			-1150.7669			-274.6000			15.0000			142.0000			-185.0000			
1126.1683			-62.3701			-1150.7669			-86.9000			4.0000			148.0000			-178.0000			
1126.1683			125.2968			-1150.7669			100.7000			-9.0000			154.0000			-174.0000			
1126.1683			298.8745			-1150.7669			274.2000			-19.0000			160.0000			-167.0000			
1126.1683			76.2667			-1150.7669			51.6000			-22.0000			115.0000			-149.0000			
1126.1683			62.7412			-1150.7669			38.1000			-17.0000			73.0000			-127.0000			
1126.1683			101.6271			-1150.7669			77.0000			-10.0000			68.0000			-98.0000			
1126.1683			106.1356			-1150.7669			81.5000			-10.0000			65.0000			-77.0000			
1126.1683			108.9534			-1150.7669			84.3000			-14.0000			51.0000			-60.0000			
1126.1683			101.6271			-1150.7669			77.0000			-23.0000			39.0000			-49.0000			
1126.1683			112.8984			-1150.7669			88.3000			-33.0000			33.0000			-40.0000			
1126.1683			111.2077			-1150.7669			86.6000			-40.0000			28.0000			-28.0000			
1126.1683			110.0806			-1150.7669			85.4000			-47.0000			25.0000			-17.0000			
1126.1683			119.0976			-1150.7669			94.5000			-55.0000			28.0000			-5.0000			
1126.1683			112.8984			-1150.7669			88.3000			-66.0000			33.0000			5.0000			
1009.2156			117.9705			-1087.1443			40.0000			-75.0000			39.0000			14.0000			
859.4049			123.0425			-949.9407			32.5000			-85.0000			45.0000			22.0000			
707.3665			125.2968			-808.8644			23.7000			-92.0000			47.0000			33.0000			
553.6573			125.2968			-640.6793			38.2000			-99.0000			46.0000			43.0000			
396.0497			130.3689			-491.8577			34.5000			-103.0000			47.0000			51.0000			
236.7714			134.3138			-341.3763			29.7000			-110.0000			47.0000			61.0000			
73.0377			133.7503			-185.9157			20.8000			-115.0000			48.0000			68.0000			
-92.3668			134.8774			-31.0084			11.5000			-122.0000			49.0000			76.0000			
-237.7222			136.0045			105.6419			3.9000			-125.0000			51.0000			82.0000			
-46.1426			139.3859			-70.8418			22.4000			-96.0000			50.0000			47.0000			
12.8906			134.8774			-80.8001			66.9000			-73.0000			50.0000			23.0000			
-32.2197			137.6952			-66.9691			38.5000			-67.0000			49.0000			14.0000			
-49.4841			143.8944			-58.6705			35.7000			-61.0000			50.0000			6.0000			
-50.0411			139.9495			-58.1172			31.7000			-53.0000			50.0000			-3.0000			
-53.9395			143.8944			-61.9899			27.9000			-48.0000			47.0000			-7.0000			
-57.2810			143.3308			-60.8834			25.1000			-44.0000			46.0000			-8.0000			
-55.6102			139.9495			-57.0107			27.3000			-41.0000			45.0000			-12.0000			
-55.6102			142.2037			-57.5640			29.0000			-41.0000			43.0000			-11.0000			
-56.7241			139.9495			-52.5848			30.6000			-42.0000			45.0000			-9.0000			
-58.3948			139.3859			-50.3719			30.6000			-47.0000			45.0000			-8.0000			
-61.1794			136.5681			-48.1589			27.2000			-52.0000			45.0000			-4.0000			
-66.7486			137.6952			-45.3927			25.5000			-54.0000			43.0000			-3.0000			
-66.7486			136.5681			-44.2862			25.5000			-52.0000			41.0000			-5.0000			
-66.1917			133.7503			-41.5200			26.0000			-47.0000			39.0000			-7.0000			
-65.0778			133.1867			-37.6473			30.4000			-45.0000			38.0000			-9.0000			
-67.3055			132.0596			-35.4344			29.3000			-42.0000			36.0000			-12.0000			
-67.8624			130.9324			-34.8811			28.2000			-41.0000			35.0000			-12.0000			
-68.9762			130.9324			-34.3279			27.6000			-39.0000			34.0000			-12.0000			
-69.5332			129.2417			-33.2214			26.4000			-41.0000			31.0000			-10.0000			
-68.4193			128.1146			-32.6682			27.0000			-41.0000			28.0000			-5.0000			
-67.3055			125.8604			-31.5617			26.9000			-44.0000			25.0000			3.0000			
-67.3055			126.4239			-31.0084			28.1000			-44.0000			23.0000			14.0000			
-67.8624			124.7332			-30.4552			26.4000			-45.0000			20.0000			23.0000			
-66.1917			123.6061			-29.3487			28.0000			-43.0000			16.0000			33.0000			
-65.6347			123.0425			-29.3487			28.0000			-42.0000			15.0000			41.0000			
-62.8502			121.9154			-28.7955			30.2000			-42.0000			12.0000			49.0000			
-62.8502			120.2247			-28.2422			29.1000			-41.0000			9.0000			57.0000			
-61.1794			117.9705			-27.6890			29.1000			-40.0000			6.0000			63.0000			
-58.9517			116.8433			-27.6890			30.2000			-41.0000			4.0000			70.0000			
-58.3948			114.0255			-22.1566			33.4000			-40.0000			4.0000			76.0000			
-55.6102			110.6441			-21.6034			33.4000			-37.0000			3.0000			74.0000			
-55.0533			111.7713			-23.2631			33.4000			-35.0000			5.0000			72.0000			
-54.4964			107.2627			-21.0501			31.7000			-34.0000			4.0000			71.0000			
-53.3826			106.1356			-21.0501			31.7000			-33.0000			5.0000			70.0000			
-53.9395			103.3178			-17.7307			31.6000			-32.0000			4.0000			67.0000			
-52.8256			101.6271			-17.7307			31.0000			-29.0000			5.0000			64.0000			
-51.7118			99.9364			-17.7307			30.5000			-27.0000			6.0000			61.0000			
-49.4841			97.6822			-17.1774			31.0000			-26.0000			4.0000			57.0000			
-48.3703			96.5550			-16.6242			31.5000			-25.0000			4.0000			56.0000			
-47.2565			94.8643			-16.0710			31.5000			-23.0000			4.0000			55.0000			
-45.0288			92.6101			-16.6242			30.9000			-22.0000			0.0000			55.0000			
-45.0288			92.0465			-15.5177			31.5000			-20.0000			-3.0000			57.0000			
-43.3580			89.7923			-16.0710			30.3000			-18.0000			-9.0000			58.0000			
-41.6873			89.2287			-16.0710			31.4000			-14.0000			-16.0000			59.0000			
-40.0165			87.5380			-16.6242			30.8000			-13.0000			-22.0000			61.0000			
-35.5612			83.0295			-15.5177			31.9000			-9.0000			-29.0000			61.0000			
-35.0043			83.5931			-16.6242			31.9000			-7.0000			-33.0000			63.0000			
-36.1181			85.8473			-17.7307			32.0000			-4.0000			-38.0000			64.0000			
-31.1059			89.7923			-16.6242			42.0000			-6.0000			-47.0000			60.0000			
-33.3335			83.5931			-17.1774			33.0000			-11.0000			-57.0000			54.0000			
-31.1059			81.3388			-19.9436			30.2000			-12.0000			-66.0000			49.0000			
-29.9920			80.2117			-20.4969			29.7000			-13.0000			-72.0000			44.0000			
-28.3213			80.7752			-21.6034			30.8000			-13.0000			-75.0000			41.0000			
-27.7644			80.7752			-23.2631			29.7000			-12.0000			-76.0000			38.0000			
-26.6505			80.7752			-24.3696			29.7000			-11.0000			-77.0000			37.0000			
-25.5367			80.2117			-24.9228			29.7000			-5.0000			-77.0000			34.0000			
-24.9798			80.2117			-25.4760			29.7000			-1.0000			-77.0000			32.0000			
-23.3090			79.6481			-25.4760			30.8000			6.0000			-76.0000			29.0000			
-22.7521			80.7752			-26.5825			31.4000			13.0000			-73.0000			27.0000			
-22.1952			79.6481			-26.5825			30.8000			19.0000			-71.0000			24.0000			
-21.6383			79.6481			-27.6890			30.3000			27.0000			-67.0000			21.0000			
-21.0814			80.7752			-27.6890			32.0000			33.0000			-65.0000			19.0000			
-21.6383			80.7752			-28.7955			30.3000			39.0000			-62.0000			13.0000			
-20.5244			81.9024			-29.3487			32.0000			46.0000			-58.0000			10.0000			
-19.9675			81.3388			-29.3487			32.0000			49.0000			-55.0000			6.0000			
-19.4106			81.9024			-29.3487			33.1000			54.0000			-52.0000			-1.0000			
-19.9675			81.3388			-30.4552			30.9000			58.0000			-48.0000			-6.0000			
-19.4106			81.9024			-31.5617			30.9000			61.0000			-44.0000			-12.0000			
-19.4106			83.0295			-31.0084			32.6000			63.0000			-40.0000			-18.0000			
-19.4106			83.5931			-31.5617			32.6000			63.0000			-35.0000			-26.0000			
-19.4106			84.1566			-33.2214			31.5000			65.0000			-29.0000			-30.0000			
-18.8537			84.7202			-32.6682			33.1000			66.0000			-25.0000			-37.0000			
-18.8537			84.1566			-33.7746			31.5000			66.0000			-21.0000			-43.0000			
-19.4106			85.8473			-33.7746			32.6000			66.0000			-16.0000			-49.0000			
-19.4106			85.8473			-34.3279			32.1000			63.0000			-10.0000			-54.0000			
-19.4106			85.8473			-34.8811			31.5000			63.0000			-6.0000			-58.0000			
-20.5244			86.9744			-34.8811			31.5000			61.0000			-1.0000			-62.0000			
-19.9675			87.5380			-35.4344			32.1000			58.0000			4.0000			-67.0000			
-20.5244			88.1016			-35.4344			32.1000			55.0000			10.0000			-71.0000			
-21.0814			88.1016			-35.4344			31.5000			53.0000			14.0000			-74.0000			
-21.0814			88.6651			-35.9876			31.6000			49.0000			20.0000			-76.0000			
-20.5244			88.6651			-35.9876			32.1000			45.0000			25.0000			-79.0000			
-20.5244			89.2287			-37.0941			31.6000			41.0000			30.0000			-81.0000			
-21.6383			89.2287			-36.5409			31.0000			37.0000			36.0000			-85.0000			
-22.1952			90.3558			-35.9876			32.1000			31.0000			41.0000			-86.0000			
-22.1952			90.9194			-36.5409			32.1000			28.0000			46.0000			-87.0000			
-22.7521			90.9194			-35.9876			32.1000			23.0000			51.0000			-87.0000			
-22.7521			91.4829			-35.4344			33.3000			17.0000			56.0000			-89.0000			
-23.8659			91.4829			-35.9876			31.6000			12.0000			60.0000			-89.0000			
-24.4229			92.0465			-35.9876			31.6000			9.0000			63.0000			-89.0000			
-24.9798			91.4829			-35.9876			30.5000			3.0000			67.0000			-89.0000			
-24.9798			92.6101			-35.9876			31.6000			-2.0000			70.0000			-87.0000			
-26.6505			93.1736			-35.4344			31.0000			-6.0000			72.0000			-87.0000			
-26.6505			92.6101			-34.8811			31.0000			-11.0000			75.0000			-84.0000			
-26.6505			92.6101			-34.8811			31.0000			-16.0000			77.0000			-83.0000			
-27.2074			93.1736			-34.8811			31.0000			-20.0000			78.0000			-81.0000			
-27.7644			93.7372			-34.3279			31.6000			-25.0000			80.0000			-78.0000			
-27.7644			93.7372			-33.7746			32.1000			-28.0000			81.0000			-75.0000			
-28.3213			93.7372			-33.7746			31.6000			-33.0000			80.0000			-72.0000			
-28.8782			93.1736			-33.7746			30.5000			-39.0000			81.0000			-68.0000			
-28.8782			93.7372			-32.6682			32.1000			-42.0000			82.0000			-63.0000			
-29.9920			93.1736			-32.6682			30.5000			-46.0000			81.0000			-59.0000			
-29.9920			94.3008			-32.1149			32.1000			-51.0000			80.0000			-55.0000			
-29.9920			93.7372			-31.0084			32.7000			-54.0000			79.0000			-51.0000			
-29.9920			93.7372			-31.0084			32.7000			-58.0000			79.0000			-47.0000			
-30.5490			93.1736			-31.0084			31.6000			-62.0000			75.0000			-41.0000			
-31.1059			93.1736			-29.9020			32.1000			-64.0000			75.0000			-36.0000			
-31.1059			92.6101			-28.7955			32.7000			-68.0000			71.0000			-30.0000			
-31.6628			92.6101			-28.2422			32.7000			-71.0000			69.0000			-26.0000			
-32.2197			92.0465			-28.2422			31.5000			-73.0000			67.0000			-22.0000			
-31.6628			91.4829			-27.1358			32.6000			-75.0000			63.0000			-15.0000			
-31.6628			90.9194			-27.6890			31.5000			-77.0000			61.0000			-11.0000			
-31.6628			89.7923			-26.0293			32.1000			-79.0000			57.0000			-5.0000			
-31.1059			90.3558			-26.5825			32.6000			-82.0000			52.0000			-1.0000			
-31.6628			89.7923			-25.4760			32.6000			-83.0000			48.0000			5.0000			
-31.6628			88.6651			-25.4760			31.5000			-82.0000			44.0000			11.0000			
-31.1059			88.1016			-24.9228			32.0000			-83.0000			41.0000			15.0000			
-31.6628			87.5380			-24.3696			31.5000			-83.0000			36.0000			19.0000			
-31.6628			86.4109			-23.8163			30.9000			-83.0000			30.0000			24.0000			
-31.6628			85.8473			-22.7098			31.4000			-82.0000			26.0000			28.0000			
-31.6628			85.2837			-22.7098			30.9000			-81.0000			21.0000			33.0000			
-31.1059			84.7202			-22.1566			31.4000			-79.0000			16.0000			35.0000			
-30.5490			83.5931			-20.4969			32.5000			-79.0000			12.0000			39.0000			
-29.9920			83.0295			-21.6034			31.4000			-77.0000			6.0000			42.0000			
-29.9920			83.0295			-20.4969			32.5000			-74.0000			2.0000			45.0000			
-29.9920			81.3388			-20.4969			30.8000			-72.0000			-4.0000			48.0000			
-29.4351			80.7752			-19.9436			31.3000			-69.0000			-10.0000			51.0000			
-29.4351			80.2117			-18.8372			31.9000			-67.0000			-15.0000			52.0000			
-29.4351			79.0845			-19.3904			30.2000			-63.0000			-19.0000			54.0000			
-28.3213			79.0845			-18.8372			31.9000			-60.0000			-25.0000			57.0000			
-27.7644			77.9574			-18.2839			31.9000			-57.0000			-29.0000			57.0000			
-27.2074			76.8303			-17.7307			31.8000			-53.0000			-34.0000			60.0000			
-27.2074			76.8303			-17.7307			31.8000			-50.0000			-38.0000			59.0000			
-26.6505			76.2667			-17.7307			31.8000			-46.0000			-43.0000			63.0000			
-26.0936			75.7032			-17.1774			32.4000			-41.0000			-48.0000			63.0000			
-26.0936			75.1396			-17.7307			31.3000			-39.0000			-51.0000			63.0000			
-26.0936			74.0125			-17.7307			30.1000			-34.0000			-56.0000			65.0000			
-25.5367			74.0125			-17.1774			31.3000			-31.0000			-59.0000			64.0000			
-24.4229			73.4489			-17.1774			31.8000			-25.0000			-62.0000			63.0000			
-23.8659			72.8853			-16.6242			32.3000			-22.0000			-66.0000			63.0000			
-23.3090			71.7582			-17.7307			30.7000			-18.0000			-69.0000			62.0000			
-22.1952			71.1946			-17.1774			31.8000			-13.0000			-71.0000			62.0000			
-21.6383			70.6311			-17.1774			31.8000			-9.0000			-74.0000			61.0000			
-21.6383			70.6311			-17.1774			31.8000			-5.0000			-76.0000			60.0000			
-21.0814			70.0675			-17.7307			31.2000			-2.0000			-77.0000			57.0000			
-20.5244			69.5039			-17.1774			31.8000			3.0000			-78.0000			54.0000			
-19.9675			69.5039			-17.1774			32.3000			7.0000			-79.0000			52.0000			
-19.9675			69.5039			-17.7307			31.8000			10.0000			-80.0000			49.0000			
-19.4106			68.9404			-17.7307			31.8000			14.0000			-81.0000			47.0000			
-18.8537			68.3768			-17.7307			31.7000			19.0000			-81.0000			42.0000			
-18.8537			68.3768			-18.2839			31.2000			23.0000			-81.0000			40.0000			
-18.2968			67.8133			-17.7307			31.7000			25.0000			-79.0000			35.0000			
-17.7399			68.3768			-18.8372			31.8000			27.0000			-78.0000			31.0000			
-17.1829			66.6861			-18.8372			30.6000			32.0000			-77.0000			27.0000			
-16.0691			67.8133			-19.3904			32.3000			34.0000			-75.0000			23.0000			
-16.0691			67.8133			-18.8372			32.9000			36.0000			-74.0000			19.0000			
-15.5122			66.1226			-19.9436			30.6000			39.0000			-71.0000			14.0000			
-13.8414			67.2497			-20.4969			32.9000			42.0000			-70.0000			10.0000			
-14.9553			67.2497			-21.0501			31.2000			44.0000			-67.0000			4.0000			
-13.8414			67.2497			-21.0501			32.3000			46.0000			-65.0000			0.0000			
-13.8414			67.2497			-21.0501			32.3000			47.0000			-62.0000			-4.0000			
-13.8414			67.2497			-21.0501			32.3000			50.0000			-58.0000			-9.0000			
-13.8414			67.8133			-21.6034			32.3000			51.0000			-55.0000			-14.0000			
-13.2845			67.8133			-22.7098			31.8000			53.0000			-51.0000			-19.0000			
-13.2845			67.8133			-22.1566			32.3000			52.0000			-48.0000			-22.0000			
-13.8414			67.8133			-22.1566			31.8000			55.0000			-44.0000			-28.0000			
-13.2845			68.9404			-23.2631			32.3000			55.0000			-39.0000			-33.0000			
-13.8414			68.3768			-23.2631			31.2000			55.0000			-37.0000			-37.0000			
-13.2845			68.9404			-23.2631			32.3000			56.0000			-32.0000			-41.0000			
-12.7276			69.5039			-24.3696			32.4000			54.0000			-28.0000			-46.0000			
-13.2845			70.0675			-23.8163			32.9000			54.0000			-23.0000			-48.0000			
-13.2845			69.5039			-23.8163			32.4000			54.0000			-19.0000			-52.0000			
-13.8414			70.0675			-24.3696			31.8000			52.0000			-15.0000			-56.0000			
-13.8414			70.0675			-24.9228			31.3000			51.0000			-11.0000			-58.0000			
-13.8414			71.1946			-24.9228			32.4000			49.0000			-7.0000			-62.0000			
-13.8414			70.6311			-24.9228			31.8000			47.0000			-3.0000			-65.0000			
-13.8414			71.7582			-26.0293			31.8000			46.0000			2.0000			-66.0000			
-13.8414			71.7582			-25.4760			32.4000			44.0000			5.0000			-69.0000			
-13.8414			72.3218			-26.0293			32.4000			42.0000			9.0000			-70.0000			
-14.9553			72.3218			-26.0293			31.3000			40.0000			14.0000			-73.0000			
-14.9553			72.8853			-26.0293			31.9000			36.0000			18.0000			-74.0000			
-14.9553			73.4489			-26.0293			32.4000			34.0000			22.0000			-76.0000			
-15.5122			72.8853			-26.0293			31.3000			29.0000			27.0000			-77.0000			
-16.0691			73.4489			-26.5825			30.7000			26.0000			30.0000			-79.0000			
-16.0691			74.0125			-26.5825			31.3000			24.0000			33.0000			-79.0000			
-17.1829			74.5760			-26.5825			30.8000			20.0000			38.0000			-80.0000			
-16.6260			74.0125			-25.4760			31.9000			18.0000			40.0000			-81.0000			
-16.6260			75.1396			-26.5825			31.9000			14.0000			44.0000			-82.0000			
-17.1829			74.5760			-26.0293			31.3000			10.0000			47.0000			-81.0000			
-17.7399			75.7032			-26.0293			31.9000			7.0000			48.0000			-81.0000			
-17.7399			75.1396			-26.0293			31.3000			4.0000			52.0000			-81.0000			
-18.2968			75.7032			-25.4760			31.9000			-1.0000			54.0000			-80.0000			
-18.2968			76.2667			-26.0293			31.9000			-3.0000			55.0000			-79.0000			
-18.2968			76.2667			-24.9228			33.0000			-6.0000			58.0000			-77.0000			
-19.4106			76.8303			-24.9228			32.4000			-10.0000			58.0000			-77.0000			
-19.4106			76.2667			-24.3696			32.4000			-14.0000			60.0000			-75.0000			
-19.4106			76.2667			-24.3696			32.4000			-17.0000			63.0000			-71.0000			
-20.5244			76.2667			-24.3696			31.3000			-20.0000			63.0000			-70.0000			
-20.5244			76.2667			-24.9228			30.8000			-24.0000			63.0000			-67.0000			
-20.5244			76.2667			-24.3696			31.3000			-29.0000			63.0000			-65.0000			
-20.5244			76.2667			-23.2631			32.4000			-31.0000			64.0000			-62.0000			
-21.6383			76.2667			-22.7098			31.9000			-34.0000			64.0000			-60.0000			
-21.6383			76.2667			-22.7098			31.9000			-38.0000			63.0000			-56.0000			
-22.1952			75.7032			-22.7098			30.8000			-40.0000			63.0000			-53.0000			
-22.1952			76.2667			-21.0501			33.0000			-42.0000			63.0000			-50.0000			
-22.7521			75.1396			-21.6034			30.7000			-45.0000			61.0000			-47.0000			
-22.1952			75.1396			-22.1566			30.7000			-47.0000			59.0000			-44.0000			
-23.8659			75.1396			-20.4969			30.7000			-49.0000			58.0000			-39.0000			
-22.7521			75.1396			-20.4969			31.8000			-52.0000			55.0000			-37.0000			
-22.7521			75.1396			-19.9436			32.4000			-53.0000			54.0000			-32.0000			
-24.4229			74.5760			-20.4969			29.6000			-54.0000			52.0000			-28.0000			
-23.8659			74.5760			-19.3904			31.3000			-55.0000			49.0000			-25.0000			
-23.8659			74.5760			-17.7307			32.9000			-57.0000			47.0000			-21.0000			
-23.8659			74.0125			-18.2839			31.8000			-57.0000			44.0000			-18.0000			
-22.7521			72.3218			-17.1774			32.3000			-59.0000			41.0000			-14.0000			
-23.8659			72.8853			-17.1774			31.8000			-60.0000			38.0000			-10.0000			
-23.8659			73.4489			-17.7307			31.8000			-60.0000			36.0000			-6.0000			
-23.8659			72.3218			-16.6242			31.8000			-61.0000			31.0000			-2.0000			
-23.8659			71.7582			-16.0710			31.8000			-62.0000			29.0000			4.0000			
-24.4229			70.6311			-15.5177			30.6000			-61.0000			25.0000			8.0000			
-23.8659			70.6311			-15.5177			31.2000			-61.0000			21.0000			11.0000			
-24.4229			70.6311			-15.5177			30.6000			-61.0000			17.0000			15.0000			
-23.8659			69.5039			-14.9645			30.6000			-61.0000			14.0000			18.0000			
-23.8659			69.5039			-14.4112			31.2000			-60.0000			10.0000			21.0000			
-23.3090			69.5039			-13.8580			32.3000			-59.0000			8.0000			24.0000			
-23.3090			68.3768			-13.3048			31.7000			-58.0000			3.0000			27.0000			
-22.7521			67.8133			-13.3048			31.7000			-57.0000			-1.0000			30.0000			
-22.1952			66.6861			-12.7515			31.7000			-55.0000			-5.0000			31.0000			
-22.1952			66.6861			-12.7515			31.7000			-55.0000			-7.0000			34.0000			
-21.6383			66.1226			-12.7515			31.7000			-53.0000			-11.0000			37.0000			
-21.6383			64.9954			-12.1983			31.1000			-51.0000			-14.0000			38.0000			
-21.6383			65.5590			-12.1983			31.7000			-49.0000			-18.0000			39.0000			
-21.6383			64.4319			-11.6450			31.1000			-47.0000			-21.0000			41.0000			
-20.5244			63.3047			-11.6450			31.1000			-45.0000			-24.0000			43.0000			
-21.0814			63.3047			-11.0918			31.1000			-42.0000			-28.0000			44.0000			
-20.5244			62.1776			-11.0918			30.5000			-40.0000			-30.0000			45.0000			
-19.9675			62.1776			-10.5386			31.6000			-37.0000			-33.0000			46.0000			
-19.4106			61.6141			-11.0918			31.1000			-35.0000			-36.0000			46.0000			
-18.8537			61.6141			-11.0918			31.6000			-33.0000			-39.0000			46.0000			
-18.2968			60.4869			-10.5386			31.6000			-30.0000			-42.0000			48.0000			
-18.2968			61.0505			-11.0918			31.6000			-27.0000			-44.0000			47.0000			
-18.2968			59.9234			-11.0918			30.5000			-25.0000			-47.0000			48.0000			
-17.1829			58.7962			-10.5386			31.0000			-21.0000			-49.0000			48.0000			
-17.1829			58.2327			-10.5386			30.5000			-18.0000			-51.0000			47.0000			
-17.1829			58.2327			-11.0918			29.9000			-15.0000			-53.0000			46.0000			
-16.0691			58.2327			-11.0918			31.0000			-11.0000			-55.0000			46.0000			
-15.5122			58.2327			-11.0918			31.6000			-8.0000			-56.0000			43.0000			
-15.5122			57.6691			-11.0918			31.0000			-7.0000			-58.0000			42.0000			
-14.9553			57.1055			-11.6450			30.5000			-2.0000			-58.0000			41.0000			
-13.8414			56.5420			-11.0918			31.6000			2.0000			-61.0000			40.0000			
-13.8414			56.5420			-11.0918			31.6000			4.0000			-61.0000			38.0000			
-13.8414			56.5420			-11.6450			31.0000			8.0000			-62.0000			37.0000			
-13.8414			56.5420			-12.1983			30.5000			11.0000			-63.0000			33.0000			
-13.2845			55.9784			-11.6450			31.0000			13.0000			-64.0000			30.0000			
-12.1707			55.9784			-12.1983			31.6000			17.0000			-64.0000			28.0000			
-12.7276			55.9784			-12.1983			31.0000			19.0000			-63.0000			26.0000			
-12.1707			55.4148			-12.7515			30.5000			22.0000			-63.0000			23.0000			
-12.7276			55.4148			-12.1983			30.4000			24.0000			-63.0000			20.0000			
-11.6138			54.2877			-12.1983			30.4000			26.0000			-61.0000			17.0000			
-11.6138			55.4148			-12.7515			31.0000			28.0000			-61.0000			15.0000			
-11.0568			55.4148			-12.7515			31.6000			30.0000			-59.0000			12.0000			
-10.4999			54.2877			-13.3048			30.4000			32.0000			-58.0000			9.0000			
-9.9430			54.8513			-13.8580			31.0000			33.0000			-57.0000			6.0000			
-9.9430			54.8513			-13.8580			31.0000			35.0000			-55.0000			4.0000			
-9.3861			54.2877			-13.8580			31.0000			36.0000			-52.0000			-1.0000			
-9.3861			54.8513			-14.4112			31.0000			38.0000			-50.0000			-4.0000			
-9.3861			54.8513			-14.4112			31.0000			38.0000			-47.0000			-8.0000			
-9.3861			55.4148			-14.4112			31.6000			39.0000			-45.0000			-11.0000			
-9.3861			54.8513			-13.8580			31.6000			40.0000			-42.0000			-15.0000			
-8.8292			55.4148			-14.4112			32.1000			41.0000			-39.0000			-18.0000			
-8.8292			55.4148			-14.9645			31.6000			40.0000			-36.0000			-23.0000			
-8.8292			55.4148			-15.5177			31.0000			41.0000			-33.0000			-25.0000			
-8.2723			55.4148			-15.5177			31.6000			41.0000			-30.0000			-29.0000			
-8.8292			55.4148			-15.5177			31.0000			42.0000			-26.0000			-32.0000			
-9.3861			55.9784			-15.5177			31.0000			41.0000			-23.0000			-35.0000			
-8.8292			55.9784			-16.0710			31.0000			40.0000			-21.0000			-38.0000			
-8.2723			55.4148			-15.5177			31.6000			41.0000			-17.0000			-41.0000			
-8.8292			55.9784			-15.5177			31.6000			39.0000			-14.0000			-43.0000			
-8.8292			55.9784			-15.5177			31.6000			40.0000			-12.0000			-45.0000			
-8.2723			56.5420			-16.0710			32.2000			38.0000			-9.0000			-48.0000			
-8.8292			55.9784			-16.0710			31.0000			38.0000			-6.0000			-49.0000			
-8.2723			57.1055			-16.6242			32.2000			35.0000			-3.0000			-51.0000			
-8.8292			57.6691			-17.1774			31.6000			35.0000			-1.0000			-52.0000			
-8.8292			57.1055			-16.6242			31.6000			32.0000			4.0000			-54.0000			
-8.8292			57.6691			-16.6242			32.2000			31.0000			6.0000			-54.0000			
-9.3861			57.6691			-17.1774			31.1000			30.0000			9.0000			-56.0000			
-9.9430			58.2327			-17.1774			31.1000			27.0000			13.0000			-58.0000			
-9.9430			57.6691			-16.0710			31.6000			25.0000			15.0000			-60.0000			
-10.4999			58.7962			-17.1774			31.1000			23.0000			18.0000			-61.0000			
-10.4999			59.3598			-17.1774			31.6000			21.0000			21.0000			-61.0000			
-9.9430			59.3598			-17.1774			32.2000			18.0000			23.0000			-61.0000			
-10.4999			58.7962			-16.6242			31.6000			16.0000			25.0000			-61.0000			
-11.0568			59.3598			-17.1774			31.1000			15.0000			29.0000			-61.0000			
-11.6138			59.9234			-17.1774			31.1000			11.0000			30.0000			-61.0000			
-11.6138			58.7962			-16.0710			31.1000			10.0000			32.0000			-61.0000			
-11.0568			59.3598			-16.0710			32.2000			8.0000			35.0000			-61.0000			
-11.0568			59.3598			-16.0710			32.2000			6.0000			37.0000			-60.0000			
-11.6138			59.3598			-16.6242			31.1000			2.0000			38.0000			-59.0000			
-12.1707			59.3598			-16.0710			31.1000			1.0000			40.0000			-58.0000			
-12.7276			59.9234			-15.5177			31.6000			-3.0000			42.0000			-59.0000			
-12.7276			59.3598			-16.0710			30.5000			-4.0000			43.0000			-57.0000			
-13.2845			59.9234			-15.5177			31.1000			-8.0000			43.0000			-55.0000			
-13.2845			59.3598			-14.9645			31.1000			-11.0000			44.0000			-53.0000			
-13.8414			59.9234			-14.9645			31.1000			-13.0000			46.0000			-52.0000			
-13.8414			59.9234			-14.4112			31.6000			-16.0000			47.0000			-50.0000			
-13.8414			59.9234			-14.4112			31.6000			-17.0000			47.0000			-47.0000			
-13.8414			59.9234			-14.4112			31.6000			-20.0000			48.0000			-46.0000			
-13.8414			59.3598			-14.4112			31.1000			-22.0000			47.0000			-43.0000			
-13.8414			59.9234			-13.8580			32.2000			-25.0000			47.0000			-41.0000			
-14.9553			59.3598			-13.3048			31.0000			-26.0000			47.0000			-38.0000			
-13.8414			59.3598			-14.4112			31.1000			-29.0000			47.0000			-35.0000			
-13.8414			59.3598			-13.8580			31.6000			-31.0000			46.0000			-33.0000			
-15.5122			59.9234			-13.8580			30.5000			-33.0000			45.0000			-30.0000			
-14.9553			58.7962			-13.3048			30.5000			-35.0000			44.0000			-27.0000			
-15.5122			58.7962			-12.1983			31.0000			-36.0000			43.0000			-24.0000			
-15.5122			58.7962			-12.7515			30.5000			-37.0000			40.0000			-22.0000			
-16.0691			58.7962			-12.1983			30.5000			-38.0000			39.0000			-19.0000			
-16.6260			58.2327			-11.6450			29.9000			-39.0000			38.0000			-16.0000			
-16.0691			58.2327			-11.6450			30.5000			-41.0000			35.0000			-12.0000			
-16.0691			58.2327			-11.0918			31.0000			-41.0000			34.0000			-9.0000			
-16.6260			57.6691			-11.0918			29.9000			-43.0000			30.0000			-6.0000			
-16.6260			57.1055			-11.0918			29.3000			-42.0000			28.0000			-3.0000			
-17.1829			57.1055			-10.5386			29.3000			-44.0000			25.0000			0.0000			
-16.6260			56.5420			-9.9853			29.9000			-44.0000			22.0000			5.0000			
-17.1829			57.1055			-9.4321			30.4000			-44.0000			19.0000			7.0000			
-17.1829			55.9784			-8.8788			29.9000			-45.0000			17.0000			10.0000			
-16.0691			55.9784			-8.8788			31.0000			-45.0000			13.0000			13.0000			
-16.0691			55.4148			-8.8788			30.4000			-45.0000			10.0000			17.0000			
-16.0691			55.9784			-8.8788			31.0000			-45.0000			8.0000			20.0000			
-16.6260			54.8513			-8.3256			29.8000			-45.0000			4.0000			22.0000			
-16.0691			55.4148			-8.8788			30.4000			-45.0000			2.0000			24.0000			
-14.9553			54.2877			-8.3256			31.0000			-43.0000			-1.0000			27.0000			
-15.5122			54.2877			-7.2191			31.5000			-43.0000			-4.0000			28.0000			
-16.6260			53.7242			-7.7724			29.3000			-42.0000			-8.0000			30.0000			
-15.5122			53.7242			-7.2191			31.0000			-41.0000			-9.0000			31.0000			
-14.9553			53.1606			-6.6659			31.5000			-40.0000			-12.0000			33.0000			
-15.5122			53.1606			-6.6659			30.9000			-39.0000			-15.0000			34.0000			
-14.3983			52.0335			-6.6659			30.9000			-37.0000			-17.0000			36.0000			
-14.3983			52.0335			-6.6659			30.9000			-36.0000			-20.0000			37.0000			
-13.8414			52.0335			-6.6659			31.5000			-35.0000			-22.0000			39.0000			
-13.8414			51.4699			-6.6659			30.9000			-32.0000			-26.0000			40.0000			
-13.2845			50.9063			-6.1126			31.5000			-30.0000			-28.0000			39.0000			
-12.7276			50.9063			-6.1126			32.0000			-29.0000			-31.0000			42.0000			
-13.2845			49.7792			-6.1126			30.3000			-25.0000			-33.0000			42.0000			
-12.7276			49.7792			-5.5594			31.4000			-23.0000			-36.0000			42.0000			
-13.2845			49.7792			-5.5594			30.9000			-21.0000			-38.0000			42.0000			
-12.7276			49.2156			-5.5594			30.9000			-19.0000			-40.0000			42.0000			
-12.1707			48.6521			-6.1126			30.3000			-17.0000			-41.0000			42.0000			
-11.6138			48.6521			-6.1126			30.9000			-15.0000			-43.0000			41.0000			
-11.6138			48.6521			-5.5594			31.4000			-13.0000			-46.0000			42.0000			
-11.6138			48.0885			-6.1126			30.3000			-12.0000			-46.0000			41.0000			
-11.0568			48.0885			-5.5594			31.4000			-8.0000			-47.0000			41.0000			
-11.0568			48.0885			-6.1126			30.9000			-6.0000			-49.0000			40.0000			
-11.0568			48.6521			-5.5594			32.0000			-4.0000			-50.0000			38.0000			
-10.4999			47.5249			-6.1126			30.9000			-1.0000			-51.0000			37.0000			
-10.4999			46.3978			-5.0062			30.8000			2.0000			-54.0000			36.0000			
-10.4999			46.9614			-5.5594			30.9000			4.0000			-54.0000			35.0000			
-9.9430			46.3978			-5.5594			30.9000			7.0000			-55.0000			34.0000			
-9.3861			45.8343			-6.1126			30.3000			9.0000			-55.0000			33.0000			
-9.3861			46.3978			-6.1126			30.8000			11.0000			-56.0000			31.0000			
-9.3861			45.8343			-5.5594			30.8000			13.0000			-56.0000			29.0000			
-8.8292			45.2707			-6.1126			30.3000			15.0000			-56.0000			27.0000			
-9.3861			45.2707			-5.0062			30.8000			18.0000			-57.0000			25.0000			
-8.2723			45.2707			-5.5594			31.4000			18.0000			-56.0000			23.0000			
-8.2723			45.2707			-6.1126			30.8000			21.0000			-55.0000			20.0000			
-7.7153			45.2707			-6.1126			31.4000			23.0000			-54.0000			18.0000			
-7.7153			44.7071			-5.5594			31.4000			24.0000			-54.0000			16.0000			
-6.6015			44.7071			-6.1126			31.9000			26.0000			-54.0000			14.0000			
-7.1584			44.7071			-6.1126			31.4000			26.0000			-53.0000			12.0000			
-7.1584			44.7071			-6.6659			30.8000			27.0000			-51.0000			10.0000			
-6.6015			44.7071			-6.6659			31.4000			28.0000			-49.0000			7.0000			
-7.1584			44.1436			-6.6659			30.3000			30.0000			-49.0000			4.0000			
-7.1584			44.1436			-7.2191			29.7000			31.0000			-46.0000			3.0000			
-6.0446			43.5800			-7.2191			30.3000			31.0000			-44.0000			0.0000			
-6.6015			44.7071			-7.2191			30.8000			33.0000			-44.0000			-3.0000			
-6.6015			44.1436			-7.7724			29.7000			34.0000			-41.0000			-6.0000			
-6.0446			44.7071			-7.2191			31.4000			35.0000			-39.0000			-8.0000			
-6.0446			44.1436			-7.2191			30.8000			34.0000			-35.0000			-12.0000			
-5.4877			44.1436			-7.2191			31.4000			34.0000			-34.0000			-14.0000			
-5.4877			44.1436			-7.7724			30.8000			35.0000			-32.0000			-18.0000			
-5.4877			44.7071			-8.3256			30.8000			36.0000			-29.0000			-21.0000			
-5.4877			43.5800			-8.8788			29.2000			35.0000			-26.0000			-23.0000			
-4.9308			44.7071			-8.3256			31.4000			35.0000			-23.0000			-24.0000			
-4.9308			44.1436			-7.7724			31.4000			35.0000			-22.0000			-27.0000			
-4.9308			44.1436			-8.8788			30.3000			35.0000			-19.0000			-28.0000			
-5.4877			44.7071			-8.3256			30.8000			34.0000			-17.0000			-30.0000			
-4.9308			44.7071			-8.3256			31.4000			35.0000			-15.0000			-31.0000			
-6.0446			44.7071			-8.8788			29.7000			33.0000			-13.0000			-33.0000			
-4.3738			44.1436			-8.3256			31.4000			31.0000			-11.0000			-34.0000			
-5.4877			45.2707			-9.4321			30.3000			31.0000			-10.0000			-35.0000			
-4.3738			44.7071			-8.8788			31.4000			31.0000			-8.0000			-36.0000			
-4.9308			44.7071			-9.4321			30.3000			29.0000			-6.0000			-38.0000			
-5.4877			44.7071			-8.3256			30.8000			27.0000			-2.0000			-39.0000			
-5.4877			45.2707			-9.9853			29.7000			27.0000			-1.0000			-40.0000			
-4.9308			45.2707			-8.3256			32.0000			25.0000			2.0000			-41.0000			
-4.9308			45.8343			-9.9853			30.9000			23.0000			5.0000			-42.0000			
-6.0446			45.2707			-8.8788			30.3000			23.0000			7.0000			-43.0000			
-5.4877			45.8343			-9.9853			30.3000			20.0000			8.0000			-43.0000			
-6.0446			45.8343			-9.4321			30.3000			19.0000			10.0000			-44.0000			
-5.4877			45.8343			-9.9853			30.3000			18.0000			12.0000			-45.0000			
-6.0446			46.3978			-9.9853			30.3000			16.0000			15.0000			-44.0000			
-5.4877			46.3978			-9.4321			31.4000			14.0000			16.0000			-43.0000			
-6.0446			46.9614			-9.4321			31.4000			12.0000			18.0000			-45.0000			
-5.4877			46.3978			-9.9853			30.9000			10.0000			19.0000			-45.0000			
-7.1584			46.3978			-8.8788			30.3000			9.0000			20.0000			-45.0000			
-6.0446			46.3978			-9.4321			30.9000			7.0000			22.0000			-44.0000			
-7.1584			46.9614			-9.9853			29.8000			6.0000			22.0000			-44.0000			
-7.1584			47.5249			-9.4321			30.9000			4.0000			22.0000			-42.0000			
-7.7153			46.9614			-9.9853			29.2000			4.0000			23.0000			-41.0000			
-7.1584			46.9614			-9.4321			30.3000			1.0000			25.0000			-43.0000			
-6.6015			47.5249			-9.4321			31.4000			-1.0000			25.0000			-40.0000			
-7.1584			46.9614			-9.4321			30.3000			-3.0000			25.0000			-40.0000			
-7.1584			46.9614			-9.4321			30.3000			-5.0000			27.0000			-38.0000			
-7.1584			46.3978			-9.4321			29.8000			-5.0000			26.0000			-38.0000			
-7.7153			46.3978			-9.4321			29.2000			-8.0000			27.0000			-37.0000			
-8.2723			46.3978			-8.8788			29.2000			-9.0000			29.0000			-35.0000			
-8.2723			46.3978			-8.8788			29.2000			-11.0000			28.0000			-33.0000			
-8.2723			46.9614			-8.8788			29.8000			-13.0000			29.0000			-32.0000			
-8.2723			46.9614			-8.3256			30.3000			-14.0000			28.0000			-30.0000			
-7.7153			46.9614			-8.8788			30.3000			-17.0000			28.0000			-28.0000			
-8.2723			46.9614			-7.7724			30.9000			-18.0000			27.0000			-26.0000			
-8.8292			46.3978			-7.7724			29.7000			-20.0000			28.0000			-25.0000			
-9.3861			46.3978			-7.7724			29.2000			-20.0000			27.0000			-22.0000			
-8.8292			46.9614			-8.8788			29.2000			-23.0000			24.0000			-19.0000			
-9.3861			46.9614			-7.7724			29.7000			-22.0000			25.0000			-20.0000			
-8.8292			45.8343			-7.2191			29.7000			-23.0000			23.0000			-18.0000			
-8.8292			46.9614			-7.7724			30.3000			-24.0000			23.0000			-15.0000			
-9.3861			46.9614			-7.7724			29.7000			-25.0000			22.0000			-14.0000			
-9.3861			46.3978			-7.2191			29.7000			-25.0000			20.0000			-12.0000			
-9.3861			46.3978			-6.6659			30.3000			-26.0000			20.0000			-9.0000			
-9.3861			46.3978			-6.1126			30.8000			-26.0000			18.0000			-7.0000			
-9.3861			45.8343			-6.1126			30.3000			-27.0000			17.0000			-5.0000			
-9.3861			45.8343			-5.5594			30.8000			-28.0000			13.0000			-3.0000			
-9.3861			45.2707			-5.5594			30.3000			-28.0000			12.0000			-1.0000			
-9.3861			45.8343			-5.5594			30.8000			-28.0000			11.0000			2.0000			
-9.3861			45.2707			-5.5594			30.3000			-29.0000			8.0000			4.0000			
-9.3861			45.2707			-4.4529			31.4000			-29.0000			6.0000			7.0000			
-9.3861			44.7071			-5.0062			30.3000			-29.0000			3.0000			10.0000			
-9.9430			44.7071			-5.0062			29.7000			-29.0000			2.0000			11.0000			
-9.3861			44.7071			-4.4529			30.8000			-29.0000			-1.0000			13.0000			
-9.9430			44.1436			-4.4529			29.7000			-28.0000			-2.0000			15.0000			
-9.9430			44.1436			-4.4529			29.7000			-28.0000			-4.0000			17.0000			
-9.9430			44.1436			-3.8997			30.3000			-29.0000			-6.0000			18.0000			
-9.3861			44.1436			-4.4529			30.3000			-27.0000			-8.0000			19.0000			
-9.9430			43.5800			-3.8997			29.7000			-25.0000			-10.0000			21.0000			
-9.9430			43.0164			-3.8997			29.1000			-25.0000			-12.0000			21.0000			
-8.8292			43.0164			-3.3464			30.8000			-25.0000			-13.0000			22.0000			
-9.3861			43.0164			-3.3464			30.2000			-24.0000			-15.0000			23.0000			
-9.9430			42.4529			-2.7932			29.7000			-22.0000			-17.0000			25.0000			
-9.3861			41.8893			-2.7932			29.7000			-21.0000			-18.0000			25.0000			
-9.3861			41.8893			-2.7932			29.7000			-21.0000			-21.0000			27.0000			
-9.3861			41.8893			-2.2399			30.2000			-20.0000			-23.0000			27.0000			
-9.3861			41.3257			-2.2399			29.7000			-18.0000			-25.0000			29.0000			
-8.8292			40.7622			-2.7932			29.1000			-17.0000			-26.0000			28.0000			
-8.8292			40.7622			-2.2399			29.7000			-16.0000			-28.0000			29.0000			
-8.8292			40.7622			-1.6867			30.2000			-15.0000			-30.0000			30.0000			
-8.8292			40.7622			-2.2399			29.7000			-12.0000			-33.0000			31.0000			
-8.2723			40.7622			-2.2399			30.2000			-12.0000			-33.0000			31.0000			
-8.2723			40.1986			-1.6867			30.2000			-10.0000			-36.0000			31.0000			
-8.2723			39.6351			-1.1335			30.2000			-9.0000			-37.0000			31.0000			
-7.7153			39.6351			-1.6867			30.2000			-6.0000			-38.0000			31.0000			
-8.8292			39.0715			-1.6867			28.5000			-5.0000			-38.0000			32.0000			
-7.7153			39.0715			-1.1335			30.2000			-3.0000			-40.0000			31.0000			
-7.7153			39.0715			-1.6867			29.6000			-3.0000			-42.0000			31.0000			
-7.1584			38.5079			-1.6867			29.6000			-2.0000			-41.0000			30.0000			
-7.1584			37.9444			-1.6867			29.1000			-1.0000			-42.0000			28.0000			
-6.6015			38.5079			-1.1335			30.7000			2.0000			-43.0000			29.0000			
-6.0446			37.9444			-1.1335			30.7000			4.0000			-43.0000			28.0000			
-6.0446			37.9444			-1.1335			30.7000			5.0000			-44.0000			27.0000			
-6.0446			37.3808			-1.6867			29.6000			6.0000			-44.0000			27.0000			
-6.6015			37.3808			-0.5802			30.2000			9.0000			-45.0000			25.0000			
-5.4877			37.3808			-0.5802			31.3000			10.0000			-46.0000			24.0000			
-5.4877			36.8172			-1.1335			30.1000			11.0000			-46.0000			23.0000			
-6.0446			36.8172			-1.6867			29.0000			14.0000			-45.0000			22.0000			
-5.4877			36.2537			-1.1335			29.6000			14.0000			-47.0000			21.0000			
-5.4877			36.2537			-1.6867			29.0000			15.0000			-46.0000			19.0000			
-5.4877			35.6901			-1.6867			28.5000			17.0000			-46.0000			18.0000			
-4.3738			36.2537			-1.1335			30.7000			17.0000			-45.0000			16.0000			
-4.3738			36.2537			-1.1335			30.7000			21.0000			-46.0000			15.0000			
-4.3738			35.6901			-1.6867			29.6000			21.0000			-44.0000			14.0000			
-4.3738			35.6901			-1.6867			29.6000			23.0000			-45.0000			11.0000			
-4.3738			35.6901			-1.1335			30.1000			24.0000			-44.0000			11.0000			
-4.3738			35.6901			-1.6867			29.6000			25.0000			-44.0000			10.0000			
-4.3738			35.6901			-1.1335			30.1000			26.0000			-42.0000			8.0000			
-4.3738			35.6901			-1.6867			29.6000			27.0000			-42.0000			6.0000			
-3.2600			35.6901			-2.2399			30.1000			27.0000			-42.0000			5.0000			
-3.8169			35.6901			-2.2399			29.6000			28.0000			-39.0000			3.0000			
-3.8169			35.1265			-2.2399			29.0000			28.0000			-39.0000			2.0000			
-2.7031			35.6901			-2.2399			30.7000			28.0000			-38.0000			-1.0000			
-3.8169			35.6901			-2.2399			29.6000			29.0000			-36.0000			-3.0000			
-3.2600			35.6901			-2.2399			30.1000			30.0000			-35.0000			-5.0000			
-3.8169			35.1265			-2.2399			29.0000			31.0000			-33.0000			-7.0000			
-3.2600			35.6901			-1.6867			30.7000			30.0000			-31.0000			-9.0000			
-2.7031			35.1265			-2.7932			29.6000			32.0000			-29.0000			-12.0000			
-2.7031			34.5630			-3.3464			28.5000			31.0000			-27.0000			-13.0000			
-2.7031			35.1265			-3.3464			29.0000			31.0000			-26.0000			-15.0000			
-2.7031			35.1265			-3.3464			29.0000			31.0000			-24.0000			-17.0000			
-2.1462			34.5630			-3.3464			29.0000			31.0000			-22.0000			-20.0000			
-2.1462			35.6901			-2.7932			30.7000			30.0000			-20.0000			-21.0000			
-1.5893			35.1265			-2.7932			30.7000			30.0000			-19.0000			-23.0000			
-1.5893			35.6901			-3.8997			30.2000			29.0000			-16.0000			-23.0000			
-2.7031			35.6901			-3.3464			29.6000			29.0000			-16.0000			-24.0000			
-2.1462			35.6901			-3.3464			30.1000			29.0000			-13.0000			-26.0000			
-1.5893			35.1265			-3.3464			30.1000			27.0000			-13.0000			-25.0000			
-2.7031			35.6901			-3.3464			29.6000			27.0000			-11.0000			-26.0000			
-2.7031			35.6901			-3.3464			29.6000			27.0000			-10.0000			-28.0000			
-2.7031			35.1265			-3.8997			28.5000			26.0000			-9.0000			-27.0000			
-2.1462			35.1265			-3.3464			29.6000			25.0000			-9.0000			-28.0000			
-1.5893			35.1265			-3.3464			30.1000			25.0000			-8.0000			-28.0000			
-3.2600			35.1265			-3.3464			28.5000			23.0000			-8.0000			-27.0000			
-2.1462			34.5630			-3.3464			29.0000			23.0000			-8.0000			-28.0000			
-2.1462			35.6901			-3.3464			30.1000			21.0000			-6.0000			-27.0000			
-2.7031			35.1265			-3.3464			29.0000			20.0000			-5.0000			-27.0000			
-2.7031			35.6901			-2.7932			30.1000			19.0000			-5.0000			-27.0000			
-3.2600			35.6901			-3.3464			29.0000			17.0000			-4.0000			-26.0000			
-2.7031			35.6901			-2.7932			30.1000			17.0000			-2.0000			-27.0000			
-2.7031			35.6901			-2.7932			30.1000			15.0000			-1.0000			-27.0000			
-2.7031			35.1265			-2.7932			29.6000			13.0000			1.0000			-27.0000			
-2.7031			35.6901			-3.3464			29.6000			12.0000			2.0000			-25.0000			
-2.7031			35.6901			-2.7932			30.1000			9.0000			4.0000			-25.0000			
-3.2600			35.6901			-2.2399			30.1000			8.0000			5.0000			-26.0000			
-3.8169			35.6901			-2.7932			29.0000			7.0000			6.0000			-25.0000			
-3.2600			35.1265			-2.7932			29.0000			6.0000			7.0000			-24.0000			
-3.8169			36.2537			-3.3464			29.0000			4.0000			8.0000			-25.0000			
-3.8169			35.6901			-2.2399			29.6000			3.0000			9.0000			-23.0000			
-3.2600			35.6901			-3.3464			29.0000			-1.0000			10.0000			-23.0000			
-3.8169			36.2537			-2.7932			29.6000			-1.0000			11.0000			-22.0000			
-3.8169			35.6901			-2.7932			29.0000			-2.0000			10.0000			-22.0000			
-4.3738			35.6901			-2.7932			28.5000			-3.0000			12.0000			-21.0000			
-3.8169			35.6901			-2.7932			29.0000			-5.0000			12.0000			-21.0000			
-3.8169			35.6901			-2.7932			29.0000			-5.0000			13.0000			-21.0000			
-3.8169			36.2537			-2.2399			30.2000			-5.0000			12.0000			-21.0000			
-3.8169			35.6901			-2.7932			29.0000			-5.0000			13.0000			-20.0000			
-3.8169			35.6901			-2.2399			29.6000			-5.0000			12.0000			-20.0000			
-3.8169			34.5630			-2.2399			28.5000			-5.0000			13.0000			-20.0000			
-3.2600			34.5630			-2.7932			28.5000			-5.0000			12.0000			-21.0000			
-3.8169			35.6901			-2.2399			29.6000			-6.0000			11.0000			-19.0000			
-3.2600			35.1265			-2.2399			29.6000			-7.0000			11.0000			-20.0000			
-3.8169			35.1265			-2.7932			28.5000			-6.0000			11.0000			-19.0000			
-3.8169			35.6901			-2.2399			29.6000			-6.0000			10.0000			-19.0000			
-3.8169			35.1265			-1.6867			29.6000			-6.0000			11.0000			-19.0000			
-4.3738			35.1265			-2.7932			27.9000			-7.0000			11.0000			-19.0000			
-3.8169			35.1265			-2.7932			28.5000			-6.0000			10.0000			-17.0000			
-3.8169			35.1265			-2.2399			29.0000			-8.0000			10.0000			-17.0000			
-4.3738			35.6901			-2.2399			29.0000			-8.0000			9.0000			-16.0000			
-3.8169			35.6901			-1.6867			30.1000			-8.0000			9.0000			-16.0000			
-4.3738			34.5630			-1.6867			28.5000			-8.0000			9.0000			-15.0000			
-3.8169			35.1265			-2.2399			29.0000			-9.0000			9.0000			-13.0000			
-3.2600			35.1265			-2.2399			29.6000			-9.0000			9.0000			-14.0000			
-3.8169			34.5630			-1.1335			29.6000			-10.0000			8.0000			-12.0000			
-3.8169			35.1265			-1.1335			30.1000			-10.0000			7.0000			-11.0000			
-3.8169			35.1265			-1.1335			30.1000			-10.0000			6.0000			-9.0000			
-3.8169			34.5630			-2.2399			28.5000			-9.0000			6.0000			-10.0000			
-4.3738			35.6901			-1.6867			29.6000			-10.0000			6.0000			-8.0000			
-3.8169			34.5630			-1.1335			29.6000			-11.0000			5.0000			-7.0000			
-3.8169			35.1265			-1.1335			30.1000			-12.0000			4.0000			-7.0000			
-3.8169			33.9994			-1.6867			28.4000			-11.0000			3.0000			-5.0000			
-4.3738			33.9994			-1.1335			28.4000			-12.0000			3.0000			-4.0000			
-4.3738			34.5630			-1.1335			29.0000			-12.0000			3.0000			-4.0000			
-3.8169			34.5630			-0.5802			30.1000			-12.0000			-1.0000			-3.0000			
-4.3738			33.4358			-0.5802			28.4000			-13.0000			-1.0000			-1.0000			
-3.8169			33.9994			-0.5802			29.6000			-12.0000			-2.0000			-1.0000			
-3.8169			33.9994			-1.1335			29.0000			-12.0000			-1.0000			1.0000			
-4.3738			33.9994			-0.0270			29.5000			-13.0000			-3.0000			2.0000			
-4.3738			33.9994			-0.5802			29.0000			-12.0000			-4.0000			4.0000			
-4.3738			33.4358			-0.5802			28.4000			-12.0000			-4.0000			5.0000			
-3.8169			33.9994			-0.0270			30.1000			-12.0000			-6.0000			5.0000			
-3.8169			32.8723			-0.0270			29.0000			-13.0000			-6.0000			6.0000			
-3.2600			33.4358			-0.5802			29.6000			-10.0000			-6.0000			6.0000			
-4.3738			33.4358			-0.5802			28.4000			-10.0000			-6.0000			6.0000			
-3.8169			33.4358			-0.0270			29.5000			-10.0000			-9.0000			7.0000			
-4.3738			33.4358			-0.0270			29.0000			-11.0000			-9.0000			8.0000			
-3.8169			32.8723			-0.0270			29.0000			-11.0000			-10.0000			8.0000			
-4.3738			32.3087			0.5263			28.4000			-9.0000			-11.0000			9.0000			
-3.8169			32.8723			0.5263			29.5000			-10.0000			-12.0000			10.0000			
-3.8169			32.8723			-0.0270			29.0000			-9.0000			-12.0000			10.0000			
-4.3738			31.7452			0.5263			27.8000			-9.0000			-14.0000			11.0000			
-4.3738			31.7452			-0.0270			27.3000			-7.0000			-15.0000			10.0000			
-4.3738			32.3087			0.5263			28.4000			-7.0000			-15.0000			11.0000			
-3.8169			31.7452			0.5263			28.4000			-7.0000			-15.0000			12.0000			
-3.8169			31.7452			0.5263			28.4000			-6.0000			-17.0000			12.0000			
-3.8169			31.7452			0.5263			28.4000			-7.0000			-16.0000			11.0000			
-4.3738			31.7452			0.5263			27.8000			-6.0000			-18.0000			12.0000			
-3.2600			31.1816			1.0795			29.0000			-5.0000			-18.0000			12.0000			
-3.2600			31.7452			0.5263			29.0000			-4.0000			-19.0000			14.0000			
-3.2600			31.1816			0.5263			28.4000			-4.0000			-20.0000			13.0000			
-3.8169			31.1816			1.0795			28.4000			-3.0000			-21.0000			12.0000			
-3.2600			31.7452			1.0795			29.5000			-2.0000			-21.0000			13.0000			
-3.2600			30.6180			0.5263			27.8000			-2.0000			-22.0000			13.0000			
-3.2600			31.1816			1.0795			29.0000			-1.0000			-21.0000			13.0000			
-3.2600			30.6180			1.0795			28.4000			0.0000			-22.0000			12.0000			
-3.2600			30.6180			1.0795			28.4000			-1.0000			-22.0000			12.0000			
-2.7031			31.7452			1.6327			30.6000			2.0000			-23.0000			12.0000			
-3.2600			30.6180			1.0795			28.4000			1.0000			-25.0000			13.0000			
-2.7031			30.6180			1.6327			29.5000			3.0000			-25.0000			12.0000			
-2.7031			30.6180			1.6327			29.5000			3.0000			-25.0000			11.0000			
-2.7031			30.6180			1.6327			29.5000			4.0000			-25.0000			11.0000			
-2.1462			29.4909			1.6327			28.9000			5.0000			-25.0000			11.0000			
-2.7031			30.0545			1.6327			28.9000			6.0000			-25.0000			10.0000			
-2.1462			30.0545			1.0795			28.9000			6.0000			-25.0000			9.0000			
-2.7031			30.0545			2.1860			29.5000			7.0000			-25.0000			10.0000			
-2.7031			29.4909			1.6327			28.4000			8.0000			-26.0000			8.0000			
-2.1462			29.4909			1.6327			28.9000			9.0000			-26.0000			9.0000			
-2.1462			28.9273			1.6327			28.4000			9.0000			-26.0000			7.0000			
-2.1462			29.4909			1.0795			28.4000			8.0000			-26.0000			7.0000			
-2.1462			28.9273			1.6327			28.4000			9.0000			-25.0000			7.0000			
-2.1462			28.9273			2.1860			28.9000			10.0000			-25.0000			6.0000			
-2.1462			28.9273			1.6327			28.4000			10.0000			-24.0000			5.0000			
-2.1462			28.9273			1.6327			28.4000			11.0000			-25.0000			5.0000			
-2.1462			29.4909			1.6327			28.9000			10.0000			-25.0000			5.0000			
-1.5893			28.3638			2.7392			29.5000			11.0000			-23.0000			4.0000			
-1.5893			28.9273			1.0795			28.4000			11.0000			-25.0000			2.0000			
-1.5893			28.9273			1.6327			28.9000			12.0000			-24.0000			3.0000			
-1.5893			28.9273			1.6327			28.9000			12.0000			-24.0000			1.0000			
-2.1462			28.9273			1.0795			27.8000			13.0000			-23.0000			0.0000			
-1.0323			28.3638			1.6327			28.9000			13.0000			-23.0000			-1.0000			
-1.5893			28.3638			1.6327			28.4000			13.0000			-23.0000			-1.0000			
-1.5893			27.8002			1.0795			27.2000			15.0000			-21.0000			-2.0000			
-1.5893			28.3638			1.6327			28.4000			14.0000			-21.0000			-3.0000			
-1.0323			28.3638			1.6327			28.9000			14.0000			-21.0000			-3.0000			
-1.0323			28.3638			1.0795			28.4000			15.0000			-21.0000			-5.0000			
-1.0323			28.3638			1.6327			28.9000			15.0000			-20.0000			-5.0000			
-1.0323			28.9273			1.6327			29.5000			16.0000			-19.0000			-6.0000			
-1.0323			27.8002			1.0795			27.8000			16.0000			-20.0000			-7.0000			
-1.0323			27.8002			1.6327			28.4000			17.0000			-19.0000			-8.0000			
-1.5893			27.8002			1.6327			27.8000			17.0000			-18.0000			-9.0000			
-1.0323			27.8002			2.1860			28.9000			16.0000			-18.0000			-9.0000			
-0.4754			27.8002			1.0795			28.4000			17.0000			-15.0000			-10.0000			
-1.0323			27.8002			1.6327			28.4000			17.0000			-16.0000			-12.0000			
-1.0323			27.8002			1.6327			28.4000			16.0000			-15.0000			-12.0000			
-0.4754			27.2366			1.6327			28.3000			16.0000			-14.0000			-13.0000			
-0.4754			27.8002			1.6327			28.9000			16.0000			-13.0000			-14.0000			
-0.4754			27.8002			1.6327			28.9000			15.0000			-13.0000			-14.0000			
-0.4754			27.2366			1.6327			28.3000			15.0000			-12.0000			-14.0000			
-1.0323			27.8002			1.6327			28.4000			16.0000			-11.0000			-16.0000			
-0.4754			27.8002			1.6327			28.9000			15.0000			-10.0000			-17.0000			
-0.4754			27.8002			1.0795			28.4000			15.0000			-10.0000			-17.0000			
-0.4754			27.8002			1.6327			28.9000			16.0000			-9.0000			-17.0000			
-1.5893			28.3638			1.0795			27.8000			15.0000			-8.0000			-17.0000			
-0.4754			27.2366			1.0795			27.8000			14.0000			-7.0000			-17.0000			
0.0815			27.8002			1.0795			28.9000			14.0000			-7.0000			-17.0000			
-0.4754			27.2366			1.0795			27.8000			13.0000			-7.0000			-19.0000			
-0.4754			27.2366			1.6327			28.3000			13.0000			-4.0000			-17.0000			
-0.4754			27.8002			2.1860			29.5000			13.0000			-4.0000			-20.0000			
-0.4754			27.8002			1.0795			28.4000			12.0000			-3.0000			-19.0000			
-0.4754			27.8002			1.6327			28.9000			11.0000			-2.0000			-20.0000			
-0.4754			27.2366			1.6327			28.3000			11.0000			-1.0000			-19.0000			
-0.4754			27.8002			1.6327			28.9000			9.0000			-1.0000			-21.0000			
-0.4754			27.2366			1.0795			27.8000			9.0000			1.0000			-20.0000			
-0.4754			27.8002			1.0795			28.4000			9.0000			2.0000			-19.0000			
-0.4754			27.8002			1.0795			28.4000			9.0000			2.0000			-20.0000			
-0.4754			27.2366			1.0795			27.8000			8.0000			2.0000			-20.0000			
0.0815			27.8002			1.6327			29.5000			7.0000			3.0000			-20.0000			
-0.4754			27.8002			1.0795			28.4000			6.0000			4.0000			-19.0000			
-0.4754			27.8002			1.6327			28.9000			6.0000			4.0000			-20.0000			
-0.4754			27.8002			2.1860			29.5000			6.0000			3.0000			-19.0000			
-0.4754			27.2366			1.6327			28.3000			5.0000			4.0000			-19.0000			
