53.7898			-39.3556			-13.2254			1.2000			164.0000			-17.0000			-153.0000			
61.0242			-42.7454			-19.6267			-1.3000			147.0000			1.0000			-163.0000			
67.7021			-43.3104			-24.4277			0.0000			128.0000			24.0000			-174.0000			
74.3800			-51.7851			-22.8274			-0.2000			112.0000			42.0000			-183.0000			
80.5015			-54.0450			-25.4946			0.9000			96.0000			59.0000			-191.0000			
89.9618			-52.3501			-38.2972			-0.6000			82.0000			75.0000			-198.0000			
92.1878			-48.9602			-43.6316			-0.4000			67.0000			88.0000			-204.0000			
88.8489			-44.4404			-43.6316			0.7000			51.0000			100.0000			-205.0000			
82.1709			-32.5758			-47.8991			1.6000			34.0000			111.0000			-209.0000			
75.4930			-24.1011			-50.5663			0.8000			20.0000			125.0000			-210.0000			
66.5891			-20.1463			-45.7654			0.6000			3.0000			135.0000			-211.0000			
56.0158			-12.8016			-40.9644			2.2000			-13.0000			145.0000			-210.0000			
44.8859			1.8879			-44.6985			2.0000			-30.0000			153.0000			-208.0000			
43.7729			8.1026			-48.9660			2.9000			-46.0000			159.0000			-203.0000			
36.5385			18.2722			-53.7670			1.0000			-66.0000			165.0000			-195.0000			
40.9905			23.9220			-62.3020			2.6000			-89.0000			173.0000			-185.0000			
47.6684			24.4870			-70.8371			1.3000			-113.0000			183.0000			-177.0000			
51.5638			23.9220			-74.0378			1.4000			-133.0000			187.0000			-167.0000			
53.2333			29.5718			-80.4391			2.3000			-150.0000			192.0000			-157.0000			
50.4508			40.3064			-87.9072			2.8000			-166.0000			195.0000			-149.0000			
47.1119			42.5663			-88.9741			0.7000			-178.0000			195.0000			-139.0000			
43.2164			43.1313			-85.7735			0.5000			-190.0000			194.0000			-128.0000			
32.6431			49.3460			-80.9725			1.0000			-202.0000			195.0000			-117.0000			
24.8522			49.9110			-74.0378			0.7000			-214.0000			194.0000			-105.0000			
19.2872			44.2612			-64.4358			-0.8000			-223.0000			191.0000			-91.0000			
9.8269			43.1313			-52.7001			0.2000			-231.0000			186.0000			-79.0000			
-2.9725			48.2161			-43.6316			1.6000			-237.0000			179.0000			-67.0000			
-9.6504			55.5608			-44.6985			1.2000			-241.0000			170.0000			-50.0000			
-21.8933			60.0806			-37.2303			0.9000			-244.0000			157.0000			-32.0000			
-25.7887			70.8152			-41.4978			3.5000			-251.0000			145.0000			-12.0000			
-25.7887			76.4650			-48.9660			1.7000			-257.0000			132.0000			7.0000			
-26.9017			81.5498			-52.1667			2.4000			-259.0000			120.0000			26.0000			
-33.5796			90.0245			-53.7670			2.6000			-260.0000			109.0000			43.0000			
-43.0400			96.2392			-52.1667			1.0000			-260.0000			97.0000			57.0000			
-45.2660			92.2844			-46.8322			0.1000			-255.0000			85.0000			71.0000			
-47.4919			86.6346			-39.8975			-0.7000			-251.0000			74.0000			85.0000			
-51.3874			80.4198			-28.1618			0.8000			-247.0000			61.0000			98.0000			
-50.2744			70.8152			-21.7605			-1.2000			-243.0000			48.0000			112.0000			
-44.1530			59.5156			-16.4261			-1.0000			-236.0000			34.0000			125.0000			
-44.1530			47.6511			-5.2238			-1.7000			-229.0000			20.0000			135.0000			
-49.1614			48.7811			0.1106			-0.2000			-218.0000			8.0000			146.0000			
-54.7263			39.7414			14.5135			-0.4000			-203.0000			-10.0000			155.0000			
-61.4043			42.0013			19.3145			0.0000			-185.0000			-30.0000			165.0000			
-67.5257			43.1313			23.5820			-0.8000			-166.0000			-50.0000			175.0000			
-75.8731			52.1709			22.5151			-1.1000			-148.0000			-69.0000			184.0000			
-81.4380			53.3009			27.8495			-0.2000			-132.0000			-86.0000			193.0000			
-89.2289			51.6059			36.9180			-0.7000			-119.0000			-102.0000			200.0000			
-92.5679			50.4760			41.7190			-0.3000			-104.0000			-116.0000			205.0000			
-88.6724			43.6962			43.3193			-1.6000			-88.0000			-126.0000			207.0000			
-81.4380			32.9617			48.1203			-0.3000			-72.0000			-138.0000			209.0000			
-74.7601			23.9220			49.7206			-1.1000			-57.0000			-151.0000			210.0000			
-65.8562			19.4022			45.9865			-0.4000			-40.0000			-161.0000			212.0000			
-55.2828			12.0575			41.7190			-1.5000			-24.0000			-172.0000			211.0000			
-44.1530			-0.9370			44.3862			-0.6000			-8.0000			-180.0000			209.0000			
-43.5965			-7.7168			49.7206			-1.5000			11.0000			-186.0000			203.0000			
-38.0315			-19.0163			54.5216			-2.5000			28.0000			-191.0000			195.0000			
-41.3705			-22.9712			63.5901			-0.7000			54.0000			-201.0000			187.0000			
-47.4919			-24.6661			70.5249			-1.6000			77.0000			-208.0000			177.0000			
-52.5004			-24.1011			74.2589			-2.3000			95.0000			-214.0000			167.0000			
-53.0569			-29.7509			80.6602			-2.1000			113.0000			-218.0000			158.0000			
-50.8309			-39.3556			87.5950			-2.5000			128.0000			-221.0000			150.0000			
-46.9354			-43.8754			88.6619			-2.1000			141.0000			-222.0000			138.0000			
-41.9270			-43.8754			85.4612			-0.3000			153.0000			-221.0000			128.0000			
-33.5796			-48.9602			80.6602			-1.8000			165.0000			-222.0000			117.0000			
-25.2322			-48.3952			73.7255			0.1000			177.0000			-221.0000			106.0000			
-18.5543			-45.5703			63.5901			-0.5000			185.0000			-218.0000			93.0000			
-9.6504			-42.7454			52.9213			0.5000			195.0000			-213.0000			79.0000			
2.5924			-48.3952			43.8528			-1.9000			199.0000			-206.0000			66.0000			
10.9398			-56.3049			44.9197			-0.4000			203.0000			-196.0000			50.0000			
22.0697			-61.3897			37.4515			-1.8000			207.0000			-183.0000			32.0000			
24.2957			-69.2994			42.7859			-2.2000			214.0000			-171.0000			13.0000			
25.9652			-77.2091			49.1872			-2.0000			219.0000			-158.0000			-8.0000			
28.1911			-81.7289			51.8544			-1.6000			221.0000			-146.0000			-25.0000			
34.3125			-89.6386			53.4547			-1.8000			223.0000			-135.0000			-42.0000			
42.6599			-95.8534			51.8544			-1.3000			222.0000			-123.0000			-58.0000			
45.9989			-93.0285			46.5200			-0.5000			218.0000			-111.0000			-72.0000			
47.6684			-86.8137			39.5853			0.4000			214.0000			-99.0000			-85.0000			
50.4508			-78.9040			29.4499			0.9000			210.0000			-87.0000			-98.0000			
49.3379			-70.4294			21.9817			0.8000			205.0000			-74.0000			-112.0000			
44.3294			-59.6948			16.1138			0.7000			197.0000			-60.0000			-124.0000			
44.3294			-47.2653			4.9116			1.9000			189.0000			-47.0000			-135.0000			
49.3379			-47.8302			-0.9563			0.5000			179.0000			-33.0000			-145.0000			
56.0158			-39.3556			-15.8926			0.7000			163.0000			-15.0000			-153.0000			
62.6937			-42.1805			-19.6267			0.8000			146.0000			4.0000			-164.0000			
67.1456			-43.3104			-23.3608			0.4000			128.0000			24.0000			-173.0000			
76.0495			-52.9150			-24.4277			-1.2000			111.0000			42.0000			-182.0000			
82.7274			-54.0450			-28.1618			0.5000			94.0000			61.0000			-191.0000			
89.4054			-52.3501			-37.2303			-0.1000			80.0000			76.0000			-199.0000			
92.7443			-48.9602			-43.0982			0.6000			66.0000			89.0000			-203.0000			
89.4054			-43.8754			-44.6985			0.8000			50.0000			100.0000			-207.0000			
82.7274			-33.1408			-47.3657			2.2000			35.0000			112.0000			-209.0000			
75.4930			-24.1011			-50.0329			1.3000			18.0000			125.0000			-210.0000			
67.7021			-19.0163			-46.8322			1.8000			0.0000			136.0000			-212.0000			
56.0158			-13.3666			-41.4978			1.1000			-15.0000			145.0000			-209.0000			
44.3294			2.4528			-43.6316			3.1000			-30.0000			153.0000			-208.0000			
43.2164			9.7976			-50.0329			2.9000			-48.0000			160.0000			-203.0000			
37.0950			21.0971			-55.9008			2.2000			-68.0000			167.0000			-194.0000			
40.9905			23.3570			-63.3689			0.9000			-92.0000			174.0000			-185.0000			
49.3379			23.9220			-70.8371			2.4000			-115.0000			183.0000			-176.0000			
51.0073			25.6169			-76.7050			0.0000			-135.0000			188.0000			-167.0000			
53.7898			31.8317			-82.0394			3.5000			-152.0000			193.0000			-157.0000			
50.4508			39.7414			-88.4407			1.7000			-167.0000			195.0000			-148.0000			
48.2249			44.2612			-90.5744			1.9000			-179.0000			196.0000			-137.0000			
43.2164			45.3912			-87.3738			1.2000			-190.0000			195.0000			-126.0000			
33.1996			48.7811			-80.9725			1.0000			-203.0000			195.0000			-115.0000			
25.9652			49.3460			-73.5043			1.8000			-214.0000			193.0000			-104.0000			
18.1742			46.5211			-64.9693			-0.2000			-223.0000			191.0000			-92.0000			
9.8269			43.6962			-53.2335			0.2000			-232.0000			187.0000			-79.0000			
-3.5290			49.3460			-44.1650			1.6000			-236.0000			179.0000			-66.0000			
-12.4329			58.3857			-44.6985			1.2000			-241.0000			169.0000			-49.0000			
-25.2322			62.3405			-36.1634			0.9000			-246.0000			157.0000			-31.0000			
-25.2322			70.8152			-43.0982			2.4000			-251.0000			145.0000			-11.0000			
-25.7887			77.5949			-49.4995			2.3000			-257.0000			132.0000			10.0000			
-29.1277			83.2447			-52.1667			1.9000			-259.0000			119.0000			27.0000			
-34.1361			91.1544			-54.3004			2.7000			-261.0000			108.0000			44.0000			
-42.4835			96.2392			-52.1667			1.5000			-260.0000			97.0000			59.0000			
-46.9354			93.9793			-47.3657			-0.3000			-256.0000			84.0000			72.0000			
-49.1614			87.7646			-38.2972			0.3000			-251.0000			73.0000			87.0000			
-50.8309			80.4198			-28.6952			0.8000			-247.0000			61.0000			98.0000			
-50.2744			70.2502			-21.7605			-1.7000			-242.0000			48.0000			113.0000			
-46.3789			60.0806			-15.3592			-1.6000			-236.0000			34.0000			125.0000			
-43.5965			47.0861			-4.6904			-1.2000			-228.0000			21.0000			135.0000			
-49.1614			47.6511			1.1775			-0.3000			-216.0000			6.0000			145.0000			
-56.9523			39.1764			16.6473			-1.1000			-201.0000			-11.0000			155.0000			
-63.0737			42.5663			20.3814			-0.1000			-183.0000			-31.0000			164.0000			
-68.0822			43.1313			24.1155			-0.8000			-164.0000			-51.0000			175.0000			
-75.8731			51.6059			24.6489			0.3000			-148.0000			-69.0000			183.0000			
-84.2205			53.3009			30.5167			-0.4000			-131.0000			-88.0000			191.0000			
-89.2289			52.7359			36.3846			-0.1000			-118.0000			-103.0000			199.0000			
-92.5679			50.4760			41.1856			-0.9000			-103.0000			-116.0000			205.0000			
-89.7854			42.5663			45.9865			-1.2000			-87.0000			-127.0000			208.0000			
-82.5510			32.9617			48.6538			-0.9000			-72.0000			-139.0000			210.0000			
-75.3166			25.6169			48.1203			-1.5000			-55.0000			-151.0000			211.0000			
-66.4127			19.4022			47.0534			0.0000			-38.0000			-162.0000			212.0000			
-55.2828			10.9275			43.8528			-0.5000			-22.0000			-173.0000			211.0000			
-44.7095			-0.9370			43.3193			-2.3000			-7.0000			-179.0000			208.0000			
-44.1530			-7.7168			50.2541			-1.6000			11.0000			-186.0000			202.0000			
-37.4751			-21.8412			57.7223			-1.5000			31.0000			-193.0000			195.0000			
-41.3705			-24.1011			64.6570			-0.8000			55.0000			-200.0000			184.0000			
-48.0484			-23.5362			69.9914			-1.5000			78.0000			-209.0000			176.0000			
-52.5004			-25.7961			76.3927			-1.9000			98.0000			-214.0000			167.0000			
-52.5004			-33.1408			82.7940			-2.8000			114.0000			-219.0000			158.0000			
-50.2744			-40.4855			88.1284			-2.6000			127.0000			-221.0000			149.0000			
-48.0484			-43.8754			88.6619			-3.2000			141.0000			-222.0000			137.0000			
-40.8140			-47.2653			87.0615			-1.0000			154.0000			-221.0000			127.0000			
-31.9101			-49.5252			81.1937			-0.2000			166.0000			-221.0000			116.0000			
-25.7887			-47.8302			73.7255			0.1000			178.0000			-221.0000			104.0000			
-18.5543			-46.1353			64.1236			-0.5000			187.0000			-217.0000			90.0000			
-7.4244			-45.0053			52.3878			0.0000			194.0000			-212.0000			79.0000			
2.0360			-48.3952			44.9197			-1.4000			199.0000			-205.0000			66.0000			
12.0528			-57.4349			44.3862			-0.9000			203.0000			-196.0000			49.0000			
24.8522			-64.2146			38.5184			-0.8000			208.0000			-183.0000			30.0000			
23.7392			-69.8644			43.3193			-2.8000			213.0000			-170.0000			11.0000			
24.8522			-75.5142			49.1872			-1.4000			218.0000			-157.0000			-9.0000			
29.3041			-82.8589			51.8544			-1.7000			222.0000			-145.0000			-28.0000			
35.9820			-91.3336			52.3878			-2.9000			224.0000			-134.0000			-45.0000			
41.5470			-95.8534			51.8544			-2.4000			222.0000			-123.0000			-59.0000			
45.4424			-93.5935			47.0534			-1.1000			217.0000			-110.0000			-73.0000			
49.3379			-86.8137			37.9849			0.5000			213.0000			-98.0000			-86.0000			
49.8944			-78.9040			29.9833			0.9000			208.0000			-87.0000			-99.0000			
47.1119			-69.8644			22.5151			-0.2000			203.0000			-73.0000			-111.0000			
46.5554			-57.4349			14.5135			3.6000			197.0000			-59.0000			-125.0000			
44.8859			-46.1353			2.7778			1.5000			190.0000			-45.0000			-135.0000			
48.2249			-47.8302			0.1106			0.5000			177.0000			-31.0000			-145.0000			
57.1288			-39.3556			-16.4261			1.3000			163.0000			-15.0000			-155.0000			
63.2502			-42.7454			-21.2271			-0.7000			145.0000			5.0000			-165.0000			
67.7021			-43.8754			-23.3608			0.4000			126.0000			26.0000			-176.0000			
74.9365			-52.9150			-22.2939			-0.2000			109.0000			44.0000			-184.0000			
83.8404			-53.4800			-30.8290			-0.4000			94.0000			61.0000			-193.0000			
89.4054			-51.2201			-37.7637			0.4000			79.0000			78.0000			-200.0000			
90.5183			-48.3952			-41.4978			0.6000			63.0000			90.0000			-204.0000			
88.2924			-42.1805			-44.6985			1.4000			49.0000			102.0000			-207.0000			
82.1709			-32.0108			-48.9660			1.1000			33.0000			113.0000			-209.0000			
73.8236			-25.2311			-48.9660			-0.3000			17.0000			125.0000			-211.0000			
65.4762			-19.5813			-45.7654			0.1000			-1.0000			137.0000			-210.0000			
54.3463			-11.1066			-43.6316			-0.3000			-15.0000			146.0000			-210.0000			
44.3294			1.8879			-44.1650			2.0000			-31.0000			154.0000			-208.0000			
43.7729			9.2326			-48.9660			4.0000			-49.0000			160.0000			-202.0000			
37.6515			22.2271			-56.4342			3.4000			-70.0000			167.0000			-193.0000			
41.5470			23.9220			-64.9693			0.4000			-94.0000			174.0000			-185.0000			
49.3379			22.2271			-70.3037			1.2000			-117.0000			183.0000			-174.0000			
51.5638			26.7469			-76.1715			2.1000			-136.0000			188.0000			-166.0000			
52.1203			34.6566			-83.1063			3.6000			-154.0000			194.0000			-157.0000			
49.8944			39.7414			-87.9072			1.7000			-168.0000			196.0000			-147.0000			
48.2249			42.0013			-88.9741			1.2000			-180.0000			195.0000			-136.0000			
40.9905			47.0861			-86.3069			1.7000			-193.0000			194.0000			-126.0000			
32.0866			49.3460			-80.9725			0.4000			-205.0000			195.0000			-115.0000			
27.0781			46.5211			-72.9709			0.6000			-216.0000			194.0000			-103.0000			
18.7307			45.3912			-63.3689			0.7000			-224.0000			191.0000			-90.0000			
5.9314			45.9562			-51.0998			0.7000			-233.0000			187.0000			-77.0000			
-2.4160			48.2161			-44.1650			1.6000			-237.0000			179.0000			-65.0000			
-11.8764			56.1258			-43.6316			0.6000			-241.0000			167.0000			-47.0000			
-25.7887			64.6004			-37.2303			1.5000			-245.0000			157.0000			-30.0000			
-25.7887			70.8152			-43.0982			1.9000			-252.0000			143.0000			-9.0000			
-23.5627			75.9000			-51.0998			1.2000			-257.0000			130.0000			11.0000			
-28.0147			83.2447			-53.2335			2.0000			-259.0000			120.0000			29.0000			
-36.9186			91.7194			-53.2335			1.5000			-261.0000			108.0000			44.0000			
-42.4835			95.1093			-51.0998			1.5000			-259.0000			96.0000			60.0000			
-45.2660			91.7194			-46.8322			-0.3000			-255.0000			83.0000			74.0000			
-50.2744			86.6346			-36.1634			0.2000			-251.0000			71.0000			86.0000			
-50.8309			79.2899			-29.2287			-0.7000			-247.0000			60.0000			100.0000			
-47.4919			68.5553			-22.8274			-1.7000			-242.0000			47.0000			112.0000			
-45.2660			57.8207			-12.6920			-0.1000			-235.0000			33.0000			127.0000			
-45.8225			46.5211			-2.0232			-1.3000			-228.0000			20.0000			138.0000			
-48.0484			47.0861			0.1106			-0.8000			-214.0000			5.0000			146.0000			
-56.9523			39.7414			17.1807			0.0000			-200.0000			-11.0000			156.0000			
-64.1867			42.5663			21.4482			-0.1000			-182.0000			-33.0000			167.0000			
-67.5257			44.8262			23.0486			0.3000			-162.0000			-53.0000			176.0000			
-75.3166			51.6059			23.0486			-0.6000			-146.0000			-71.0000			184.0000			
-84.7770			51.6059			32.1171			-1.0000			-131.0000			-89.0000			194.0000			
-89.7854			52.1709			37.9849			0.3000			-117.0000			-104.0000			202.0000			
-90.3419			49.9110			39.5853			-0.8000			-103.0000			-116.0000			204.0000			
-88.1159			42.0013			44.3862			-1.7000			-85.0000			-129.0000			208.0000			
-81.9945			30.7017			49.7206			-1.5000			-71.0000			-140.0000			210.0000			
-74.2036			25.0520			48.1203			-1.0000			-53.0000			-152.0000			212.0000			
-64.7432			20.5321			44.9197			0.7000			-37.0000			-163.0000			211.0000			
-53.6134			8.6676			43.8528			-1.0000			-22.0000			-172.0000			212.0000			
-44.1530			-0.9370			44.9197			-0.1000			-5.0000			-180.0000			208.0000			
-43.5965			-7.7168			49.1872			-2.1000			12.0000			-186.0000			202.0000			
-38.5880			-21.2763			56.6554			-3.2000			34.0000			-193.0000			195.0000			
-41.9270			-25.2311			65.7239			-1.4000			58.0000			-202.0000			186.0000			
-48.6049			-21.8412			68.9245			-1.5000			79.0000			-209.0000			177.0000			
-52.5004			-24.1011			74.7924			-1.8000			98.0000			-214.0000			167.0000			
-52.5004			-34.8357			84.3943			-2.9000			116.0000			-219.0000			158.0000			
-50.2744			-41.0505			88.1284			-3.1000			130.0000			-221.0000			147.0000			
-47.4919			-41.6155			87.5950			-1.5000			142.0000			-220.0000			137.0000			
-40.2575			-47.8302			85.4612			-2.6000			155.0000			-222.0000			126.0000			
-30.2406			-51.2201			79.0599			-2.4000			168.0000			-221.0000			116.0000			
-25.7887			-46.1353			71.5917			-0.3000			177.0000			-218.0000			103.0000			
-19.6673			-45.0053			61.9898			-2.6000			188.0000			-216.0000			91.0000			
-5.1985			-46.1353			50.7875			-0.5000			196.0000			-212.0000			78.0000			
3.1489			-48.9602			44.9197			-0.8000			200.0000			-206.0000			63.0000			
12.0528			-55.7399			43.3193			-0.3000			205.0000			-194.0000			49.0000			
24.2957			-64.7796			38.5184			-1.9000			207.0000			-181.0000			30.0000			
24.8522			-71.5593			43.8528			-2.8000			215.0000			-169.0000			9.0000			
23.1827			-75.5142			50.2541			-2.0000			218.0000			-155.0000			-10.0000			
27.0781			-81.1640			52.3878			-1.6000			221.0000			-143.0000			-29.0000			
38.2080			-91.8985			52.9213			-0.7000			223.0000			-134.0000			-46.0000			
42.6599			-95.2884			51.3210			-1.3000			221.0000			-121.0000			-59.0000			
43.7729			-91.3336			47.0534			-0.5000			217.0000			-110.0000			-73.0000			
49.8944			-87.3787			37.4515			0.0000			213.0000			-98.0000			-87.0000			
51.0073			-78.9040			27.8495			0.0000			209.0000			-86.0000			-100.0000			
46.5554			-68.1695			21.4482			-0.1000			203.0000			-72.0000			-113.0000			
44.8859			-57.4349			14.5135			1.9000			197.0000			-57.0000			-125.0000			
45.4424			-47.2653			1.7109			-0.1000			188.0000			-44.0000			-137.0000			
48.7814			-47.2653			-0.9563			0.5000			175.0000			-29.0000			-146.0000			
56.5723			-39.9205			-16.4261			0.2000			162.0000			-13.0000			-155.0000			
65.4762			-42.7454			-22.2939			0.4000			144.0000			8.0000			-165.0000			
68.8151			-45.5703			-24.4277			-1.1000			124.0000			28.0000			-176.0000			
74.3800			-54.0450			-21.7605			-1.4000			107.0000			45.0000			-183.0000			
83.8404			-52.9150			-31.8959			-0.9000			92.0000			63.0000			-193.0000			
90.5183			-51.7851			-38.8306			0.0000			77.0000			79.0000			-200.0000			
89.9618			-50.0902			-40.4310			-0.5000			62.0000			92.0000			-204.0000			
87.7359			-42.1805			-44.1650			1.3000			47.0000			102.0000			-206.0000			
81.0580			-30.3159			-50.0329			0.7000			32.0000			114.0000			-209.0000			
73.8236			-24.6661			-48.4326			0.7000			16.0000			127.0000			-210.0000			
64.9197			-20.1463			-44.6985			0.0000			-1.0000			136.0000			-211.0000			
53.7898			-8.2818			-44.1650			1.3000			-17.0000			149.0000			-209.0000			
43.7729			3.0178			-45.7654			1.0000			-33.0000			155.0000			-206.0000			
43.7729			8.1026			-48.9660			2.9000			-50.0000			159.0000			-201.0000			
38.2080			21.6621			-56.9676			2.8000			-71.0000			166.0000			-193.0000			
41.5470			25.6169			-67.6365			-0.4000			-96.0000			176.0000			-185.0000			
48.7814			22.2271			-70.3037			0.7000			-119.0000			184.0000			-174.0000			
53.2333			23.3570			-75.6381			0.9000			-137.0000			189.0000			-165.0000			
52.1203			35.7866			-84.1731			3.7000			-154.0000			195.0000			-156.0000			
49.3379			42.0013			-90.5744			0.7000			-169.0000			196.0000			-147.0000			
48.2249			41.4363			-88.9741			0.6000			-180.0000			195.0000			-135.0000			
40.4340			47.0861			-85.7735			1.7000			-193.0000			195.0000			-124.0000			
30.9736			51.0410			-81.5059			0.5000			-206.0000			196.0000			-114.0000			
25.4087			46.5211			-72.9709			-1.0000			-216.0000			193.0000			-101.0000			
17.6178			44.8262			-62.3020			0.1000			-225.0000			190.0000			-89.0000			
4.8184			45.9562			-50.5663			0.2000			-233.0000			187.0000			-77.0000			
-4.0855			49.3460			-45.2319			0.0000			-238.0000			179.0000			-63.0000			
-12.4329			56.6908			-43.0982			1.1000			-241.0000			167.0000			-47.0000			
-25.7887			64.6004			-37.7637			1.0000			-246.0000			155.0000			-29.0000			
-26.3452			72.5101			-43.6316			2.5000			-254.0000			143.0000			-8.0000			
-24.1192			75.3350			-50.5663			0.6000			-257.0000			130.0000			12.0000			
-26.9017			82.6798			-53.2335			2.5000			-259.0000			119.0000			30.0000			
-38.0315			93.4143			-53.2335			2.1000			-261.0000			107.0000			46.0000			
-43.5965			95.6743			-51.0998			0.9000			-260.0000			95.0000			62.0000			
-44.1530			91.7194			-47.3657			0.2000			-255.0000			83.0000			74.0000			
-49.1614			86.6346			-36.1634			1.3000			-250.0000			71.0000			88.0000			
-51.9439			78.1599			-27.0949			-0.8000			-248.0000			60.0000			101.0000			
-47.4919			67.4253			-21.7605			-1.8000			-242.0000			46.0000			114.0000			
-43.5965			57.2557			-14.8258			-1.1000			-234.0000			32.0000			127.0000			
-46.9354			47.0861			-1.4897			-1.3000			-227.0000			18.0000			138.0000			
-49.7179			46.5211			2.7778			-0.4000			-214.0000			2.0000			148.0000			
-56.3958			40.8714			15.5804			0.0000			-197.0000			-13.0000			156.0000			
-64.7432			43.1313			21.4482			-0.1000			-181.0000			-33.0000			168.0000			
-29.6842			17.7072			8.1122			-3.8000			-146.0000			-61.0000			172.0000			
18.1742			-4.8919			-14.2923			-1.0000			-100.0000			-91.0000			175.0000			
36.5385			-7.7168			-27.6284			1.1000			-50.0000			-122.0000			174.0000			
-38.5880			43.1313			0.1106			4.6000			-39.0000			-132.0000			177.0000			
-134.8613			95.6743			43.8528			4.6000			-78.0000			-117.0000			188.0000			
-172.7029			102.4540			70.5249			0.2000			-125.0000			-100.0000			204.0000			
-135.4178			53.3009			72.6586			-9.4000			-135.0000			-97.0000			210.0000			
-123.7315			31.2667			89.7287			-2.7000			-118.0000			-104.0000			207.0000			
-139.3133			31.8317			106.7989			-0.6000			-98.0000			-116.0000			207.0000			
-157.6776			52.1709			106.2654			0.7000			-82.0000			-130.0000			210.0000			
-192.1801			84.9397			107.8657			0.6000			-73.0000			-137.0000			211.0000			
-184.3892			55.5608			122.2687			-6.5000			-57.0000			-148.0000			211.0000			
-110.3756			-51.7851			147.8738			-14.2000			-8.0000			-182.0000			211.0000			
-2.4160			-150.0913			146.2735			-6.2000			65.0000			-225.0000			205.0000			
13.7223			-133.1420			121.7352			2.3000			133.0000			-256.0000			188.0000			
-29.6842			-86.8137			119.6015			3.1000			173.0000			-274.0000			177.0000			
-65.8562			-60.2598			126.5362			0.4000			201.0000			-287.0000			170.0000			
-101.4718			-27.4910			130.2703			1.3000			214.0000			-285.0000			155.0000			
-112.6016			-11.1066			124.9359			1.2000			202.0000			-264.0000			141.0000			
-85.3335			-41.0505			122.8021			-3.5000			185.0000			-243.0000			127.0000			
-35.8056			-74.3842			108.9326			-1.2000			168.0000			-222.0000			117.0000			
-15.7718			-73.2543			90.7956			1.7000			150.0000			-202.0000			107.0000			
-7.4244			-66.4745			73.1921			-0.7000			147.0000			-193.0000			96.0000			
4.2619			-61.3897			55.5885			-1.5000			165.0000			-193.0000			81.0000			
3.1489			-41.0505			41.1856			3.2000			177.0000			-187.0000			66.0000			
-18.5543			-15.6265			37.4515			3.2000			173.0000			-173.0000			48.0000			
-21.8933			-20.7113			40.6521			-1.9000			169.0000			-155.0000			31.0000			
-1.8595			-38.2256			39.0518			-1.0000			168.0000			-143.0000			16.0000			
-7.9809			-42.1805			49.1872			-0.9000			162.0000			-128.0000			-1.0000			
-0.1900			-54.0450			50.2541			-3.9000			166.0000			-120.0000			-14.0000			
49.8944			-82.2939			28.3830			-4.0000			193.0000			-124.0000			-31.0000			
85.5099			-92.4635			6.5119			-0.4000			234.0000			-131.0000			-54.0000			
76.0495			-83.9888			7.0453			-0.8000			260.0000			-131.0000			-78.0000			
58.2417			-85.6838			25.1823			-2.2000			268.0000			-120.0000			-100.0000			
59.9112			-103.1981			39.5853			-3.7000			269.0000			-105.0000			-119.0000			
74.3800			-109.4129			36.3846			1.3000			258.0000			-89.0000			-132.0000			
82.7274			-102.6331			19.3145			-0.5000			239.0000			-77.0000			-138.0000			
93.8573			-87.9437			-3.6235			2.2000			218.0000			-67.0000			-138.0000			
107.2131			-83.4239			-22.8274			0.9000			196.0000			-52.0000			-139.0000			
117.7865			-70.4294			-45.2319			2.1000			175.0000			-34.0000			-144.0000			
122.7949			-60.8247			-60.7017			1.2000			154.0000			-5.0000			-160.0000			
108.8826			-42.7454			-63.3689			2.7000			126.0000			32.0000			-178.0000			
82.1709			-29.1860			-51.6332			1.3000			88.0000			72.0000			-196.0000			
84.3969			-42.1805			-43.6316			-1.4000			63.0000			102.0000			-211.0000			
97.1963			-68.1695			-32.9628			-3.9000			46.0000			117.0000			-218.0000			
93.8573			-70.9943			-21.7605			1.1000			35.0000			121.0000			-217.0000			
69.9281			-45.0053			-21.7605			3.1000			19.0000			126.0000			-212.0000			
56.5723			-20.7113			-32.9628			2.8000			9.0000			128.0000			-209.0000			
51.5638			-7.7168			-42.0313			1.8000			5.0000			126.0000			-206.0000			
44.8859			0.7579			-44.6985			0.9000			-1.0000			128.0000			-203.0000			
47.6684			4.1478			-51.0998			0.7000			-11.0000			136.0000			-204.0000			
50.4508			-2.6320			-48.4326			-0.6000			-22.0000			146.0000			-204.0000			
54.9028			-7.7168			-47.8991			-0.7000			-37.0000			151.0000			-201.0000			
56.5723			-0.9370			-54.8339			0.8000			-52.0000			156.0000			-193.0000			
62.1372			6.9727			-68.1699			0.9000			-65.0000			157.0000			-187.0000			
68.8151			9.2326			-76.7050			1.3000			-77.0000			156.0000			-175.0000			
63.8067			25.0520			-85.2400			3.6000			-93.0000			159.0000			-165.0000			
49.3379			51.6059			-95.3754			5.5000			-120.0000			173.0000			-157.0000			
45.4424			58.9507			-101.7767			2.6000			-149.0000			187.0000			-150.0000			
51.5638			49.9110			-100.7098			0.7000			-174.0000			196.0000			-141.0000			
42.6599			55.5608			-95.9089			2.3000			-204.0000			209.0000			-129.0000			
13.7223			73.6401			-83.6397			3.7000			-244.0000			225.0000			-116.0000			
2.0360			66.2954			-69.2368			-0.9000			-275.0000			233.0000			-100.0000			
7.0444			53.8659			-61.7686			-0.8000			-283.0000			226.0000			-84.0000			
1.4795			67.4253			-66.0361			2.8000			-274.0000			211.0000			-71.0000			
-14.6588			87.1996			-71.3706			1.1000			-268.0000			197.0000			-58.0000			
-31.9101			95.1093			-61.7686			1.4000			-261.0000			179.0000			-43.0000			
-36.9186			102.4540			-64.4358			1.1000			-257.0000			162.0000			-24.0000			
-45.2660			109.2337			-62.3020			1.6000			-257.0000			146.0000			-6.0000			
-44.7095			109.2337			-63.9024			0.6000			-252.0000			130.0000			11.0000			
-39.1445			107.5388			-67.1030			1.2000			-249.0000			115.0000			28.0000			
-40.2575			106.9738			-66.0361			0.6000			-246.0000			101.0000			45.0000			
-39.1445			100.7591			-61.2352			0.3000			-240.0000			87.0000			59.0000			
-32.4666			86.0696			-54.8339			-1.2000			-231.0000			72.0000			72.0000			
-35.2491			74.2051			-39.8975			-0.9000			-223.0000			57.0000			83.0000			
-39.7010			60.0806			-22.8274			-2.4000			-221.0000			46.0000			97.0000			
-35.8056			45.9562			-12.1586			-2.0000			-220.0000			36.0000			110.0000			
-32.4666			42.0013			-8.4245			1.1000			-221.0000			25.0000			125.0000			
-36.9186			36.3515			-1.4897			-2.0000			-218.0000			11.0000			140.0000			
-43.5965			40.8714			3.3112			0.5000			-215.0000			-1.0000			153.0000			
-59.1783			52.7359			8.1122			1.6000			-211.0000			-14.0000			167.0000			
-73.0906			60.0806			12.9132			-0.1000			-203.0000			-29.0000			179.0000			
-79.7685			62.3405			15.5804			-1.8000			-188.0000			-43.0000			187.0000			
-88.6724			64.0355			24.1155			-0.5000			-168.0000			-58.0000			190.0000			
-105.9237			65.1654			39.5853			-1.1000			-151.0000			-72.0000			194.0000			
-117.0536			62.3405			53.4547			-1.2000			-134.0000			-87.0000			199.0000			
-119.2795			61.2106			58.2557			0.1000			-117.0000			-101.0000			203.0000			
-120.3925			62.3405			58.2557			0.2000			-101.0000			-114.0000			206.0000			
-120.3925			55.5608			62.5232			-2.3000			-84.0000			-132.0000			211.0000			
-102.5847			35.7866			64.1236			-2.6000			-60.0000			-152.0000			217.0000			
-72.5341			10.9275			58.7891			-2.8000			-31.0000			-174.0000			219.0000			
-48.0484			-7.7168			52.9213			-2.8000			-3.0000			-195.0000			220.0000			
-27.4582			-25.2311			50.2541			-2.4000			23.0000			-207.0000			216.0000			
-28.5712			-20.7113			48.1203			-1.1000			48.0000			-215.0000			208.0000			
-28.0147			-24.1011			49.7206			-2.3000			69.0000			-220.0000			198.0000			
-45.8225			-16.1915			60.9229			-1.0000			89.0000			-228.0000			188.0000			
-60.8478			-6.5868			66.2573			-1.1000			105.0000			-228.0000			180.0000			
-60.8478			-11.6716			71.0583			-1.4000			113.0000			-225.0000			168.0000			
-54.1698			-28.6210			80.1268			-2.6000			118.0000			-220.0000			160.0000			
-45.8225			-39.3556			83.3274			-1.8000			120.0000			-215.0000			150.0000			
-38.5880			-39.3556			76.9261			-1.0000			122.0000			-208.0000			140.0000			
-30.7971			-42.1805			72.1252			-0.8000			132.0000			-206.0000			129.0000			
-25.7887			-44.4404			69.4580			-0.7000			146.0000			-206.0000			119.0000			
-26.9017			-36.5307			63.0567			-0.3000			157.0000			-205.0000			105.0000			
-26.3452			-26.9260			52.9213			-0.3000			166.0000			-201.0000			90.0000			
-18.5543			-31.4459			48.6538			-1.3000			177.0000			-198.0000			77.0000			
-12.4329			-32.0108			43.3193			-1.1000			184.0000			-192.0000			63.0000			
0.9230			-36.5307			35.3177			-0.2000			191.0000			-186.0000			47.0000			
24.8522			-55.7399			27.3161			-3.5000			209.0000			-181.0000			27.0000			
43.7729			-72.6893			27.3161			-1.6000			232.0000			-178.0000			6.0000			
39.3210			-76.0792			33.1840			-3.5000			251.0000			-171.0000			-16.0000			
29.8606			-82.8589			49.7206			-3.2000			259.0000			-160.0000			-39.0000			
32.0866			-97.5483			61.4563			-4.0000			258.0000			-149.0000			-55.0000			
38.2080			-106.5880			66.7908			-1.5000			251.0000			-135.0000			-67.0000			
43.7729			-108.2829			63.0567			-1.4000			240.0000			-120.0000			-79.0000			
57.1288			-108.2829			50.7875			-0.3000			227.0000			-109.0000			-87.0000			
67.1456			-103.1981			35.3177			-0.7000			216.0000			-95.0000			-97.0000			
66.0326			-89.0737			24.1155			1.0000			205.0000			-81.0000			-107.0000			
58.7982			-68.7344			12.9132			2.9000			194.0000			-63.0000			-120.0000			
51.5638			-46.1353			-0.9563			4.4000			184.0000			-44.0000			-134.0000			
45.9989			-32.0108			-13.2254			0.7000			167.0000			-22.0000			-146.0000			
41.5470			-28.0560			-12.1586			1.3000			146.0000			2.0000			-160.0000			
45.9989			-32.0108			-16.4261			-2.4000			124.0000			25.0000			-170.0000			
51.5638			-38.7906			-13.2254			-0.4000			108.0000			45.0000			-183.0000			
53.2333			-44.4404			-9.4914			-0.7000			92.0000			63.0000			-193.0000			
59.3547			-47.2653			-12.6920			-0.5000			79.0000			78.0000			-200.0000			
66.0326			-43.8754			-22.2939			-0.1000			69.0000			88.0000			-207.0000			
62.1372			-35.4007			-26.5615			0.1000			60.0000			95.0000			-209.0000			
60.4677			-25.2311			-32.9628			2.2000			49.0000			102.0000			-210.0000			
59.3547			-20.1463			-38.8306			0.3000			38.0000			110.0000			-211.0000			
59.3547			-18.4514			-40.9644			0.0000			25.0000			121.0000			-212.0000			
58.7982			-20.1463			-38.8306			-0.1000			9.0000			130.0000			-213.0000			
58.2417			-17.8864			-39.8975			0.4000			-6.0000			139.0000			-211.0000			
55.4593			-9.9767			-43.6316			1.8000			-22.0000			147.0000			-209.0000			
53.2333			-2.0670			-49.4995			1.6000			-39.0000			151.0000			-201.0000			
51.5638			8.1026			-56.4342			3.2000			-62.0000			157.0000			-192.0000			
52.6768			18.8372			-67.6365			3.8000			-87.0000			168.0000			-183.0000			
52.6768			23.9220			-74.0378			2.5000			-110.0000			178.0000			-175.0000			
49.3379			32.3967			-78.3053			3.4000			-136.0000			187.0000			-166.0000			
44.8859			42.5663			-84.1731			3.2000			-164.0000			200.0000			-156.0000			
44.8859			46.5211			-88.9741			2.4000			-189.0000			209.0000			-147.0000			
48.7814			40.3064			-87.9072			1.1000			-207.0000			212.0000			-136.0000			
48.7814			35.7866			-83.6397			0.9000			-220.0000			213.0000			-125.0000			
36.5385			43.1313			-78.8387			0.8000			-232.0000			212.0000			-114.0000			
23.1827			46.5211			-70.3037			-0.6000			-239.0000			208.0000			-101.0000			
16.5048			43.6962			-59.1014			1.1000			-242.0000			200.0000			-90.0000			
2.5924			47.0861			-48.4326			1.2000			-241.0000			191.0000			-77.0000			
-5.7550			58.3857			-50.5663			2.0000			-243.0000			181.0000			-63.0000			
-17.9978			64.0355			-45.2319			0.8000			-244.0000			167.0000			-45.0000			
-18.5543			66.8604			-46.8322			1.4000			-247.0000			152.0000			-25.0000			
-17.9978			72.5101			-53.2335			1.2000			-248.0000			137.0000			-6.0000			
-16.3283			75.3350			-57.5011			1.5000			-249.0000			123.0000			12.0000			
-19.1108			77.5949			-57.5011			0.9000			-246.0000			110.0000			29.0000			
-25.2322			80.4198			-54.8339			0.3000			-246.0000			97.0000			45.0000			
-31.9101			81.5498			-48.4326			1.2000			-243.0000			86.0000			60.0000			
-35.8056			75.3350			-39.8975			-0.3000			-241.0000			75.0000			73.0000			
-38.0315			65.7304			-29.2287			-1.5000			-239.0000			63.0000			88.0000			
-40.2575			59.5156			-20.6936			-1.4000			-243.0000			54.0000			103.0000			
-36.3621			50.4760			-14.8258			-0.7000			-245.0000			44.0000			118.0000			
-34.6926			47.6511			-13.2254			-0.2000			-241.0000			29.0000			131.0000			
-39.7010			45.9562			-6.8241			-0.5000			-236.0000			16.0000			146.0000			
-53.0569			51.6059			1.1775			-0.2000			-226.0000			2.0000			156.0000			
-64.1867			54.9958			7.5788			-1.6000			-209.0000			-15.0000			165.0000			
-75.3166			56.1258			18.7810			-0.4000			-193.0000			-33.0000			174.0000			
-85.8899			60.0806			25.1823			-0.6000			-175.0000			-51.0000			182.0000			
-97.0198			63.4705			31.0502			-2.5000			-156.0000			-66.0000			187.0000			
-104.8107			63.4705			40.6521			-0.6000			-139.0000			-82.0000			194.0000			
-110.3756			60.6456			49.1872			-0.5000			-122.0000			-100.0000			200.0000			
-110.3756			57.2557			52.3878			-0.7000			-105.0000			-116.0000			206.0000			
-105.9237			51.6059			52.9213			-1.3000			-86.0000			-130.0000			209.0000			
-94.7938			39.7414			52.9213			-2.1000			-67.0000			-147.0000			211.0000			
-80.3250			27.3119			51.3210			-1.6000			-45.0000			-162.0000			216.0000			
-62.5172			16.5773			44.9197			-1.0000			-24.0000			-178.0000			215.0000			
-45.2660			4.7127			39.0518			-1.5000			-5.0000			-187.0000			215.0000			
-35.2491			-7.1518			40.6521			-1.7000			10.0000			-195.0000			210.0000			
-31.9101			-15.6265			44.9197			-2.6000			30.0000			-202.0000			203.0000			
-30.2406			-24.6661			51.8544			-3.0000			51.0000			-206.0000			194.0000			
-42.4835			-19.5813			61.4563			-0.6000			73.0000			-216.0000			186.0000			
-53.6134			-16.7564			67.3242			-3.0000			91.0000			-221.0000			178.0000			
-57.5088			-17.8864			73.1921			-2.2000			104.0000			-222.0000			169.0000			
-56.9523			-26.3611			81.7271			-1.5000			112.0000			-221.0000			160.0000			
-52.5004			-37.6606			87.0615			-3.1000			120.0000			-218.0000			150.0000			
-44.7095			-42.7454			85.4612			-1.9000			129.0000			-214.0000			138.0000			
-38.0315			-46.1353			82.2606			-1.9000			138.0000			-212.0000			127.0000			
-30.2406			-47.8302			76.9261			-1.1000			151.0000			-213.0000			116.0000			
-25.2322			-43.8754			68.9245			-0.1000			165.0000			-212.0000			103.0000			
-20.2238			-39.3556			59.8560			0.2000			178.0000			-211.0000			89.0000			
-7.9809			-37.6606			44.9197			-0.7000			190.0000			-208.0000			75.0000			
3.1489			-45.5703			40.1187			-2.3000			203.0000			-204.0000			59.0000			
18.1742			-52.3501			32.1171			-2.0000			212.0000			-196.0000			42.0000			
27.6346			-62.5197			32.6505			-2.2000			223.0000			-186.0000			22.0000			
27.0781			-70.4294			40.6521			-2.7000			234.0000			-176.0000			-1.0000			
24.8522			-78.9040			51.3210			-2.7000			240.0000			-164.0000			-19.0000			
29.3041			-89.0737			57.1888			-2.5000			241.0000			-152.0000			-37.0000			
38.7645			-100.9382			59.8560			-2.3000			239.0000			-141.0000			-52.0000			
47.1119			-104.8930			57.7223			0.0000			233.0000			-128.0000			-65.0000			
52.1203			-104.3281			50.7875			-1.4000			225.0000			-116.0000			-76.0000			
58.7982			-100.3732			40.6521			-0.9000			218.0000			-103.0000			-88.0000			
60.4677			-91.3336			31.5836			0.7000			211.0000			-89.0000			-99.0000			
57.1288			-80.0340			23.5820			0.6000			202.0000			-72.0000			-114.0000			
50.4508			-64.2146			15.0469			1.2000			193.0000			-57.0000			-127.0000			
45.4424			-45.0053			2.7778			3.2000			183.0000			-43.0000			-138.0000			
44.3294			-41.0505			-4.1569			-0.8000			168.0000			-25.0000			-147.0000			
46.5554			-29.1860			-15.3592			2.0000			149.0000			-2.0000			-157.0000			
52.1203			-33.1408			-20.6936			-1.7000			129.0000			20.0000			-170.0000			
58.7982			-37.6606			-20.6936			0.4000			114.0000			41.0000			-183.0000			
63.2502			-48.9602			-15.3592			-1.0000			100.0000			58.0000			-193.0000			
67.7021			-50.0902			-18.5599			-0.9000			85.0000			74.0000			-203.0000			
73.2671			-46.7003			-26.5615			0.0000			74.0000			86.0000			-208.0000			
74.3800			-42.7454			-31.3624			0.2000			62.0000			94.0000			-210.0000			
73.2671			-34.2708			-38.2972			0.6000			49.0000			103.0000			-210.0000			
71.0411			-23.5362			-45.7654			1.7000			35.0000			111.0000			-211.0000			
68.2586			-20.7113			-47.3657			0.1000			20.0000			122.0000			-213.0000			
63.2502			-18.4514			-44.6985			0.0000			6.0000			133.0000			-213.0000			
54.9028			-11.1066			-42.5647			1.2000			-11.0000			143.0000			-212.0000			
52.1203			-6.0218			-45.2319			0.8000			-28.0000			151.0000			-210.0000			
47.1119			6.4077			-51.0998			2.4000			-48.0000			158.0000			-203.0000			
46.5554			14.8824			-58.5680			2.8000			-72.0000			166.0000			-193.0000			
48.7814			22.2271			-68.1699			2.8000			-99.0000			176.0000			-184.0000			
51.5638			23.3570			-74.0378			0.8000			-123.0000			185.0000			-175.0000			
53.2333			26.7469			-78.8387			1.1000			-144.0000			191.0000			-165.0000			
52.1203			35.7866			-84.1731			3.7000			-164.0000			199.0000			-156.0000			
49.8944			40.8714			-89.5076			1.2000			-182.0000			204.0000			-146.0000			
48.2249			41.4363			-88.4407			1.2000			-199.0000			205.0000			-134.0000			
42.1034			43.6962			-84.7066			1.0000			-211.0000			205.0000			-125.0000			
34.3125			45.3912			-78.8387			0.8000			-222.0000			203.0000			-112.0000			
27.6346			43.6962			-71.9040			-0.5000			-230.0000			200.0000			-101.0000			
18.1742			43.1313			-60.7017			0.5000			-236.0000			197.0000			-89.0000			
3.1489			46.5211			-50.0329			-0.3000			-238.0000			189.0000			-77.0000			
-2.9725			53.3009			-48.9660			1.3000			-241.0000			178.0000			-63.0000			
-15.7718			61.2106			-45.2319			0.2000			-243.0000			165.0000			-44.0000			
-21.8933			67.9903			-43.6316			2.4000			-248.0000			152.0000			-26.0000			
-19.1108			71.9452			-52.1667			0.6000			-253.0000			139.0000			-5.0000			
-17.9978			74.7701			-55.3673			1.3000			-253.0000			124.0000			13.0000			
-23.0062			79.8549			-55.9008			0.9000			-255.0000			113.0000			30.0000			
-29.1277			85.5046			-55.3673			1.0000			-254.0000			101.0000			48.0000			
-34.6926			84.9397			-51.0998			-0.8000			-251.0000			88.0000			62.0000			
-38.5880			81.5498			-42.5647			0.3000			-247.0000			76.0000			76.0000			
-42.4835			74.7701			-31.8959			0.3000			-246.0000			65.0000			90.0000			
-43.0400			65.7304			-24.9612			-2.2000			-247.0000			56.0000			104.0000			
-40.2575			54.9958			-16.9595			-2.2000			-246.0000			43.0000			118.0000			
-38.0315			45.9562			-9.4914			-1.5000			-241.0000			29.0000			132.0000			
-40.8140			48.7811			-7.3576			0.6000			-232.0000			15.0000			145.0000			
-50.2744			45.3912			4.3781			-0.5000			-220.0000			-1.0000			154.0000			
-61.4043			51.0410			10.7794			0.4000			-205.0000			-18.0000			164.0000			
-71.9776			50.4760			19.3145			-2.1000			-187.0000			-37.0000			174.0000			
-79.2120			56.6908			22.5151			0.0000			-168.0000			-55.0000			182.0000			
-89.2289			58.3857			28.9164			-1.9000			-151.0000			-72.0000			189.0000			
-97.0198			57.8207			37.4515			-1.7000			-134.0000			-88.0000			195.0000			
-100.9153			55.5608			43.8528			-1.5000			-118.0000			-103.0000			201.0000			
-100.3588			52.1709			47.0534			-1.1000			-101.0000			-117.0000			205.0000			
-95.3503			44.8262			49.7206			-0.8000			-83.0000			-132.0000			209.0000			
-85.3335			33.5266			50.2541			-1.5000			-65.0000			-147.0000			212.0000			
-73.6471			25.6169			46.5200			-1.5000			-45.0000			-161.0000			214.0000			
-60.8478			17.7072			42.7859			-0.3000			-27.0000			-173.0000			214.0000			
-45.8225			4.7127			39.5853			-1.5000			-11.0000			-183.0000			213.0000			
-38.0315			-4.8919			40.1187			-2.8000			6.0000			-190.0000			210.0000			
-31.9101			-16.1915			44.9197			-3.1000			26.0000			-198.0000			202.0000			
-33.0231			-24.6661			55.5885			-2.0000			48.0000			-205.0000			194.0000			
-44.1530			-21.2763			63.5901			-1.8000			71.0000			-214.0000			186.0000			
-53.6134			-16.1915			67.8576			-1.9000			89.0000			-219.0000			177.0000			
-57.5088			-20.7113			75.8593			-2.3000			103.0000			-222.0000			168.0000			
-55.2828			-33.1408			83.8609			-4.5000			116.0000			-222.0000			159.0000			
-51.3874			-39.3556			89.1953			-1.5000			126.0000			-220.0000			147.0000			
-46.9354			-43.8754			87.5950			-3.2000			135.0000			-217.0000			136.0000			
-37.4751			-50.6551			84.9278			-3.1000			147.0000			-216.0000			125.0000			
-29.1277			-49.5252			78.5265			-0.1000			159.0000			-216.0000			114.0000			
-25.2322			-45.0053			69.4580			-0.7000			173.0000			-216.0000			101.0000			
-16.8848			-42.1805			59.3226			0.2000			185.0000			-214.0000			87.0000			
-4.6420			-41.0505			45.9865			0.2000			195.0000			-211.0000			75.0000			
3.7054			-43.8754			39.5853			-0.5000			203.0000			-204.0000			59.0000			
17.6178			-52.9150			33.7174			-1.5000			211.0000			-194.0000			41.0000			
28.1911			-64.2146			33.1840			-2.8000			219.0000			-183.0000			21.0000			
23.7392			-70.4294			42.7859			-3.9000			229.0000			-172.0000			-1.0000			
23.1827			-77.7741			52.3878			-2.2000			233.0000			-159.0000			-19.0000			
29.3041			-87.9437			55.5885			-3.0000			234.0000			-148.0000			-36.0000			
39.3210			-98.1133			56.6554			-2.1000			235.0000			-138.0000			-52.0000			
45.4424			-100.3732			55.0551			0.1000			229.0000			-125.0000			-65.0000			
50.4508			-98.6783			47.5869			-0.6000			222.0000			-113.0000			-77.0000			
56.0158			-94.1585			36.9180			-1.2000			215.0000			-100.0000			-89.0000			
55.4593			-85.1188			29.4499			-0.2000			208.0000			-85.0000			-101.0000			
51.0073			-73.2543			22.5151			0.2000			201.0000			-70.0000			-114.0000			
48.2249			-61.3897			13.4466			0.2000			193.0000			-55.0000			-129.0000			
46.5554			-44.4404			0.1106			2.2000			184.0000			-42.0000			-139.0000			
45.4424			-43.3104			-3.0901			-0.9000			169.0000			-25.0000			-149.0000			
51.5638			-32.0108			-18.0264			1.5000			151.0000			-7.0000			-160.0000			
59.3547			-37.0956			-22.2939			0.0000			133.0000			16.0000			-172.0000			
64.9197			-41.6155			-22.8274			0.4000			117.0000			35.0000			-184.0000			
69.3716			-51.7851			-18.5599			-0.9000			100.0000			54.0000			-193.0000			
78.2755			-52.9150			-26.5615			-1.1000			87.0000			71.0000			-201.0000			
82.1709			-50.6551			-30.8290			0.6000			74.0000			83.0000			-207.0000			
81.6145			-47.2653			-36.1634			-1.8000			59.0000			95.0000			-209.0000			
81.0580			-37.6606			-42.5647			0.8000			46.0000			102.0000			-211.0000			
76.6060			-28.0560			-47.8991			0.6000			31.0000			114.0000			-212.0000			
71.0411			-24.1011			-47.8991			-0.9000			15.0000			124.0000			-213.0000			
64.3632			-19.5813			-45.7654			-0.9000			-1.0000			135.0000			-212.0000			
54.9028			-10.5417			-44.1650			0.1000			-17.0000			146.0000			-213.0000			
49.8944			-2.6320			-45.7654			1.4000			-33.0000			153.0000			-209.0000			
44.8859			6.4077			-51.6332			-0.3000			-51.0000			159.0000			-202.0000			
43.7729			19.4022			-60.1683			2.9000			-77.0000			168.0000			-193.0000			
48.2249			22.7921			-70.3037			0.7000			-104.0000			178.0000			-184.0000			
52.6768			21.0971			-71.9040			1.8000			-125.0000			186.0000			-174.0000			
55.4593			23.9220			-78.8387			0.5000			-146.0000			192.0000			-165.0000			
53.7898			34.6566			-86.8403			1.6000			-165.0000			198.0000			-157.0000			
52.1203			39.1764			-90.5744			0.7000			-180.0000			200.0000			-147.0000			
49.8944			39.7414			-88.9741			0.6000			-194.0000			201.0000			-134.0000			
40.9905			45.3912			-84.7066			1.6000			-206.0000			200.0000			-124.0000			
32.0866			48.2161			-78.3053			2.0000			-218.0000			201.0000			-112.0000			
27.6346			43.6962			-70.8371			0.4000			-227.0000			198.0000			-100.0000			
17.6178			42.0013			-60.7017			-1.0000			-234.0000			194.0000			-89.0000			
2.5924			45.9562			-48.9660			-0.4000			-239.0000			189.0000			-76.0000			
-1.8595			50.4760			-48.4326			0.1000			-242.0000			179.0000			-61.0000			
-15.2153			58.9507			-43.6316			0.1000			-245.0000			168.0000			-43.0000			
-23.5627			66.8604			-43.0982			0.1000			-250.0000			154.0000			-24.0000			
-20.7803			72.5101			-51.0998			0.6000			-256.0000			141.0000			-4.0000			
-17.9978			75.3350			-55.3673			1.9000			-257.0000			127.0000			15.0000			
-24.6757			82.1148			-56.9676			0.4000			-259.0000			115.0000			32.0000			
-33.5796			90.5895			-55.9008			1.1000			-259.0000			103.0000			49.0000			
-36.9186			90.5895			-52.7001			0.9000			-257.0000			92.0000			63.0000			
-40.8140			84.9397			-44.1650			0.0000			-253.0000			80.0000			78.0000			
-45.8225			80.4198			-33.4962			1.0000			-251.0000			68.0000			91.0000			
-44.7095			71.9452			-27.0949			0.1000			-249.0000			57.0000			106.0000			
-39.7010			59.5156			-20.1602			-0.3000			-244.0000			44.0000			120.0000			
-39.1445			48.7811			-9.4914			0.1000			-240.0000			30.0000			132.0000			
-42.4835			47.6511			-5.2238			0.0000			-231.0000			16.0000			144.0000			
-48.6049			44.2612			4.3781			0.0000			-216.0000			0.0000			154.0000			
-60.2913			45.9562			12.3797			-1.9000			-202.0000			-17.0000			164.0000			
-69.7517			46.5211			21.9817			-1.2000			-183.0000			-38.0000			174.0000			
-76.4296			52.7359			21.9817			-1.7000			-164.0000			-56.0000			183.0000			
-84.2205			57.2557			25.7158			-1.2000			-147.0000			-73.0000			190.0000			
-93.6809			57.2557			35.8512			-0.5000			-132.0000			-90.0000			196.0000			
-97.0198			54.4308			41.7190			-0.8000			-115.0000			-105.0000			203.0000			
-94.7938			51.0410			43.3193			-0.4000			-100.0000			-116.0000			206.0000			
-90.3419			42.0013			48.1203			-0.2000			-82.0000			-130.0000			209.0000			
-81.4380			32.3967			49.7206			0.6000			-65.0000			-145.0000			212.0000			
-71.9776			26.1819			45.4531			-0.3000			-48.0000			-158.0000			212.0000			
-60.2913			19.4022			41.7190			0.8000			-30.0000			-170.0000			213.0000			
-46.3789			5.2777			40.6521			-0.4000			-12.0000			-180.0000			213.0000			
-40.2575			-3.1970			41.1856			-2.2000			4.0000			-188.0000			210.0000			
-33.0231			-13.3666			45.9865			-0.3000			25.0000			-194.0000			201.0000			
-34.6926			-24.1011			57.1888			-1.6000			47.0000			-202.0000			194.0000			
-45.2660			-22.4062			65.7239			-1.9000			71.0000			-212.0000			185.0000			
-54.1698			-17.8864			68.3911			-3.6000			90.0000			-218.0000			176.0000			
-56.3958			-21.2763			76.9261			-0.7000			104.0000			-221.0000			167.0000			
-53.6134			-34.8357			86.5281			-1.9000			120.0000			-224.0000			158.0000			
-50.8309			-41.0505			90.2622			-1.6000			128.0000			-222.0000			148.0000			
-46.9354			-42.7454			88.1284			-1.5000			140.0000			-220.0000			135.0000			
-36.3621			-50.0902			84.9278			-1.5000			151.0000			-220.0000			126.0000			
-28.0147			-51.7851			77.4596			-2.3000			166.0000			-220.0000			113.0000			
-24.1192			-45.5703			68.9245			-0.7000			175.0000			-218.0000			100.0000			
-16.3283			-42.7454			58.2557			-0.8000			187.0000			-215.0000			87.0000			
-0.7465			-43.8754			44.9197			0.2000			198.0000			-212.0000			74.0000			
5.3749			-47.8302			42.2525			-0.2000			203.0000			-205.0000			59.0000			
16.5048			-52.3501			35.3177			-0.5000			209.0000			-193.0000			41.0000			
28.7476			-64.7796			35.3177			-0.7000			218.0000			-182.0000			20.0000			
25.9652			-72.1243			43.8528			-2.3000			225.0000			-171.0000			-1.0000			
22.6262			-76.6441			52.3878			-1.6000			228.0000			-159.0000			-20.0000			
27.0781			-83.9888			55.5885			-1.3000			230.0000			-146.0000			-37.0000			
39.3210			-95.8534			55.0551			-1.4000			230.0000			-136.0000			-52.0000			
44.3294			-96.9834			52.3878			-0.2000			226.0000			-124.0000			-66.0000			
47.6684			-94.1585			45.4531			-1.0000			219.0000			-112.0000			-78.0000			
54.9028			-91.3336			33.7174			-2.7000			215.0000			-99.0000			-91.0000			
54.9028			-81.7289			27.3161			0.4000			208.0000			-86.0000			-105.0000			
48.2249			-70.4294			21.4482			-0.7000			201.0000			-71.0000			-117.0000			
45.9989			-57.4349			11.8463			0.4000			194.0000			-56.0000			-129.0000			
47.6684			-45.5703			-2.0232			0.0000			184.0000			-44.0000			-140.0000			
47.6684			-45.0053			-3.6235			-0.9000			169.0000			-26.0000			-150.0000			
54.3463			-37.0956			-17.4930			-0.2000			151.0000			-6.0000			-161.0000			
62.6937			-40.4855			-23.8943			-1.6000			134.0000			16.0000			-173.0000			
68.8151			-43.8754			-24.9612			0.0000			117.0000			36.0000			-183.0000			
73.2671			-53.4800			-19.6267			0.1000			101.0000			53.0000			-191.0000			
81.6145			-54.0450			-29.2287			-1.6000			86.0000			70.0000			-201.0000			
87.1794			-52.3501			-36.1634			-1.3000			73.0000			84.0000			-206.0000			
84.9534			-47.8302			-38.2972			-1.1000			58.0000			95.0000			-209.0000			
82.7274			-38.7906			-43.6316			0.3000			44.0000			104.0000			-210.0000			
77.7190			-27.4910			-50.5663			-0.3000			28.0000			116.0000			-213.0000			
70.4846			-24.1011			-47.8991			-1.5000			12.0000			127.0000			-213.0000			
63.2502			-20.7113			-43.0982			-0.5000			-4.0000			138.0000			-212.0000			
52.6768			-8.2818			-44.1650			0.2000			-21.0000			147.0000			-212.0000			
48.2249			-0.3721			-46.8322			1.0000			-36.0000			156.0000			-209.0000			
43.2164			7.5376			-51.0998			-0.3000			-57.0000			162.0000			-201.0000			
42.1034			19.9672			-61.2352			0.8000			-81.0000			170.0000			-191.0000			
49.3379			23.3570			-69.7702			2.9000			-106.0000			180.0000			-184.0000			
54.3463			19.9672			-71.9040			2.4000			-128.0000			187.0000			-173.0000			
57.1288			22.2271			-78.3053			1.0000			-146.0000			192.0000			-164.0000			
54.3463			36.3515			-87.9072			2.7000			-163.0000			198.0000			-156.0000			
51.5638			40.8714			-91.6413			0.7000			-178.0000			200.0000			-146.0000			
50.4508			40.3064			-88.9741			1.7000			-191.0000			199.0000			-133.0000			
40.9905			46.5211			-85.2400			2.2000			-203.0000			198.0000			-123.0000			
30.9736			49.3460			-78.8387			1.4000			-216.0000			198.0000			-112.0000			
27.0781			43.6962			-69.7702			1.0000			-225.0000			195.0000			-99.0000			
18.7307			40.8714			-59.6348			0.0000			-232.0000			192.0000			-87.0000			
0.9230			44.8262			-47.8991			-2.1000			-239.0000			188.0000			-73.0000			
-3.5290			51.6059			-47.3657			0.7000			-242.0000			178.0000			-59.0000			
-14.1023			57.2557			-42.5647			0.5000			-247.0000			166.0000			-41.0000			
-23.0062			67.4253			-42.5647			1.8000			-252.0000			154.0000			-21.0000			
-21.8933			74.2051			-51.0998			1.2000			-258.0000			142.0000			-1.0000			
-18.5543			75.9000			-56.4342			0.9000			-259.0000			128.0000			18.0000			
-24.1192			82.6798			-57.5011			1.0000			-261.0000			116.0000			34.0000			
-36.9186			93.4143			-56.4342			0.0000			-261.0000			105.0000			51.0000			
-39.1445			92.8494			-53.2335			0.4000			-258.0000			92.0000			65.0000			
-41.3705			87.7646			-44.6985			1.6000			-252.0000			79.0000			78.0000			
-48.0484			82.1148			-33.4962			0.5000			-250.0000			68.0000			93.0000			
-46.9354			74.2051			-27.0949			0.1000			-248.0000			56.0000			107.0000			
-40.2575			61.2106			-20.1602			0.7000			-243.0000			43.0000			121.0000			
-39.1445			50.4760			-10.5582			0.7000			-237.0000			29.0000			134.0000			
-44.1530			46.5211			-3.0901			-0.7000			-228.0000			14.0000			145.0000			
-48.0484			43.6962			5.4450			1.0000			-214.0000			-1.0000			155.0000			
-57.5088			43.6962			13.4466			-0.3000			-197.0000			-19.0000			165.0000			
-68.0822			44.2612			22.5151			-1.3000			-180.0000			-41.0000			176.0000			
-74.7601			51.0410			23.5820			-0.1000			-162.0000			-60.0000			185.0000			
-81.4380			56.1258			24.1155			-1.1000			-145.0000			-76.0000			191.0000			
-90.8984			54.9958			34.2508			-1.6000			-129.0000			-93.0000			199.0000			
-94.7938			53.8659			40.6521			-0.2000			-114.0000			-107.0000			205.0000			
-92.0114			49.3460			42.7859			0.1000			-98.0000			-118.0000			207.0000			
-87.0029			40.3064			45.4531			-1.2000			-81.0000			-132.0000			208.0000			
-80.3250			30.1368			49.7206			-0.4000			-65.0000			-145.0000			212.0000			
-70.8646			24.4870			46.5200			0.1000			-46.0000			-158.0000			213.0000			
-60.8478			19.4022			41.1856			-0.2000			-30.0000			-168.0000			213.0000			
-46.9354			4.7127			40.6521			-1.5000			-14.0000			-179.0000			212.0000			
-40.8140			-4.8919			43.8528			-1.8000			4.0000			-186.0000			209.0000			
-34.6926			-13.9315			47.5869			-1.0000			24.0000			-194.0000			202.0000			
-36.9186			-22.4062			57.1888			-2.1000			48.0000			-201.0000			194.0000			
-46.3789			-22.4062			66.7908			-1.9000			73.0000			-212.0000			184.0000			
-53.6134			-20.1463			69.9914			-3.7000			92.0000			-217.0000			176.0000			
-56.9523			-21.2763			75.8593			-2.3000			106.0000			-221.0000			166.0000			
-53.6134			-34.8357			87.0615			-1.3000			121.0000			-224.0000			157.0000			
-50.8309			-42.7454			91.3291			-2.2000			133.0000			-224.0000			147.0000			
-48.0484			-43.3104			88.1284			-3.2000			143.0000			-222.0000			135.0000			
-36.9186			-48.9602			84.9278			-0.9000			155.0000			-221.0000			124.0000			
-27.4582			-52.3501			77.9930			-1.8000			168.0000			-222.0000			112.0000			
-24.1192			-46.1353			68.3911			-1.8000			180.0000			-219.0000			100.0000			
-16.3283			-41.6155			58.2557			0.3000			189.0000			-216.0000			86.0000			
-0.7465			-43.8754			44.9197			0.2000			198.0000			-211.0000			74.0000			
7.6009			-49.5252			41.7190			-0.2000			205.0000			-204.0000			59.0000			
17.0613			-54.6100			36.9180			-0.6000			210.0000			-193.0000			39.0000			
25.9652			-64.2146			35.8512			-2.3000			215.0000			-181.0000			20.0000			
25.9652			-72.6893			45.4531			-1.2000			223.0000			-169.0000			-1.0000			
23.1827			-76.6441			52.9213			-0.5000			227.0000			-157.0000			-20.0000			
27.6346			-83.9888			55.5885			-0.7000			227.0000			-145.0000			-37.0000			
39.3210			-94.7234			53.4547			-1.9000			229.0000			-133.0000			-53.0000			
44.3294			-96.4184			51.3210			-0.7000			225.0000			-122.0000			-67.0000			
46.5554			-92.4635			44.3862			-1.5000			219.0000			-110.0000			-79.0000			
52.6768			-87.3787			33.7174			-0.9000			214.0000			-98.0000			-92.0000			
52.6768			-79.4690			25.1823			-1.6000			208.0000			-84.0000			-105.0000			
46.5554			-67.6045			20.3814			-0.6000			202.0000			-69.0000			-118.0000			
43.7729			-55.1750			11.3129			0.0000			194.0000			-55.0000			-130.0000			
47.6684			-45.5703			-1.4897			0.6000			185.0000			-42.0000			-142.0000			
49.8944			-43.8754			-5.2238			0.7000			170.0000			-25.0000			-152.0000			
54.9028			-39.9205			-15.3592			-0.3000			152.0000			-5.0000			-161.0000			
63.8067			-41.6155			-22.8274			-0.6000			135.0000			17.0000			-174.0000			
71.0411			-47.8302			-22.8274			0.3000			117.0000			35.0000			-184.0000			
76.6060			-55.1750			-22.8274			-1.3000			100.0000			53.0000			-192.0000			
83.8404			-53.4800			-30.8290			-0.4000			85.0000			70.0000			-199.0000			
88.8489			-51.7851			-37.2303			-0.1000			72.0000			84.0000			-206.0000			
88.2924			-48.3952			-39.8975			0.0000			57.0000			95.0000			-208.0000			
82.7274			-38.7906			-44.1650			-0.2000			42.0000			105.0000			-209.0000			
77.7190			-27.4910			-48.9660			1.2000			25.0000			119.0000			-213.0000			
69.9281			-24.1011			-47.3657			-1.5000			10.0000			129.0000			-213.0000			
61.5807			-20.7113			-41.4978			-0.6000			-7.0000			140.0000			-213.0000			
50.4508			-7.1518			-42.0313			1.2000			-22.0000			150.0000			-211.0000			
46.5554			1.3229			-46.8322			1.0000			-40.0000			158.0000			-209.0000			
40.9905			10.3625			-51.0998			0.2000			-60.0000			164.0000			-200.0000			
43.2164			18.2722			-59.6348			1.8000			-84.0000			172.0000			-192.0000			
49.8944			20.5321			-68.7033			1.7000			-109.0000			182.0000			-183.0000			
53.7898			19.4022			-71.9040			1.2000			-129.0000			189.0000			-173.0000			
57.6853			21.6621			-77.7718			1.5000			-147.0000			193.0000			-164.0000			
53.7898			34.6566			-87.3738			1.0000			-163.0000			197.0000			-155.0000			
52.1203			41.4363			-91.6413			1.9000			-178.0000			200.0000			-144.0000			
47.6684			40.3064			-88.9741			-0.9000			-190.0000			199.0000			-133.0000			
39.8775			45.3912			-84.1731			1.0000			-203.0000			198.0000			-121.0000			
30.4171			47.0861			-77.7718			-0.2000			-216.0000			199.0000			-110.0000			
25.4087			44.2612			-68.7033			0.9000			-225.0000			196.0000			-97.0000			
18.1742			40.3064			-58.0345			0.4000			-232.0000			192.0000			-85.0000			
2.5924			43.6962			-46.2988			0.0000			-239.0000			187.0000			-73.0000			
-4.0855			51.0410			-46.2988			0.6000			-244.0000			179.0000			-57.0000			
-14.1023			57.2557			-41.4978			1.6000			-248.0000			166.0000			-40.0000			
-23.0062			65.1654			-42.0313			0.1000			-253.0000			154.0000			-19.0000			
-23.5627			74.2051			-50.5663			0.0000			-260.0000			141.0000			1.0000			
-19.6673			77.5949			-56.4342			1.4000			-261.0000			129.0000			20.0000			
-24.1192			82.6798			-58.0345			0.5000			-262.0000			115.0000			37.0000			
-36.9186			92.8494			-55.3673			0.5000			-262.0000			104.0000			52.0000			
-41.3705			93.9793			-51.0998			1.5000			-259.0000			93.0000			67.0000			
-42.4835			87.7646			-44.6985			0.5000			-254.0000			80.0000			80.0000			
-47.4919			83.2447			-34.5631			1.1000			-251.0000			68.0000			94.0000			
-48.0484			75.3350			-26.5615			0.7000			-248.0000			56.0000			108.0000			
-42.4835			62.3405			-19.6267			0.2000			-242.0000			42.0000			121.0000			
-38.5880			50.4760			-11.6251			0.2000			-235.0000			28.0000			133.0000			
-44.1530			45.9562			-2.0232			-0.2000			-226.0000			13.0000			145.0000			
-50.2744			42.5663			6.5119			-1.1000			-212.0000			-3.0000			156.0000			
-56.9523			43.1313			13.9801			0.1000			-196.0000			-21.0000			164.0000			
-66.4127			44.2612			21.4482			-0.7000			-177.0000			-43.0000			176.0000			
-74.7601			51.0410			21.9817			-1.7000			-161.0000			-61.0000			185.0000			
-81.4380			54.9958			25.7158			-0.7000			-144.0000			-77.0000			193.0000			
-88.6724			54.9958			33.7174			0.0000			-127.0000			-94.0000			199.0000			
-94.2373			51.6059			40.6521			-1.9000			-113.0000			-109.0000			206.0000			
-91.4549			47.6511			43.8528			0.0000			-98.0000			-120.0000			208.0000			
-86.4464			39.7414			45.4531			-1.2000			-80.0000			-131.0000			209.0000			
-78.6555			29.0068			49.1872			-0.4000			-64.0000			-145.0000			212.0000			
-70.8646			23.3570			46.5200			-0.9000			-47.0000			-158.0000			215.0000			
-59.7348			19.9672			41.1856			1.4000			-29.0000			-169.0000			213.0000			
-45.2660			4.1478			39.5853			-1.5000			-13.0000			-179.0000			212.0000			
-40.8140			-6.0218			44.9197			-1.9000			4.0000			-187.0000			209.0000			
-36.3621			-15.0615			49.1872			-2.2000			24.0000			-193.0000			202.0000			
-37.4751			-22.4062			58.2557			-1.6000			48.0000			-201.0000			193.0000			
-46.9354			-21.2763			66.2573			-1.9000			73.0000			-211.0000			184.0000			
-52.5004			-20.7113			71.0583			-2.1000			92.0000			-217.0000			175.0000			
-56.9523			-22.4062			77.9930			-1.3000			109.0000			-221.0000			166.0000			
-53.6134			-35.4007			86.5281			-2.4000			122.0000			-223.0000			156.0000			
-49.7179			-43.8754			91.8625			-1.7000			136.0000			-223.0000			146.0000			
-45.8225			-46.1353			89.7287			-2.2000			146.0000			-223.0000			135.0000			
-37.4751			-48.9602			84.9278			-1.5000			158.0000			-222.0000			124.0000			
-29.1277			-50.6551			77.9930			-1.7000			171.0000			-222.0000			112.0000			
-23.0062			-47.2653			68.3911			-1.8000			182.0000			-219.0000			100.0000			
-15.7718			-43.3104			57.1888			-1.8000			191.0000			-216.0000			86.0000			
0.9230			-45.0053			44.3862			0.3000			199.0000			-211.0000			71.0000			
8.1574			-50.0902			41.7190			-0.2000			204.0000			-203.0000			57.0000			
19.8437			-57.4349			37.4515			-0.1000			210.0000			-192.0000			41.0000			
26.5216			-65.9095			37.4515			-1.9000			216.0000			-179.0000			18.0000			
25.9652			-72.6893			47.0534			0.3000			223.0000			-167.0000			-2.0000			
23.1827			-78.9040			53.4547			-2.2000			226.0000			-155.0000			-20.0000			
28.7476			-86.2488			55.5885			-1.9000			228.0000			-144.0000			-37.0000			
38.7645			-94.1585			53.9882			-1.4000			228.0000			-132.0000			-53.0000			
44.8859			-96.4184			49.7206			-1.8000			223.0000			-120.0000			-67.0000			
47.6684			-93.0285			44.3862			-0.9000			218.0000			-108.0000			-79.0000			
51.5638			-87.3787			34.2508			-1.5000			214.0000			-96.0000			-92.0000			
52.1203			-78.9040			24.6489			-2.1000			208.0000			-82.0000			-105.0000			
47.1119			-67.0395			19.3145			-0.6000			199.0000			-68.0000			-120.0000			
43.7729			-54.0450			10.7794			0.5000			193.0000			-54.0000			-132.0000			
47.1119			-45.0053			-2.0232			0.0000			184.0000			-41.0000			-142.0000			
51.5638			-43.8754			-7.3576			0.3000			168.0000			-22.0000			-153.0000			
58.2417			-40.4855			-18.0264			-0.2000			153.0000			-3.0000			-164.0000			
64.3632			-43.3104			-22.2939			-1.2000			134.0000			18.0000			-175.0000			
72.7106			-48.3952			-22.8274			1.4000			116.0000			37.0000			-185.0000			
78.8320			-55.7399			-24.9612			-1.8000			99.0000			55.0000			-192.0000			
86.6229			-54.0450			-31.3624			1.2000			85.0000			70.0000			-200.0000			
91.0748			-53.4800			-38.2972			-0.7000			71.0000			84.0000			-204.0000			
89.9618			-47.2653			-43.0982			-0.4000			56.0000			97.0000			-208.0000			
84.9534			-39.3556			-46.2988			-0.7000			40.0000			106.0000			-209.0000			
78.2755			-29.7509			-48.9660			-0.4000			24.0000			118.0000			-212.0000			
71.0411			-24.1011			-47.3657			-0.4000			8.0000			131.0000			-213.0000			
61.5807			-20.7113			-42.5647			-1.6000			-8.0000			142.0000			-212.0000			
49.3379			-7.1518			-43.0982			-0.9000			-24.0000			151.0000			-211.0000			
44.8859			1.3229			-47.3657			-1.1000			-41.0000			159.0000			-207.0000			
40.9905			12.6224			-52.7001			0.9000			-61.0000			166.0000			-199.0000			
42.1034			19.4022			-60.7017			0.7000			-86.0000			174.0000			-190.0000			
49.3379			19.4022			-68.7033			0.0000			-111.0000			184.0000			-182.0000			
53.7898			19.4022			-72.9709			0.2000			-131.0000			191.0000			-173.0000			
58.2417			22.2271			-78.8387			1.6000			-148.0000			194.0000			-163.0000			
54.9028			34.6566			-87.9072			1.6000			-164.0000			198.0000			-154.0000			
51.5638			41.4363			-91.1079			1.8000			-178.0000			199.0000			-144.0000			
47.6684			42.0013			-88.9741			0.6000			-191.0000			199.0000			-132.0000			
39.8775			45.3912			-83.6397			1.6000			-201.0000			198.0000			-120.0000			
30.9736			47.0861			-77.2384			0.8000			-214.0000			199.0000			-109.0000			
24.2957			44.8262			-68.1699			0.9000			-225.0000			195.0000			-97.0000			
16.5048			41.4363			-57.5011			0.4000			-233.0000			191.0000			-84.0000			
3.1489			43.1313			-46.2988			0.0000			-238.0000			185.0000			-70.0000			
-4.6420			49.9110			-46.2988			-1.0000			-244.0000			177.0000			-55.0000			
-17.9978			58.3857			-39.3641			1.0000			-249.0000			166.0000			-38.0000			
-22.4497			66.2954			-42.0313			1.8000			-254.0000			153.0000			-17.0000			
-21.8933			72.5101			-50.0329			0.5000			-261.0000			141.0000			4.0000			
-19.6673			77.0300			-55.9008			1.4000			-263.0000			127.0000			20.0000			
-26.3452			84.9397			-57.5011			1.0000			-265.0000			117.0000			39.0000			
-36.3621			91.7194			-55.3673			0.0000			-263.0000			105.0000			54.0000			
-40.8140			92.2844			-50.5663			0.9000			-259.0000			93.0000			68.0000			
-43.5965			88.8945			-44.1650			1.1000			-254.0000			80.0000			80.0000			
-47.4919			82.6798			-34.0297			1.1000			-250.0000			69.0000			95.0000			
-47.4919			73.0751			-26.0280			-0.4000			-247.0000			55.0000			109.0000			
-43.0400			62.3405			-19.6267			-0.3000			-242.0000			41.0000			122.0000			
-39.7010			49.9110			-10.5582			-0.3000			-236.0000			27.0000			134.0000			
-43.5965			46.5211			-3.0901			-0.1000			-225.0000			12.0000			145.0000			
-49.7179			41.4363			9.1791			0.8000			-211.0000			-4.0000			156.0000			
-58.6218			42.5663			15.0469			-1.0000			-193.0000			-22.0000			166.0000			
-64.7432			43.1313			21.4482			-0.1000			-176.0000			-43.0000			176.0000			
-73.0906			51.0410			20.9148			-1.1000			-158.0000			-62.0000			186.0000			
-81.4380			54.9958			25.1823			-1.2000			-142.0000			-79.0000			194.0000			
-88.6724			54.4308			33.1840			-1.0000			-126.0000			-95.0000			201.0000			
-92.0114			52.1709			40.1187			0.2000			-111.0000			-109.0000			206.0000			
-90.8984			45.9562			42.7859			-2.1000			-97.0000			-121.0000			209.0000			
-84.2205			38.0465			45.4531			-0.7000			-80.0000			-132.0000			210.0000			
-76.9861			28.4418			48.6538			0.0000			-63.0000			-145.0000			213.0000			
-69.7517			22.2271			45.9865			-1.5000			-45.0000			-157.0000			214.0000			
-58.6218			17.1423			42.2525			0.7000			-28.0000			-169.0000			215.0000			
-44.7095			3.5828			40.6521			-0.4000			-12.0000			-179.0000			212.0000			
-41.3705			-3.7619			44.3862			-0.7000			5.0000			-187.0000			207.0000			
-35.2491			-16.7564			50.7875			-1.2000			25.0000			-194.0000			201.0000			
-38.5880			-21.2763			59.8560			0.0000			49.0000			-202.0000			191.0000			
-47.4919			-19.5813			65.1904			-1.8000			75.0000			-210.0000			182.0000			
-52.5004			-19.5813			71.5917			-0.4000			94.0000			-217.0000			174.0000			
-55.8393			-24.6661			78.5265			-1.9000			110.0000			-221.0000			165.0000			
-52.5004			-35.4007			85.9946			-1.9000			124.0000			-223.0000			155.0000			
-49.1614			-43.3104			89.7287			-2.7000			136.0000			-223.0000			145.0000			
-44.7095			-47.2653			89.1953			-2.7000			148.0000			-222.0000			134.0000			
-36.3621			-48.9602			84.3943			-0.9000			160.0000			-222.0000			122.0000			
-28.0147			-49.5252			76.3927			-1.1000			172.0000			-221.0000			110.0000			
-22.4497			-46.7003			66.7908			-2.3000			183.0000			-219.0000			98.0000			
-12.9894			-43.8754			56.1219			-0.7000			191.0000			-216.0000			84.0000			
-0.1900			-44.4404			44.9197			0.2000			199.0000			-211.0000			71.0000			
7.0444			-50.6551			42.7859			-0.8000			206.0000			-202.0000			56.0000			
21.5132			-58.5648			36.3846			-0.6000			210.0000			-191.0000			38.0000			
25.4087			-65.9095			38.5184			-1.9000			217.0000			-179.0000			17.0000			
23.7392			-73.2543			47.5869			-1.9000			222.0000			-166.0000			-3.0000			
23.1827			-78.3391			53.4547			-1.7000			227.0000			-154.0000			-21.0000			
30.9736			-87.3787			54.5216			-1.8000			227.0000			-142.0000			-40.0000			
38.2080			-93.0285			53.4547			-1.3000			227.0000			-129.0000			-55.0000			
43.2164			-93.5935			50.2541			-0.1000			223.0000			-119.0000			-67.0000			
47.1119			-91.8985			41.1856			-3.6000			218.0000			-107.0000			-81.0000			
51.0073			-85.1188			33.1840			-0.9000			212.0000			-95.0000			-93.0000			
49.8944			-76.0792			24.1155			-2.0000			207.0000			-80.0000			-108.0000			
46.5554			-64.7796			17.1807			-1.0000			203.0000			-67.0000			-121.0000			
43.7729			-52.9150			9.1791			0.0000			193.0000			-52.0000			-133.0000			
45.4424			-48.3952			1.7109			-1.2000			183.0000			-38.0000			-143.0000			
51.0073			-41.0505			-10.5582			-0.6000			168.0000			-21.0000			-154.0000			
59.3547			-41.6155			-18.0264			-0.2000			153.0000			-2.0000			-163.0000			
64.9197			-43.8754			-21.7605			-0.7000			133.0000			19.0000			-175.0000			
72.1541			-50.0902			-21.2271			0.8000			117.0000			37.0000			-185.0000			
80.5015			-54.0450			-26.0280			0.4000			101.0000			56.0000			-193.0000			
87.7359			-54.6100			-33.4962			-0.3000			86.0000			72.0000			-201.0000			
91.0748			-52.9150			-38.2972			-0.1000			69.0000			86.0000			-205.0000			
89.9618			-46.1353			-43.6316			0.1000			55.0000			96.0000			-208.0000			
85.5099			-37.6606			-47.3657			0.4000			39.0000			108.0000			-209.0000			
77.1625			-29.7509			-47.8991			-0.4000			23.0000			120.0000			-213.0000			
69.3716			-23.5362			-45.7654			0.0000			6.0000			132.0000			-213.0000			
59.9112			-17.3214			-43.6316			-1.0000			-9.0000			143.0000			-213.0000			
48.2249			-4.3269			-42.5647			1.3000			-26.0000			152.0000			-211.0000			
44.8859			0.1929			-46.2988			-1.2000			-44.0000			160.0000			-207.0000			
39.3210			14.3174			-53.7670			-0.1000			-64.0000			167.0000			-199.0000			
43.2164			21.0971			-62.3020			2.0000			-87.0000			174.0000			-190.0000			
50.4508			18.2722			-68.1699			0.5000			-112.0000			184.0000			-181.0000			
55.4593			18.2722			-72.9709			0.7000			-132.0000			190.0000			-173.0000			
57.1288			24.4870			-81.5059			0.1000			-150.0000			195.0000			-163.0000			
54.9028			35.2216			-88.4407			1.6000			-164.0000			197.0000			-154.0000			
53.2333			39.7414			-90.5744			2.3000			-178.0000			198.0000			-143.0000			
46.5554			43.6962			-88.9741			1.2000			-190.0000			196.0000			-131.0000			
38.7645			47.6511			-85.2400			1.1000			-203.0000			198.0000			-121.0000			
32.6431			45.9562			-77.2384			1.3000			-214.0000			198.0000			-108.0000			
24.8522			43.1313			-68.1699			-0.1000			-224.0000			195.0000			-96.0000			
14.8353			42.5663			-56.9676			0.4000			-233.0000			191.0000			-83.0000			
1.4795			44.2612			-46.2988			-0.5000			-239.0000			186.0000			-70.0000			
-4.0855			49.9110			-45.7654			0.0000			-244.0000			176.0000			-54.0000			
-19.6673			59.5156			-39.3641			0.4000			-250.0000			165.0000			-36.0000			
-24.6757			68.5553			-42.0313			1.8000			-255.0000			152.0000			-15.0000			
-21.3368			73.0751			-50.5663			1.1000			-260.0000			139.0000			4.0000			
-20.7803			77.5949			-56.4342			0.3000			-263.0000			128.0000			23.0000			
-30.2406			87.7646			-57.5011			0.0000			-265.0000			115.0000			40.0000			
-38.0315			93.4143			-55.3673			0.0000			-263.0000			104.0000			56.0000			
-40.2575			93.4143			-52.1667			0.9000			-259.0000			91.0000			70.0000			
-45.8225			89.4595			-43.0982			0.5000			-254.0000			79.0000			82.0000			
-50.2744			83.8097			-32.4293			1.1000			-251.0000			67.0000			96.0000			
-48.0484			73.6401			-25.4946			0.0000			-247.0000			55.0000			108.0000			
-43.0400			62.9055			-19.6267			0.2000			-241.0000			41.0000			123.0000			
-41.3705			51.0410			-9.4914			0.1000			-233.0000			26.0000			135.0000			
-44.7095			47.0861			-2.0232			0.3000			-223.0000			12.0000			147.0000			
-50.8309			41.4363			8.6457			-0.7000			-209.0000			-5.0000			156.0000			
-60.8478			42.0013			17.1807			-1.6000			-193.0000			-24.0000			166.0000			
-66.9692			44.2612			22.5151			-0.1000			-174.0000			-45.0000			178.0000			
-73.6471			51.6059			20.3814			-1.6000			-156.0000			-63.0000			187.0000			
-81.9945			54.4308			27.3161			-0.2000			-140.0000			-81.0000			195.0000			
-90.3419			54.4308			36.3846			0.4000			-126.0000			-97.0000			202.0000			
-93.1244			52.7359			40.6521			0.2000			-111.0000			-110.0000			205.0000			
-90.8984			47.0861			43.3193			-0.4000			-95.0000			-122.0000			209.0000			
-85.8899			37.4815			47.5869			-0.8000			-78.0000			-134.0000			212.0000			
-78.0990			28.4418			49.7206			0.0000			-61.0000			-147.0000			213.0000			
-69.1952			23.3570			45.9865			0.1000			-44.0000			-158.0000			214.0000			
-58.6218			16.0123			43.3193			0.7000			-26.0000			-169.0000			214.0000			
-45.8225			1.8879			42.7859			-1.1000			-11.0000			-179.0000			212.0000			
-41.9270			-4.3269			45.9865			-0.2000			6.0000			-187.0000			207.0000			
-36.3621			-17.8864			52.3878			-1.8000			27.0000			-194.0000			199.0000			
-39.1445			-24.6661			62.5232			-1.2000			51.0000			-202.0000			192.0000			
-48.0484			-20.7113			67.3242			-1.4000			76.0000			-212.0000			182.0000			
-53.6134			-19.0163			72.1252			-0.4000			95.0000			-217.0000			173.0000			
-56.3958			-25.2311			80.1268			-1.5000			110.0000			-222.0000			164.0000			
-52.5004			-37.0956			88.6619			-0.9000			125.0000			-225.0000			154.0000			
-51.3874			-40.4855			90.2622			-1.6000			137.0000			-224.0000			144.0000			
-45.2660			-45.5703			89.1953			-1.6000			149.0000			-222.0000			133.0000			
-34.6926			-50.6551			84.9278			-0.4000			163.0000			-223.0000			121.0000			
-28.5712			-50.0902			76.3927			-2.2000			174.0000			-222.0000			110.0000			
-23.0062			-45.0053			67.3242			-0.6000			183.0000			-219.0000			97.0000			
-12.4329			-44.4404			56.1219			-0.7000			194.0000			-216.0000			84.0000			
2.0360			-46.7003			43.8528			-0.8000			200.0000			-210.0000			71.0000			
6.4879			-51.2201			43.3193			-1.4000			204.0000			-202.0000			55.0000			
20.4002			-57.9998			37.4515			-0.1000			211.0000			-190.0000			35.0000			
27.0781			-68.1695			39.0518			-2.0000			218.0000			-178.0000			15.0000			
24.8522			-73.2543			47.5869			-0.8000			224.0000			-165.0000			-5.0000			
23.1827			-78.9040			53.4547			-2.2000			225.0000			-152.0000			-24.0000			
32.0866			-87.9437			54.5216			-1.3000			227.0000			-141.0000			-39.0000			
38.7645			-94.7234			53.4547			-2.4000			225.0000			-129.0000			-55.0000			
42.6599			-93.5935			49.7206			-1.2000			222.0000			-117.0000			-68.0000			
48.2249			-90.7686			41.1856			-1.3000			217.0000			-105.0000			-82.0000			
52.6768			-84.5538			31.0502			-0.8000			213.0000			-94.0000			-95.0000			
49.3379			-74.9492			24.6489			-0.9000			208.0000			-80.0000			-109.0000			
45.4424			-64.2146			17.7142			-1.0000			200.0000			-66.0000			-122.0000			
44.8859			-51.7851			7.0453			0.1000			194.0000			-52.0000			-134.0000			
46.5554			-49.5252			1.7109			-1.2000			183.0000			-37.0000			-144.0000			
51.5638			-40.4855			-10.0248			1.0000			168.0000			-20.0000			-154.0000			
61.0242			-42.1805			-19.0933			-0.2000			152.0000			-1.0000			-165.0000			
67.1456			-43.8754			-22.2939			0.9000			133.0000			21.0000			-177.0000			
72.7106			-52.3501			-20.6936			-0.3000			116.0000			39.0000			-186.0000			
81.0580			-54.6100			-26.0280			0.4000			100.0000			58.0000			-193.0000			
89.9618			-54.0450			-35.6300			0.2000			85.0000			71.0000			-201.0000			
92.1878			-52.9150			-40.4310			-1.1000			70.0000			87.0000			-206.0000			
89.9618			-47.2653			-43.0982			-0.4000			54.0000			97.0000			-207.0000			
85.5099			-35.9657			-48.4326			1.1000			39.0000			110.0000			-210.0000			
77.7190			-28.0560			-50.0329			-0.3000			22.0000			123.0000			-213.0000			
68.8151			-24.6661			-44.1650			0.0000			5.0000			132.0000			-213.0000			
59.3547			-17.3214			-43.0982			-1.0000			-11.0000			143.0000			-211.0000			
46.5554			-2.0670			-44.1650			0.3000			-27.0000			153.0000			-212.0000			
44.3294			1.3229			-46.2988			-0.6000			-44.0000			160.0000			-206.0000			
39.8775			14.8824			-53.2335			1.5000			-65.0000			168.0000			-199.0000			
43.7729			22.7921			-63.3689			3.1000			-90.0000			178.0000			-190.0000			
49.8944			19.4022			-69.7702			-0.4000			-114.0000			185.0000			-181.0000			
56.0158			17.1423			-72.4374			0.7000			-134.0000			191.0000			-171.0000			
58.2417			24.4870			-82.0394			0.6000			-149.0000			195.0000			-162.0000			
54.3463			36.9165			-88.9741			2.2000			-165.0000			198.0000			-153.0000			
52.1203			39.7414			-91.1079			0.7000			-178.0000			199.0000			-142.0000			
46.5554			42.0013			-87.9072			0.6000			-190.0000			198.0000			-130.0000			
37.0950			48.7811			-84.7066			1.1000			-203.0000			199.0000			-120.0000			
29.8606			47.6511			-77.2384			0.2000			-215.0000			197.0000			-107.0000			
25.4087			42.5663			-67.1030			0.8000			-225.0000			194.0000			-94.0000			
14.2788			42.5663			-55.9008			0.9000			-234.0000			191.0000			-83.0000			
0.3665			45.9562			-45.2319			1.0000			-239.0000			186.0000			-69.0000			
-4.6420			49.9110			-45.2319			0.0000			-244.0000			175.0000			-52.0000			
-19.1108			57.8207			-38.2972			0.4000			-249.0000			163.0000			-34.0000			
-25.2322			69.6853			-42.0313			2.4000			-257.0000			151.0000			-13.0000			
-21.8933			73.6401			-50.5663			1.1000			-262.0000			139.0000			7.0000			
-19.6673			76.4650			-56.9676			-0.1000			-263.0000			126.0000			24.0000			
-29.1277			87.1996			-56.9676			1.0000			-265.0000			116.0000			41.0000			
-39.1445			93.9793			-54.8339			0.0000			-264.0000			103.0000			57.0000			
-40.8140			92.2844			-50.5663			0.9000			-258.0000			90.0000			69.0000			
-45.8225			88.3295			-42.5647			0.0000			-254.0000			78.0000			82.0000			
-51.3874			82.6798			-31.3624			0.0000			-251.0000			66.0000			97.0000			
-46.9354			72.5101			-24.9612			0.6000			-246.0000			53.0000			111.0000			
-41.9270			62.3405			-19.0933			1.3000			-239.0000			40.0000			124.0000			
-41.9270			49.9110			-7.8910			0.0000			-233.0000			26.0000			136.0000			
-45.8225			47.6511			-2.0232			-0.1000			-223.0000			9.0000			147.0000			
-50.2744			39.7414			10.2460			-0.2000			-207.0000			-7.0000			157.0000			
-60.2913			42.0013			17.1807			-1.1000			-189.0000			-25.0000			167.0000			
-67.5257			43.6962			22.5151			-1.3000			-171.0000			-47.0000			179.0000			
-73.0906			52.7359			20.9148			0.5000			-155.0000			-65.0000			187.0000			
-81.4380			54.9958			25.7158			-0.7000			-137.0000			-83.0000			195.0000			
-90.8984			53.8659			36.9180			-0.1000			-124.0000			-98.0000			202.0000			
-93.1244			52.1709			41.1856			0.2000			-110.0000			-111.0000			207.0000			
-90.3419			47.0861			42.7859			-0.4000			-93.0000			-122.0000			207.0000			
-84.2205			35.2216			48.6538			-0.3000			-76.0000			-135.0000			211.0000			
-78.0990			25.6169			51.3210			-1.1000			-60.0000			-147.0000			214.0000			
-68.6387			23.9220			45.4531			0.7000			-42.0000			-158.0000			214.0000			
-58.0653			15.4473			41.7190			-0.8000			-26.0000			-170.0000			213.0000			
-43.5965			-1.5020			44.3862			-0.7000			-9.0000			-181.0000			214.0000			
-41.9270			-4.8919			46.5200			-0.3000			7.0000			-187.0000			208.0000			
-36.9186			-16.7564			51.8544			-1.8000			28.0000			-193.0000			199.0000			
-40.2575			-24.6661			64.1236			-0.8000			53.0000			-203.0000			190.0000			
-48.0484			-22.4062			68.3911			-2.0000			78.0000			-212.0000			183.0000			
-55.2828			-17.8864			72.1252			-1.0000			96.0000			-217.0000			173.0000			
-56.9523			-24.6661			81.1937			-0.4000			113.0000			-221.0000			164.0000			
-53.0569			-38.2256			89.1953			-2.0000			127.0000			-224.0000			154.0000			
-50.2744			-41.6155			89.7287			-2.1000			138.0000			-224.0000			143.0000			
-45.8225			-43.8754			88.1284			-1.5000			149.0000			-222.0000			132.0000			
-34.1361			-51.7851			83.8609			-2.0000			163.0000			-222.0000			121.0000			
-27.4582			-50.6551			77.4596			-0.6000			176.0000			-223.0000			109.0000			
-24.1192			-43.8754			67.3242			-0.6000			185.0000			-218.0000			95.0000			
-12.4329			-43.8754			56.1219			-0.1000			194.0000			-215.0000			83.0000			
3.7054			-47.8302			43.8528			-0.2000			202.0000			-210.0000			71.0000			
7.0444			-52.3501			44.3862			-0.9000			205.0000			-200.0000			54.0000			
20.9567			-57.9998			36.9180			-0.1000			209.0000			-189.0000			35.0000			
28.7476			-70.4294			40.1187			-1.5000			219.0000			-177.0000			15.0000			
25.9652			-76.0792			48.6538			-1.4000			224.0000			-164.0000			-6.0000			
23.1827			-78.9040			55.5885			-0.1000			227.0000			-152.0000			-24.0000			
32.0866			-89.0737			55.5885			-1.3000			227.0000			-140.0000			-41.0000			
40.9905			-95.2884			53.4547			-0.8000			226.0000			-129.0000			-55.0000			
43.2164			-94.1585			50.2541			-0.6000			220.0000			-115.0000			-70.0000			
47.6684			-90.2036			41.1856			-1.3000			215.0000			-104.0000			-82.0000			
53.2333			-83.9888			29.4499			-1.3000			212.0000			-93.0000			-96.0000			
49.8944			-74.9492			23.0486			-2.0000			207.0000			-77.0000			-109.0000			
44.3294			-63.0847			18.7810			0.0000			201.0000			-65.0000			-122.0000			
43.7729			-50.6551			6.5119			-0.3000			193.0000			-50.0000			-134.0000			
48.2249			-48.9602			0.6440			0.0000			181.0000			-34.0000			-145.0000			
52.1203			-41.0505			-11.6251			-0.5000			166.0000			-19.0000			-156.0000			
60.4677			-42.7454			-17.4930			0.2000			149.0000			-1.0000			-165.0000			
68.2586			-43.3104			-23.8943			1.0000			132.0000			22.0000			-176.0000			
73.8236			-52.9150			-21.2271			-0.3000			114.0000			42.0000			-186.0000			
82.1709			-55.7399			-25.4946			0.9000			98.0000			58.0000			-194.0000			
89.9618			-54.6100			-35.6300			-0.2000			84.0000			75.0000			-202.0000			
93.3008			-51.7851			-41.4978			0.0000			71.0000			88.0000			-206.0000			
90.5183			-47.2653			-43.0982			0.1000			54.0000			98.0000			-208.0000			
84.9534			-34.8357			-48.4326			1.6000			37.0000			109.0000			-209.0000			
77.7190			-26.9260			-50.5663			0.2000			22.0000			123.0000			-212.0000			
68.2586			-24.1011			-44.6985			-0.5000			5.0000			134.0000			-212.0000			
57.6853			-16.1915			-41.4978			0.0000			-13.0000			144.0000			-212.0000			
45.9989			-0.3721			-44.6985			0.9000			-29.0000			154.0000			-211.0000			
44.8859			2.4528			-47.8991			-0.5000			-47.0000			162.0000			-206.0000			
39.3210			14.3174			-52.7001			0.9000			-67.0000			167.0000			-198.0000			
43.2164			22.2271			-63.9024			1.5000			-91.0000			177.0000			-190.0000			
49.8944			21.6621			-70.8371			0.7000			-116.0000			187.0000			-181.0000			
57.1288			17.7072			-73.5043			1.3000			-135.0000			191.0000			-171.0000			
57.6853			24.4870			-82.0394			0.1000			-151.0000			195.0000			-162.0000			
53.7898			38.6114			-90.5744			1.8000			-166.0000			199.0000			-152.0000			
51.5638			41.4363			-91.1079			1.8000			-180.0000			199.0000			-141.0000			
47.1119			41.4363			-87.3738			1.1000			-191.0000			198.0000			-129.0000			
37.0950			48.7811			-83.6397			2.2000			-202.0000			197.0000			-120.0000			
29.3041			48.7811			-76.1715			1.9000			-217.0000			196.0000			-107.0000			
24.8522			43.1313			-66.5696			1.4000			-226.0000			194.0000			-93.0000			
14.8353			40.8714			-54.8339			0.8000			-233.0000			190.0000			-82.0000			
-1.3030			46.5211			-45.2319			0.0000			-241.0000			185.0000			-68.0000			
-6.8679			52.7359			-45.7654			0.1000			-244.0000			175.0000			-52.0000			
-19.6673			57.2557			-38.8306			-1.2000			-249.0000			162.0000			-33.0000			
-25.2322			69.1203			-42.5647			1.3000			-256.0000			150.0000			-13.0000			
-24.1192			76.4650			-50.5663			1.7000			-263.0000			138.0000			7.0000			
-21.3368			78.1599			-56.9676			-0.1000			-264.0000			126.0000			25.0000			
-29.6842			87.1996			-57.5011			0.0000			-264.0000			114.0000			42.0000			
-39.1445			94.5443			-54.8339			0.5000			-265.0000			103.0000			57.0000			
-41.9270			92.8494			-50.5663			0.3000			-258.0000			91.0000			71.0000			
-45.8225			88.3295			-40.9644			1.5000			-254.0000			78.0000			83.0000			
-51.3874			82.6798			-30.8290			0.4000			-251.0000			65.0000			99.0000			
-48.0484			73.0751			-23.8943			1.1000			-245.0000			53.0000			111.0000			
-41.3705			61.7756			-18.5599			1.8000			-240.0000			39.0000			124.0000			
-41.3705			48.7811			-7.3576			0.0000			-233.0000			24.0000			137.0000			
-46.9354			47.0861			-0.4228			-0.2000			-221.0000			10.0000			148.0000			
-51.9439			39.7414			10.7794			-1.4000			-205.0000			-7.0000			158.0000			
-60.2913			42.0013			17.7142			-0.5000			-188.0000			-26.0000			168.0000			
-68.6387			44.2612			24.1155			-0.2000			-171.0000			-48.0000			179.0000			
-74.7601			53.3009			21.4482			0.0000			-154.0000			-66.0000			187.0000			
-81.9945			54.9958			25.1823			-1.8000			-137.0000			-84.0000			196.0000			
-90.8984			53.8659			36.9180			-0.1000			-122.0000			-100.0000			202.0000			
-94.2373			51.0410			42.7859			-0.4000			-108.0000			-113.0000			207.0000			
-90.3419			46.5211			43.3193			-0.5000			-92.0000			-124.0000			209.0000			
-83.1075			35.7866			48.6538			1.3000			-75.0000			-136.0000			211.0000			
-77.5426			26.7469			50.7875			0.0000			-58.0000			-149.0000			213.0000			
-68.6387			22.2271			46.5200			0.1000			-41.0000			-160.0000			213.0000			
-57.5088			16.0123			41.1856			-0.3000			-24.0000			-169.0000			213.0000			
-44.1530			-0.3721			44.3862			-0.1000			-9.0000			-180.0000			212.0000			
-43.5965			-6.5868			48.6538			-1.5000			10.0000			-187.0000			207.0000			
-37.4751			-16.7564			53.4547			-0.7000			31.0000			-193.0000			198.0000			
-40.8140			-24.1011			63.5901			-1.3000			55.0000			-203.0000			190.0000			
-48.0484			-23.5362			70.5249			-1.0000			80.0000			-212.0000			181.0000			
-56.3958			-19.5813			73.7255			-2.2000			98.0000			-218.0000			172.0000			
-56.9523			-23.5362			81.7271			1.2000			114.0000			-221.0000			163.0000			
-52.5004			-39.3556			89.7287			-2.1000			130.0000			-224.0000			153.0000			
-49.7179			-43.8754			91.3291			-2.2000			141.0000			-225.0000			143.0000			
-44.7095			-43.8754			88.1284			-0.4000			151.0000			-223.0000			130.0000			
-35.2491			-49.5252			84.3943			-0.3000			165.0000			-222.0000			119.0000			
-26.9017			-52.3501			76.9261			-2.3000			178.0000			-222.0000			108.0000			
-22.4497			-45.0053			66.2573			-1.1000			187.0000			-219.0000			95.0000			
-12.9894			-42.1805			56.1219			0.9000			195.0000			-215.0000			82.0000			
3.7054			-47.8302			43.8528			-0.2000			202.0000			-209.0000			69.0000			
9.8269			-54.6100			43.8528			-0.9000			208.0000			-201.0000			52.0000			
20.4002			-58.5648			37.9849			-0.1000			211.0000			-188.0000			33.0000			
26.5216			-70.4294			41.7190			-2.1000			218.0000			-175.0000			13.0000			
25.9652			-77.2091			49.7206			-1.5000			224.0000			-164.0000			-7.0000			
25.9652			-81.7289			55.0551			-0.7000			226.0000			-151.0000			-25.0000			
32.0866			-88.5087			56.6554			0.2000			228.0000			-138.0000			-41.0000			
40.9905			-95.8534			53.9882			-0.8000			226.0000			-128.0000			-58.0000			
44.3294			-94.1585			49.7206			-0.1000			221.0000			-115.0000			-70.0000			
47.1119			-90.2036			41.1856			-1.9000			215.0000			-104.0000			-84.0000			
52.1203			-83.9888			29.9833			-1.8000			212.0000			-90.0000			-97.0000			
51.0073			-73.2543			21.9817			-0.2000			207.0000			-78.0000			-110.0000			
44.3294			-61.9547			17.1807			-0.4000			199.0000			-64.0000			-124.0000			
42.6599			-48.9602			6.5119			0.2000			192.0000			-50.0000			-135.0000			
49.8944			-47.8302			-1.4897			0.5000			182.0000			-34.0000			-146.0000			
53.7898			-39.9205			-13.7589			0.1000			166.0000			-18.0000			-156.0000			
60.4677			-41.6155			-18.0264			0.8000			149.0000			3.0000			-166.0000			
68.2586			-43.8754			-22.8274			1.5000			130.0000			23.0000			-177.0000			
74.9365			-52.9150			-22.2939			-0.2000			114.0000			42.0000			-186.0000			
82.7274			-56.8699			-26.0280			-0.1000			97.0000			60.0000			-194.0000			
89.9618			-55.1750			-35.6300			-0.8000			83.0000			74.0000			-201.0000			
93.8573			-51.2201			-42.0313			0.6000			67.0000			87.0000			-206.0000			
90.5183			-46.7003			-45.2319			-1.4000			52.0000			100.0000			-209.0000			
84.3969			-35.9657			-48.4326			0.0000			35.0000			111.0000			-209.0000			
77.7190			-25.7961			-51.0998			0.8000			19.0000			124.0000			-213.0000			
69.3716			-23.5362			-46.2988			-0.4000			3.0000			135.0000			-214.0000			
57.6853			-16.7564			-41.4978			-0.5000			-13.0000			145.0000			-212.0000			
45.4424			0.1929			-43.6316			2.0000			-29.0000			155.0000			-211.0000			
43.2164			6.4077			-49.4995			0.1000			-48.0000			163.0000			-205.0000			
38.7645			16.5773			-53.7670			1.5000			-69.0000			168.0000			-197.0000			
43.2164			21.6621			-63.9024			0.9000			-95.0000			177.0000			-188.0000			
49.3379			21.6621			-70.8371			0.1000			-118.0000			187.0000			-179.0000			
56.0158			19.4022			-75.1046			0.3000			-137.0000			193.0000			-171.0000			
58.7982			23.9220			-82.5728			0.1000			-152.0000			195.0000			-161.0000			
54.9028			37.4815			-89.5076			2.8000			-167.0000			199.0000			-151.0000			
49.8944			42.5663			-91.1079			1.3000			-179.0000			198.0000			-140.0000			
45.4424			43.1313			-87.3738			1.1000			-192.0000			197.0000			-129.0000			
36.5385			46.5211			-83.1063			0.0000			-205.0000			197.0000			-118.0000			
28.1911			48.7811			-75.6381			1.3000			-215.0000			197.0000			-106.0000			
22.6262			44.2612			-65.5027			1.3000			-227.0000			193.0000			-93.0000			
14.2788			40.8714			-54.8339			0.3000			-234.0000			189.0000			-80.0000			
-1.8595			45.9562			-44.6985			-0.6000			-240.0000			184.0000			-67.0000			
-8.5374			54.4308			-44.6985			1.1000			-246.0000			174.0000			-50.0000			
-20.2238			57.2557			-37.7637			-0.7000			-250.0000			162.0000			-32.0000			
-23.0062			67.9903			-43.0982			1.8000			-257.0000			149.0000			-11.0000			
-23.5627			75.9000			-50.5663			1.7000			-263.0000			136.0000			9.0000			
-23.5627			80.4198			-56.4342			0.4000			-264.0000			124.0000			27.0000			
-30.2406			87.7646			-57.5011			0.0000			-265.0000			112.0000			43.0000			
-38.5880			95.1093			-54.3004			2.2000			-264.0000			103.0000			58.0000			
-43.5965			92.8494			-47.8991			1.3000			-258.0000			89.0000			72.0000			
-46.9354			87.7646			-38.8306			2.0000			-254.0000			77.0000			85.0000			
-50.8309			80.9848			-29.2287			0.9000			-250.0000			63.0000			99.0000			
-49.7179			71.9452			-22.2939			0.0000			-246.0000			50.0000			112.0000			
-43.5965			61.2106			-16.9595			0.6000			-238.0000			38.0000			126.0000			
-42.4835			48.7811			-7.3576			-1.0000			-231.0000			23.0000			137.0000			
-48.0484			48.7811			-0.4228			0.3000			-219.0000			7.0000			147.0000			
-54.7263			40.8714			13.4466			-0.4000			-205.0000			-9.0000			157.0000			
-60.8478			43.6962			16.6473			-0.5000			-186.0000			-28.0000			168.0000			
-67.5257			44.8262			21.4482			-1.2000			-168.0000			-49.0000			180.0000			
-75.8731			53.8659			22.5151			0.5000			-152.0000			-67.0000			189.0000			
-83.1075			56.1258			26.2492			-0.7000			-135.0000			-85.0000			195.0000			
-90.8984			54.9958			36.9180			1.0000			-121.0000			-100.0000			203.0000			
-94.2373			51.0410			42.2525			-0.9000			-107.0000			-113.0000			208.0000			
-90.8984			45.9562			44.9197			0.0000			-90.0000			-125.0000			209.0000			
-84.2205			35.7866			48.6538			0.2000			-74.0000			-137.0000			211.0000			
-77.5426			26.7469			50.7875			0.0000			-57.0000			-149.0000			213.0000			
-69.1952			21.6621			46.5200			-1.0000			-40.0000			-161.0000			213.0000			
-56.3958			13.7524			42.7859			0.1000			-24.0000			-173.0000			213.0000			
-44.1530			0.1929			43.3193			-0.6000			-9.0000			-182.0000			211.0000			
-43.5965			-7.1518			49.1872			-1.5000			12.0000			-187.0000			206.0000			
-38.0315			-18.4514			53.9882			-2.4000			31.0000			-194.0000			198.0000			
-41.9270			-22.4062			63.0567			-1.2000			56.0000			-204.0000			190.0000			
-49.1614			-21.8412			70.5249			-0.4000			79.0000			-212.0000			180.0000			
-55.8393			-20.7113			75.3258			-1.2000			98.0000			-219.0000			170.0000			
-56.3958			-26.9260			82.2606			-1.0000			115.0000			-221.0000			162.0000			
-51.9439			-39.9205			89.1953			-2.6000			129.0000			-224.0000			152.0000			
-49.1614			-44.4404			91.8625			-1.7000			140.0000			-224.0000			141.0000			
-43.0400			-46.7003			88.1284			-1.6000			153.0000			-223.0000			132.0000			
-34.6926			-49.5252			82.7940			-1.4000			167.0000			-222.0000			119.0000			
-26.3452			-50.0902			75.3258			-1.1000			177.0000			-222.0000			108.0000			
-20.7803			-47.2653			65.7239			-2.3000			188.0000			-219.0000			94.0000			
-10.2069			-43.3104			54.5216			0.9000			195.0000			-216.0000			81.0000			
2.0360			-47.8302			44.9197			-0.8000			202.0000			-210.0000			67.0000			
12.0528			-55.7399			44.9197			1.2000			208.0000			-200.0000			52.0000			
21.5132			-61.3897			38.5184			-1.3000			211.0000			-187.0000			31.0000			
24.8522			-70.9943			43.3193			-2.8000			219.0000			-174.0000			11.0000			
24.2957			-76.6441			50.7875			-1.5000			224.0000			-162.0000			-8.0000			
27.6346			-83.4239			54.5216			-1.2000			227.0000			-149.0000			-27.0000			
33.7561			-90.7686			56.6554			-0.3000			227.0000			-138.0000			-44.0000			
41.5470			-96.4184			54.5216			-0.3000			224.0000			-128.0000			-57.0000			
45.9989			-95.8534			48.1203			-1.7000			220.0000			-115.0000			-71.0000			
49.3379			-89.6386			39.5853			-0.7000			216.0000			-102.0000			-85.0000			
51.5638			-83.4239			29.9833			-1.8000			212.0000			-90.0000			-98.0000			
50.4508			-73.8192			21.9817			-1.3000			206.0000			-77.0000			-112.0000			
45.4424			-61.9547			16.1138			-0.4000			199.0000			-63.0000			-125.0000			
44.8859			-50.0902			5.4450			0.2000			191.0000			-48.0000			-136.0000			
48.2249			-48.9602			-0.4228			-1.1000			180.0000			-34.0000			-147.0000			
55.4593			-40.4855			-14.8258			0.1000			166.0000			-17.0000			-157.0000			
62.6937			-42.1805			-19.0933			1.4000			146.0000			4.0000			-168.0000			
68.8151			-45.0053			-22.2939			1.5000			130.0000			24.0000			-178.0000			
76.6060			-54.0450			-22.2939			0.2000			113.0000			43.0000			-188.0000			
84.3969			-56.3049			-27.6284			0.4000			97.0000			61.0000			-196.0000			
91.6313			-55.1750			-36.1634			0.2000			82.0000			75.0000			-202.0000			
94.4138			-51.2201			-42.0313			1.1000			66.0000			87.0000			-207.0000			
91.6313			-46.1353			-45.7654			-0.2000			52.0000			100.0000			-208.0000			
85.5099			-34.8357			-49.4995			1.1000			35.0000			111.0000			-211.0000			
77.7190			-26.9260			-50.5663			0.2000			19.0000			123.0000			-213.0000			
69.3716			-21.2763			-47.3657			0.7000			1.0000			135.0000			-213.0000			
57.6853			-15.0615			-43.6316			-1.0000			-16.0000			145.0000			-213.0000			
45.9989			-0.3721			-44.1650			1.4000			-31.0000			154.0000			-210.0000			
44.3294			6.4077			-50.5663			0.1000			-50.0000			162.0000			-205.0000			
39.3210			19.4022			-55.9008			2.8000			-70.0000			170.0000			-197.0000			
43.7729			23.3570			-65.5027			1.6000			-97.0000			177.0000			-188.0000			
50.4508			22.7921			-71.9040			1.3000			-119.0000			187.0000			-179.0000			
56.0158			21.0971			-77.7718			-0.6000			-137.0000			191.0000			-170.0000			
57.1288			27.8769			-84.7066			0.2000			-155.0000			197.0000			-161.0000			
54.3463			37.4815			-90.5744			1.2000			-169.0000			198.0000			-151.0000			
50.4508			42.5663			-92.1748			0.8000			-180.0000			199.0000			-141.0000			
44.3294			45.9562			-88.9741			1.3000			-193.0000			197.0000			-128.0000			
36.5385			49.3460			-84.7066			1.1000			-205.0000			197.0000			-118.0000			
27.6346			48.7811			-75.6381			0.7000			-217.0000			197.0000			-105.0000			
20.9567			45.3912			-66.5696			-0.2000			-227.0000			193.0000			-92.0000			
10.9398			43.6962			-54.3004			0.3000			-236.0000			189.0000			-80.0000			
-0.7465			47.0861			-45.7654			0.5000			-240.0000			183.0000			-66.0000			
-9.6504			55.5608			-45.7654			0.1000			-245.0000			173.0000			-49.0000			
-23.5627			61.7756			-38.8306			-0.6000			-251.0000			161.0000			-30.0000			
-24.1192			71.3802			-44.6985			2.5000			-257.0000			148.0000			-9.0000			
-23.5627			77.5949			-52.1667			1.8000			-262.0000			136.0000			10.0000			
-26.9017			83.2447			-55.3673			0.9000			-265.0000			123.0000			28.0000			
-33.5796			91.7194			-57.5011			0.6000			-265.0000			111.0000			44.0000			
-39.1445			96.2392			-56.4342			0.6000			-262.0000			100.0000			58.0000			
-44.7095			95.1093			-48.9660			1.4000			-258.0000			88.0000			72.0000			
-49.1614			89.4595			-39.3641			0.9000			-253.0000			76.0000			86.0000			
-51.3874			82.6798			-30.8290			0.4000			-250.0000			63.0000			98.0000			
-50.2744			73.6401			-23.3608			0.0000			-245.0000			49.0000			113.0000			
-46.3789			61.7756			-15.3592			0.0000			-238.0000			36.0000			127.0000			
-44.1530			49.9110			-5.2238			0.5000			-231.0000			22.0000			138.0000			
-48.0484			49.3460			-0.4228			0.8000			-218.0000			6.0000			148.0000			
-56.3958			40.8714			15.0469			-0.4000			-203.0000			-10.0000			159.0000			
-63.6302			43.1313			19.3145			-1.1000			-185.0000			-30.0000			170.0000			
-69.1952			44.8262			22.5151			-1.8000			-167.0000			-51.0000			180.0000			
-76.9861			54.9958			22.5151			0.5000			-150.0000			-70.0000			190.0000			
-86.4464			56.6908			28.3830			-1.3000			-135.0000			-87.0000			196.0000			
-92.5679			55.5608			36.9180			0.0000			-121.0000			-102.0000			203.0000			
-94.7938			52.1709			41.7190			-0.9000			-105.0000			-114.0000			207.0000			
-92.5679			46.5211			45.9865			0.0000			-90.0000			-126.0000			209.0000			
-86.4464			35.7866			50.7875			0.1000			-73.0000			-138.0000			211.0000			
-77.5426			26.7469			50.7875			0.0000			-56.0000			-150.0000			213.0000			
-68.6387			21.6621			47.0534			0.0000			-38.0000			-162.0000			214.0000			
-56.9523			13.1874			44.3862			0.6000			-22.0000			-173.0000			213.0000			
-44.7095			-2.0670			45.4531			-1.3000			-6.0000			-181.0000			210.0000			
-42.4835			-7.7168			50.2541			0.0000			11.0000			-188.0000			205.0000			
-38.0315			-20.1463			57.1888			-0.9000			33.0000			-195.0000			197.0000			
-43.5965			-24.6661			65.7239			-2.5000			59.0000			-205.0000			189.0000			
-49.7179			-22.9712			71.5917			-1.1000			82.0000			-212.0000			180.0000			
-56.3958			-21.2763			76.9261			-0.7000			100.0000			-218.0000			171.0000			
-56.9523			-29.1860			85.4612			-0.6000			117.0000			-222.0000			161.0000			
-53.0569			-39.3556			90.7956			-1.6000			130.0000			-225.0000			151.0000			
-49.7179			-43.8754			92.9294			-0.6000			142.0000			-224.0000			140.0000			
-43.5965			-46.7003			88.6619			-1.6000			154.0000			-223.0000			129.0000			
-33.5796			-50.6551			83.8609			-0.3000			167.0000			-223.0000			118.0000			
-27.4582			-49.5252			75.8593			-1.1000			178.0000			-223.0000			105.0000			
-21.3368			-46.1353			66.2573			-1.2000			187.0000			-219.0000			94.0000			
-9.6504			-45.0053			55.0551			0.4000			196.0000			-215.0000			79.0000			
3.1489			-47.8302			44.3862			-0.2000			200.0000			-209.0000			65.0000			
10.9398			-55.1750			45.4531			1.2000			207.0000			-197.0000			49.0000			
24.2957			-63.0847			37.9849			-0.7000			213.0000			-186.0000			29.0000			
25.9652			-72.1243			44.9197			-1.2000			219.0000			-174.0000			10.0000			
23.7392			-77.7741			51.8544			-2.1000			223.0000			-161.0000			-10.0000			
27.6346			-83.9888			55.5885			-0.7000			226.0000			-150.0000			-29.0000			
34.8690			-93.0285			56.6554			-1.5000			227.0000			-137.0000			-45.0000			
40.9905			-96.9834			55.5885			-0.4000			225.0000			-127.0000			-59.0000			
44.8859			-94.7234			49.1872			-0.6000			220.0000			-114.0000			-73.0000			
51.0073			-91.3336			39.0518			-1.2000			215.0000			-101.0000			-85.0000			
51.5638			-82.8589			30.5167			-0.7000			211.0000			-90.0000			-98.0000			
48.7814			-73.2543			23.0486			-1.4000			206.0000			-75.0000			-112.0000			
45.9989			-61.3897			15.0469			-0.3000			198.0000			-61.0000			-125.0000			
44.8859			-48.3952			4.3781			0.8000			191.0000			-49.0000			-137.0000			
47.6684			-48.9602			-0.4228			-1.7000			179.0000			-33.0000			-148.0000			
56.0158			-40.4855			-15.8926			-0.3000			164.0000			-16.0000			-158.0000			
