137.3237			-82.8460			-59.3958			-4.9000			55.0000			35.0000			-151.0000			
129.0272			-61.7261			-65.5468			1.7000			45.0000			39.0000			-145.0000			
125.1555			-46.7199			-80.6447			-2.2000			35.0000			43.0000			-139.0000			
126.8148			-30.6021			-97.9793			-1.7000			18.0000			53.0000			-136.0000			
120.7307			-27.8232			-92.9466			0.0000			11.0000			68.0000			-142.0000			
122.3900			-21.7095			-104.1302			-3.4000			-7.0000			75.0000			-135.0000			
115.1997			-10.5938			-104.1302			0.4000			-12.0000			84.0000			-138.0000			
114.6466			-0.5897			-115.3138			-1.2000			-31.0000			94.0000			-131.0000			
105.2439			8.8587			-114.1955			0.0000			-33.0000			100.0000			-136.0000			
109.1156			14.9723			-123.1424			0.9000			-46.0000			98.0000			-121.0000			
96.9474			22.1975			-119.7873			-0.6000			-49.0000			99.0000			-115.0000			
106.9032			26.6438			-129.2933			4.2000			-69.0000			104.0000			-99.0000			
86.9917			35.5364			-122.0240			0.5000			-75.0000			109.0000			-99.0000			
95.8413			42.7616			-137.1219			1.4000			-90.0000			111.0000			-86.0000			
70.9518			54.9889			-124.8199			1.1000			-91.0000			108.0000			-80.0000			
62.1022			73.3299			-137.6810			-2.2000			-94.0000			101.0000			-69.0000			
43.2969			86.6687			-129.2933			0.6000			-101.0000			98.0000			-56.0000			
26.7039			97.2286			-123.7015			0.2000			-107.0000			97.0000			-48.0000			
27.8101			101.6749			-128.7342			0.7000			-123.0000			100.0000			-34.0000			
17.8543			102.2307			-118.6689			1.4000			-133.0000			103.0000			-27.0000			
6.2392			115.0138			-122.0240			-0.7000			-144.0000			97.0000			-11.0000			
-4.2697			115.0138			-109.7220			1.0000			-153.0000			104.0000			-6.0000			
-14.2254			125.5737			-110.8404			0.4000			-155.0000			94.0000			8.0000			
-19.7564			120.0159			-99.6568			0.6000			-154.0000			91.0000			12.0000			
-25.2874			134.4663			-106.9261			2.2000			-153.0000			76.0000			29.0000			
-31.9246			123.9064			-90.1507			1.8000			-156.0000			75.0000			33.0000			
-39.6680			138.9126			-97.9793			1.2000			-161.0000			65.0000			48.0000			
-46.8583			130.5758			-79.5263			4.1000			-163.0000			62.0000			56.0000			
-64.5574			135.5779			-68.9019			2.1000			-154.0000			53.0000			60.0000			
-77.2787			130.5758			-52.1265			1.1000			-145.0000			44.0000			63.0000			
-88.3407			124.4622			-33.6735			2.4000			-140.0000			36.0000			69.0000			
-94.9779			130.0200			-33.6735			1.3000			-140.0000			22.0000			83.0000			
-93.8717			122.7948			-24.1675			4.7000			-145.0000			16.0000			95.0000			
-108.2523			125.5737			-13.5431			3.7000			-137.0000			1.0000			103.0000			
-110.4646			115.0138			-2.9186			1.6000			-140.0000			-3.0000			112.0000			
-119.8673			112.7907			6.5874			-0.4000			-132.0000			-17.0000			119.0000			
-114.3363			101.1191			16.0935			2.8000			-132.0000			-17.0000			121.0000			
-129.8231			110.5675			19.4486			0.1000			-112.0000			-35.0000			122.0000			
-119.3142			93.3381			26.1587			0.1000			-109.0000			-37.0000			122.0000			
-135.9072			101.1191			34.5464			-0.2000			-94.0000			-55.0000			126.0000			
-127.0576			84.4456			41.2566			-1.3000			-92.0000			-60.0000			130.0000			
-140.3320			82.7782			60.2687			2.7000			-80.0000			-66.0000			125.0000			
-129.2700			60.5468			66.9789			-1.7000			-71.0000			-68.0000			118.0000			
-128.7169			46.6521			83.7543			1.6000			-60.0000			-73.0000			114.0000			
-128.1638			29.9786			97.7338			-0.4000			-44.0000			-83.0000			108.0000			
-121.5266			26.6438			94.3787			-0.5000			-37.0000			-99.0000			118.0000			
-125.3983			21.0860			107.2398			2.9000			-19.0000			-107.0000			110.0000			
-117.6549			11.6376			105.5623			-0.4000			-15.0000			-113.0000			112.0000			
-116.5487			-0.0339			117.3051			0.7000			5.0000			-124.0000			105.0000			
-106.0399			-10.0380			116.7459			0.6000			4.0000			-130.0000			110.0000			
-112.1239			-15.0401			126.8111			-0.3000			21.0000			-130.0000			94.0000			
-97.7434			-22.2653			121.2193			1.1000			23.0000			-128.0000			89.0000			
-108.2523			-27.8232			131.2846			-4.7000			42.0000			-133.0000			74.0000			
-87.7876			-36.7158			124.0152			-0.4000			48.0000			-138.0000			74.0000			
-97.7434			-42.8294			140.7906			0.2000			62.0000			-141.0000			62.0000			
-72.3008			-55.6125			127.3703			-0.5000			65.0000			-137.0000			55.0000			
-58.4733			-70.6187			128.4887			-0.6000			67.0000			-130.0000			43.0000			
-42.9866			-87.8481			129.6070			-1.2000			72.0000			-127.0000			31.0000			
-30.2653			-91.1828			123.4560			2.0000			82.0000			-129.0000			23.0000			
-28.0529			-101.7427			127.9295			-1.8000			97.0000			-130.0000			8.0000			
-17.5440			-102.8543			117.8642			-2.5000			108.0000			-133.0000			1.0000			
-4.8228			-113.9700			119.5418			0.7000			118.0000			-128.0000			-16.0000			
4.5799			-113.4142			108.9174			0.0000			127.0000			-133.0000			-20.0000			
13.9826			-125.6415			111.7133			0.0000			129.0000			-124.0000			-34.0000			
20.0667			-118.4163			98.2929			0.0000			127.0000			-120.0000			-37.0000			
25.0446			-133.4225			105.5623			-2.8000			127.0000			-105.0000			-55.0000			
32.7880			-121.7510			89.3461			0.3000			130.0000			-105.0000			-60.0000			
39.9783			-137.8688			96.0562			-1.8000			134.0000			-95.0000			-76.0000			
47.7216			-127.3089			76.4849			-3.1000			135.0000			-91.0000			-83.0000			
65.9739			-134.5341			67.5380			-1.0000			127.0000			-80.0000			-86.0000			
78.1421			-130.6436			50.2035			-2.2000			119.0000			-72.0000			-89.0000			
90.8634			-125.0857			32.8689			-1.3000			113.0000			-65.0000			-94.0000			
96.3944			-130.0878			32.3097			-1.3000			113.0000			-51.0000			-110.0000			
96.3944			-121.7510			22.8036			-2.5000			119.0000			-46.0000			-122.0000			
109.6687			-125.0857			13.2976			-2.1000			107.0000			-30.0000			-130.0000			
111.3280			-116.1931			2.1140			-2.7000			113.0000			-27.0000			-137.0000			
120.1776			-114.5258			-7.3921			-1.7000			104.0000			-13.0000			-145.0000			
117.4121			-103.4101			-15.7798			-1.7000			106.0000			-13.0000			-146.0000			
132.3458			-112.8584			-19.1349			0.3000			84.0000			6.0000			-146.0000			
121.2838			-95.0733			-26.4042			-0.1000			81.0000			9.0000			-147.0000			
138.9830			-103.9659			-34.7919			0.2000			68.0000			24.0000			-152.0000			
127.3679			-85.0691			-42.0613			0.2000			65.0000			30.0000			-154.0000			
138.4299			-81.7344			-59.9550			-3.2000			53.0000			35.0000			-150.0000			
130.1334			-61.7261			-67.7835			0.6000			43.0000			40.0000			-144.0000			
124.0493			-45.0525			-80.6447			-1.6000			35.0000			42.0000			-139.0000			
127.9210			-30.6021			-99.6568			-2.3000			17.0000			54.0000			-134.0000			
121.2838			-25.6000			-94.6242			1.0000			9.0000			68.0000			-142.0000			
121.8369			-20.0422			-103.0119			-1.2000			-8.0000			77.0000			-134.0000			
115.7528			-8.9265			-106.3670			0.4000			-13.0000			85.0000			-138.0000			
115.7528			1.0777			-118.6689			-1.8000			-31.0000			94.0000			-131.0000			
104.1377			9.9703			-114.1955			0.0000			-33.0000			101.0000			-135.0000			
112.4342			15.5281			-124.8199			3.1000			-48.0000			98.0000			-119.0000			
94.7351			22.7533			-117.5506			0.0000			-52.0000			99.0000			-114.0000			
105.7970			28.3112			-129.8525			4.2000			-69.0000			104.0000			-99.0000			
86.4386			37.7596			-122.0240			2.1000			-77.0000			110.0000			-97.0000			
93.0758			43.3174			-138.7994			-2.4000			-89.0000			111.0000			-86.0000			
70.9518			57.2121			-125.3791			2.7000			-93.0000			106.0000			-78.0000			
56.0181			74.4414			-128.7342			1.7000			-94.0000			100.0000			-67.0000			
40.5314			89.4476			-128.7342			1.2000			-101.0000			96.0000			-55.0000			
35.5535			84.4456			-122.5832			-2.5000			-111.0000			100.0000			-47.0000			
26.7039			101.6749			-128.1750			0.1000			-126.0000			100.0000			-32.0000			
15.6419			101.6749			-116.4322			0.8000			-135.0000			103.0000			-26.0000			
5.1330			115.0138			-120.9056			-0.7000			-146.0000			96.0000			-8.0000			
-3.7166			115.0138			-109.1629			2.1000			-153.0000			103.0000			-5.0000			
-15.3316			126.6853			-111.3996			0.0000			-157.0000			92.0000			10.0000			
-19.2033			120.0159			-99.6568			1.1000			-154.0000			89.0000			13.0000			
-24.7343			134.4663			-106.3670			3.3000			-153.0000			74.0000			30.0000			
-32.4777			124.4622			-89.0324			2.9000			-157.0000			74.0000			34.0000			
-39.6680			138.9126			-97.4201			1.8000			-161.0000			64.0000			50.0000			
-48.5176			131.6874			-77.2896			5.8000			-162.0000			61.0000			58.0000			
-64.0043			134.4663			-67.2244			3.2000			-153.0000			51.0000			60.0000			
-78.9380			131.6874			-51.0081			1.7000			-143.0000			41.0000			65.0000			
-90.0000			124.4622			-33.1144			1.3000			-140.0000			35.0000			69.0000			
-97.1903			131.1316			-31.4368			2.5000			-140.0000			20.0000			85.0000			
-95.5310			122.2390			-21.9308			4.7000			-145.0000			15.0000			96.0000			
-108.8054			124.4622			-12.9839			2.6000			-135.0000			-2.0000			105.0000			
-109.9115			113.9022			-1.2411			2.7000			-141.0000			-4.0000			113.0000			
-122.6328			115.0138			7.7058			0.0000			-131.0000			-18.0000			120.0000			
-114.3363			100.0076			16.0935			1.7000			-132.0000			-19.0000			122.0000			
-131.4824			111.1233			20.0077			-0.3000			-111.0000			-37.0000			122.0000			
-119.3142			92.2266			27.2771			0.1000			-106.0000			-40.0000			123.0000			
-134.8010			100.5634			36.2240			1.9000			-94.0000			-55.0000			126.0000			
-126.5045			83.8898			42.3749			-0.2000			-91.0000			-62.0000			130.0000			
-135.9072			78.8877			59.1503			2.1000			-79.0000			-67.0000			126.0000			
-128.1638			59.9910			68.0972			0.0000			-69.0000			-70.0000			120.0000			
-123.7390			41.6501			80.9584			-1.1000			-60.0000			-73.0000			113.0000			
-126.5045			29.4228			99.9705			2.8000			-43.0000			-84.0000			110.0000			
-119.3142			29.4228			89.9052			0.0000			-35.0000			-100.0000			118.0000			
-123.1859			20.5302			105.0031			2.3000			-19.0000			-107.0000			110.0000			
-115.9956			10.5260			106.1215			0.6000			-13.0000			-115.0000			113.0000			
-115.9956			-0.5897			117.8642			1.2000			5.0000			-125.0000			105.0000			
-104.9337			-9.4823			115.0683			0.6000			5.0000			-130.0000			109.0000			
-111.5708			-16.7075			126.8111			-1.4000			22.0000			-128.0000			93.0000			
-96.0841			-22.2653			119.5418			1.1000			24.0000			-129.0000			89.0000			
-106.5930			-28.3790			131.8437			-3.1000			43.0000			-135.0000			75.0000			
-87.2345			-36.7158			124.0152			0.0000			50.0000			-139.0000			72.0000			
-95.5310			-43.3852			140.7906			1.8000			63.0000			-142.0000			61.0000			
-72.8539			-55.0567			127.3703			-0.5000			66.0000			-137.0000			52.0000			
-54.0486			-72.8418			125.6928			-1.1000			67.0000			-131.0000			41.0000			
-40.2211			-91.1828			130.1662			-1.2000			74.0000			-126.0000			29.0000			
-34.1370			-87.2923			123.4560			2.0000			83.0000			-130.0000			22.0000			
-25.8405			-101.7427			127.3703			-0.2000			98.0000			-130.0000			6.0000			
-15.8847			-104.5216			117.8642			-2.5000			108.0000			-135.0000			1.0000			
-4.2697			-116.7489			121.7785			0.7000			119.0000			-128.0000			-17.0000			
4.5799			-113.4142			108.9174			0.0000			127.0000			-135.0000			-21.0000			
13.9826			-127.8647			112.2724			-1.6000			128.0000			-121.0000			-36.0000			
20.0667			-118.4163			96.6154			-1.7000			127.0000			-118.0000			-39.0000			
23.9384			-135.0899			105.5623			-5.5000			127.0000			-106.0000			-55.0000			
33.3411			-123.9742			88.7869			-1.8000			130.0000			-105.0000			-61.0000			
40.5314			-136.7572			96.0562			-0.1000			134.0000			-95.0000			-75.0000			
49.9340			-130.0878			75.9257			-4.2000			133.0000			-90.0000			-84.0000			
63.7615			-128.4204			63.0646			-1.5000			126.0000			-81.0000			-85.0000			
79.8014			-130.0878			49.0851			-1.2000			117.0000			-71.0000			-90.0000			
90.8634			-122.3068			31.7505			0.3000			113.0000			-65.0000			-93.0000			
96.9474			-128.4204			30.0730			-1.4000			112.0000			-49.0000			-111.0000			
95.2882			-119.5279			22.8036			-1.4000			117.0000			-43.0000			-123.0000			
108.5625			-123.4184			12.1792			-2.6000			108.0000			-28.0000			-131.0000			
110.2218			-112.3026			0.4364			-1.6000			113.0000			-26.0000			-139.0000			
121.2838			-114.5258			-7.9513			-1.2000			103.0000			-13.0000			-145.0000			
115.7528			-102.2985			-15.2206			-1.7000			103.0000			-12.0000			-145.0000			
132.8989			-112.3026			-20.2532			0.3000			83.0000			7.0000			-147.0000			
119.6245			-92.2944			-27.5226			-0.1000			78.0000			10.0000			-147.0000			
138.9830			-102.2985			-37.0286			-0.3000			66.0000			24.0000			-151.0000			
126.8148			-83.9576			-42.0613			0.7000			62.0000			32.0000			-156.0000			
136.7706			-79.5113			-61.0734			-3.8000			51.0000			37.0000			-149.0000			
131.2396			-60.0588			-69.4611			1.7000			42.0000			40.0000			-143.0000			
124.0493			-43.3852			-82.3222			-1.6000			33.0000			42.0000			-138.0000			
128.4741			-28.9348			-101.8935			-2.3000			15.0000			54.0000			-134.0000			
121.2838			-27.2674			-94.0650			0.0000			9.0000			69.0000			-142.0000			
122.3900			-19.4864			-105.2486			-2.3000			-9.0000			77.0000			-134.0000			
115.1997			-7.8149			-107.4853			-0.1000			-14.0000			86.0000			-137.0000			
116.3059			2.7450			-120.3465			-1.3000			-33.0000			95.0000			-131.0000			
102.4784			9.9703			-114.1955			-1.7000			-33.0000			99.0000			-134.0000			
112.9873			17.1955			-125.3791			4.8000			-49.0000			98.0000			-117.0000			
94.7351			23.3091			-117.5506			0.4000			-52.0000			99.0000			-111.0000			
105.2439			29.4228			-133.2076			1.4000			-70.0000			104.0000			-100.0000			
88.6510			38.3153			-125.9383			1.0000			-78.0000			110.0000			-96.0000			
88.0979			44.4290			-137.1219			-4.6000			-89.0000			110.0000			-85.0000			
70.9518			57.2121			-125.9383			2.2000			-92.0000			105.0000			-76.0000			
50.4871			73.3299			-122.0240			1.7000			-94.0000			99.0000			-67.0000			
37.2128			92.2266			-129.8525			-0.4000			-101.0000			97.0000			-53.0000			
34.4473			87.7803			-120.9056			1.3000			-114.0000			102.0000			-45.0000			
22.2791			103.3423			-124.8199			0.7000			-126.0000			99.0000			-30.0000			
15.6419			101.6749			-115.8730			1.4000			-135.0000			103.0000			-23.0000			
2.9206			116.1254			-120.3465			-1.2000			-146.0000			97.0000			-6.0000			
-5.3759			113.3464			-108.0445			0.0000			-155.0000			103.0000			-3.0000			
-15.8847			126.6853			-110.8404			0.0000			-155.0000			90.0000			12.0000			
-20.3095			118.9043			-97.4201			1.1000			-152.0000			86.0000			15.0000			
-25.2874			133.9105			-105.2486			3.3000			-153.0000			72.0000			31.0000			
-34.1370			124.4622			-88.4732			1.8000			-157.0000			73.0000			37.0000			
-40.7742			138.9126			-96.8609			1.2000			-162.0000			64.0000			52.0000			
-52.3893			132.2432			-76.7304			3.1000			-161.0000			59.0000			58.0000			
-65.1105			132.2432			-64.4285			2.7000			-153.0000			50.0000			60.0000			
-81.1504			131.6874			-49.3306			1.2000			-143.0000			40.0000			67.0000			
-91.6593			123.9064			-30.8776			1.3000			-140.0000			34.0000			70.0000			
-97.7434			131.1316			-29.2001			4.1000			-139.0000			19.0000			87.0000			
-98.8496			122.2390			-19.6940			3.6000			-145.0000			13.0000			97.0000			
-110.4646			126.1295			-12.4247			3.2000			-136.0000			-4.0000			107.0000			
-111.5708			113.3464			0.4364			2.2000			-140.0000			-5.0000			114.0000			
-124.2921			116.6812			8.8241			1.2000			-130.0000			-20.0000			120.0000			
-115.4425			101.1191			16.6527			2.3000			-129.0000			-20.0000			122.0000			
-133.6948			110.5675			21.6853			-1.4000			-110.0000			-39.0000			122.0000			
-121.5266			92.7824			28.3954			-0.3000			-106.0000			-41.0000			124.0000			
-137.0134			102.2307			38.4607			3.6000			-95.0000			-55.0000			125.0000			
-129.2700			86.1129			42.9341			-0.2000			-89.0000			-64.0000			131.0000			
-131.4824			74.4414			56.3544			-0.6000			-79.0000			-67.0000			125.0000			
-129.8231			58.8794			72.0115			1.0000			-68.0000			-70.0000			119.0000			
-123.1859			40.5385			82.6359			0.0000			-61.0000			-72.0000			114.0000			
-126.5045			27.7554			101.0888			2.3000			-41.0000			-87.0000			109.0000			
-119.3142			28.3112			90.4644			-0.5000			-33.0000			-101.0000			117.0000			
-122.0797			18.8628			103.3256			0.1000			-17.0000			-108.0000			110.0000			
-113.7832			7.7471			106.6806			0.6000			-11.0000			-116.0000			112.0000			
-115.4425			-2.8128			118.9826			0.7000			7.0000			-127.0000			105.0000			
-100.5089			-11.1496			112.8316			1.1000			7.0000			-131.0000			107.0000			
-112.1239			-17.2633			126.2519			-3.1000			22.0000			-130.0000			92.0000			
-94.4248			-23.3769			118.9826			1.1000			27.0000			-130.0000			87.0000			
-105.4868			-30.6021			133.5213			-2.5000			43.0000			-134.0000			74.0000			
-87.7876			-38.3831			125.1336			-1.0000			52.0000			-141.0000			70.0000			
-92.7655			-44.4968			139.6723			2.4000			63.0000			-140.0000			60.0000			
-67.8760			-62.2819			126.8111			-3.3000			65.0000			-135.0000			51.0000			
-49.6238			-75.6208			124.0152			-1.2000			67.0000			-130.0000			41.0000			
-37.4556			-93.9617			131.2846			-0.1000			75.0000			-127.0000			28.0000			
-33.0308			-90.6270			122.3377			-1.3000			89.0000			-133.0000			22.0000			
-20.8626			-106.7448			127.3703			-0.2000			99.0000			-129.0000			4.0000			
-14.2254			-104.5216			117.3051			-1.4000			110.0000			-134.0000			-2.0000			
-0.9511			-118.4163			121.2193			1.8000			120.0000			-128.0000			-19.0000			
6.2392			-115.0816			108.3582			-0.4000			127.0000			-135.0000			-22.0000			
15.6419			-129.5320			112.2724			-1.6000			129.0000			-121.0000			-37.0000			
21.1729			-120.0837			98.2929			-0.6000			126.0000			-118.0000			-40.0000			
25.5977			-136.2014			107.2398			-3.3000			127.0000			-105.0000			-56.0000			
35.0004			-127.3089			90.4644			-1.8000			130.0000			-103.0000			-63.0000			
42.1907			-137.8688			95.4970			-0.1000			133.0000			-95.0000			-76.0000			
52.6995			-131.7552			75.3666			-3.6000			132.0000			-89.0000			-83.0000			
63.2084			-126.1973			61.3871			-1.6000			126.0000			-82.0000			-85.0000			
82.0138			-131.1994			48.5259			-0.6000			116.0000			-69.0000			-91.0000			
93.6289			-123.9742			28.9546			-1.3000			114.0000			-65.0000			-95.0000			
98.0536			-127.8647			27.2771			-2.5000			113.0000			-47.0000			-113.0000			
95.8413			-119.5279			21.6853			-2.0000			118.0000			-43.0000			-123.0000			
110.7749			-123.4184			11.6200			-1.0000			107.0000			-27.0000			-133.0000			
110.7749			-111.7469			-1.2411			-2.2000			114.0000			-25.0000			-140.0000			
124.6024			-115.6374			-8.5104			0.4000			103.0000			-12.0000			-145.0000			
114.0935			-98.4080			-16.8981			-1.2000			99.0000			-10.0000			-146.0000			
133.4520			-109.5237			-21.3716			2.5000			81.0000			7.0000			-146.0000			
118.5183			-91.1828			-28.0817			-0.7000			77.0000			13.0000			-149.0000			
137.3237			-101.1869			-38.1470			-2.0000			66.0000			25.0000			-151.0000			
128.4741			-84.5134			-42.0613			1.8000			60.0000			34.0000			-155.0000			
131.7927			-75.0650			-60.5142			-3.7000			51.0000			38.0000			-149.0000			
130.6865			-57.8356			-72.2570			0.5000			39.0000			40.0000			-142.0000			
122.3900			-38.3831			-85.1181			-1.1000			31.0000			44.0000			-138.0000			
128.4741			-26.7116			-103.0119			-1.2000			13.0000			57.0000			-134.0000			
119.6245			-26.7116			-92.3875			0.5000			8.0000			71.0000			-143.0000			
123.4962			-18.3748			-105.8078			-0.6000			-11.0000			79.0000			-134.0000			
114.6466			-6.7033			-109.7220			-1.7000			-16.0000			89.0000			-137.0000			
116.8590			2.7450			-122.0240			-2.4000			-34.0000			96.0000			-130.0000			
102.4784			11.6376			-114.7547			-0.6000			-34.0000			101.0000			-132.0000			
114.0935			18.3070			-127.0566			5.3000			-49.0000			99.0000			-116.0000			
95.2882			24.4207			-119.7873			0.0000			-54.0000			99.0000			-111.0000			
105.7970			29.9786			-136.5627			-0.7000			-72.0000			103.0000			-99.0000			
89.7572			38.8711			-127.6158			1.0000			-81.0000			110.0000			-94.0000			
86.4386			45.5406			-135.4443			-3.4000			-90.0000			110.0000			-85.0000			
69.2925			62.7699			-129.2933			2.7000			-92.0000			104.0000			-74.0000			
49.9340			76.1088			-123.1424			2.8000			-94.0000			98.0000			-67.0000			
36.6597			95.0055			-129.8525			1.8000			-102.0000			97.0000			-52.0000			
33.3411			90.5592			-120.3465			3.5000			-116.0000			103.0000			-45.0000			
19.5136			104.4539			-123.1424			0.8000			-127.0000			97.0000			-28.0000			
13.9826			102.7865			-115.8730			0.8000			-137.0000			103.0000			-24.0000			
0.1551			120.0159			-120.3465			-0.1000			-148.0000			97.0000			-5.0000			
-8.1413			113.3464			-105.8078			-0.6000			-155.0000			103.0000			-2.0000			
-16.4378			128.3527			-110.2812			1.6000			-155.0000			89.0000			12.0000			
-21.4157			118.3485			-95.1834			1.7000			-153.0000			86.0000			16.0000			
-25.8405			133.9105			-106.3670			1.7000			-154.0000			74.0000			31.0000			
-34.6901			127.2411			-89.0324			3.5000			-158.0000			71.0000			39.0000			
-42.4335			137.2452			-94.0650			0.7000			-162.0000			63.0000			53.0000			
-54.6017			131.1316			-74.4937			2.0000			-160.0000			57.0000			60.0000			
-63.4512			125.5737			-60.5142			1.5000			-152.0000			50.0000			61.0000			
-82.8097			130.5758			-47.0939			0.6000			-141.0000			38.0000			67.0000			
-94.4248			123.9064			-26.9634			2.5000			-139.0000			32.0000			72.0000			
-98.8496			130.5758			-29.7593			1.9000			-139.0000			17.0000			88.0000			
-97.1903			121.1274			-20.2532			3.6000			-144.0000			14.0000			98.0000			
-112.1239			123.9064			-11.3063			0.4000			-132.0000			-5.0000			108.0000			
-112.6770			112.7907			1.5548			1.6000			-139.0000			-6.0000			116.0000			
-125.3983			116.1254			9.3833			0.1000			-129.0000			-21.0000			121.0000			
-116.5487			100.5634			17.2118			1.2000			-128.0000			-22.0000			120.0000			
-135.3541			111.6791			22.8036			-0.8000			-109.0000			-40.0000			121.0000			
-123.7390			93.8939			29.5138			-0.3000			-104.0000			-42.0000			124.0000			
-138.6727			103.3423			39.5790			4.2000			-94.0000			-57.0000			128.0000			
-131.4824			86.6687			44.0525			-0.7000			-87.0000			-65.0000			131.0000			
-130.3762			73.8856			57.4728			0.9000			-79.0000			-67.0000			124.0000			
-131.4824			58.8794			73.6890			1.0000			-65.0000			-71.0000			118.0000			
-123.7390			39.4269			84.3134			0.0000			-58.0000			-74.0000			113.0000			
-128.1638			26.0880			102.2072			0.1000			-39.0000			-87.0000			107.0000			
-119.8673			27.1996			92.7011			0.0000			-33.0000			-102.0000			116.0000			
-122.6328			17.7513			106.1215			1.2000			-17.0000			-110.0000			110.0000			
-113.2301			6.6355			109.4765			2.8000			-10.0000			-118.0000			112.0000			
-118.2080			-3.9244			120.1010			-2.0000			8.0000			-126.0000			104.0000			
-99.4027			-12.2612			111.7133			0.0000			9.0000			-131.0000			107.0000			
-109.3584			-17.2633			118.4234			-8.1000			26.0000			-128.0000			86.0000			
-85.0221			-12.2612			98.8521			1.5000			39.0000			-122.0000			66.0000			
-77.8318			-6.1475			88.7869			4.7000			61.0000			-118.0000			41.0000			
-56.2610			-6.1475			56.9136			-5.5000			80.0000			-112.0000			17.0000			
-54.0486			-8.3707			66.9789			4.5000			82.0000			-111.0000			12.0000			
-56.2610			-37.2715			94.3787			0.8000			64.0000			-121.0000			36.0000			
-60.6857			-65.0608			124.5744			-1.1000			38.0000			-142.0000			77.0000			
-63.4512			-101.1869			162.0395			-2.6000			37.0000			-141.0000			78.0000			
-60.6857			-97.8522			155.3293			-3.2000			51.0000			-146.0000			67.0000			
-47.9645			-118.4163			165.3945			-0.9000			65.0000			-140.0000			48.0000			
-40.2211			-127.8647			166.5129			-1.5000			76.0000			-146.0000			43.0000			
-35.2432			-149.5403			185.5250			0.7000			82.0000			-136.0000			26.0000			
-38.5618			-157.8771			197.2678			0.8000			82.0000			-141.0000			28.0000			
-14.2254			-182.8875			199.5045			2.3000			97.0000			-133.0000			4.0000			
31.1287			-178.4412			148.0600			0.7000			140.0000			-135.0000			-34.0000			
63.2084			-186.2222			117.3051			-5.7000			191.0000			-116.0000			-97.0000			
77.0359			-152.8750			74.8074			-1.0000			215.0000			-104.0000			-135.0000			
80.9076			-155.0982			73.1298			-1.0000			202.0000			-89.0000			-140.0000			
75.9297			-147.3172			66.9789			-4.4000			179.0000			-81.0000			-131.0000			
86.9917			-141.7593			49.6443			-5.1000			159.0000			-73.0000			-121.0000			
104.1377			-145.6498			38.4607			-3.0000			142.0000			-59.0000			-127.0000			
101.9253			-135.0899			25.5995			-7.5000			137.0000			-54.0000			-128.0000			
117.9652			-137.3130			16.6527			-2.6000			119.0000			-41.0000			-125.0000			
108.5625			-126.1973			14.9751			-2.6000			110.0000			-42.0000			-118.0000			
113.5404			-129.5320			16.0935			0.1000			86.0000			-30.0000			-109.0000			
100.8191			-111.1911			7.7058			-2.6000			82.0000			-34.0000			-103.0000			
116.3059			-117.3047			0.9956			0.0000			67.0000			-18.0000			-103.0000			
105.2439			-96.1849			-8.5104			0.5000			66.0000			-16.0000			-106.0000			
122.9431			-106.7448			-17.4573			-1.2000			52.0000			-3.0000			-107.0000			
108.0094			-88.9596			-19.1349			0.0000			48.0000			4.0000			-112.0000			
111.8811			-98.9638			-18.0165			-5.0000			45.0000			16.0000			-121.0000			
100.2660			-95.0733			-5.1554			0.0000			44.0000			26.0000			-130.0000			
97.5005			-84.5134			-15.7798			-2.7000			46.0000			34.0000			-140.0000			
114.0935			-68.3956			-49.3306			-3.6000			45.0000			50.0000			-156.0000			
121.2838			-40.6063			-82.3222			-1.6000			51.0000			62.0000			-175.0000			
138.9830			-27.8232			-113.6363			-2.4000			38.0000			78.0000			-178.0000			
138.9830			-25.6000			-114.1955			-0.8000			32.0000			88.0000			-181.0000			
148.3856			-13.3728			-134.3260			0.6000			14.0000			92.0000			-169.0000			
142.8547			-0.0339			-142.7137			0.1000			10.0000			95.0000			-167.0000			
155.0228			6.6355			-160.6074			1.0000			-9.0000			98.0000			-151.0000			
148.9387			12.7492			-162.2850			-0.6000			-17.0000			98.0000			-143.0000			
162.2131			23.8649			-180.7379			5.3000			-35.0000			96.0000			-125.0000			
134.0051			40.5385			-175.1461			-0.6000			-46.0000			102.0000			-117.0000			
132.8989			48.8753			-184.0930			-2.3000			-77.0000			110.0000			-98.0000			
98.0536			54.9889			-152.7789			0.2000			-101.0000			114.0000			-79.0000			
77.0359			62.2141			-139.9178			-0.6000			-112.0000			110.0000			-66.0000			
56.5712			76.6646			-133.2076			0.0000			-118.0000			104.0000			-51.0000			
32.7880			82.2224			-115.3138			-0.3000			-121.0000			107.0000			-47.0000			
17.3012			96.1171			-113.6363			-0.2000			-131.0000			101.0000			-30.0000			
20.6198			86.1129			-104.6894			2.0000			-143.0000			107.0000			-24.0000			
16.1950			93.3381			-109.7220			-0.1000			-143.0000			96.0000			-10.0000			
9.5578			91.6708			-100.7752			0.4000			-143.0000			102.0000			-14.0000			
-2.0573			109.4559			-106.3670			1.0000			-141.0000			95.0000			-8.0000			
-4.8228			99.4518			-94.0650			0.5000			-138.0000			98.0000			-11.0000			
-6.4820			119.4601			-110.8404			2.1000			-133.0000			83.0000			0.0000			
-12.5661			112.7907			-99.0976			1.1000			-128.0000			82.0000			-1.0000			
-20.3095			134.4663			-111.3996			2.7000			-128.0000			76.0000			9.0000			
-29.7122			132.7989			-101.3343			1.7000			-133.0000			75.0000			17.0000			
-35.7963			137.8010			-100.7752			1.2000			-140.0000			71.0000			27.0000			
-45.7521			138.9126			-92.3875			0.7000			-141.0000			62.0000			41.0000			
-52.3893			135.5779			-82.8814			0.3000			-144.0000			59.0000			46.0000			
-66.7698			143.9147			-75.0529			2.0000			-139.0000			48.0000			57.0000			
-84.4690			137.8010			-49.3306			3.9000			-147.0000			41.0000			71.0000			
-102.7213			140.5800			-35.3511			2.4000			-153.0000			18.0000			101.0000			
-108.2523			125.5737			-14.1022			3.2000			-169.0000			8.0000			127.0000			
-126.5045			125.0179			0.4364			-1.0000			-165.0000			-13.0000			145.0000			
-128.1638			118.3485			10.5017			0.6000			-164.0000			-15.0000			149.0000			
-145.8630			128.9084			16.0935			-0.8000			-147.0000			-29.0000			147.0000			
-137.0134			112.7907			25.0404			0.8000			-141.0000			-27.0000			141.0000			
-157.4781			123.9064			32.3097			-1.2000			-120.0000			-44.0000			140.0000			
-148.6285			110.0117			40.1382			1.5000			-111.0000			-49.0000			138.0000			
-161.3497			113.9022			52.4402			4.9000			-95.0000			-57.0000			132.0000			
-154.7126			95.5613			56.9136			-2.2000			-82.0000			-62.0000			126.0000			
-141.9913			77.2204			65.3013			0.5000			-71.0000			-62.0000			116.0000			
-140.3320			62.2141			79.8400			1.7000			-51.0000			-69.0000			104.0000			
-123.7390			38.3153			85.4318			0.0000			-45.0000			-73.0000			99.0000			
-122.6328			22.7533			99.4113			-0.4000			-23.0000			-86.0000			93.0000			
-112.1239			25.5323			87.6685			1.0000			-19.0000			-98.0000			103.0000			
-118.2080			21.0860			98.2929			1.1000			4.0000			-108.0000			92.0000			
-102.7213			11.0818			93.2603			1.6000			8.0000			-116.0000			96.0000			
-107.1461			0.5219			102.2072			-4.4000			17.0000			-122.0000			93.0000			
-89.4469			-5.0360			94.3787			-0.1000			14.0000			-129.0000			102.0000			
-105.4868			-8.3707			114.5092			0.6000			24.0000			-132.0000			94.0000			
-94.9779			-16.7075			108.3582			-3.3000			27.0000			-132.0000			90.0000			
-98.2965			-25.0443			127.3703			4.0000			36.0000			-136.0000			83.0000			
-93.8717			-35.6042			127.3703			-2.1000			47.0000			-143.0000			79.0000			
-88.3407			-45.0525			132.9621			-0.4000			49.0000			-144.0000			76.0000			
-76.1725			-68.3956			144.1457			-0.4000			53.0000			-137.0000			64.0000			
-59.0264			-83.9576			141.9090			-1.0000			55.0000			-134.0000			58.0000			
-45.7521			-106.7448			151.9742			-0.5000			68.0000			-130.0000			39.0000			
-44.0928			-107.8564			149.7375			-2.2000			85.0000			-140.0000			32.0000			
-32.4777			-119.5279			153.6518			1.6000			97.0000			-134.0000			13.0000			
-22.5219			-118.4163			140.7906			-0.1000			110.0000			-139.0000			5.0000			
-6.4820			-134.5341			141.3498			0.3000			126.0000			-132.0000			-17.0000			
4.0268			-125.0857			120.6601			-0.4000			142.0000			-135.0000			-31.0000			
14.5357			-138.4246			120.6601			-3.2000			151.0000			-119.0000			-55.0000			
25.5977			-125.0857			98.2929			-1.2000			147.0000			-114.0000			-62.0000			
32.2349			-136.7572			104.4439			0.0000			147.0000			-103.0000			-74.0000			
39.4252			-130.6436			87.6685			-3.5000			150.0000			-99.0000			-84.0000			
46.0623			-129.5320			82.6359			-0.8000			151.0000			-90.0000			-94.0000			
62.6553			-131.7552			66.4197			-2.6000			140.0000			-79.0000			-98.0000			
73.1642			-125.6415			49.0851			-3.3000			129.0000			-76.0000			-96.0000			
93.6289			-131.1994			37.9015			0.3000			117.0000			-62.0000			-99.0000			
88.0979			-125.0857			35.6648			-1.3000			119.0000			-59.0000			-105.0000			
99.7129			-129.5320			27.2771			-2.5000			110.0000			-45.0000			-112.0000			
98.0536			-122.3068			21.1261			-3.1000			109.0000			-44.0000			-113.0000			
114.0935			-131.7552			16.0935			-1.5000			93.0000			-28.0000			-115.0000			
104.6908			-110.0795			4.3507			-1.0000			97.0000			-30.0000			-119.0000			
122.3900			-118.4163			-3.4778			0.4000			88.0000			-14.0000			-125.0000			
108.5625			-102.2985			-7.3921			-1.1000			86.0000			-9.0000			-130.0000			
124.0493			-111.7469			-14.1022			-1.8000			73.0000			6.0000			-133.0000			
116.3059			-96.1849			-19.6940			0.4000			67.0000			16.0000			-140.0000			
119.0714			-93.9617			-26.9634			-1.8000			65.0000			26.0000			-149.0000			
125.1555			-88.4039			-37.0286			-0.2000			59.0000			38.0000			-157.0000			
122.3900			-71.1745			-52.6857			-1.4000			60.0000			39.0000			-158.0000			
131.2396			-57.2798			-77.8488			-3.8000			44.0000			51.0000			-155.0000			
128.4741			-35.6042			-93.5058			-0.6000			42.0000			54.0000			-155.0000			
137.8768			-33.9368			-104.1302			-0.2000			20.0000			72.0000			-154.0000			
132.8989			-28.9348			-106.9261			-2.9000			18.0000			78.0000			-159.0000			
140.6423			-18.3748			-124.2607			-2.0000			-1.0000			87.0000			-150.0000			
127.3679			-2.8128			-127.0566			-2.5000			-5.0000			93.0000			-150.0000			
140.6423			3.8566			-141.5953			2.9000			-29.0000			98.0000			-136.0000			
122.9431			11.6376			-133.7668			0.8000			-33.0000			99.0000			-131.0000			
131.2396			20.5302			-149.4238			2.3000			-47.0000			96.0000			-112.0000			
108.0094			28.8670			-137.6810			-0.8000			-57.0000			102.0000			-105.0000			
109.1156			35.5364			-150.5422			-5.8000			-79.0000			108.0000			-94.0000			
95.2882			42.7616			-135.4443			2.5000			-93.0000			113.0000			-84.0000			
74.8235			51.6542			-125.3791			1.0000			-97.0000			108.0000			-73.0000			
59.3367			67.7720			-127.6158			-0.5000			-105.0000			102.0000			-57.0000			
39.4252			77.2204			-115.8730			0.7000			-110.0000			103.0000			-52.0000			
22.2791			95.5613			-119.2281			-1.3000			-120.0000			100.0000			-38.0000			
23.3853			90.5592			-113.0771			0.8000			-133.0000			110.0000			-34.0000			
20.0667			101.1191			-122.5832			-1.4000			-137.0000			98.0000			-18.0000			
11.2171			97.7844			-109.7220			-0.7000			-142.0000			105.0000			-18.0000			
-0.9511			115.0138			-114.7547			-0.7000			-144.0000			97.0000			-5.0000			
-6.4820			106.6770			-99.0976			1.0000			-145.0000			101.0000			-7.0000			
-9.8006			127.2411			-115.3138			2.1000			-143.0000			88.0000			6.0000			
-17.5440			122.2390			-101.8935			2.7000			-140.0000			82.0000			12.0000			
-24.1812			135.5779			-108.0445			3.3000			-140.0000			76.0000			22.0000			
-31.9246			133.9105			-100.7752			1.2000			-146.0000			71.0000			32.0000			
-39.1149			132.7989			-92.3875			1.2000			-152.0000			68.0000			41.0000			
-53.4955			136.6894			-82.8814			0.3000			-150.0000			59.0000			52.0000			
-64.0043			131.1316			-64.9876			2.1000			-149.0000			55.0000			58.0000			
-82.2566			136.1337			-52.6857			1.1000			-142.0000			38.0000			71.0000			
-91.6593			128.3527			-35.9103			0.7000			-149.0000			33.0000			82.0000			
-99.9558			135.0221			-31.9960			3.0000			-148.0000			16.0000			101.0000			
-102.7213			123.3506			-19.6940			0.9000			-155.0000			12.0000			113.0000			
-120.9735			132.2432			-10.7472			0.5000			-145.0000			-10.0000			125.0000			
-116.5487			115.5696			2.1140			1.1000			-151.0000			-10.0000			132.0000			
-136.4603			122.2390			12.1792			-2.0000			-136.0000			-25.0000			135.0000			
-128.1638			107.7886			20.5669			0.1000			-131.0000			-26.0000			132.0000			
-146.4161			119.4601			28.9546			1.9000			-113.0000			-41.0000			131.0000			
-139.7789			103.3423			35.6648			-0.7000			-105.0000			-49.0000			133.0000			
-143.0975			100.5634			45.1708			2.6000			-95.0000			-58.0000			133.0000			
-141.9913			91.1150			51.3218			0.4000			-82.0000			-66.0000			131.0000			
-133.6948			71.1067			63.0646			0.4000			-75.0000			-65.0000			122.0000			
-137.0134			59.4352			78.7216			1.1000			-56.0000			-73.0000			114.0000			
-124.8452			37.2038			87.1093			-0.5000			-49.0000			-76.0000			108.0000			
-126.5045			32.2017			93.2603			-1.0000			-28.0000			-91.0000			105.0000			
-117.6549			27.7554			91.5828			1.6000			-24.0000			-102.0000			112.0000			
-125.3983			20.5302			103.8847			-0.9000			-3.0000			-110.0000			101.0000			
-106.0399			9.4145			98.8521			2.2000			1.0000			-117.0000			104.0000			
-114.3363			-0.5897			110.5949			-4.3000			14.0000			-124.0000			98.0000			
-96.0841			-7.2591			102.2072			-1.1000			14.0000			-130.0000			101.0000			
-108.2523			-12.2612			121.2193			0.6000			27.0000			-131.0000			92.0000			
-97.1903			-19.4864			113.9500			-2.7000			34.0000			-132.0000			83.0000			
-91.6593			-27.8232			120.6601			1.1000			43.0000			-136.0000			78.0000			
-91.6593			-35.6042			127.3703			0.1000			55.0000			-143.0000			73.0000			
-80.5973			-47.2757			126.8111			-1.0000			57.0000			-143.0000			70.0000			
-67.3229			-67.2840			135.1988			0.5000			63.0000			-136.0000			54.0000			
-51.2831			-82.2902			131.2846			-2.2000			65.0000			-133.0000			49.0000			
-36.3494			-102.2985			139.6723			1.0000			78.0000			-129.0000			30.0000			
-35.2432			-101.7427			137.4355			0.4000			94.0000			-141.0000			25.0000			
-28.0529			-114.5258			143.5865			0.9000			102.0000			-132.0000			7.0000			
-16.4378			-110.0795			126.8111			0.2000			111.0000			-137.0000			2.0000			
-4.2697			-129.5320			132.9621			-0.8000			123.0000			-127.0000			-20.0000			
4.0268			-118.4163			112.8316			-1.5000			134.0000			-131.0000			-28.0000			
12.8764			-135.0899			120.6601			-1.5000			135.0000			-118.0000			-43.0000			
22.8322			-127.3089			101.0888			-3.3000			134.0000			-112.0000			-53.0000			
28.3632			-135.0899			106.6806			0.0000			138.0000			-103.0000			-66.0000			
36.6597			-131.7552			92.1420			-2.9000			145.0000			-99.0000			-79.0000			
46.0623			-127.3089			79.8400			-1.4000			145.0000			-92.0000			-87.0000			
62.6553			-133.4225			67.5380			-3.2000			135.0000			-81.0000			-91.0000			
74.8235			-125.6415			49.6443			-1.1000			129.0000			-77.0000			-93.0000			
93.0758			-132.3109			36.2240			-3.0000			119.0000			-61.0000			-101.0000			
90.8634			-126.7531			28.3954			-7.4000			124.0000			-59.0000			-110.0000			
105.7970			-132.8667			25.5995			-1.4000			115.0000			-43.0000			-118.0000			
99.7129			-122.3068			20.0077			-2.5000			117.0000			-42.0000			-121.0000			
120.7307			-133.4225			13.8568			1.1000			101.0000			-25.0000			-127.0000			
109.1156			-111.1911			2.1140			0.0000			106.0000			-25.0000			-131.0000			
126.2617			-120.0837			-6.8329			-0.6000			95.0000			-11.0000			-133.0000			
117.4121			-106.7448			-11.3063			-0.6000			90.0000			-7.0000			-136.0000			
125.7086			-110.6353			-18.5757			-3.5000			76.0000			7.0000			-138.0000			
124.0493			-98.9638			-25.8450			-0.7000			69.0000			18.0000			-143.0000			
121.2838			-90.6270			-33.1144			-2.4000			67.0000			26.0000			-150.0000			
127.3679			-87.2923			-43.1796			-3.1000			56.0000			39.0000			-154.0000			
122.3900			-70.0629			-53.2449			-0.9000			53.0000			39.0000			-153.0000			
127.3679			-53.9451			-74.4937			-1.0000			35.0000			50.0000			-146.0000			
122.9431			-33.3810			-89.5916			0.0000			32.0000			53.0000			-145.0000			
131.2396			-31.7137			-102.4527			-2.9000			13.0000			72.0000			-146.0000			
123.4962			-26.7116			-98.5384			-1.7000			11.0000			78.0000			-150.0000			
133.4520			-17.2633			-115.3138			0.8000			-8.0000			86.0000			-143.0000			
117.9652			-3.9244			-114.1955			-0.1000			-13.0000			94.0000			-145.0000			
131.2396			3.3008			-130.4117			4.1000			-31.0000			100.0000			-133.0000			
112.9873			12.1934			-124.8199			0.3000			-35.0000			99.0000			-129.0000			
121.8369			19.4186			-144.3912			-3.1000			-49.0000			98.0000			-113.0000			
106.3501			26.6438			-132.6484			0.3000			-61.0000			103.0000			-105.0000			
100.2660			33.8691			-137.1219			-2.9000			-75.0000			109.0000			-97.0000			
95.2882			42.7616			-135.4443			2.5000			-90.0000			113.0000			-86.0000			
75.3766			51.0984			-125.9383			0.5000			-92.0000			109.0000			-80.0000			
60.9960			68.8836			-130.9709			-1.1000			-102.0000			103.0000			-62.0000			
41.6376			81.1109			-120.3465			2.3000			-107.0000			104.0000			-57.0000			
24.4915			98.8960			-124.2607			-0.8000			-116.0000			99.0000			-40.0000			
23.3853			92.2266			-117.5506			-1.9000			-129.0000			110.0000			-36.0000			
18.9605			105.5654			-125.9383			-1.4000			-137.0000			99.0000			-18.0000			
11.2171			101.6749			-113.0771			-0.1000			-144.0000			104.0000			-15.0000			
0.1551			119.4601			-118.6689			0.9000			-149.0000			97.0000			-1.0000			
-9.2475			110.0117			-101.3343			-0.5000			-151.0000			100.0000			-1.0000			
-12.5661			130.0200			-114.1955			3.2000			-149.0000			88.0000			11.0000			
-20.3095			125.0179			-102.4527			2.2000			-148.0000			82.0000			20.0000			
-26.3936			125.5737			-98.5384			0.6000			-149.0000			76.0000			28.0000			
-35.2432			132.7989			-96.8609			0.6000			-153.0000			70.0000			41.0000			
-41.3273			130.0200			-86.7957			1.8000			-156.0000			68.0000			47.0000			
-56.8141			133.9105			-76.1712			0.9000			-152.0000			55.0000			57.0000			
-67.8760			127.7969			-57.1591			2.7000			-150.0000			51.0000			61.0000			
-86.6814			133.3547			-45.4163			1.2000			-141.0000			35.0000			72.0000			
-86.6814			126.1295			-42.0613			-2.6000			-148.0000			31.0000			83.0000			
-103.8275			136.6894			-30.8776			1.9000			-145.0000			13.0000			99.0000			
-99.9558			120.5717			-19.6940			0.9000			-149.0000			10.0000			107.0000			
-119.3142			129.4642			-11.8655			-1.7000			-137.0000			-9.0000			118.0000			
-112.1239			110.0117			0.4364			-1.6000			-145.0000			-10.0000			126.0000			
-130.9293			120.0159			12.1792			1.2000			-133.0000			-22.0000			128.0000			
-125.9514			108.9002			17.7710			0.7000			-124.0000			-28.0000			128.0000			
-135.3541			113.9022			26.7179			5.2000			-111.0000			-41.0000			129.0000			
-134.2479			99.4518			33.9872			-0.8000			-103.0000			-51.0000			132.0000			
-132.0355			89.4476			42.9341			0.3000			-97.0000			-58.0000			134.0000			
-137.0134			87.7803			51.8810			2.6000			-83.0000			-70.0000			134.0000			
-130.3762			68.3278			61.9462			-0.1000			-78.0000			-67.0000			125.0000			
-134.8010			54.9889			79.8400			0.0000			-57.0000			-76.0000			116.0000			
-124.8452			34.4248			91.5828			1.1000			-52.0000			-79.0000			114.0000			
-130.9293			31.0901			99.9705			0.1000			-31.0000			-97.0000			113.0000			
-118.2080			24.9765			94.3787			1.1000			-27.0000			-105.0000			115.0000			
-129.8231			18.8628			108.9174			-2.0000			-7.0000			-111.0000			105.0000			
-109.3584			7.1913			103.8847			1.7000			-2.0000			-118.0000			107.0000			
-119.3142			-1.7012			119.5418			-1.4000			12.0000			-126.0000			101.0000			
-101.0620			-8.3707			108.9174			-0.5000			15.0000			-130.0000			100.0000			
-109.3584			-13.3728			126.8111			4.0000			26.0000			-131.0000			88.0000			
-99.9558			-21.7095			118.9826			-2.6000			38.0000			-132.0000			79.0000			
-90.0000			-28.9348			118.4234			-0.5000			45.0000			-138.0000			76.0000			
-91.1062			-36.7158			128.4887			0.6000			61.0000			-144.0000			68.0000			
-78.3849			-48.3873			124.0152			-2.7000			62.0000			-141.0000			64.0000			
-62.8981			-66.1724			129.6070			0.5000			68.0000			-134.0000			47.0000			
-45.7521			-81.7344			126.2519			-1.2000			71.0000			-133.0000			42.0000			
-32.4777			-101.1869			135.1988			1.5000			80.0000			-130.0000			26.0000			
-32.4777			-96.1849			129.0478			0.3000			97.0000			-140.0000			20.0000			
-25.2874			-112.8584			136.3172			-1.8000			103.0000			-131.0000			4.0000			
-13.1192			-105.6332			119.5418			0.7000			111.0000			-137.0000			-1.0000			
-4.8228			-128.9762			130.7254			-3.0000			123.0000			-128.0000			-19.0000			
5.1330			-120.0837			111.1541			-3.7000			128.0000			-129.0000			-26.0000			
13.9826			-133.4225			116.7459			-2.6000			129.0000			-117.0000			-39.0000			
21.1729			-127.8647			103.3256			-3.3000			130.0000			-111.0000			-51.0000			
28.3632			-125.0857			96.6154			-0.1000			135.0000			-105.0000			-61.0000			
36.6597			-131.7552			93.8195			-1.2000			139.0000			-97.0000			-76.0000			
45.5092			-127.3089			79.2808			-2.5000			140.0000			-93.0000			-83.0000			
62.6553			-131.7552			66.9789			-2.1000			133.0000			-81.0000			-90.0000			
73.7173			-123.9742			49.0851			-1.1000			130.0000			-77.0000			-93.0000			
93.6289			-130.6436			35.6648			-1.3000			119.0000			-61.0000			-102.0000			
90.8634			-124.5299			31.7505			-1.9000			127.0000			-58.0000			-114.0000			
107.4563			-133.4225			25.0404			-0.9000			117.0000			-42.0000			-123.0000			
100.2660			-121.1952			19.4486			-1.4000			118.0000			-40.0000			-126.0000			
121.8369			-132.3109			10.5017			0.0000			105.0000			-22.0000			-134.0000			
110.2218			-110.6353			-0.6819			-1.1000			109.0000			-24.0000			-137.0000			
128.4741			-121.7510			-9.6288			-2.9000			99.0000			-10.0000			-139.0000			
121.2838			-109.5237			-14.6614			-2.9000			90.0000			-3.0000			-141.0000			
125.1555			-106.7448			-21.3716			-2.9000			79.0000			7.0000			-141.0000			
127.3679			-98.9638			-28.6409			-0.2000			69.0000			20.0000			-146.0000			
124.0493			-88.9596			-35.9103			-0.8000			66.0000			26.0000			-151.0000			
128.4741			-86.1807			-46.5347			-4.2000			54.0000			38.0000			-152.0000			
122.9431			-68.9513			-55.4816			-1.4000			51.0000			39.0000			-150.0000			
127.9210			-52.2778			-76.1712			-0.5000			32.0000			50.0000			-143.0000			
120.1776			-32.8253			-90.7099			-3.3000			28.0000			54.0000			-143.0000			
131.2396			-31.1579			-104.1302			-4.0000			8.0000			71.0000			-142.0000			
117.9652			-25.0443			-95.1834			-2.2000			6.0000			78.0000			-147.0000			
132.3458			-16.7075			-110.8404			4.7000			-12.0000			87.0000			-139.0000			
114.0935			-3.3686			-110.2812			0.4000			-17.0000			93.0000			-141.0000			
123.4962			4.4124			-130.4117			-2.5000			-32.0000			100.0000			-133.0000			
110.2218			12.7492			-121.4648			1.5000			-38.0000			99.0000			-126.0000			
109.1156			18.8628			-131.5301			-3.5000			-49.0000			99.0000			-114.0000			
105.2439			26.0880			-129.2933			2.0000			-63.0000			104.0000			-104.0000			
93.0758			34.9806			-127.6158			0.4000			-73.0000			109.0000			-102.0000			
93.0758			41.6501			-134.8851			-0.1000			-90.0000			113.0000			-87.0000			
74.2704			51.6542			-125.3791			0.5000			-90.0000			110.0000			-82.0000			
58.7836			68.8836			-128.7342			-1.0000			-100.0000			103.0000			-64.0000			
39.9783			82.7782			-122.0240			0.7000			-103.0000			104.0000			-59.0000			
26.7039			100.0076			-128.1750			-1.4000			-115.0000			100.0000			-41.0000			
27.8101			91.1150			-119.2281			-0.3000			-129.0000			110.0000			-36.0000			
20.0667			108.9002			-128.1750			0.7000			-137.0000			100.0000			-19.0000			
10.6640			101.1191			-113.6363			-1.8000			-144.0000			103.0000			-15.0000			
1.2613			122.7948			-121.4648			2.5000			-150.0000			97.0000			-1.0000			
-8.6944			113.3464			-103.0119			1.6000			-154.0000			100.0000			2.0000			
-14.2254			129.4642			-113.6363			1.5000			-153.0000			87.0000			14.0000			
-20.3095			126.1295			-102.4527			3.3000			-152.0000			79.0000			25.0000			
-27.4998			121.6832			-92.9466			1.2000			-153.0000			75.0000			31.0000			
-35.2432			131.6874			-96.3017			0.1000			-157.0000			69.0000			45.0000			
-43.5397			130.0200			-83.4406			3.0000			-160.0000			66.0000			52.0000			
-59.5795			133.3547			-72.2570			1.5000			-152.0000			53.0000			60.0000			
-70.6415			126.6853			-53.2449			2.7000			-150.0000			49.0000			63.0000			
-91.1062			134.4663			-42.6204			0.7000			-140.0000			32.0000			73.0000			
-86.1283			123.9064			-35.9103			1.8000			-147.0000			29.0000			84.0000			
-106.0399			135.0221			-28.6409			0.3000			-141.0000			12.0000			97.0000			
-99.9558			120.0159			-19.1349			0.9000			-145.0000			9.0000			105.0000			
-121.5266			130.0200			-9.0696			-0.5000			-135.0000			-9.0000			114.0000			
-114.3363			112.7907			0.9956			-0.5000			-139.0000			-10.0000			121.0000			
-125.9514			119.4601			12.1792			5.6000			-130.0000			-22.0000			123.0000			
-125.9514			108.9002			17.7710			0.7000			-120.0000			-32.0000			126.0000			
-123.1859			98.8960			25.5995			1.3000			-111.0000			-39.0000			128.0000			
-128.7169			97.2286			33.4281			1.9000			-98.0000			-53.0000			131.0000			
-128.7169			87.2245			41.8158			0.3000			-98.0000			-58.0000			133.0000			
-132.5886			82.2224			52.4402			2.0000			-80.0000			-71.0000			132.0000			
-127.0576			64.9931			61.9462			-0.1000			-77.0000			-69.0000			127.0000			
-133.1417			48.3195			82.0767			-2.7000			-56.0000			-78.0000			117.0000			
-122.6328			30.5343			94.3787			2.2000			-53.0000			-82.0000			116.0000			
-132.5886			32.7575			98.2929			-1.5000			-31.0000			-101.0000			115.0000			
-116.5487			24.4207			94.9379			2.8000			-27.0000			-107.0000			118.0000			
-131.4824			17.1955			110.5949			-3.6000			-7.0000			-114.0000			107.0000			
-110.4646			4.9682			105.5623			0.0000			-2.0000			-120.0000			108.0000			
-121.5266			-2.8128			125.1336			0.7000			9.0000			-127.0000			103.0000			
-105.4868			-11.1496			114.5092			-2.1000			17.0000			-130.0000			99.0000			
-106.0399			-16.7075			125.6928			2.9000			27.0000			-129.0000			88.0000			
-101.6151			-23.3769			124.5744			-0.4000			39.0000			-133.0000			76.0000			
-90.0000			-31.1579			119.5418			-1.6000			46.0000			-139.0000			76.0000			
-90.5531			-38.9389			130.1662			0.6000			63.0000			-145.0000			63.0000			
-75.0663			-50.0546			122.3377			-2.7000			63.0000			-141.0000			60.0000			
-60.1326			-67.2840			127.9295			0.5000			71.0000			-135.0000			44.0000			
-42.4335			-82.8460			124.5744			-0.7000			73.0000			-134.0000			39.0000			
-31.3715			-103.4101			135.1988			0.4000			84.0000			-129.0000			21.0000			
-28.6060			-95.0733			124.5744			0.8000			99.0000			-141.0000			17.0000			
-22.5219			-115.0816			133.5213			-4.0000			107.0000			-131.0000			1.0000			
-12.0130			-107.8564			118.9826			-0.8000			114.0000			-135.0000			-5.0000			
-2.6104			-130.6436			129.0478			-4.2000			124.0000			-129.0000			-19.0000			
7.3454			-121.1952			110.5949			-3.2000			127.0000			-128.0000			-28.0000			
15.6419			-123.4184			108.3582			0.5000			127.0000			-118.0000			-37.0000			
21.1729			-127.8647			105.5623			-1.1000			127.0000			-110.0000			-51.0000			
28.3632			-124.5299			93.2603			-2.9000			131.0000			-107.0000			-58.0000			
37.2128			-132.3109			94.3787			-0.7000			138.0000			-97.0000			-76.0000			
45.5092			-127.8647			78.1625			-4.1000			137.0000			-93.0000			-83.0000			
61.5491			-130.0878			65.8605			-2.6000			130.0000			-80.0000			-90.0000			
73.1642			-122.8626			47.9667			-1.7000			128.0000			-77.0000			-93.0000			
94.7351			-131.1994			36.7831			0.3000			117.0000			-60.0000			-103.0000			
90.3103			-123.9742			31.7505			-1.9000			126.0000			-56.0000			-115.0000			
108.0094			-133.9783			25.5995			-0.3000			117.0000			-39.0000			-124.0000			
99.1598			-119.5279			17.7710			-2.5000			118.0000			-36.0000			-130.0000			
122.3900			-130.0878			8.8241			1.1000			107.0000			-21.0000			-137.0000			
112.9873			-111.7469			-1.2411			0.0000			110.0000			-21.0000			-143.0000			
128.4741			-120.0837			-11.3063			-2.9000			99.0000			-9.0000			-142.0000			
124.0493			-109.5237			-16.3390			-1.8000			90.0000			-1.0000			-144.0000			
121.2838			-98.9638			-24.1675			-1.8000			80.0000			7.0000			-145.0000			
128.4741			-100.0754			-31.4368			-3.0000			69.0000			22.0000			-150.0000			
125.7086			-87.8481			-38.7062			-0.8000			67.0000			27.0000			-153.0000			
130.1334			-81.7344			-50.4490			-2.0000			52.0000			40.0000			-151.0000			
124.0493			-64.5051			-62.7509			-3.2000			49.0000			39.0000			-148.0000			
130.6865			-48.9431			-81.7630			0.0000			30.0000			50.0000			-142.0000			
120.1776			-29.4905			-93.5058			-2.8000			25.0000			54.0000			-141.0000			
132.8989			-30.6021			-99.6568			2.6000			5.0000			72.0000			-141.0000			
116.3059			-23.3769			-95.1834			-2.2000			2.0000			78.0000			-145.0000			
132.8989			-15.5959			-116.9914			0.2000			-14.0000			86.0000			-137.0000			
115.1997			-2.8128			-110.8404			1.5000			-21.0000			95.0000			-138.0000			
117.9652			4.4124			-128.7342			-6.3000			-33.0000			100.0000			-133.0000			
110.7749			13.3050			-122.0240			2.0000			-40.0000			100.0000			-124.0000			
103.5846			18.3070			-122.0240			-0.1000			-49.0000			98.0000			-116.0000			
104.1377			26.0880			-129.8525			0.3000			-66.0000			104.0000			-103.0000			
91.9696			34.9806			-126.4974			0.4000			-72.0000			109.0000			-101.0000			
90.3103			42.2058			-132.6484			-0.1000			-89.0000			114.0000			-88.0000			
73.1642			52.7658			-124.8199			1.1000			-90.0000			110.0000			-82.0000			
59.3367			69.4394			-129.2933			-0.5000			-98.0000			103.0000			-65.0000			
38.8721			84.4456			-122.5832			0.7000			-103.0000			104.0000			-59.0000			
31.6818			98.3402			-130.9709			-0.9000			-116.0000			99.0000			-41.0000			
26.7039			92.2266			-118.6689			0.2000			-130.0000			110.0000			-37.0000			
19.5136			111.1233			-129.8525			0.7000			-135.0000			99.0000			-20.0000			
10.1109			103.8981			-114.7547			-0.7000			-143.0000			102.0000			-13.0000			
1.2613			125.0179			-124.2607			2.0000			-152.0000			97.0000			-1.0000			
-9.2475			117.7927			-105.2486			3.2000			-154.0000			96.0000			6.0000			
-16.4378			125.5737			-107.4853			1.6000			-154.0000			87.0000			14.0000			
-21.9688			127.2411			-103.5711			1.6000			-152.0000			77.0000			27.0000			
-29.1591			122.2390			-91.2691			1.8000			-155.0000			77.0000			32.0000			
-38.5618			132.7989			-94.6242			-0.3000			-161.0000			66.0000			49.0000			
-45.7521			128.9084			-78.9671			4.1000			-161.0000			65.0000			54.0000			
-61.7919			131.6874			-66.6652			3.2000			-153.0000			51.0000			63.0000			
-73.9601			126.1295			-49.8898			2.2000			-150.0000			48.0000			65.0000			
-94.9779			136.6894			-40.3837			1.3000			-140.0000			30.0000			76.0000			
-89.4469			125.5737			-30.8776			5.2000			-149.0000			27.0000			87.0000			
-109.3584			136.1337			-26.4042			0.3000			-139.0000			10.0000			98.0000			
-101.6151			122.2390			-18.5757			2.0000			-143.0000			8.0000			104.0000			
-123.7390			131.1316			-6.2737			1.1000			-135.0000			-9.0000			113.0000			
-117.1018			114.4580			2.6732			0.0000			-135.0000			-12.0000			120.0000			
-121.5266			112.7907			11.6200			2.8000			-129.0000			-20.0000			122.0000			
-126.5045			108.9002			18.3302			0.7000			-116.0000			-33.0000			124.0000			
-123.1859			98.3402			26.1587			1.3000			-111.0000			-38.0000			125.0000			
-129.2700			98.3402			33.9872			3.0000			-97.0000			-55.0000			130.0000			
-128.7169			87.2245			42.3749			0.8000			-94.0000			-60.0000			132.0000			
-133.1417			74.9972			55.2361			-2.9000			-78.0000			-71.0000			130.0000			
-124.8452			62.2141			64.1830			1.5000			-75.0000			-70.0000			127.0000			
-135.3541			48.8753			85.4318			-1.0000			-55.0000			-80.0000			117.0000			
-120.4204			28.8670			92.1420			0.5000			-50.0000			-86.0000			117.0000			
-133.6948			31.0901			99.4113			-3.1000			-30.0000			-103.0000			116.0000			
-115.9956			21.6418			95.4970			1.1000			-26.0000			-109.0000			118.0000			
-132.0355			16.0839			116.1867			0.2000			-9.0000			-115.0000			109.0000			
-114.3363			3.8566			109.4765			-1.0000			-1.0000			-122.0000			109.0000			
-116.5487			-4.4802			126.2519			5.2000			10.0000			-128.0000			104.0000			
-108.2523			-13.3728			119.5418			-2.0000			18.0000			-131.0000			99.0000			
-99.9558			-19.4864			118.4234			-1.0000			26.0000			-129.0000			89.0000			
-101.0620			-25.6000			127.9295			1.2000			41.0000			-135.0000			77.0000			
-88.8938			-32.8253			121.2193			-0.5000			47.0000			-139.0000			74.0000			
-89.4469			-41.7178			130.7254			-0.4000			65.0000			-145.0000			61.0000			
-73.4070			-51.7220			124.0152			-1.1000			66.0000			-139.0000			57.0000			
-58.4733			-70.6187			130.7254			1.6000			73.0000			-134.0000			42.0000			
-39.1149			-85.0691			124.0152			-0.1000			76.0000			-133.0000			35.0000			
-30.8184			-105.0774			134.6396			-1.2000			88.0000			-128.0000			19.0000			
-28.0529			-94.5175			121.7785			-0.8000			101.0000			-139.0000			13.0000			
-20.8626			-116.1931			134.0805			-2.9000			109.0000			-131.0000			-1.0000			
-10.9068			-110.0795			120.1010			-0.8000			116.0000			-134.0000			-9.0000			
-0.3980			-129.5320			126.8111			-3.1000			124.0000			-129.0000			-22.0000			
9.0047			-123.4184			112.2724			-2.1000			127.0000			-127.0000			-29.0000			
16.7481			-121.7510			104.4439			-0.5000			127.0000			-119.0000			-38.0000			
21.7260			-130.0878			106.6806			-1.6000			127.0000			-109.0000			-52.0000			
31.6818			-126.7531			93.2603			-1.8000			130.0000			-107.0000			-59.0000			
39.4252			-132.8667			92.7011			-0.7000			136.0000			-96.0000			-76.0000			
46.6154			-128.4204			78.1625			-3.6000			136.0000			-94.0000			-81.0000			
64.3146			-131.7552			66.9789			-0.4000			128.0000			-80.0000			-90.0000			
74.2704			-123.9742			47.9667			-1.7000			126.0000			-76.0000			-94.0000			
96.9474			-135.6457			36.7831			-1.9000			116.0000			-58.0000			-101.0000			
91.4165			-123.4184			30.6322			-1.3000			124.0000			-55.0000			-115.0000			
109.6687			-132.8667			23.3628			0.1000			117.0000			-40.0000			-124.0000			
102.4784			-121.1952			16.6527			-2.0000			117.0000			-35.0000			-131.0000			
121.8369			-128.4204			6.0282			-0.5000			110.0000			-23.0000			-138.0000			
116.3059			-112.8584			-4.5962			-1.1000			109.0000			-18.0000			-143.0000			
119.0714			-107.8564			-12.9839			-1.7000			102.0000			-10.0000			-143.0000			
125.1555			-108.4121			-19.1349			-2.3000			87.0000			2.0000			-145.0000			
120.7307			-97.2964			-26.4042			-2.9000			82.0000			8.0000			-146.0000			
129.0272			-99.5196			-33.6735			-4.1000			69.0000			24.0000			-151.0000			
126.2617			-86.1807			-41.5021			-1.4000			67.0000			29.0000			-155.0000			
130.1334			-77.2881			-54.3632			-1.5000			50.0000			40.0000			-150.0000			
122.3900			-58.9472			-67.2244			-3.7000			48.0000			40.0000			-148.0000			
134.0051			-47.2757			-86.7957			0.0000			27.0000			51.0000			-141.0000			
120.1776			-30.0463			-92.9466			-2.8000			22.0000			60.0000			-143.0000			
135.1113			-31.1579			-101.8935			2.0000			2.0000			74.0000			-141.0000			
117.9652			-21.1538			-97.9793			-1.1000			-1.0000			78.0000			-143.0000			
133.4520			-15.0401			-120.3465			-1.9000			-17.0000			86.0000			-135.0000			
116.3059			-2.2570			-113.0771			0.9000			-25.0000			96.0000			-136.0000			
114.0935			6.0798			-124.8199			-4.6000			-34.0000			100.0000			-131.0000			
110.2218			14.4165			-124.2607			0.3000			-43.0000			99.0000			-122.0000			
101.3722			21.0860			-122.0240			0.4000			-49.0000			100.0000			-115.0000			
103.0315			27.7554			-132.0892			-1.2000			-68.0000			105.0000			-101.0000			
91.9696			36.0922			-127.6158			0.4000			-73.0000			110.0000			-99.0000			
89.2041			43.3174			-132.6484			-0.1000			-91.0000			114.0000			-86.0000			
73.1642			53.8773			-127.6158			-0.5000			-90.0000			110.0000			-82.0000			
59.3367			73.8856			-133.7668			-0.5000			-98.0000			103.0000			-64.0000			
37.2128			85.5571			-122.5832			0.1000			-103.0000			104.0000			-58.0000			
33.3411			99.4518			-132.0892			0.7000			-115.0000			99.0000			-41.0000			
26.7039			93.8939			-119.7873			0.8000			-129.0000			109.0000			-37.0000			
18.9605			114.4580			-132.6484			0.7000			-138.0000			102.0000			-21.0000			
8.4516			110.0117			-117.5506			0.9000			-145.0000			102.0000			-13.0000			
-2.0573			120.0159			-117.5506			0.4000			-151.0000			99.0000			-2.0000			
-10.9068			119.4601			-107.4853			1.0000			-154.0000			96.0000			7.0000			
-18.0971			117.7927			-99.6568			0.0000			-153.0000			89.0000			14.0000			
-22.5219			126.1295			-102.4527			1.1000			-153.0000			76.0000			29.0000			
-31.9246			123.3506			-89.0324			2.3000			-155.0000			76.0000			34.0000			
-39.6680			130.0200			-90.1507			0.1000			-161.0000			64.0000			52.0000			
-47.9645			126.6853			-75.0529			3.6000			-162.0000			63.0000			56.0000			
-65.6636			131.6874			-64.9876			1.0000			-153.0000			49.0000			65.0000			
-76.1725			124.4622			-46.5347			1.7000			-149.0000			46.0000			67.0000			
-97.7434			137.2452			-38.1470			1.3000			-140.0000			28.0000			76.0000			
-91.6593			124.4622			-30.8776			1.9000			-148.0000			25.0000			89.0000			
-111.0177			134.4663			-24.7267			-1.2000			-140.0000			9.0000			100.0000			
-104.9337			123.3506			-15.7798			2.6000			-142.0000			5.0000			105.0000			
-124.8452			131.6874			-4.5962			2.2000			-133.0000			-8.0000			111.0000			
-119.8673			115.5696			4.9099			0.6000			-134.0000			-15.0000			119.0000			
-121.5266			108.9002			13.8568			1.2000			-129.0000			-22.0000			121.0000			
-129.8231			111.1233			20.5669			1.8000			-113.0000			-35.0000			122.0000			
-124.2921			98.3402			27.2771			1.3000			-108.0000			-39.0000			123.0000			
-130.9293			98.8960			35.6648			3.6000			-94.0000			-58.0000			129.0000			
-128.7169			86.1129			43.4933			0.8000			-93.0000			-61.0000			132.0000			
-135.3541			76.1088			57.4728			-1.7000			-76.0000			-71.0000			127.0000			
-125.3983			57.7678			69.7748			2.1000			-74.0000			-71.0000			125.0000			
-137.5665			48.8753			87.6685			-1.0000			-53.0000			-81.0000			116.0000			
-120.4204			33.3133			88.7869			1.6000			-47.0000			-89.0000			118.0000			
-135.3541			29.9786			106.1215			0.7000			-29.0000			-105.0000			117.0000			
-120.4204			20.5302			98.8521			-1.0000			-25.0000			-108.0000			116.0000			
-129.2700			14.4165			118.9826			4.1000			-9.0000			-116.0000			111.0000			
-116.5487			2.7450			113.3908			-0.4000			-1.0000			-125.0000			109.0000			
-107.6992			-6.1475			114.5092			0.6000			7.0000			-130.0000			106.0000			
-108.8054			-15.0401			124.5744			0.7000			20.0000			-131.0000			97.0000			
-99.4027			-21.1538			118.4234			-2.1000			25.0000			-129.0000			88.0000			
-98.2965			-27.8232			126.8111			0.6000			43.0000			-135.0000			76.0000			
-88.3407			-35.6042			123.4560			-0.4000			50.0000			-140.0000			73.0000			
-87.2345			-41.7178			130.1662			1.2000			67.0000			-144.0000			61.0000			
-70.6415			-53.3893			124.5744			0.5000			65.0000			-140.0000			56.0000			
-57.3672			-75.0650			131.8437			-0.5000			74.0000			-132.0000			39.0000			
-35.2432			-85.6249			121.7785			0.8000			78.0000			-133.0000			32.0000			
-34.1370			-101.7427			131.8437			-4.0000			92.0000			-131.0000			16.0000			
-24.1812			-96.7406			120.1010			-0.8000			102.0000			-139.0000			11.0000			
-20.3095			-117.8605			134.6396			-3.5000			109.0000			-131.0000			-2.0000			
-8.1413			-113.9700			120.1010			-2.0000			118.0000			-133.0000			-11.0000			
0.7082			-125.0857			121.7785			-2.6000			126.0000			-131.0000			-22.0000			
10.1109			-123.4184			110.5949			-2.7000			127.0000			-125.0000			-31.0000			
17.8543			-121.7510			103.3256			-0.5000			127.0000			-119.0000			-37.0000			
23.3853			-129.5320			106.1215			0.0000			127.0000			-106.0000			-55.0000			
32.7880			-128.4204			92.1420			-3.4000			130.0000			-107.0000			-59.0000			
41.0845			-135.0899			91.5828			-2.4000			136.0000			-95.0000			-77.0000			
48.8278			-129.5320			78.7216			-1.9000			135.0000			-93.0000			-82.0000			
66.5270			-136.7572			68.6564			-1.5000			127.0000			-76.0000			-91.0000			
76.4828			-125.6415			47.4076			-1.7000			124.0000			-74.0000			-93.0000			
98.6067			-136.7572			37.3423			-0.8000			115.0000			-57.0000			-102.0000			
91.9696			-125.0857			28.9546			-4.1000			123.0000			-54.0000			-116.0000			
112.4342			-133.9783			21.1261			-0.4000			117.0000			-39.0000			-125.0000			
106.9032			-124.5299			14.9751			-2.6000			115.0000			-33.0000			-131.0000			
115.1997			-120.6394			4.3507			-1.0000			111.0000			-24.0000			-138.0000			
119.0714			-113.9700			-6.2737			-1.1000			107.0000			-17.0000			-144.0000			
117.4121			-105.6332			-14.1022			-2.3000			103.0000			-11.0000			-145.0000			
125.7086			-108.9679			-20.8124			-4.0000			85.0000			5.0000			-146.0000			
121.8369			-97.2964			-27.5226			-2.9000			81.0000			9.0000			-147.0000			
127.9210			-96.7406			-34.7919			-3.6000			67.0000			26.0000			-153.0000			
125.7086			-84.5134			-43.7388			-2.5000			65.0000			31.0000			-155.0000			
132.3458			-74.5092			-58.2775			-0.4000			50.0000			39.0000			-151.0000			
121.2838			-56.1683			-68.9019			-3.7000			47.0000			41.0000			-149.0000			
135.6644			-47.2757			-88.4732			0.0000			25.0000			53.0000			-139.0000			
119.6245			-37.2715			-84.5589			-2.2000			20.0000			62.0000			-142.0000			
136.2175			-31.7137			-104.1302			0.3000			3.0000			75.0000			-141.0000			
120.1776			-20.0422			-99.0976			1.0000			-2.0000			78.0000			-141.0000			
128.4741			-12.2612			-122.5832			-6.3000			-17.0000			87.0000			-135.0000			
117.4121			-1.7012			-113.6363			2.0000			-28.0000			96.0000			-133.0000			
108.0094			7.1913			-115.3138			-0.1000			-35.0000			101.0000			-132.0000			
110.7749			15.5281			-125.3791			0.9000			-45.0000			100.0000			-119.0000			
100.2660			21.0860			-120.3465			1.0000			-51.0000			100.0000			-113.0000			
102.4784			28.8670			-130.4117			0.9000			-72.0000			107.0000			-100.0000			
90.8634			36.6480			-127.0566			0.4000			-76.0000			111.0000			-98.0000			
89.7572			43.3174			-133.2076			-0.1000			-93.0000			113.0000			-85.0000			
71.5049			53.8773			-127.0566			-1.6000			-92.0000			109.0000			-80.0000			
58.7836			77.2204			-134.8851			1.1000			-101.0000			103.0000			-60.0000			
36.1066			86.6687			-123.1424			-0.3000			-104.0000			102.0000			-57.0000			
35.0004			103.8981			-134.8851			4.0000			-116.0000			100.0000			-41.0000			
25.5977			98.3402			-122.0240			1.9000			-129.0000			107.0000			-34.0000			
17.8543			115.0138			-131.5301			1.3000			-138.0000			102.0000			-20.0000			
7.3454			112.7907			-119.2281			0.9000			-144.0000			101.0000			-10.0000			
-2.6104			112.7907			-110.2812			-0.1000			-153.0000			101.0000			-3.0000			
-10.9068			121.1274			-109.1629			1.0000			-153.0000			94.0000			9.0000			
-18.6502			120.0159			-100.2160			1.1000			-153.0000			88.0000			14.0000			
-24.7343			126.1295			-100.7752			0.6000			-153.0000			73.0000			32.0000			
-33.0308			123.3506			-89.5916			0.7000			-157.0000			75.0000			37.0000			
-41.3273			131.6874			-89.5916			0.7000			-161.0000			63.0000			54.0000			
-49.6238			125.5737			-75.6121			0.3000			-162.0000			62.0000			58.0000			
-67.8760			135.5779			-65.5468			2.1000			-153.0000			46.0000			66.0000			
-77.2787			122.7948			-43.7388			1.7000			-148.0000			43.0000			68.0000			
-99.9558			134.4663			-34.7919			-0.2000			-139.0000			26.0000			78.0000			
-94.9779			123.9064			-27.5226			1.4000			-149.0000			23.0000			93.0000			
-109.3584			133.9105			-24.7267			-0.1000			-141.0000			10.0000			100.0000			
-107.6992			126.1295			-14.6614			3.7000			-140.0000			1.0000			107.0000			
-118.7611			125.0179			-4.0370			2.2000			-135.0000			-8.0000			113.0000			
-120.9735			115.0138			5.4691			-0.5000			-133.0000			-16.0000			119.0000			
-118.2080			105.5654			13.8568			1.2000			-128.0000			-20.0000			120.0000			
-128.7169			111.1233			21.1261			3.5000			-111.0000			-36.0000			121.0000			
-123.7390			97.2286			27.8363			1.3000			-107.0000			-42.0000			123.0000			
-132.0355			97.7844			35.1056			0.8000			-93.0000			-59.0000			129.0000			
-128.1638			86.1129			44.0525			1.9000			-92.0000			-63.0000			132.0000			
-136.4603			76.1088			58.5912			-1.7000			-75.0000			-72.0000			126.0000			
-123.7390			54.9889			69.2156			0.4000			-72.0000			-73.0000			124.0000			
-139.2258			49.4311			89.3461			-0.4000			-51.0000			-83.0000			116.0000			
-121.5266			33.8691			87.6685			0.0000			-46.0000			-92.0000			117.0000			
-134.8010			29.9786			108.9174			4.0000			-28.0000			-105.0000			118.0000			
-123.1859			18.8628			102.7664			-1.5000			-22.0000			-109.0000			115.0000			
-122.6328			13.3050			112.8316			3.4000			-10.0000			-118.0000			111.0000			
-118.7611			1.6335			116.7459			-0.3000			1.0000			-126.0000			110.0000			
-108.2523			-7.2591			114.5092			-1.0000			6.0000			-130.0000			108.0000			
-108.8054			-16.1517			125.1336			0.1000			21.0000			-130.0000			94.0000			
-100.5089			-21.7095			120.6601			-1.5000			25.0000			-130.0000			88.0000			
-97.7434			-27.8232			125.6928			0.1000			44.0000			-136.0000			75.0000			
-88.3407			-36.7158			125.6928			0.6000			51.0000			-142.0000			72.0000			
-91.1062			-41.7178			131.8437			-0.9000			67.0000			-145.0000			58.0000			
-66.7698			-56.1683			123.4560			0.5000			65.0000			-140.0000			55.0000			
-57.3672			-77.8439			131.8437			-3.3000			75.0000			-132.0000			36.0000			
-34.1370			-87.2923			120.1010			-1.3000			79.0000			-134.0000			32.0000			
-34.1370			-102.8543			134.6396			-2.3000			94.0000			-135.0000			16.0000			
-24.1812			-98.4080			121.7785			-0.8000			104.0000			-138.0000			8.0000			
-19.2033			-116.1931			130.1662			-5.2000			111.0000			-133.0000			-2.0000			
-8.1413			-114.5258			120.6601			-2.0000			119.0000			-132.0000			-15.0000			
1.8144			-113.9700			111.1541			-1.0000			127.0000			-133.0000			-21.0000			
10.1109			-122.3068			112.2724			0.0000			128.0000			-124.0000			-33.0000			
18.4074			-122.3068			100.5297			-3.3000			125.0000			-120.0000			-39.0000			
24.4915			-128.9762			103.8847			-0.6000			128.0000			-107.0000			-56.0000			
33.3411			-126.7531			91.0236			-2.3000			131.0000			-106.0000			-61.0000			
42.1907			-134.5341			91.5828			-0.7000			136.0000			-95.0000			-79.0000			
49.9340			-127.3089			77.0441			-0.3000			136.0000			-93.0000			-83.0000			
69.2925			-137.8688			68.0972			-0.4000			126.0000			-77.0000			-90.0000			
77.5890			-124.5299			45.1708			-1.7000			123.0000			-74.0000			-93.0000			
101.3722			-136.7572			35.1056			-0.2000			114.0000			-57.0000			-102.0000			
95.8413			-126.7531			29.5138			-1.3000			122.0000			-52.0000			-116.0000			
110.7749			-133.9783			22.8036			-0.4000			117.0000			-39.0000			-126.0000			
111.3280			-126.1973			13.2976			-1.5000			113.0000			-33.0000			-132.0000			
112.4342			-116.1931			3.2323			-0.5000			111.0000			-25.0000			-138.0000			
120.1776			-114.5258			-8.5104			-2.8000			107.0000			-15.0000			-143.0000			
118.5183			-105.6332			-15.2206			-2.3000			102.0000			-11.0000			-144.0000			
125.7086			-108.9679			-21.3716			-4.6000			83.0000			8.0000			-147.0000			
121.8369			-96.1849			-28.6409			-3.0000			80.0000			10.0000			-148.0000			
130.6865			-96.7406			-35.3511			-1.4000			66.0000			26.0000			-153.0000			
125.7086			-83.9576			-43.7388			-1.9000			64.0000			31.0000			-156.0000			
136.2175			-77.8439			-58.8367			-0.4000			49.0000			40.0000			-150.0000			
120.1776			-52.2778			-68.9019			-1.0000			46.0000			40.0000			-148.0000			
135.6644			-46.7199			-90.7099			-1.7000			25.0000			51.0000			-140.0000			
120.7307			-36.7158			-87.3548			-3.3000			18.0000			62.0000			-144.0000			
131.7927			-28.9348			-108.6037			-5.7000			3.0000			75.0000			-141.0000			
122.9431			-18.9306			-101.3343			2.6000			-4.0000			79.0000			-141.0000			
118.5183			-11.1496			-110.8404			-3.4000			-16.0000			86.0000			-136.0000			
117.9652			-1.1455			-116.9914			-0.1000			-29.0000			95.0000			-133.0000			
105.2439			7.7471			-112.5179			0.4000			-33.0000			100.0000			-133.0000			
108.0094			16.0839			-125.9383			-1.8000			-49.0000			99.0000			-117.0000			
97.5005			22.7533			-119.7873			0.4000			-53.0000			100.0000			-111.0000			
98.6067			29.4228			-128.1750			-0.1000			-73.0000			107.0000			-98.0000			
88.6510			37.7596			-127.0566			-0.6000			-77.0000			112.0000			-98.0000			
89.7572			44.4290			-134.3260			-0.1000			-95.0000			113.0000			-83.0000			
65.9739			58.8794			-125.9383			-1.0000			-93.0000			108.0000			-78.0000			
57.6774			79.4435			-133.7668			3.3000			-101.0000			101.0000			-60.0000			
32.7880			88.3361			-122.5832			-1.4000			-105.0000			101.0000			-56.0000			
34.4473			105.5654			-136.5627			3.4000			-119.0000			101.0000			-40.0000			
21.7260			103.3423			-122.5832			2.4000			-130.0000			105.0000			-31.0000			
17.3012			113.9022			-127.0566			4.1000			-137.0000			102.0000			-20.0000			
5.6861			115.0138			-121.4648			-0.7000			-145.0000			99.0000			-9.0000			
-4.2697			114.4580			-109.1629			1.0000			-151.0000			101.0000			-4.0000			
-12.5661			123.3506			-111.3996			-0.6000			-153.0000			91.0000			10.0000			
-19.7564			122.2390			-100.2160			2.2000			-152.0000			86.0000			16.0000			
-25.8405			126.6853			-100.7752			0.0000			-154.0000			72.0000			33.0000			
-33.0308			124.4622			-90.7099			0.7000			-158.0000			74.0000			38.0000			
-42.4335			136.1337			-92.9466			0.7000			-161.0000			62.0000			55.0000			
-50.7300			125.5737			-73.9345			0.9000			-162.0000			60.0000			59.0000			
-69.5353			136.1337			-65.5468			1.0000			-150.0000			44.0000			67.0000			
-78.9380			124.4622			-43.1796			2.3000			-147.0000			41.0000			70.0000			
-102.1682			134.4663			-34.2327			-1.9000			-139.0000			27.0000			78.0000			
-96.6372			128.3527			-28.0817			3.6000			-148.0000			21.0000			93.0000			
-103.8275			128.9084			-22.4899			2.5000			-144.0000			9.0000			102.0000			
-109.9115			124.4622			-12.9839			1.5000			-138.0000			-1.0000			108.0000			
-110.4646			115.0138			-2.3595			2.1000			-138.0000			-6.0000			115.0000			
-119.3142			115.0138			7.7058			3.3000			-130.0000			-18.0000			120.0000			
-117.6549			104.4539			14.9751			1.7000			-128.0000			-21.0000			121.0000			
-127.0576			108.3444			21.6853			2.9000			-108.0000			-40.0000			122.0000			
-122.6328			95.5613			28.9546			1.8000			-106.0000			-43.0000			124.0000			
-133.1417			96.6729			35.1056			-1.3000			-91.0000			-61.0000			131.0000			
-125.9514			83.8898			44.0525			1.9000			-90.0000			-65.0000			133.0000			
-137.0134			76.6646			60.2687			0.0000			-73.0000			-73.0000			126.0000			
-122.0797			52.2100			70.3339			0.4000			-69.0000			-73.0000			124.0000			
-138.1196			46.6521			92.1420			0.6000			-50.0000			-84.0000			115.0000			
-123.1859			35.5364			87.6685			0.0000			-43.0000			-94.0000			119.0000			
-134.2479			29.4228			109.4765			4.6000			-28.0000			-106.0000			119.0000			
-125.9514			18.8628			104.4439			-2.6000			-19.0000			-112.0000			116.0000			
-119.8673			11.6376			109.4765			1.2000			-9.0000			-118.0000			111.0000			
-119.3142			0.5219			119.5418			0.7000			4.0000			-126.0000			108.0000			
-107.6992			-7.8149			114.5092			-1.0000			6.0000			-131.0000			107.0000			
-108.2523			-17.2633			124.5744			-0.9000			22.0000			-131.0000			93.0000			
-100.5089			-22.2653			121.7785			-1.0000			27.0000			-132.0000			87.0000			
-99.4027			-28.9348			129.0478			0.6000			45.0000			-137.0000			73.0000			
-88.3407			-37.8273			126.8111			0.6000			52.0000			-142.0000			71.0000			
-93.3186			-44.4968			134.6396			-3.1000			67.0000			-144.0000			58.0000			
-62.8981			-60.6146			122.3377			-1.1000			66.0000			-139.0000			53.0000			
-57.3672			-81.7344			135.1988			-3.9000			74.0000			-132.0000			37.0000			
-33.0308			-90.0712			122.8969			-0.2000			79.0000			-132.0000			28.0000			
-33.0308			-108.9679			134.6396			-7.3000			95.0000			-135.0000			16.0000			
-23.0750			-101.7427			123.4560			-1.3000			105.0000			-137.0000			7.0000			
-16.4378			-102.2985			119.5418			0.8000			113.0000			-136.0000			-2.0000			
-6.4820			-117.3047			122.8969			-0.9000			120.0000			-132.0000			-17.0000			
3.4737			-115.0816			108.3582			-3.2000			126.0000			-134.0000			-21.0000			
12.3233			-121.7510			109.4765			0.0000			127.0000			-123.0000			-35.0000			
18.9605			-121.7510			98.8521			-3.9000			126.0000			-119.0000			-40.0000			
26.1508			-126.7531			101.0888			0.4000			128.0000			-105.0000			-58.0000			
35.0004			-124.5299			89.9052			0.3000			132.0000			-107.0000			-63.0000			
43.2969			-136.2014			93.2603			0.3000			136.0000			-92.0000			-81.0000			
51.0402			-125.0857			73.1298			-0.9000			135.0000			-91.0000			-84.0000			
71.5049			-136.2014			64.1830			-0.5000			124.0000			-74.0000			-91.0000			
79.8014			-125.6415			41.8158			-4.0000			120.0000			-72.0000			-95.0000			
103.5846			-135.6457			33.4281			1.3000			114.0000			-58.0000			-103.0000			
96.9474			-128.9762			28.9546			-3.0000			122.0000			-51.0000			-119.0000			
108.0094			-132.3109			21.6853			-2.6000			115.0000			-38.0000			-127.0000			
112.9873			-126.7531			12.1792			-1.5000			111.0000			-29.0000			-134.0000			
110.7749			-113.4142			2.1140			-0.5000			112.0000			-25.0000			-139.0000			
121.2838			-116.1931			-9.0696			-3.9000			103.0000			-15.0000			-144.0000			
118.5183			-105.6332			-15.2206			-2.3000			100.0000			-10.0000			-145.0000			
127.3679			-108.9679			-20.8124			-2.4000			81.0000			9.0000			-147.0000			
123.4962			-96.1849			-29.7593			-2.4000			79.0000			11.0000			-148.0000			
135.1113			-99.5196			-35.3511			0.2000			64.0000			29.0000			-153.0000			
125.7086			-83.9576			-42.6204			-0.8000			63.0000			32.0000			-157.0000			
137.8768			-78.3997			-59.9550			-0.4000			47.0000			40.0000			-149.0000			
121.8369			-52.2778			-70.5794			-1.0000			42.0000			42.0000			-147.0000			
135.1113			-46.7199			-95.1834			-6.7000			25.0000			51.0000			-139.0000			
125.1555			-36.7158			-89.5916			-1.1000			16.0000			63.0000			-141.0000			
125.1555			-28.9348			-102.4527			-6.2000			3.0000			75.0000			-143.0000			
124.6024			-17.8190			-106.3670			0.4000			-6.0000			81.0000			-139.0000			
115.1997			-10.0380			-106.9261			-1.7000			-16.0000			89.0000			-138.0000			
115.7528			0.5219			-116.9914			-0.7000			-31.0000			97.0000			-133.0000			
105.2439			8.8587			-113.0771			1.0000			-33.0000			99.0000			-133.0000			
105.7970			16.6397			-122.5832			-0.1000			-51.0000			99.0000			-115.0000			
98.0536			22.7533			-120.9056			-0.1000			-55.0000			101.0000			-111.0000			
99.1598			29.4228			-129.2933			-0.7000			-74.0000			107.0000			-97.0000			
85.3324			39.4269			-125.3791			-0.6000			-79.0000			111.0000			-96.0000			
89.7572			47.7637			-133.2076			4.3000			-97.0000			111.0000			-81.0000			
59.3367			62.2141			-120.9056			0.6000			-93.0000			107.0000			-76.0000			
55.4650			82.7782			-134.8851			3.3000			-102.0000			101.0000			-59.0000			
30.5756			92.2266			-122.5832			0.2000			-107.0000			101.0000			-53.0000			
29.4694			110.5675			-137.1219			2.9000			-124.0000			102.0000			-39.0000			
23.3853			100.5634			-124.8199			-0.8000			-130.0000			104.0000			-29.0000			
16.1950			105.0097			-120.3465			0.8000			-139.0000			102.0000			-20.0000			
6.2392			117.2369			-122.5832			0.8000			-147.0000			99.0000			-7.0000			
-5.9290			115.0138			-108.6037			0.4000			-153.0000			102.0000			-2.0000			
-13.1192			124.4622			-110.2812			1.0000			-153.0000			89.0000			13.0000			
-20.3095			122.2390			-100.2160			1.7000			-153.0000			86.0000			17.0000			
-26.3936			127.2411			-101.8935			-1.0000			-154.0000			72.0000			35.0000			
-34.6901			125.5737			-91.8283			-0.9000			-158.0000			74.0000			39.0000			
-42.4335			138.3568			-94.0650			1.8000			-161.0000			60.0000			57.0000			
-52.3893			126.1295			-72.2570			1.4000			-161.0000			60.0000			60.0000			
-72.8539			137.2452			-63.8693			0.5000			-151.0000			44.0000			67.0000			
-81.7035			127.7969			-43.1796			2.9000			-147.0000			40.0000			70.0000			
-102.7213			134.4663			-30.8776			0.8000			-139.0000			27.0000			78.0000			
-98.8496			128.9084			-29.2001			0.8000			-147.0000			18.0000			95.0000			
-98.2965			122.7948			-21.3716			3.1000			-145.0000			10.0000			102.0000			
-111.5708			125.5737			-11.3063			2.6000			-138.0000			-2.0000			109.0000			
-112.1239			115.0138			-1.2411			1.6000			-138.0000			-6.0000			115.0000			
-119.3142			113.3464			8.8241			2.8000			-130.0000			-19.0000			121.0000			
-118.2080			103.8981			16.6527			2.3000			-127.0000			-22.0000			121.0000			
-128.1638			105.5654			21.6853			-0.9000			-107.0000			-41.0000			123.0000			
-120.9735			92.7824			30.0730			1.8000			-105.0000			-43.0000			125.0000			
-134.2479			98.8960			35.6648			0.3000			-91.0000			-61.0000			129.0000			
-123.1859			79.9993			43.4933			0.3000			-89.0000			-65.0000			132.0000			
-137.0134			75.5530			61.9462			0.4000			-73.0000			-73.0000			125.0000			
-123.1859			49.4311			71.4523			-2.3000			-69.0000			-75.0000			123.0000			
-134.8010			43.8732			96.0562			5.1000			-51.0000			-84.0000			114.0000			
-125.9514			33.8691			92.1420			0.0000			-40.0000			-98.0000			119.0000			
-127.0576			25.5323			106.1215			4.5000			-28.0000			-108.0000			118.0000			
-124.8452			17.7513			105.5623			-1.5000			-17.0000			-113.0000			114.0000			
-115.9956			9.4145			107.7990			1.2000			-9.0000			-119.0000			113.0000			
-117.1018			-0.5897			120.1010			2.4000			5.0000			-128.0000			106.0000			
-106.0399			-10.0380			113.9500			-2.1000			7.0000			-131.0000			108.0000			
-108.2523			-17.2633			124.5744			-0.9000			24.0000			-132.0000			90.0000			
-99.9558			-22.8211			121.7785			-1.0000			28.0000			-132.0000			85.0000			
-101.6151			-29.4905			131.8437			0.7000			48.0000			-137.0000			72.0000			
-86.1283			-38.9389			126.8111			1.7000			54.0000			-142.0000			71.0000			
-84.4690			-55.6125			134.6396			-5.4000			67.0000			-141.0000			56.0000			
-60.6857			-61.7261			122.3377			0.0000			65.0000			-138.0000			51.0000			
-55.1548			-86.1807			138.5539			-2.7000			74.0000			-131.0000			35.0000			
-30.8184			-95.0733			125.1336			-0.7000			79.0000			-132.0000			27.0000			
-28.6060			-105.6332			129.6070			-4.6000			96.0000			-138.0000			16.0000			
-24.1812			-103.4101			126.8111			-0.7000			105.0000			-135.0000			5.0000			
-15.8847			-103.9659			118.4234			-1.4000			113.0000			-136.0000			-4.0000			
-4.2697			-117.8605			122.3377			0.2000			121.0000			-131.0000			-19.0000			
5.1330			-115.6374			107.2398			-3.2000			127.0000			-134.0000			-22.0000			
14.5357			-122.3068			107.2398			-0.5000			126.0000			-121.0000			-36.0000			
20.0667			-121.7510			98.8521			-2.8000			126.0000			-116.0000			-42.0000			
27.8101			-130.6436			103.3256			0.4000			128.0000			-105.0000			-60.0000			
36.1066			-125.0857			88.2277			-0.7000			133.0000			-104.0000			-65.0000			
43.2969			-138.4246			92.7011			-2.4000			135.0000			-93.0000			-83.0000			
52.1464			-125.0857			70.8931			-2.0000			134.0000			-90.0000			-85.0000			
74.2704			-135.0899			63.0646			2.2000			124.0000			-75.0000			-92.0000			
84.2262			-129.5320			41.2566			-4.0000			119.0000			-69.0000			-96.0000			
94.7351			-134.5341			37.3423			-2.4000			116.0000			-56.0000			-105.0000			
98.0536			-127.8647			27.8363			-1.9000			119.0000			-47.0000			-121.0000			
99.1598			-121.7510			20.0077			-2.5000			118.0000			-40.0000			-128.0000			
112.9873			-125.0857			10.5017			-1.6000			110.0000			-28.0000			-134.0000			
110.7749			-113.9700			0.9956			-2.2000			112.0000			-24.0000			-140.0000			
120.1776			-114.5258			-9.6288			-3.9000			103.0000			-11.0000			-145.0000			
119.6245			-103.9659			-18.0165			-2.3000			100.0000			-8.0000			-147.0000			
128.4741			-106.7448			-22.4899			-0.7000			79.0000			11.0000			-148.0000			
122.9431			-94.5175			-30.8776			-2.4000			78.0000			12.0000			-149.0000			
137.3237			-100.0754			-36.4694			0.7000			63.0000			31.0000			-155.0000			
125.1555			-81.1786			-44.2980			-0.3000			62.0000			33.0000			-157.0000			
139.5361			-77.8439			-62.1917			-0.5000			46.0000			42.0000			-149.0000			
124.0493			-51.7220			-72.8162			-0.4000			39.0000			44.0000			-145.0000			
135.1113			-43.3852			-97.9793			-6.2000			25.0000			51.0000			-139.0000			
127.3679			-35.6042			-92.9466			-1.1000			12.0000			65.0000			-142.0000			
120.1776			-26.7116			-96.8609			-3.4000			2.0000			75.0000			-144.0000			
124.6024			-17.2633			-109.1629			-1.8000			-10.0000			82.0000			-137.0000			
116.3059			-7.2591			-108.6037			0.4000			-17.0000			89.0000			-137.0000			
114.6466			3.3008			-118.1097			-0.1000			-33.0000			97.0000			-131.0000			
105.2439			11.0818			-115.8730			0.4000			-35.0000			99.0000			-131.0000			
107.4563			17.7513			-125.3791			-0.1000			-52.0000			101.0000			-114.0000			
96.9474			23.8649			-121.4648			-0.6000			-57.0000			102.0000			-110.0000			
102.4784			31.6459			-130.9709			3.1000			-76.0000			106.0000			-96.0000			
83.1200			39.9827			-122.5832			0.5000			-82.0000			111.0000			-95.0000			
84.2262			57.2121			-134.8851			6.5000			-93.0000			110.0000			-81.0000			
57.6774			64.9931			-122.0240			0.6000			-93.0000			107.0000			-75.0000			
50.4871			87.7803			-138.2402			0.0000			-102.0000			102.0000			-60.0000			
28.3632			97.2286			-124.8199			0.7000			-109.0000			101.0000			-50.0000			
29.4694			95.5613			-126.4974			-1.4000			-126.0000			107.0000			-40.0000			
23.9384			103.3423			-126.4974			0.7000			-131.0000			103.0000			-28.0000			
13.4295			104.4539			-117.5506			0.3000			-140.0000			104.0000			-21.0000			
4.5799			118.3485			-122.0240			0.9000			-147.0000			97.0000			-5.0000			
-6.4820			116.1254			-105.8078			3.8000			-153.0000			101.0000			-2.0000			
-15.3316			123.9064			-107.4853			1.0000			-153.0000			87.0000			14.0000			
-20.8626			122.2390			-99.0976			2.2000			-153.0000			86.0000			18.0000			
-28.0529			131.6874			-102.4527			1.1000			-155.0000			71.0000			36.0000			
-36.3494			125.5737			-89.0324			0.1000			-159.0000			71.0000			42.0000			
-42.9866			139.4684			-92.9466			3.5000			-163.0000			59.0000			60.0000			
-54.6017			126.1295			-67.2244			4.2000			-160.0000			57.0000			61.0000			
-76.1725			136.6894			-62.7509			-2.2000			-150.0000			43.0000			67.0000			
-86.1283			130.0200			-41.5021			2.3000			-146.0000			37.0000			72.0000			
-94.9779			132.7989			-38.1470			-0.3000			-143.0000			27.0000			81.0000			
-99.4027			130.5758			-26.9634			4.2000			-146.0000			17.0000			96.0000			
-101.6151			123.3506			-19.1349			2.5000			-146.0000			10.0000			103.0000			
-113.7832			127.2411			-9.6288			3.8000			-136.0000			-5.0000			111.0000			
-113.2301			115.0138			0.4364			2.2000			-139.0000			-6.0000			115.0000			
-120.9735			111.6791			9.9425			0.6000			-129.0000			-20.0000			120.0000			
-119.3142			103.3423			18.8894			2.9000			-126.0000			-23.0000			120.0000			
-129.8231			107.7886			21.6853			-0.3000			-107.0000			-42.0000			123.0000			
-121.5266			91.6708			31.1913			1.3000			-105.0000			-45.0000			126.0000			
-137.0134			98.8960			36.7831			-1.3000			-90.0000			-63.0000			129.0000			
-124.2921			78.8877			44.6117			-0.7000			-88.0000			-66.0000			132.0000			
-136.4603			74.9972			65.3013			3.8000			-74.0000			-71.0000			125.0000			
-125.9514			50.5426			74.2482			-1.1000			-65.0000			-76.0000			121.0000			
-128.1638			36.6480			94.3787			2.8000			-52.0000			-83.0000			116.0000			
-127.0576			33.3133			94.3787			0.6000			-37.0000			-100.0000			120.0000			
-119.3142			23.8649			95.4970			0.0000			-31.0000			-106.0000			121.0000			
-124.2921			16.6397			108.3582			0.6000			-15.0000			-113.0000			113.0000			
-114.8894			7.1913			107.7990			0.0000			-9.0000			-120.0000			112.0000			
-113.7832			-2.2570			117.3051			1.2000			7.0000			-128.0000			107.0000			
-104.9337			-11.1496			115.0683			-1.0000			8.0000			-131.0000			106.0000			
-108.2523			-18.3748			126.2519			-0.3000			25.0000			-131.0000			89.0000			
-96.6372			-23.9327			122.3377			1.7000			29.0000			-132.0000			84.0000			
-102.1682			-31.7137			132.4029			-1.4000			49.0000			-138.0000			71.0000			
-83.9159			-40.0505			124.0152			0.0000			55.0000			-143.0000			70.0000			
-83.3628			-57.8356			136.3172			-4.8000			65.0000			-139.0000			56.0000			
-59.0264			-64.5051			122.8969			-0.6000			68.0000			-138.0000			48.0000			
-49.6238			-91.7386			139.6723			-1.6000			76.0000			-132.0000			35.0000			
-29.1591			-99.5196			126.2519			-2.4000			83.0000			-131.0000			25.0000			
-28.6060			-95.6291			125.1336			0.8000			99.0000			-139.0000			15.0000			
-23.0750			-106.1890			129.0478			-0.2000			105.0000			-134.0000			3.0000			
-13.1192			-107.3006			118.9826			-1.4000			113.0000			-135.0000			-5.0000			
-3.1635			-119.5279			122.3377			-0.3000			122.0000			-128.0000			-21.0000			
6.2392			-116.1931			106.6806			-3.2000			127.0000			-132.0000			-24.0000			
15.6419			-125.6415			109.4765			-0.5000			127.0000			-118.0000			-38.0000			
22.2791			-123.4184			100.5297			-0.6000			127.0000			-116.0000			-44.0000			
28.9163			-135.6457			105.0031			-1.7000			128.0000			-103.0000			-62.0000			
37.7659			-126.1973			88.2277			-0.2000			133.0000			-104.0000			-68.0000			
43.2969			-139.5362			94.3787			-1.8000			135.0000			-91.0000			-82.0000			
56.0181			-128.4204			67.5380			-4.8000			133.0000			-89.0000			-85.0000			
75.3766			-133.9783			59.7095			1.0000			123.0000			-75.0000			-90.0000			
88.0979			-130.6436			40.1382			-2.4000			118.0000			-67.0000			-97.0000			
88.0979			-125.6415			33.9872			-3.5000			119.0000			-57.0000			-109.0000			
101.9253			-129.5320			26.1587			-1.4000			119.0000			-45.0000			-122.0000			
99.7129			-121.7510			19.4486			-2.5000			120.0000			-40.0000			-129.0000			
111.8811			-125.0857			9.3833			-3.8000			108.0000			-25.0000			-136.0000			
111.3280			-112.3026			-1.2411			-2.2000			113.0000			-24.0000			-140.0000			
119.6245			-110.6353			-10.7472			-1.7000			101.0000			-9.0000			-146.0000			
117.9652			-102.2985			-18.5757			-2.9000			98.0000			-7.0000			-146.0000			
130.6865			-108.4121			-22.4899			-0.2000			78.0000			12.0000			-148.0000			
121.2838			-92.2944			-31.9960			-3.0000			77.0000			14.0000			-149.0000			
137.8768			-99.5196			-37.5878			0.7000			62.0000			32.0000			-155.0000			
124.6024			-77.2881			-47.0939			0.2000			60.0000			36.0000			-157.0000			
139.5361			-75.6208			-66.6652			-2.7000			46.0000			41.0000			-150.0000			
125.7086			-49.4988			-75.6121			0.5000			37.0000			45.0000			-144.0000			
130.1334			-37.2715			-96.8609			-4.0000			24.0000			53.0000			-139.0000			
129.0272			-32.8253			-97.4201			-1.2000			10.0000			71.0000			-143.0000			
120.7307			-22.8211			-98.5384			-0.6000			4.0000			75.0000			-145.0000			
125.1555			-16.1517			-111.3996			-2.3000			-12.0000			83.0000			-136.0000			
116.3059			-5.5917			-110.2812			0.4000			-18.0000			90.0000			-137.0000			
115.1997			4.4124			-119.2281			0.3000			-34.0000			97.0000			-130.0000			
105.7970			11.6376			-118.1097			-0.6000			-36.0000			99.0000			-130.0000			
110.7749			18.8628			-129.2933			0.3000			-53.0000			99.0000			-112.0000			
96.3944			24.9765			-122.5832			-1.2000			-58.0000			102.0000			-109.0000			
104.1377			32.7575			-131.5301			5.3000			-77.0000			108.0000			-95.0000			
84.2262			40.5385			-123.7015			1.0000			-83.0000			112.0000			-93.0000			
81.4607			58.3236			-139.9178			-0.1000			-91.0000			109.0000			-81.0000			
59.3367			66.6604			-125.3791			0.6000			-94.0000			106.0000			-73.0000			
44.4031			87.7803			-130.9709			1.2000			-100.0000			101.0000			-60.0000			
27.8101			100.5634			-128.1750			0.1000			-109.0000			99.0000			-48.0000			
29.4694			92.2266			-122.5832			-0.8000			-127.0000			110.0000			-41.0000			
22.2791			103.8981			-125.9383			0.2000			-132.0000			103.0000			-25.0000			
11.7702			106.6770			-116.9914			1.4000			-141.0000			105.0000			-19.0000			
2.3675			117.7927			-119.2281			0.9000			-148.0000			97.0000			-3.0000			
-7.5882			114.4580			-105.8078			1.0000			-154.0000			101.0000			-1.0000			
-16.4378			126.1295			-109.1629			0.5000			-152.0000			87.0000			14.0000			
-22.5219			121.6832			-97.9793			1.1000			-153.0000			84.0000			20.0000			
-29.1591			133.3547			-102.4527			1.7000			-154.0000			70.0000			37.0000			
-37.4556			124.4622			-84.5589			2.4000			-160.0000			71.0000			45.0000			
-44.0928			137.2452			-91.2691			1.8000			-162.0000			59.0000			58.0000			
-58.4733			127.2411			-64.4285			4.3000			-158.0000			57.0000			62.0000			
-77.2787			135.5779			-57.7183			0.5000			-150.0000			44.0000			68.0000			
-89.4469			131.1316			-38.7062			2.9000			-144.0000			35.0000			75.0000			
-91.1062			126.6853			-29.7593			5.8000			-147.0000			25.0000			86.0000			
-105.4868			130.5758			-24.1675			0.9000			-145.0000			16.0000			97.0000			
-101.6151			122.7948			-19.6940			1.4000			-146.0000			10.0000			103.0000			
-114.8894			126.6853			-9.0696			2.7000			-133.0000			-7.0000			111.0000			
-113.2301			112.7907			2.1140			1.6000			-140.0000			-7.0000			116.0000			
-123.7390			112.7907			10.5017			-0.4000			-127.0000			-21.0000			121.0000			
-120.4204			104.4539			19.4486			3.4000			-124.0000			-24.0000			121.0000			
-133.6948			110.5675			22.8036			-0.3000			-104.0000			-44.0000			123.0000			
-123.1859			92.2266			31.7505			0.7000			-102.0000			-46.0000			126.0000			
-139.7789			100.5634			39.0199			-0.2000			-88.0000			-64.0000			131.0000			
-127.0576			78.3319			47.4076			-1.3000			-86.0000			-67.0000			132.0000			
-137.0134			73.8856			67.5380			4.4000			-74.0000			-72.0000			125.0000			
-128.7169			51.6542			76.4849			-0.5000			-62.0000			-77.0000			120.0000			
-123.7390			32.7575			90.4644			-0.5000			-51.0000			-82.0000			116.0000			
-128.7169			33.8691			98.2929			3.4000			-35.0000			-101.0000			119.0000			
-120.4204			23.3091			97.7338			0.6000			-29.0000			-107.0000			120.0000			
-123.7390			16.6397			107.2398			0.1000			-13.0000			-114.0000			111.0000			
-114.8894			4.9682			108.9174			-1.0000			-9.0000			-121.0000			114.0000			
-113.7832			-4.4802			119.5418			1.2000			8.0000			-129.0000			106.0000			
-102.7213			-12.2612			116.7459			1.7000			9.0000			-131.0000			105.0000			
-111.5708			-19.4864			127.9295			-3.1000			27.0000			-131.0000			86.0000			
-93.8717			-25.0443			119.5418			0.6000			33.0000			-132.0000			83.0000			
-101.6151			-32.8253			131.2846			-3.1000			51.0000			-139.0000			71.0000			
-83.9159			-41.1620			124.0152			-1.0000			57.0000			-144.0000			68.0000			
-80.5973			-60.6146			139.1131			-2.0000			65.0000			-139.0000			56.0000			
-57.9202			-67.8398			125.1336			-0.6000			68.0000			-137.0000			47.0000			
-42.9866			-89.5154			132.4029			-0.1000			76.0000			-132.0000			34.0000			
-28.6060			-100.6311			127.9295			-1.3000			86.0000			-133.0000			23.0000			
-30.2653			-92.2944			122.3377			-0.2000			102.0000			-141.0000			15.0000			
-20.8626			-108.4121			129.0478			-0.2000			107.0000			-133.0000			0.0000			
-12.5661			-107.8564			117.8642			-2.5000			116.0000			-135.0000			-8.0000			
-1.5042			-118.9721			121.2193			0.7000			123.0000			-128.0000			-22.0000			
7.3454			-117.3047			107.2398			-2.7000			127.0000			-134.0000			-24.0000			
16.7481			-130.0878			112.2724			-1.0000			127.0000			-117.0000			-42.0000			
22.8322			-123.9742			101.0888			0.0000			126.0000			-114.0000			-46.0000			
28.9163			-137.3130			105.0031			-3.3000			127.0000			-100.0000			-63.0000			
38.8721			-126.7531			87.6685			-0.2000			133.0000			-103.0000			-69.0000			
48.2747			-141.2035			89.9052			-3.0000			134.0000			-91.0000			-81.0000			
59.8898			-130.6436			68.0972			-2.6000			131.0000			-86.0000			-85.0000			
75.3766			-130.6436			54.6769			-0.5000			123.0000			-76.0000			-91.0000			
91.9696			-132.3109			38.4607			-1.8000			118.0000			-65.0000			-99.0000			
90.3103			-127.3089			30.6322			-6.3000			122.0000			-58.0000			-110.0000			
104.1377			-129.5320			25.0404			-0.3000			118.0000			-44.0000			-122.0000			
102.4784			-121.7510			17.7710			-1.5000			120.0000			-39.0000			-130.0000			
112.9873			-122.8626			8.2650			-1.6000			109.0000			-23.0000			-137.0000			
112.4342			-111.7469			-2.9186			-2.2000			114.0000			-24.0000			-142.0000			
124.6024			-114.5258			-10.7472			-0.6000			99.0000			-8.0000			-145.0000			
119.0714			-102.2985			-18.0165			-1.2000			95.0000			-5.0000			-145.0000			
134.5582			-110.6353			-23.6083			0.3000			76.0000			13.0000			-148.0000			
121.2838			-88.9596			-31.4368			0.8000			75.0000			17.0000			-151.0000			
139.5361			-98.9638			-40.9429			-0.3000			63.0000			32.0000			-155.0000			
126.8148			-77.8439			-48.7714			0.1000			58.0000			37.0000			-157.0000			
134.0051			-71.1745			-67.7835			-4.9000			46.0000			40.0000			-149.0000			
128.4741			-48.9431			-78.4080			1.1000			36.0000			47.0000			-143.0000			
122.3900			-30.0463			-94.0650			-1.7000			24.0000			53.0000			-139.0000			
129.0272			-30.6021			-100.2160			-1.7000			9.0000			71.0000			-143.0000			
119.6245			-23.9327			-95.7425			0.0000			3.0000			77.0000			-145.0000			
124.6024			-15.0401			-110.8404			-1.2000			-15.0000			85.0000			-135.0000			
114.6466			-4.4802			-109.7220			0.4000			-19.0000			91.0000			-137.0000			
114.0935			6.0798			-120.3465			-0.1000			-33.0000			100.0000			-130.0000			
104.6908			12.1934			-118.1097			-1.2000			-37.0000			99.0000			-128.0000			
112.9873			18.8628			-130.4117			1.4000			-55.0000			100.0000			-110.0000			
94.7351			25.5323			-121.4648			-1.2000			-61.0000			102.0000			-105.0000			
103.5846			34.4248			-134.3260			3.6000			-77.0000			108.0000			-96.0000			
85.3324			42.2058			-125.9383			1.6000			-84.0000			113.0000			-91.0000			
79.2483			60.5468			-141.0361			-1.2000			-91.0000			108.0000			-79.0000			
59.3367			69.4394			-127.6158			1.1000			-95.0000			104.0000			-70.0000			
41.6376			85.5571			-125.3791			1.8000			-101.0000			102.0000			-60.0000			
27.2570			103.8981			-129.2933			1.8000			-111.0000			100.0000			-48.0000			
28.9163			93.8939			-122.5832			0.2000			-127.0000			110.0000			-39.0000			
20.6198			105.5654			-125.9383			0.2000			-132.0000			102.0000			-24.0000			
11.2171			108.9002			-118.6689			1.4000			-141.0000			106.0000			-19.0000			
0.1551			120.5717			-120.3465			0.3000			-149.0000			97.0000			-3.0000			
-9.2475			116.1254			-106.3670			0.5000			-154.0000			101.0000			0.0000			
-17.5440			131.1316			-111.3996			2.1000			-152.0000			85.0000			17.0000			
-23.6281			120.5717			-96.8609			0.0000			-152.0000			83.0000			22.0000			
-29.7122			133.9105			-102.4527			1.7000			-155.0000			71.0000			38.0000			
-38.5618			127.2411			-85.1181			3.5000			-160.0000			70.0000			45.0000			
-50.7300			138.3568			-86.2365			1.3000			-160.0000			61.0000			57.0000			
-62.3450			131.1316			-65.5468			3.2000			-156.0000			55.0000			61.0000			
-75.6194			127.7969			-50.4490			1.7000			-151.0000			46.0000			67.0000			
-93.8717			130.0200			-35.3511			0.7000			-144.0000			34.0000			75.0000			
-92.2124			124.4622			-32.5552			-0.3000			-149.0000			28.0000			88.0000			
-103.2744			128.9084			-23.6083			2.0000			-144.0000			13.0000			99.0000			
-102.1682			122.7948			-17.4573			3.1000			-146.0000			9.0000			104.0000			
-114.8894			125.0179			-8.5104			1.6000			-133.0000			-9.0000			111.0000			
-112.6770			111.6791			3.7915			2.7000			-139.0000			-8.0000			118.0000			
-126.5045			115.5696			10.5017			-0.4000			-125.0000			-23.0000			121.0000			
-119.8673			102.7865			18.3302			1.2000			-121.0000			-26.0000			121.0000			
-134.8010			110.0117			23.9220			-0.8000			-101.0000			-45.0000			123.0000			
-123.1859			89.4476			32.8689			-0.8000			-101.0000			-48.0000			127.0000			
-140.8851			100.5634			41.8158			1.4000			-89.0000			-63.0000			130.0000			
-129.2700			77.7761			50.2035			-1.2000			-84.0000			-68.0000			132.0000			
-134.2479			69.9951			66.9789			2.7000			-72.0000			-70.0000			125.0000			
-131.4824			49.9868			80.3992			-1.1000			-58.0000			-77.0000			119.0000			
-122.6328			30.5343			92.7011			0.5000			-51.0000			-83.0000			115.0000			
-129.2700			29.9786			100.5297			1.2000			-33.0000			-101.0000			116.0000			
-121.5266			22.7533			97.7338			-1.0000			-28.0000			-108.0000			120.0000			
-124.2921			15.5281			109.4765			0.7000			-11.0000			-115.0000			111.0000			
-114.3363			2.7450			111.7133			0.1000			-7.0000			-120.0000			111.0000			
-115.9956			-5.0360			121.7785			0.7000			9.0000			-129.0000			104.0000			
-100.5089			-13.3728			115.6275			1.7000			11.0000			-132.0000			103.0000			
-113.2301			-19.4864			129.0478			-3.6000			29.0000			-129.0000			86.0000			
-93.8717			-26.7116			119.5418			-1.0000			35.0000			-132.0000			81.0000			
-101.6151			-33.9368			135.7580			0.1000			50.0000			-138.0000			71.0000			
-85.5752			-42.2736			126.2519			-1.5000			59.0000			-144.0000			65.0000			
-74.5132			-58.9472			134.6396			1.1000			67.0000			-139.0000			55.0000			
-57.9202			-70.0629			126.2519			-1.7000			69.0000			-135.0000			45.0000			
-38.5618			-84.5134			121.7785			-1.3000			75.0000			-133.0000			35.0000			
-32.4777			-96.1849			130.1662			1.4000			88.0000			-132.0000			20.0000			
-29.7122			-95.0733			121.2193			-3.5000			103.0000			-141.0000			14.0000			
-18.6502			-108.4121			126.8111			-0.2000			109.0000			-132.0000			-2.0000			
-10.9068			-107.8564			117.3051			-1.4000			115.0000			-134.0000			-8.0000			
0.1551			-118.9721			120.6601			1.8000			124.0000			-127.0000			-23.0000			
9.5578			-116.7489			106.1215			-1.0000			128.0000			-133.0000			-25.0000			
18.4074			-132.3109			112.2724			-1.6000			127.0000			-115.0000			-44.0000			
23.3853			-122.3068			97.7338			-1.1000			126.0000			-112.0000			-49.0000			
30.0225			-137.3130			103.8847			-3.4000			128.0000			-100.0000			-65.0000			
39.4252			-129.5320			87.6685			-2.4000			134.0000			-101.0000			-70.0000			
54.3588			-140.0919			84.3134			-1.4000			132.0000			-90.0000			-81.0000			
63.2084			-132.3109			66.4197			-2.6000			130.0000			-83.0000			-88.0000			
76.4828			-127.3089			50.2035			-0.6000			124.0000			-75.0000			-92.0000			
94.1820			-131.7552			36.7831			-0.7000			118.0000			-63.0000			-100.0000			
91.4165			-126.7531			31.1913			-4.1000			125.0000			-57.0000			-114.0000			
104.6908			-129.5320			21.6853			-3.1000			116.0000			-41.0000			-124.0000			
103.5846			-122.8626			17.7710			-1.5000			118.0000			-38.0000			-131.0000			
115.7528			-125.6415			8.2650			-1.6000			108.0000			-22.0000			-139.0000			
112.9873			-111.7469			-4.5962			-3.3000			112.0000			-23.0000			-143.0000			
128.4741			-117.8605			-10.7472			-0.1000			98.0000			-7.0000			-146.0000			
118.5183			-101.7427			-18.5757			-1.8000			93.0000			-4.0000			-146.0000			
135.6644			-110.6353			-25.8450			-0.8000			77.0000			14.0000			-148.0000			
123.4962			-91.1828			-32.5552			-0.2000			74.0000			18.0000			-151.0000			
137.3237			-98.9638			-42.0613			-3.7000			63.0000			32.0000			-155.0000			
129.5803			-77.8439			-49.8898			1.8000			56.0000			39.0000			-155.0000			
126.2617			-64.5051			-62.7509			-1.0000			48.0000			41.0000			-149.0000			
