3.1530			-9.1854			7.4177			1.3000			172.0000			-73.0000			-7.0000			
3.6985			-14.9045			9.6296			-1.5000			174.0000			-65.0000			-22.0000			
4.7894			-13.7607			7.9707			-1.0000			172.0000			-58.0000			-33.0000			
4.7894			-16.0483			7.9707			-3.2000			165.0000			-49.0000			-43.0000			
6.9713			-17.1921			6.3118			-3.9000			163.0000			-41.0000			-54.0000			
6.9713			-15.4764			6.3118			-2.1000			156.0000			-32.0000			-66.0000			
9.1531			-14.9045			5.2059			-0.5000			154.0000			-22.0000			-79.0000			
10.2440			-14.9045			4.1000			-0.5000			150.0000			-11.0000			-92.0000			
10.7895			-12.0449			2.9941			1.7000			149.0000			-5.0000			-102.0000			
10.2440			-12.0449			1.8881			0.0000			146.0000			4.0000			-110.0000			
10.2440			-10.9011			1.8881			1.2000			138.0000			9.0000			-115.0000			
8.0622			-8.6135			0.7822			0.2000			125.0000			16.0000			-119.0000			
12.4259			-10.3292			-0.8766			1.2000			116.0000			24.0000			-124.0000			
10.2440			-6.8978			-3.0885			0.2000			104.0000			34.0000			-133.0000			
14.0623			-10.3292			-3.0885			0.6000			96.0000			44.0000			-141.0000			
14.0623			-8.6135			-4.7473			0.6000			86.0000			49.0000			-146.0000			
15.1532			-9.1854			-5.3003			0.6000			72.0000			55.0000			-147.0000			
15.6987			-7.4697			-6.4062			1.8000			60.0000			59.0000			-148.0000			
14.6077			-8.0416			-6.4062			0.1000			44.0000			66.0000			-149.0000			
14.6077			-6.8978			-7.5121			0.1000			33.0000			73.0000			-153.0000			
11.3350			-2.8944			-8.0651			0.3000			17.0000			79.0000			-154.0000			
10.2440			-1.7506			-7.5121			0.9000			3.0000			88.0000			-159.0000			
10.7895			-1.1787			-6.9592			2.6000			-13.0000			96.0000			-161.0000			
11.3350			-1.7506			-9.1710			0.4000			-22.0000			98.0000			-163.0000			
12.9714			-0.6068			-7.5121			4.8000			-35.0000			95.0000			-156.0000			
14.0623			1.6809			-14.1476			1.5000			-44.0000			96.0000			-151.0000			
9.1531			3.3966			-10.8299			1.7000			-58.0000			98.0000			-147.0000			
12.9714			3.3966			-14.7006			1.6000			-74.0000			102.0000			-143.0000			
9.1531			3.9685			-11.3828			1.7000			-86.0000			103.0000			-138.0000			
10.2440			4.5404			-12.4887			2.2000			-97.0000			101.0000			-129.0000			
8.0622			5.6842			-11.9358			1.8000			-104.0000			97.0000			-122.0000			
5.8803			6.8280			-12.4887			0.2000			-114.0000			94.0000			-112.0000			
7.5167			7.9718			-14.1476			1.3000			-122.0000			92.0000			-103.0000			
5.8803			8.5437			-14.1476			0.2000			-131.0000			87.0000			-93.0000			
4.7894			11.4033			-14.1476			2.0000			-143.0000			88.0000			-83.0000			
3.6985			11.9752			-13.5947			2.0000			-157.0000			86.0000			-72.0000			
3.6985			11.4033			-13.0417			2.0000			-168.0000			85.0000			-62.0000			
3.1530			10.8314			-11.3828			2.6000			-172.0000			79.0000			-51.0000			
0.4257			13.6909			-12.4887			1.6000			-171.0000			72.0000			-42.0000			
-1.7561			11.4033			-7.5121			2.1000			-173.0000			62.0000			-30.0000			
-2.8470			15.4066			-11.3828			1.1000			-176.0000			57.0000			-17.0000			
-4.4834			10.8314			-7.5121			-1.1000			-181.0000			51.0000			-5.0000			
-4.4834			13.6909			-10.2769			-1.0000			-183.0000			44.0000			6.0000			
-5.0289			13.6909			-7.5121			1.1000			-180.0000			35.0000			13.0000			
-4.4834			13.6909			-6.9592			2.2000			-174.0000			26.0000			20.0000			
-7.2107			13.6909			-5.8533			0.6000			-170.0000			16.0000			27.0000			
-7.7562			17.6943			-6.9592			2.9000			-166.0000			8.0000			40.0000			
-8.3017			17.1224			-5.3003			3.5000			-162.0000			-1.0000			51.0000			
-10.4835			15.9786			-4.7473			0.7000			-159.0000			-11.0000			65.0000			
-11.5744			13.6909			-2.5355			-0.4000			-158.0000			-18.0000			82.0000			
-8.8471			11.9752			-1.9826			1.1000			-153.0000			-28.0000			94.0000			
-10.4835			10.8314			-1.4296			-1.0000			-147.0000			-33.0000			101.0000			
-7.7562			7.9718			-0.3237			-0.1000			-133.0000			-41.0000			104.0000			
-12.1199			10.8314			0.2293			-1.0000			-124.0000			-49.0000			113.0000			
-8.8471			6.2561			1.8881			-0.7000			-114.0000			-58.0000			121.0000			
-13.2108			10.8314			3.5470			1.1000			-104.0000			-66.0000			131.0000			
-12.6654			7.9718			4.6529			0.0000			-93.0000			-72.0000			135.0000			
-13.7563			7.9718			5.2059			-0.5000			-81.0000			-78.0000			136.0000			
-14.8472			7.3999			7.4177			0.0000			-70.0000			-82.0000			137.0000			
-14.8472			6.8280			7.4177			-0.6000			-53.0000			-90.0000			139.0000			
-16.4836			7.9718			7.4177			-1.0000			-41.0000			-95.0000			143.0000			
-12.1199			1.6809			7.4177			-3.0000			-25.0000			-102.0000			143.0000			
-9.3926			1.6809			6.3118			-1.4000			-12.0000			-111.0000			147.0000			
-9.9381			1.1089			6.8648			-1.9000			4.0000			-119.0000			150.0000			
-11.5744			1.6809			9.0766			-0.8000			14.0000			-121.0000			152.0000			
-10.4835			0.5370			7.9707			-1.9000			25.0000			-119.0000			146.0000			
-14.3018			-0.6068			13.5003			-1.4000			35.0000			-117.0000			140.0000			
-9.3926			-2.8944			10.1825			-2.1000			49.0000			-120.0000			135.0000			
-13.7563			-2.8944			12.9473			-3.7000			64.0000			-124.0000			132.0000			
-10.4835			-3.4663			12.9473			-1.0000			77.0000			-124.0000			127.0000			
-11.0290			-2.8944			11.8414			-2.0000			88.0000			-123.0000			117.0000			
-7.7562			-6.3259			13.5003			-0.5000			95.0000			-119.0000			110.0000			
-6.6653			-6.8978			14.0532			0.4000			103.0000			-116.0000			99.0000			
-8.3017			-8.0416			14.0532			-2.2000			111.0000			-113.0000			92.0000			
-5.0289			-9.7573			12.9473			-1.8000			123.0000			-110.0000			81.0000			
-4.4834			-10.3292			12.3943			-2.4000			135.0000			-108.0000			71.0000			
-3.9380			-12.6168			12.3943			-4.1000			148.0000			-108.0000			58.0000			
-3.9380			-10.3292			12.9473			-1.3000			159.0000			-105.0000			49.0000			
-3.3925			-10.3292			11.2884			-2.4000			164.0000			-99.0000			39.0000			
-1.2107			-14.9045			13.5003			-2.6000			162.0000			-92.0000			29.0000			
1.5167			-12.0449			10.1825			-0.3000			164.0000			-84.0000			18.0000			
2.6076			-15.4764			11.2884			-1.5000			167.0000			-79.0000			5.0000			
3.6985			-10.9011			7.9707			0.7000			172.0000			-73.0000			-9.0000			
4.7894			-14.3326			8.5236			-1.0000			175.0000			-64.0000			-23.0000			
5.8803			-13.7607			7.9707			0.0000			172.0000			-57.0000			-33.0000			
4.7894			-13.7607			6.8648			-2.1000			166.0000			-47.0000			-44.0000			
6.4258			-14.3326			5.7589			-2.1000			162.0000			-40.0000			-55.0000			
7.5167			-14.9045			5.7589			-1.6000			158.0000			-31.0000			-69.0000			
8.0622			-14.9045			5.7589			-1.0000			154.0000			-21.0000			-78.0000			
11.3350			-16.6202			3.5470			-1.7000			151.0000			-10.0000			-90.0000			
10.7895			-13.7607			1.8881			-1.0000			149.0000			-4.0000			-101.0000			
10.2440			-12.6168			1.8881			-0.4000			144.0000			4.0000			-109.0000			
11.3350			-10.9011			1.8881			2.3000			139.0000			9.0000			-113.0000			
8.6077			-7.4697			0.2293			1.3000			124.0000			19.0000			-118.0000			
12.4259			-11.4730			-0.8766			0.0000			113.0000			26.0000			-124.0000			
10.2440			-5.7540			-1.9826			2.5000			105.0000			35.0000			-132.0000			
14.6077			-10.3292			-3.0885			1.1000			95.0000			44.0000			-141.0000			
14.0623			-8.0416			-5.3003			0.7000			84.0000			50.0000			-147.0000			
14.6077			-8.6135			-4.7473			1.2000			70.0000			55.0000			-147.0000			
16.2441			-6.8978			-6.4062			2.9000			60.0000			59.0000			-148.0000			
15.6987			-8.0416			-7.5121			0.1000			43.0000			68.0000			-148.0000			
16.7896			-8.0416			-8.6180			0.1000			31.0000			74.0000			-153.0000			
14.0623			-2.8944			-9.1710			1.9000			15.0000			80.0000			-154.0000			
11.8804			-2.3225			-8.0651			1.4000			2.0000			89.0000			-159.0000			
10.2440			-1.1787			-7.5121			1.5000			-15.0000			95.0000			-161.0000			
12.4259			-2.3225			-9.7240			0.3000			-25.0000			98.0000			-162.0000			
8.6077			0.5370			-7.5121			1.6000			-34.0000			96.0000			-155.0000			
14.0623			1.6809			-13.0417			2.7000			-46.0000			96.0000			-149.0000			
10.2440			3.3966			-11.9358			1.6000			-60.0000			100.0000			-147.0000			
13.5168			3.3966			-14.7006			2.2000			-75.0000			102.0000			-142.0000			
10.2440			3.9685			-12.4887			1.7000			-85.0000			103.0000			-137.0000			
10.2440			3.3966			-12.4887			1.1000			-98.0000			101.0000			-128.0000			
10.2440			6.2561			-14.1476			2.3000			-105.0000			96.0000			-120.0000			
8.6077			5.6842			-13.5947			0.6000			-115.0000			94.0000			-110.0000			
8.0622			8.5437			-14.1476			2.4000			-122.0000			90.0000			-102.0000			
5.8803			8.5437			-13.5947			0.8000			-131.0000			87.0000			-91.0000			
3.6985			9.6876			-11.3828			1.9000			-145.0000			87.0000			-83.0000			
3.6985			10.8314			-11.9358			2.5000			-158.0000			85.0000			-70.0000			
2.6076			11.4033			-12.4887			1.5000			-169.0000			84.0000			-62.0000			
3.1530			9.1157			-11.9358			0.3000			-172.0000			78.0000			-51.0000			
1.5167			14.2628			-13.0417			2.7000			-169.0000			69.0000			-41.0000			
-0.6652			12.5471			-10.8299			1.0000			-171.0000			61.0000			-28.0000			
-2.8470			17.1224			-11.9358			2.3000			-177.0000			55.0000			-16.0000			
-2.8470			13.6909			-9.1710			1.6000			-181.0000			49.0000			-3.0000			
-4.4834			14.2628			-9.1710			0.6000			-183.0000			42.0000			5.0000			
-5.0289			12.5471			-7.5121			0.0000			-179.0000			34.0000			12.0000			
-5.0289			12.5471			-8.0651			-0.5000			-173.0000			26.0000			19.0000			
-6.6653			13.1190			-6.9592			-0.5000			-170.0000			16.0000			28.0000			
-7.7562			17.1224			-6.9592			2.4000			-166.0000			6.0000			40.0000			
-8.8471			17.1224			-5.8533			2.4000			-161.0000			-2.0000			53.0000			
-8.8471			15.9786			-4.1944			2.9000			-157.0000			-13.0000			68.0000			
-10.4835			13.6909			-3.0885			0.1000			-157.0000			-21.0000			84.0000			
-8.3017			12.5471			-2.5355			1.6000			-152.0000			-29.0000			96.0000			
-11.5744			12.5471			-2.5355			-1.5000			-145.0000			-34.0000			100.0000			
-8.8471			7.9718			-0.3237			-1.1000			-132.0000			-43.0000			106.0000			
-12.6654			11.4033			-0.3237			-1.5000			-122.0000			-51.0000			112.0000			
-9.9381			6.8280			2.4411			-0.6000			-113.0000			-59.0000			123.0000			
-12.1199			10.2595			2.9941			1.1000			-103.0000			-67.0000			132.0000			
-12.1199			6.8280			4.6529			-0.6000			-93.0000			-74.0000			136.0000			
-11.5744			7.9718			4.1000			0.4000			-80.0000			-79.0000			135.0000			
-13.7563			6.8280			6.8648			0.0000			-67.0000			-83.0000			137.0000			
-15.3927			6.8280			7.4177			-1.1000			-51.0000			-90.0000			139.0000			
-15.9381			7.9718			7.4177			-0.5000			-39.0000			-97.0000			142.0000			
-14.3018			2.8247			9.0766			-2.4000			-24.0000			-102.0000			143.0000			
-11.0290			2.2528			7.4177			-1.3000			-10.0000			-111.0000			148.0000			
-9.9381			0.5370			7.4177			-1.9000			7.0000			-119.0000			152.0000			
-11.0290			2.2528			8.5236			-0.2000			16.0000			-121.0000			152.0000			
-7.2107			-0.6068			6.8648			-0.9000			26.0000			-119.0000			146.0000			
-11.5744			-1.7506			11.2884			-2.0000			37.0000			-118.0000			139.0000			
-9.3926			-3.4663			10.1825			-2.6000			50.0000			-121.0000			134.0000			
-12.1199			-2.8944			12.3943			-2.6000			65.0000			-124.0000			130.0000			
-10.4835			-4.0382			12.9473			-1.5000			78.0000			-126.0000			126.0000			
-9.9381			-4.0382			11.8414			-2.1000			89.0000			-122.0000			117.0000			
-9.3926			-6.3259			14.0532			-1.6000			95.0000			-118.0000			108.0000			
-7.2107			-8.0416			14.0532			-1.2000			105.0000			-115.0000			98.0000			
-8.3017			-8.0416			14.0532			-2.2000			113.0000			-113.0000			90.0000			
-5.0289			-9.7573			12.9473			-1.8000			123.0000			-110.0000			79.0000			
-2.3016			-8.6135			11.2884			0.3000			136.0000			-109.0000			68.0000			
-2.8470			-9.7573			11.8414			-0.7000			149.0000			-108.0000			58.0000			
-2.8470			-10.3292			12.3943			-0.7000			160.0000			-105.0000			47.0000			
-2.8470			-10.3292			10.7355			-2.4000			163.0000			-98.0000			37.0000			
-0.6652			-14.9045			12.3943			-3.1000			162.0000			-91.0000			27.0000			
-0.1197			-12.6168			10.7355			-2.0000			164.0000			-83.0000			16.0000			
3.6985			-16.0483			10.7355			-1.6000			169.0000			-79.0000			2.0000			
3.6985			-12.0449			7.9707			-0.3000			172.0000			-71.0000			-11.0000			
4.7894			-15.4764			9.0766			-1.6000			174.0000			-63.0000			-26.0000			
5.8803			-12.6168			7.4177			0.6000			170.0000			-55.0000			-36.0000			
5.8803			-13.1888			7.4177			0.1000			164.0000			-47.0000			-47.0000			
6.9713			-13.1888			5.7589			-0.4000			162.0000			-38.0000			-57.0000			
6.9713			-12.6168			5.7589			0.1000			157.0000			-29.0000			-71.0000			
6.9713			-13.1888			4.6529			-1.5000			154.0000			-21.0000			-80.0000			
9.1531			-14.3326			2.9941			-2.1000			149.0000			-9.0000			-92.0000			
10.2440			-13.7607			2.4411			-1.0000			150.0000			-3.0000			-103.0000			
9.1531			-10.3292			1.8881			0.7000			144.0000			6.0000			-111.0000			
12.4259			-12.6168			1.8881			1.6000			136.0000			11.0000			-115.0000			
8.6077			-8.0416			-0.3237			0.2000			124.0000			20.0000			-120.0000			
13.5168			-12.0449			-0.3237			1.1000			112.0000			27.0000			-126.0000			
11.3350			-5.7540			-3.0885			2.4000			103.0000			36.0000			-135.0000			
12.9714			-9.7573			-2.5355			0.6000			93.0000			45.0000			-142.0000			
12.4259			-6.8978			-4.7473			0.7000			83.0000			51.0000			-146.0000			
10.7895			-6.8978			-3.6414			0.2000			68.0000			57.0000			-148.0000			
14.0623			-6.8978			-6.4062			0.7000			59.0000			61.0000			-149.0000			
15.1532			-6.3259			-7.5121			1.3000			42.0000			68.0000			-151.0000			
16.7896			-8.0416			-8.6180			0.1000			29.0000			75.0000			-153.0000			
15.6987			-2.8944			-10.2769			2.5000			14.0000			81.0000			-155.0000			
14.6077			-4.6101			-9.1710			0.8000			-1.0000			90.0000			-160.0000			
11.3350			-1.1787			-7.5121			2.6000			-17.0000			97.0000			-162.0000			
11.8804			-2.3225			-9.1710			0.3000			-26.0000			99.0000			-162.0000			
8.0622			0.5370			-6.4062			2.1000			-35.0000			97.0000			-155.0000			
12.4259			1.1089			-12.4887			1.0000			-47.0000			96.0000			-149.0000			
10.7895			3.9685			-12.4887			2.2000			-60.0000			100.0000			-147.0000			
12.4259			2.8247			-13.0417			2.2000			-77.0000			104.0000			-141.0000			
11.3350			3.3966			-13.0417			1.6000			-88.0000			102.0000			-137.0000			
10.2440			4.5404			-13.0417			1.7000			-97.0000			99.0000			-128.0000			
10.7895			6.2561			-14.7006			2.3000			-106.0000			98.0000			-119.0000			
9.1531			7.9718			-14.7006			2.4000			-116.0000			94.0000			-110.0000			
5.3349			9.6876			-14.7006			0.3000			-124.0000			91.0000			-102.0000			
7.5167			7.9718			-14.7006			0.7000			-134.0000			87.0000			-90.0000			
2.6076			10.2595			-12.4887			0.3000			-145.0000			87.0000			-81.0000			
3.6985			9.1157			-11.3828			1.4000			-161.0000			86.0000			-69.0000			
2.6076			10.8314			-11.9358			1.4000			-170.0000			84.0000			-60.0000			
2.6076			9.6876			-10.2769			2.0000			-172.0000			76.0000			-49.0000			
-0.1197			14.8347			-11.9358			2.7000			-171.0000			68.0000			-41.0000			
0.4257			11.9752			-10.2769			2.1000			-172.0000			60.0000			-27.0000			
-2.3016			17.1224			-11.3828			3.4000			-178.0000			56.0000			-15.0000			
-3.3925			13.1190			-9.1710			0.5000			-181.0000			49.0000			-3.0000			
-5.0289			15.9786			-10.2769			0.6000			-182.0000			40.0000			7.0000			
-6.6653			13.6909			-8.6180			-1.5000			-179.0000			33.0000			11.0000			
-6.6653			13.6909			-7.5121			-0.4000			-173.0000			23.0000			21.0000			
-7.7562			15.4066			-6.9592			0.6000			-169.0000			16.0000			29.0000			
-8.8471			14.8347			-5.8533			0.1000			-166.0000			6.0000			41.0000			
-7.7562			14.2628			-5.3003			1.2000			-162.0000			-3.0000			53.0000			
-7.2107			13.6909			-3.6414			2.8000			-157.0000			-14.0000			70.0000			
-9.9381			14.8347			-2.5355			2.3000			-158.0000			-21.0000			84.0000			
-9.9381			13.1190			-3.0885			0.0000			-152.0000			-28.0000			95.0000			
-13.2108			14.8347			-0.8766			0.7000			-145.0000			-34.0000			101.0000			
-9.9381			9.6876			-0.3237			-0.5000			-131.0000			-43.0000			106.0000			
-14.3018			13.6909			0.2293			-0.3000			-121.0000			-52.0000			113.0000			
-12.6654			8.5437			2.4411			-1.6000			-113.0000			-60.0000			124.0000			
-12.6654			9.6876			1.8881			-1.0000			-102.0000			-69.0000			131.0000			
-12.1199			7.9718			3.5470			-0.5000			-92.0000			-74.0000			135.0000			
-9.9381			6.2561			4.1000			0.4000			-79.0000			-79.0000			136.0000			
-14.3018			7.3999			6.8648			0.0000			-66.0000			-83.0000			137.0000			
-16.4836			6.8280			9.0766			-0.5000			-49.0000			-92.0000			139.0000			
-17.0291			7.9718			7.9707			-1.0000			-38.0000			-98.0000			142.0000			
-15.3927			3.3966			10.1825			-1.8000			-23.0000			-104.0000			143.0000			
-13.7563			3.3966			9.6296			-0.7000			-8.0000			-113.0000			149.0000			
-11.5744			1.6809			7.4177			-2.4000			7.0000			-119.0000			151.0000			
-12.1199			1.6809			9.0766			-1.3000			16.0000			-121.0000			150.0000			
-6.1198			-0.6068			6.3118			-0.4000			26.0000			-118.0000			144.0000			
-11.5744			-1.7506			11.2884			-2.0000			38.0000			-119.0000			138.0000			
-9.3926			-4.6101			10.1825			-3.8000			51.0000			-122.0000			134.0000			
-11.0290			-3.4663			12.3943			-2.1000			68.0000			-125.0000			130.0000			
-11.0290			-4.6101			11.2884			-4.3000			79.0000			-125.0000			124.0000			
-8.8471			-5.7540			11.8414			-2.7000			89.0000			-123.0000			115.0000			
-9.3926			-6.8978			13.5003			-2.7000			96.0000			-118.0000			106.0000			
-8.8471			-8.6135			15.1591			-2.3000			107.0000			-115.0000			97.0000			
-5.0289			-10.3292			15.1591			-0.1000			116.0000			-113.0000			88.0000			
-7.2107			-9.1854			14.6062			-1.7000			125.0000			-109.0000			78.0000			
-2.3016			-9.7573			11.8414			-0.2000			138.0000			-108.0000			68.0000			
-2.8470			-8.6135			10.1825			-1.2000			151.0000			-108.0000			55.0000			
-1.2107			-12.0449			11.2884			-1.9000			160.0000			-105.0000			46.0000			
-2.3016			-9.7573			9.6296			-2.4000			162.0000			-97.0000			35.0000			
-0.6652			-13.7607			12.3943			-2.0000			162.0000			-90.0000			27.0000			
-0.6652			-11.4730			10.1825			-1.9000			163.0000			-82.0000			13.0000			
2.6076			-17.1921			11.2884			-3.3000			168.0000			-77.0000			2.0000			
2.6076			-13.7607			9.0766			-2.0000			173.0000			-70.0000			-13.0000			
4.2440			-16.6202			10.1825			-2.1000			173.0000			-63.0000			-28.0000			
6.4258			-15.4764			6.8648			-2.1000			169.0000			-56.0000			-38.0000			
5.8803			-14.9045			7.4177			-1.6000			165.0000			-45.0000			-49.0000			
7.5167			-14.3326			6.8648			0.0000			162.0000			-36.0000			-59.0000			
6.9713			-13.1888			5.2059			-1.0000			156.0000			-27.0000			-72.0000			
8.0622			-12.6168			5.2059			0.6000			153.0000			-20.0000			-83.0000			
7.5167			-12.6168			2.9941			-2.1000			149.0000			-9.0000			-94.0000			
9.1531			-14.3326			2.9941			-2.1000			149.0000			-2.0000			-104.0000			
7.5167			-13.7607			1.3352			-4.9000			145.0000			6.0000			-112.0000			
11.8804			-13.1888			0.7822			-0.5000			135.0000			12.0000			-115.0000			
10.2440			-7.4697			-0.8766			1.8000			121.0000			21.0000			-120.0000			
13.5168			-12.0449			-0.8766			0.5000			110.0000			29.0000			-128.0000			
13.5168			-7.4697			-4.1944			1.8000			103.0000			37.0000			-136.0000			
12.4259			-9.1854			-1.9826			1.2000			91.0000			46.0000			-144.0000			
12.4259			-7.4697			-4.1944			0.7000			81.0000			50.0000			-147.0000			
9.6986			-5.1820			-4.1944			0.3000			68.0000			57.0000			-148.0000			
13.5168			-5.7540			-6.9592			0.7000			55.0000			63.0000			-150.0000			
14.0623			-6.8978			-7.5121			-0.3000			40.0000			70.0000			-151.0000			
15.1532			-6.3259			-8.6180			0.2000			28.0000			75.0000			-154.0000			
15.1532			-4.0382			-10.2769			0.8000			12.0000			82.0000			-155.0000			
14.0623			-3.4663			-10.2769			0.3000			-2.0000			91.0000			-161.0000			
11.8804			-1.7506			-7.5121			2.6000			-18.0000			97.0000			-163.0000			
12.4259			-2.8944			-8.0651			1.4000			-28.0000			99.0000			-162.0000			
6.9713			-0.0349			-5.8533			1.0000			-39.0000			95.0000			-154.0000			
11.8804			1.1089			-11.9358			1.0000			-49.0000			97.0000			-150.0000			
9.6986			3.9685			-12.4887			1.1000			-62.0000			101.0000			-147.0000			
11.3350			2.8247			-11.3828			2.7000			-78.0000			102.0000			-142.0000			
9.6986			3.3966			-11.3828			1.7000			-90.0000			102.0000			-135.0000			
9.1531			5.6842			-11.3828			3.4000			-100.0000			100.0000			-127.0000			
9.1531			6.8280			-14.1476			1.8000			-106.0000			95.0000			-120.0000			
9.1531			9.1157			-16.3595			1.9000			-116.0000			92.0000			-110.0000			
7.5167			9.6876			-15.2535			1.9000			-125.0000			91.0000			-101.0000			
6.9713			8.5437			-14.7006			0.8000			-137.0000			87.0000			-89.0000			
3.1530			10.8314			-13.0417			0.9000			-149.0000			87.0000			-79.0000			
3.1530			7.9718			-10.2769			0.8000			-163.0000			85.0000			-67.0000			
0.9712			11.9752			-10.8299			2.1000			-171.0000			84.0000			-59.0000			
1.5167			7.9718			-8.6180			0.8000			-172.0000			75.0000			-47.0000			
-0.6652			14.2628			-11.9358			1.6000			-171.0000			67.0000			-40.0000			
-0.1197			11.9752			-11.3828			0.4000			-172.0000			60.0000			-26.0000			
-2.8470			16.5505			-11.3828			2.3000			-179.0000			55.0000			-13.0000			
-2.3016			14.8347			-8.6180			3.9000			-183.0000			49.0000			-1.0000			
-5.0289			15.9786			-9.7240			1.2000			-183.0000			39.0000			7.0000			
-7.7562			14.8347			-7.5121			-0.4000			-178.0000			31.0000			13.0000			
-6.6653			12.5471			-7.5121			-1.6000			-172.0000			21.0000			23.0000			
-8.3017			13.6909			-6.9592			-1.5000			-170.0000			14.0000			31.0000			
-8.3017			13.6909			-6.9592			-1.5000			-164.0000			3.0000			43.0000			
-9.3926			11.9752			-4.1944			-1.6000			-161.0000			-4.0000			56.0000			
-7.2107			11.4033			-3.0885			1.0000			-157.0000			-15.0000			72.0000			
-9.9381			13.1190			-3.0885			0.0000			-157.0000			-21.0000			85.0000			
-7.2107			10.8314			-2.5355			1.0000			-151.0000			-30.0000			97.0000			
-12.1199			14.2628			-1.4296			0.7000			-142.0000			-36.0000			101.0000			
-9.9381			9.1157			0.7822			0.0000			-130.0000			-44.0000			106.0000			
-14.3018			12.5471			1.8881			0.1000			-119.0000			-52.0000			115.0000			
-14.3018			9.6876			2.9941			-1.6000			-112.0000			-61.0000			123.0000			
-12.6654			10.2595			1.3352			-1.0000			-100.0000			-70.0000			131.0000			
-13.2108			8.5437			3.5470			-1.1000			-90.0000			-76.0000			136.0000			
-11.0290			6.8280			4.1000			-0.1000			-76.0000			-81.0000			137.0000			
-12.6654			6.2561			5.7589			-0.6000			-65.0000			-86.0000			137.0000			
-14.3018			5.6842			8.5236			-0.1000			-49.0000			-92.0000			139.0000			
-13.7563			6.2561			6.3118			-1.1000			-37.0000			-98.0000			143.0000			
-15.9381			2.2528			10.1825			-3.5000			-22.0000			-106.0000			144.0000			
-14.8472			3.3966			10.1825			-1.2000			-6.0000			-114.0000			150.0000			
-12.6654			1.6809			7.4177			-3.5000			8.0000			-120.0000			152.0000			
-14.3018			2.8247			9.6296			-1.8000			18.0000			-120.0000			150.0000			
6.9713			4.5404			-6.4062			5.1000			34.0000			-114.0000			130.0000			
-1.2107			-30.3460			-5.8533			-37.4000			53.0000			-109.0000			113.0000			
-5.0289			-21.7674			-1.9826			-28.7000			74.0000			-101.0000			88.0000			
-0.1197			-12.6168			0.2293			-12.5000			95.0000			-97.0000			61.0000			
-6.1198			-20.6236			8.5236			-18.2000			93.0000			-101.0000			72.0000			
-4.4834			-27.4865			15.7121			-16.2000			75.0000			-119.0000			116.0000			
-6.6653			-37.7808			28.4301			-16.0000			59.0000			-136.0000			161.0000			
-7.7562			-42.9280			34.5126			-16.1000			63.0000			-138.0000			166.0000			
-7.2107			-44.0718			33.9597			-17.3000			79.0000			-129.0000			144.0000			
-8.8471			-46.3594			37.2774			-17.9000			94.0000			-125.0000			126.0000			
-3.9380			-48.0751			36.7245			-15.2000			111.0000			-124.0000			113.0000			
-9.9381			-45.7875			38.3833			-17.3000			116.0000			-119.0000			104.0000			
0.9712			-60.0852			43.3600			-15.7000			114.0000			-121.0000			109.0000			
7.5167			-50.3628			27.8772			-14.9000			146.0000			-115.0000			78.0000			
4.2440			-29.7741			12.3943			-13.1000			202.0000			-104.0000			13.0000			
9.1531			-22.9112			-0.8766			-14.6000			241.0000			-84.0000			-50.0000			
12.4259			-40.6403			10.1825			-18.0000			248.0000			-66.0000			-83.0000			
14.0623			-37.2089			4.1000			-19.0000			232.0000			-58.0000			-82.0000			
20.6078			-38.9246			2.9941			-15.3000			209.0000			-51.0000			-73.0000			
20.0624			-40.0684			2.9941			-17.0000			193.0000			-46.0000			-70.0000			
21.1533			-39.4965			2.9941			-15.3000			183.0000			-37.0000			-76.0000			
23.8806			-37.7808			1.3352			-12.5000			176.0000			-30.0000			-83.0000			
17.3351			-37.2089			4.6529			-15.2000			161.0000			-23.0000			-86.0000			
15.1532			-32.0617			3.5470			-13.3000			144.0000			-19.0000			-77.0000			
11.3350			-27.4865			0.7822			-15.3000			124.0000			-13.0000			-68.0000			
12.4259			-28.6303			1.3352			-14.8000			115.0000			-8.0000			-69.0000			
10.7895			-28.0584			0.2293			-17.0000			110.0000			-1.0000			-75.0000			
15.1532			-30.9179			0.2293			-15.5000			103.0000			5.0000			-79.0000			
12.4259			-26.9145			0.2293			-14.2000			95.0000			11.0000			-86.0000			
17.3351			-30.9179			0.2293			-13.3000			83.0000			21.0000			-93.0000			
16.7896			-32.6336			0.2293			-15.6000			79.0000			27.0000			-102.0000			
16.2441			-27.4865			-2.5355			-13.7000			73.0000			33.0000			-109.0000			
19.5169			-25.1988			-5.8533			-11.5000			75.0000			44.0000			-131.0000			
21.1533			-22.9112			-11.3828			-13.1000			79.0000			63.0000			-166.0000			
30.9716			-23.4831			-20.7831			-13.2000			80.0000			77.0000			-195.0000			
37.5172			-21.1955			-29.6304			-13.3000			70.0000			85.0000			-205.0000			
40.7899			-20.6236			-31.2893			-11.1000			54.0000			89.0000			-204.0000			
41.3354			-18.9078			-35.1600			-12.7000			37.0000			93.0000			-198.0000			
39.6990			-19.4797			-32.9482			-12.7000			22.0000			95.0000			-194.0000			
35.8808			-17.1921			-30.7363			-12.0000			6.0000			93.0000			-185.0000			
32.6080			-17.1921			-27.9716			-12.5000			-6.0000			92.0000			-177.0000			
19.5169			-12.6168			-19.6772			-12.7000			-24.0000			94.0000			-168.0000			
21.1533			-13.7607			-19.1242			-11.7000			-52.0000			100.0000			-156.0000			
11.8804			-15.4764			-7.5121			-11.1000			-84.0000			102.0000			-138.0000			
15.1532			-13.1888			-13.0417			-11.0000			-112.0000			104.0000			-119.0000			
14.6077			-12.6168			-14.1476			-12.1000			-124.0000			100.0000			-107.0000			
11.3350			-8.6135			-12.4887			-9.7000			-132.0000			96.0000			-99.0000			
13.5168			-8.6135			-15.8065			-10.9000			-139.0000			94.0000			-94.0000			
14.6077			-10.3292			-15.2535			-10.9000			-144.0000			89.0000			-87.0000			
12.4259			-6.8978			-15.2535			-9.7000			-146.0000			86.0000			-81.0000			
12.4259			-7.4697			-15.2535			-10.2000			-148.0000			82.0000			-75.0000			
8.6077			-3.4663			-16.3595			-11.2000			-154.0000			82.0000			-74.0000			
9.1531			-8.6135			-13.5947			-13.0000			-157.0000			81.0000			-72.0000			
6.9713			-3.4663			-16.3595			-12.8000			-154.0000			79.0000			-70.0000			
6.9713			-6.3259			-13.0417			-12.3000			-150.0000			69.0000			-65.0000			
4.7894			0.5370			-15.8065			-10.4000			-148.0000			65.0000			-57.0000			
4.7894			-1.1787			-15.2535			-11.6000			-153.0000			61.0000			-51.0000			
4.2440			1.6809			-15.8065			-9.8000			-160.0000			59.0000			-39.0000			
4.2440			0.5370			-15.2535			-10.4000			-166.0000			52.0000			-26.0000			
3.1530			2.2528			-15.2535			-9.8000			-169.0000			43.0000			-10.0000			
0.9712			5.1123			-16.3595			-10.2000			-169.0000			37.0000			2.0000			
-2.8470			4.5404			-13.0417			-11.3000			-171.0000			28.0000			17.0000			
-5.0289			4.5404			-11.9358			-12.4000			-181.0000			18.0000			39.0000			
-5.0289			2.8247			-10.2769			-12.4000			-185.0000			1.0000			66.0000			
-9.3926			1.6809			-6.4062			-14.1000			-191.0000			-14.0000			92.0000			
-9.9381			1.6809			-2.5355			-10.7000			-187.0000			-26.0000			109.0000			
-13.2108			2.8247			-3.6414			-14.0000			-183.0000			-31.0000			116.0000			
-8.8471			-1.1787			-1.4296			-11.4000			-171.0000			-36.0000			117.0000			
-11.0290			-0.6068			0.7822			-10.8000			-158.0000			-41.0000			119.0000			
-10.4835			-2.8944			1.3352			-12.0000			-141.0000			-51.0000			122.0000			
-13.2108			-0.0349			1.8881			-11.3000			-128.0000			-59.0000			126.0000			
-12.6654			-4.0382			2.9941			-13.7000			-112.0000			-65.0000			129.0000			
-11.0290			-2.8944			0.7822			-13.1000			-94.0000			-72.0000			128.0000			
-9.3926			-5.7540			1.8881			-13.2000			-79.0000			-75.0000			124.0000			
-7.2107			-7.4697			1.8881			-12.7000			-61.0000			-81.0000			122.0000			
-7.7562			-7.4697			0.7822			-14.4000			-46.0000			-86.0000			122.0000			
-7.2107			-9.7573			4.1000			-12.8000			-32.0000			-93.0000			122.0000			
-6.6653			-8.0416			0.7822			-13.9000			-21.0000			-97.0000			124.0000			
-6.6653			-11.4730			4.1000			-14.0000			-5.0000			-103.0000			124.0000			
-9.9381			-10.3292			8.5236			-11.7000			7.0000			-110.0000			131.0000			
-7.7562			-11.4730			6.3118			-12.9000			16.0000			-117.0000			139.0000			
-11.0290			-12.0449			7.9707			-15.1000			20.0000			-121.0000			144.0000			
-7.2107			-13.7607			7.9707			-13.0000			26.0000			-121.0000			144.0000			
-8.8471			-14.3326			10.7355			-12.4000			35.0000			-122.0000			143.0000			
-6.6653			-17.1921			10.7355			-13.1000			44.0000			-127.0000			144.0000			
-7.7562			-17.7640			12.3943			-13.1000			57.0000			-130.0000			143.0000			
-7.2107			-18.9078			12.3943			-13.7000			65.0000			-132.0000			142.0000			
-7.2107			-20.0517			13.5003			-13.7000			76.0000			-129.0000			133.0000			
-6.6653			-21.1955			14.0532			-13.8000			85.0000			-126.0000			124.0000			
-8.3017			-22.9112			16.8180			-14.3000			98.0000			-124.0000			113.0000			
-6.1198			-24.6269			17.3710			-13.3000			111.0000			-122.0000			102.0000			
-7.2107			-23.4831			16.2650			-14.4000			124.0000			-117.0000			85.0000			
-2.3016			-26.3426			16.2650			-12.3000			140.0000			-114.0000			71.0000			
-1.7561			-24.0550			12.9473			-12.8000			159.0000			-113.0000			52.0000			
2.0621			-27.4865			14.6062			-10.8000			175.0000			-109.0000			34.0000			
2.0621			-21.7674			9.0766			-10.6000			183.0000			-97.0000			14.0000			
4.2440			-27.4865			10.1825			-13.0000			183.0000			-88.0000			0.0000			
5.3349			-24.0550			8.5236			-10.2000			183.0000			-81.0000			-10.0000			
6.4258			-26.9145			7.9707			-12.5000			186.0000			-75.0000			-22.0000			
7.5167			-28.0584			7.4177			-13.1000			187.0000			-69.0000			-33.0000			
7.5167			-28.0584			7.4177			-13.1000			183.0000			-61.0000			-42.0000			
10.7895			-29.7741			5.7589			-13.2000			176.0000			-54.0000			-49.0000			
10.2440			-30.9179			5.7589			-14.9000			167.0000			-44.0000			-56.0000			
12.4259			-29.2022			5.2059			-11.5000			159.0000			-38.0000			-62.0000			
12.4259			-28.0584			4.6529			-10.9000			150.0000			-28.0000			-69.0000			
11.8804			-25.7707			2.9941			-10.8000			143.0000			-21.0000			-76.0000			
11.3350			-25.1988			1.3352			-12.5000			136.0000			-13.0000			-86.0000			
13.5168			-27.4865			1.3352			-12.6000			131.0000			-7.0000			-97.0000			
9.1531			-23.4831			1.8881			-12.4000			127.0000			-1.0000			-103.0000			
12.4259			-26.3426			0.7822			-13.1000			118.0000			8.0000			-106.0000			
14.0623			-24.6269			-1.4296			-11.9000			111.0000			16.0000			-114.0000			
17.3351			-26.3426			-2.5355			-11.5000			101.0000			27.0000			-124.0000			
18.9714			-24.6269			-4.7473			-10.4000			97.0000			36.0000			-136.0000			
18.4260			-24.0550			-5.8533			-11.4000			91.0000			45.0000			-149.0000			
19.5169			-22.9112			-6.9592			-10.3000			86.0000			52.0000			-160.0000			
18.4260			-21.1955			-8.0651			-10.8000			74.0000			63.0000			-168.0000			
17.3351			-20.0517			-9.1710			-11.8000			63.0000			68.0000			-172.0000			
18.9714			-17.7640			-11.9358			-10.7000			51.0000			73.0000			-173.0000			
18.9714			-17.7640			-11.9358			-10.7000			36.0000			78.0000			-174.0000			
20.0624			-14.9045			-13.5947			-8.4000			20.0000			86.0000			-177.0000			
21.1533			-16.0483			-15.8065			-10.7000			4.0000			91.0000			-178.0000			
17.3351			-14.3326			-14.1476			-11.1000			-14.0000			95.0000			-173.0000			
21.1533			-15.4764			-14.7006			-9.0000			-25.0000			93.0000			-165.0000			
16.2441			-11.4730			-14.1476			-9.3000			-41.0000			91.0000			-154.0000			
20.0624			-12.0449			-17.4654			-9.4000			-60.0000			94.0000			-147.0000			
16.2441			-10.3292			-14.1476			-8.2000			-78.0000			99.0000			-141.0000			
14.6077			-10.3292			-14.7006			-10.4000			-96.0000			99.0000			-130.0000			
12.4259			-9.7573			-13.5947			-10.9000			-106.0000			97.0000			-123.0000			
11.8804			-8.6135			-14.7006			-11.4000			-119.0000			94.0000			-111.0000			
11.3350			-6.3259			-14.7006			-9.6000			-126.0000			94.0000			-107.0000			
12.4259			-6.3259			-14.7006			-8.6000			-134.0000			92.0000			-98.0000			
11.3350			-5.1820			-15.8065			-9.6000			-139.0000			90.0000			-95.0000			
11.8804			-3.4663			-16.3595			-7.9000			-145.0000			83.0000			-84.0000			
9.1531			-0.0349			-18.0183			-8.9000			-153.0000			83.0000			-79.0000			
8.6077			-2.8944			-15.8065			-10.1000			-161.0000			82.0000			-71.0000			
6.4258			1.6809			-16.9124			-8.8000			-164.0000			78.0000			-66.0000			
5.3349			-1.7506			-14.1476			-10.5000			-162.0000			70.0000			-58.0000			
3.6985			1.1089			-15.8065			-11.0000			-161.0000			63.0000			-48.0000			
3.1530			2.2528			-14.1476			-8.7000			-164.0000			58.0000			-37.0000			
2.0621			2.2528			-14.1476			-9.8000			-170.0000			52.0000			-25.0000			
1.5167			1.6809			-14.1476			-10.9000			-176.0000			47.0000			-11.0000			
1.5167			4.5404			-14.7006			-8.6000			-177.0000			37.0000			4.0000			
-1.7561			5.1123			-11.9358			-8.5000			-178.0000			29.0000			18.0000			
-2.8470			7.3999			-11.3828			-6.8000			-177.0000			19.0000			29.0000			
-5.0289			7.9718			-11.3828			-8.4000			-177.0000			10.0000			40.0000			
-7.2107			6.2561			-9.1710			-10.1000			-175.0000			-1.0000			55.0000			
-9.9381			3.9685			-6.4062			-12.3000			-175.0000			-10.0000			71.0000			
-7.7562			1.6809			-5.3003			-11.3000			-171.0000			-22.0000			87.0000			
-10.4835			2.2528			-4.7473			-12.9000			-169.0000			-29.0000			100.0000			
-5.0289			-2.3225			-4.1944			-11.5000			-161.0000			-36.0000			107.0000			
-8.3017			0.5370			-1.4296			-9.2000			-149.0000			-43.0000			111.0000			
-9.3926			-1.1787			-1.4296			-12.0000			-135.0000			-50.0000			117.0000			
-10.4835			0.5370			-0.8766			-10.8000			-124.0000			-60.0000			123.0000			
-11.5744			-1.1787			2.4411			-10.3000			-113.0000			-67.0000			127.0000			
-12.1199			-1.1787			1.8881			-11.4000			-96.0000			-74.0000			131.0000			
-11.5744			-1.7506			1.8881			-11.4000			-84.0000			-81.0000			132.0000			
-10.4835			-2.8944			1.8881			-11.4000			-68.0000			-84.0000			131.0000			
-9.3926			-3.4663			2.4411			-10.4000			-53.0000			-89.0000			132.0000			
-9.3926			-5.7540			3.5470			-11.6000			-38.0000			-96.0000			132.0000			
-8.8471			-6.3259			2.9941			-12.1000			-27.0000			-101.0000			133.0000			
-5.0289			-9.1854			2.9941			-11.2000			-12.0000			-106.0000			135.0000			
-11.0290			-8.6135			7.9707			-11.6000			3.0000			-114.0000			138.0000			
-8.3017			-9.1854			6.3118			-11.1000			14.0000			-120.0000			143.0000			
-13.2108			-9.7573			9.6296			-13.3000			22.0000			-122.0000			145.0000			
-10.4835			-10.9011			10.1825			-11.2000			29.0000			-121.0000			142.0000			
-11.0290			-12.6168			12.3943			-11.2000			43.0000			-123.0000			137.0000			
-9.3926			-14.9045			12.9473			-11.3000			53.0000			-128.0000			138.0000			
-8.8471			-16.0483			12.9473			-11.9000			68.0000			-130.0000			135.0000			
-6.6653			-17.1921			12.3943			-11.4000			76.0000			-130.0000			130.0000			
-5.5744			-17.1921			12.3943			-10.3000			87.0000			-128.0000			122.0000			
-6.1198			-17.7640			13.5003			-10.3000			95.0000			-125.0000			114.0000			
-6.6653			-20.0517			14.0532			-12.6000			107.0000			-122.0000			102.0000			
-6.6653			-20.0517			15.7121			-11.0000			117.0000			-122.0000			94.0000			
-5.0289			-21.7674			14.0532			-12.7000			128.0000			-115.0000			80.0000			
-3.9380			-24.6269			16.2650			-12.3000			142.0000			-114.0000			67.0000			
-2.3016			-20.0517			11.8414			-10.5000			155.0000			-112.0000			51.0000			
0.4257			-24.6269			14.0532			-10.1000			167.0000			-107.0000			38.0000			
0.4257			-20.6236			11.2884			-8.9000			168.0000			-98.0000			26.0000			
3.1530			-25.1988			11.8414			-10.2000			171.0000			-89.0000			11.0000			
4.2440			-24.0550			10.1825			-9.6000			175.0000			-84.0000			-2.0000			
5.3349			-24.6269			9.0766			-10.2000			181.0000			-77.0000			-16.0000			
6.9713			-25.7707			7.9707			-10.8000			183.0000			-71.0000			-27.0000			
6.9713			-25.1988			6.8648			-11.3000			179.0000			-62.0000			-40.0000			
7.5167			-27.4865			6.3118			-13.6000			175.0000			-53.0000			-48.0000			
9.6986			-29.2022			5.7589			-13.7000			168.0000			-45.0000			-57.0000			
13.5168			-27.4865			4.6529			-9.3000			163.0000			-38.0000			-65.0000			
10.7895			-28.6303			5.7589			-12.0000			156.0000			-29.0000			-77.0000			
12.9714			-27.4865			3.5470			-10.9000			151.0000			-21.0000			-86.0000			
10.2440			-22.9112			2.4411			-10.2000			144.0000			-11.0000			-97.0000			
13.5168			-25.1988			1.8881			-9.7000			140.0000			-5.0000			-106.0000			
10.7895			-21.7674			1.8881			-9.0000			134.0000			3.0000			-109.0000			
12.4259			-22.3393			0.2293			-9.6000			124.0000			9.0000			-111.0000			
12.4259			-21.7674			-0.8766			-10.2000			113.0000			18.0000			-117.0000			
15.6987			-22.9112			-2.5355			-9.7000			104.0000			29.0000			-129.0000			
16.7896			-21.7674			-5.3003			-10.2000			98.0000			36.0000			-139.0000			
17.3351			-20.6236			-5.8533			-9.1000			87.0000			46.0000			-148.0000			
17.3351			-20.0517			-6.9592			-9.6000			78.0000			51.0000			-153.0000			
18.4260			-19.4797			-7.5121			-8.5000			65.0000			60.0000			-158.0000			
19.5169			-18.3359			-9.1710			-7.9000			54.0000			67.0000			-163.0000			
17.3351			-16.6202			-9.7240			-9.0000			41.0000			73.0000			-166.0000			
17.3351			-14.9045			-11.3828			-8.9000			30.0000			77.0000			-168.0000			
13.5168			-10.9011			-10.2769			-7.6000			13.0000			84.0000			-170.0000			
16.7896			-13.1888			-13.5947			-9.9000			-1.0000			90.0000			-173.0000			
14.6077			-10.3292			-11.3828			-7.1000			-16.0000			95.0000			-172.0000			
18.4260			-12.0449			-13.0417			-6.6000			-27.0000			93.0000			-164.0000			
16.7896			-9.1854			-15.8065			-8.2000			-40.0000			92.0000			-156.0000			
17.8805			-8.6135			-16.3595			-7.0000			-57.0000			95.0000			-150.0000			
15.6987			-8.0416			-14.7006			-7.0000			-73.0000			98.0000			-147.0000			
14.0623			-7.4697			-14.7006			-8.1000			-89.0000			100.0000			-137.0000			
12.9714			-8.0416			-13.5947			-8.6000			-100.0000			98.0000			-129.0000			
12.9714			-7.4697			-15.2535			-9.7000			-113.0000			95.0000			-119.0000			
11.8804			-5.1820			-15.2535			-8.5000			-123.0000			95.0000			-113.0000			
11.3350			-4.0382			-14.7006			-7.4000			-131.0000			91.0000			-102.0000			
10.7895			-2.3225			-16.9124			-8.4000			-138.0000			89.0000			-95.0000			
9.6986			-1.7506			-14.1476			-6.2000			-146.0000			85.0000			-84.0000			
7.5167			2.2528			-15.8065			-6.0000			-156.0000			83.0000			-77.0000			
8.6077			-1.1787			-14.7006			-7.2000			-165.0000			81.0000			-67.0000			
6.9713			2.8247			-16.3595			-6.5000			-169.0000			77.0000			-61.0000			
5.3349			1.6809			-15.8065			-8.7000			-168.0000			70.0000			-52.0000			
3.1530			4.5404			-15.8065			-8.1000			-168.0000			62.0000			-40.0000			
0.4257			4.5404			-14.1476			-9.1000			-171.0000			57.0000			-29.0000			
1.5167			2.8247			-14.1476			-9.8000			-175.0000			52.0000			-16.0000			
0.9712			3.3966			-12.4887			-8.1000			-180.0000			45.0000			-4.0000			
-0.1197			3.9685			-12.4887			-8.6000			-179.0000			35.0000			10.0000			
-1.2107			4.5404			-11.3828			-8.0000			-178.0000			27.0000			21.0000			
-2.3016			7.3999			-10.2769			-5.1000			-175.0000			18.0000			30.0000			
-5.5744			7.9718			-9.7240			-7.3000			-174.0000			9.0000			38.0000			
-5.0289			7.9718			-9.1710			-6.2000			-170.0000			-1.0000			51.0000			
-8.8471			7.9718			-6.9592			-7.8000			-167.0000			-9.0000			62.0000			
-6.1198			1.6809			-5.8533			-10.2000			-163.0000			-21.0000			79.0000			
-9.3926			3.9685			-4.7473			-10.1000			-161.0000			-28.0000			93.0000			
-7.2107			0.5370			-4.1944			-10.8000			-155.0000			-36.0000			101.0000			
-8.3017			1.1089			-2.5355			-9.7000			-143.0000			-44.0000			107.0000			
-8.3017			-0.0349			-1.9826			-10.3000			-131.0000			-52.0000			113.0000			
-9.9381			0.5370			1.3352			-8.0000			-121.0000			-62.0000			122.0000			
-11.5744			-0.6068			2.9941			-9.1000			-110.0000			-69.0000			131.0000			
-11.5744			1.1089			2.4411			-8.0000			-97.0000			-77.0000			135.0000			
-12.1199			0.5370			3.5470			-8.0000			-86.0000			-80.0000			136.0000			
-12.1199			-0.6068			3.5470			-9.1000			-71.0000			-86.0000			137.0000			
-12.1199			-0.6068			3.5470			-9.1000			-57.0000			-91.0000			137.0000			
-9.9381			-4.0382			5.7589			-8.2000			-41.0000			-98.0000			139.0000			
-10.4835			-3.4663			3.5470			-10.4000			-29.0000			-103.0000			139.0000			
-4.4834			-8.0416			4.1000			-8.4000			-13.0000			-108.0000			139.0000			
-11.5744			-7.4697			7.4177			-11.6000			1.0000			-116.0000			143.0000			
-8.3017			-8.0416			7.4177			-8.9000			13.0000			-122.0000			146.0000			
-11.5744			-7.4697			9.0766			-9.9000			25.0000			-122.0000			143.0000			
-9.9381			-10.3292			10.1825			-10.0000			32.0000			-121.0000			139.0000			
-10.4835			-10.3292			11.8414			-8.9000			47.0000			-123.0000			133.0000			
-9.9381			-12.6168			13.5003			-9.0000			59.0000			-127.0000			134.0000			
-9.3926			-12.6168			13.5003			-8.5000			73.0000			-130.0000			129.0000			
-8.8471			-14.3326			13.5003			-9.6000			82.0000			-129.0000			124.0000			
-6.1198			-16.0483			12.9473			-9.2000			92.0000			-127.0000			114.0000			
-6.6653			-16.6202			13.5003			-9.7000			101.0000			-125.0000			107.0000			
-5.0289			-17.7640			12.9473			-9.8000			111.0000			-121.0000			96.0000			
-5.0289			-18.9078			15.1591			-8.7000			121.0000			-120.0000			89.0000			
-4.4834			-17.7640			12.3943			-9.8000			130.0000			-115.0000			77.0000			
-3.3925			-22.3393			14.0532			-11.6000			144.0000			-114.0000			66.0000			
-3.9380			-18.3359			13.5003			-8.7000			156.0000			-110.0000			53.0000			
-1.7561			-22.3393			14.0532			-10.0000			162.0000			-105.0000			40.0000			
-0.6652			-21.7674			12.9473			-9.4000			166.0000			-97.0000			29.0000			
3.1530			-24.0550			12.3943			-8.5000			166.0000			-88.0000			14.0000			
3.6985			-22.9112			10.7355			-8.4000			171.0000			-83.0000			2.0000			
4.7894			-23.4831			9.6296			-9.0000			177.0000			-76.0000			-13.0000			
5.3349			-22.3393			7.4177			-9.5000			179.0000			-69.0000			-27.0000			
6.4258			-22.9112			8.5236			-7.9000			178.0000			-60.0000			-38.0000			
6.4258			-22.9112			6.8648			-9.6000			174.0000			-52.0000			-48.0000			
8.0622			-25.1988			5.7589			-11.3000			169.0000			-45.0000			-59.0000			
14.0623			-26.3426			3.5470			-8.7000			167.0000			-37.0000			-70.0000			
10.2440			-28.0584			5.7589			-12.0000			159.0000			-26.0000			-81.0000			
14.0623			-27.4865			2.9941			-10.4000			154.0000			-20.0000			-91.0000			
9.6986			-21.7674			2.9941			-9.0000			149.0000			-10.0000			-104.0000			
12.9714			-23.4831			1.3352			-9.1000			146.0000			-4.0000			-112.0000			
11.8804			-19.4797			1.3352			-6.2000			136.0000			4.0000			-114.0000			
12.9714			-21.1955			0.2293			-7.9000			124.0000			12.0000			-117.0000			
12.4259			-18.9078			-0.8766			-7.3000			114.0000			20.0000			-123.0000			
15.6987			-20.0517			-3.6414			-7.9000			104.0000			29.0000			-131.0000			
15.6987			-18.9078			-4.1944			-7.4000			97.0000			38.0000			-141.0000			
16.7896			-21.1955			-4.7473			-9.1000			86.0000			46.0000			-148.0000			
16.2441			-17.1921			-6.4062			-7.3000			76.0000			52.0000			-153.0000			
18.4260			-18.3359			-7.5121			-7.4000			62.0000			60.0000			-155.0000			
20.0624			-17.7640			-10.2769			-7.9000			50.0000			65.0000			-159.0000			
18.4260			-16.0483			-10.2769			-7.9000			36.0000			72.0000			-162.0000			
20.0624			-14.3326			-11.9358			-6.2000			25.0000			76.0000			-164.0000			
13.5168			-9.7573			-11.3828			-7.6000			10.0000			84.0000			-166.0000			
17.3351			-10.3292			-12.4887			-5.4000			-5.0000			91.0000			-170.0000			
14.6077			-9.1854			-11.9358			-6.5000			-18.0000			95.0000			-170.0000			
15.6987			-9.7573			-11.9358			-6.0000			-31.0000			92.0000			-163.0000			
15.1532			-6.3259			-14.1476			-5.3000			-41.0000			93.0000			-157.0000			
15.6987			-6.8978			-15.8065			-7.0000			-57.0000			95.0000			-150.0000			
15.6987			-5.7540			-15.8065			-5.8000			-72.0000			99.0000			-147.0000			
15.6987			-5.7540			-16.3595			-6.4000			-88.0000			102.0000			-140.0000			
13.5168			-5.1820			-15.8065			-7.4000			-99.0000			99.0000			-132.0000			
12.4259			-3.4663			-15.8065			-6.8000			-111.0000			97.0000			-122.0000			
10.7895			-2.3225			-16.9124			-8.4000			-121.0000			94.0000			-115.0000			
10.2440			-0.6068			-14.1476			-4.5000			-130.0000			91.0000			-104.0000			
10.2440			-0.0349			-16.3595			-6.1000			-139.0000			89.0000			-96.0000			
8.0622			-0.6068			-12.4887			-5.0000			-145.0000			83.0000			-86.0000			
5.8803			3.9685			-15.2535			-5.3000			-157.0000			84.0000			-74.0000			
8.6077			1.6809			-15.8065			-5.5000			-167.0000			82.0000			-66.0000			
6.4258			5.1123			-16.9124			-5.3000			-173.0000			78.0000			-57.0000			
4.2440			6.8280			-16.3595			-5.2000			-171.0000			68.0000			-47.0000			
2.6076			6.2561			-14.1476			-5.2000			-172.0000			61.0000			-34.0000			
0.4257			7.3999			-13.5947			-5.7000			-175.0000			56.0000			-25.0000			
-0.1197			5.6842			-12.4887			-6.9000			-181.0000			50.0000			-11.0000			
-1.7561			5.1123			-11.3828			-8.0000			-183.0000			44.0000			-1.0000			
-2.3016			6.8280			-11.3828			-6.8000			-180.0000			34.0000			13.0000			
-2.8470			6.2561			-10.2769			-6.8000			-178.0000			26.0000			23.0000			
-3.3925			7.9718			-9.1710			-4.5000			-173.0000			16.0000			30.0000			
-5.0289			11.4033			-9.7240			-3.3000			-172.0000			8.0000			39.0000			
-3.3925			9.6876			-8.6180			-2.3000			-167.0000			-1.0000			51.0000			
-8.8471			9.6876			-6.4062			-5.5000			-164.0000			-9.0000			61.0000			
-7.7562			5.1123			-4.7473			-7.3000			-160.0000			-21.0000			76.0000			
-9.9381			7.3999			-4.1944			-6.7000			-158.0000			-29.0000			90.0000			
-8.8471			3.9685			-3.6414			-8.5000			-150.0000			-35.0000			98.0000			
-9.3926			2.8247			-1.9826			-8.5000			-140.0000			-43.0000			105.0000			
-9.3926			1.6809			-0.8766			-8.5000			-128.0000			-51.0000			112.0000			
-9.9381			2.2528			1.3352			-6.3000			-117.0000			-61.0000			122.0000			
-11.0290			1.1089			1.8881			-8.0000			-108.0000			-69.0000			130.0000			
-11.5744			2.2528			2.4411			-6.8000			-95.0000			-78.0000			137.0000			
-12.1199			0.5370			4.1000			-7.4000			-84.0000			-82.0000			138.0000			
-12.6654			-0.0349			4.6529			-8.0000			-70.0000			-88.0000			139.0000			
-14.3018			0.5370			6.3118			-7.4000			-56.0000			-94.0000			140.0000			
-11.5744			-1.1787			5.7589			-6.9000			-42.0000			-101.0000			143.0000			
-14.8472			-2.3225			7.4177			-9.7000			-28.0000			-104.0000			143.0000			
-4.4834			-5.7540			4.1000			-6.1000			-15.0000			-109.0000			142.0000			
-11.5744			-4.6101			7.4177			-8.7000			2.0000			-116.0000			145.0000			
-8.3017			-6.8978			6.8648			-8.3000			13.0000			-121.0000			147.0000			
-9.9381			-6.3259			7.9707			-8.2000			24.0000			-122.0000			144.0000			
-9.9381			-8.6135			10.1825			-8.3000			34.0000			-121.0000			138.0000			
-10.4835			-9.7573			11.8414			-8.4000			49.0000			-122.0000			134.0000			
-10.4835			-10.3292			14.0532			-6.7000			63.0000			-128.0000			132.0000			
-11.5744			-9.7573			13.5003			-7.8000			77.0000			-129.0000			127.0000			
-9.3926			-12.0449			13.5003			-7.9000			87.0000			-128.0000			119.0000			
-7.2107			-13.7607			13.5003			-7.4000			96.0000			-126.0000			111.0000			
-7.7562			-14.3326			14.6062			-7.4000			106.0000			-123.0000			102.0000			
-5.0289			-15.4764			12.9473			-7.5000			115.0000			-120.0000			94.0000			
-5.0289			-17.1921			14.6062			-7.6000			124.0000			-118.0000			85.0000			
-3.9380			-16.6202			12.3943			-8.1000			134.0000			-114.0000			74.0000			
-2.8470			-20.6236			12.9473			-10.5000			145.0000			-113.0000			64.0000			
-3.9380			-18.3359			12.9473			-9.3000			158.0000			-110.0000			52.0000			
-2.3016			-20.0517			12.9473			-9.4000			162.0000			-104.0000			40.0000			
-0.6652			-20.6236			12.3943			-8.9000			163.0000			-97.0000			28.0000			
2.0621			-22.3393			12.3943			-7.8000			164.0000			-87.0000			17.0000			
3.6985			-21.7674			10.7355			-7.3000			171.0000			-82.0000			4.0000			
5.3349			-22.3393			10.7355			-6.2000			177.0000			-75.0000			-12.0000			
5.8803			-20.6236			8.5236			-6.2000			179.0000			-69.0000			-26.0000			
6.4258			-21.7674			7.4177			-7.9000			176.0000			-59.0000			-38.0000			
7.5167			-20.6236			6.8648			-6.2000			174.0000			-52.0000			-49.0000			
6.9713			-21.1955			6.3118			-7.9000			168.0000			-42.0000			-61.0000			
11.3350			-24.0550			3.5470			-9.1000			167.0000			-35.0000			-73.0000			
8.0622			-21.7674			5.7589			-7.9000			159.0000			-26.0000			-83.0000			
13.5168			-25.1988			2.9941			-8.6000			156.0000			-17.0000			-95.0000			
10.7895			-20.0517			1.8881			-7.3000			150.0000			-9.0000			-107.0000			
14.0623			-21.1955			1.3352			-5.8000			146.0000			-2.0000			-115.0000			
12.4259			-17.7640			0.7822			-4.5000			139.0000			6.0000			-118.0000			
13.5168			-19.4797			0.2293			-5.7000			126.0000			14.0000			-121.0000			
12.9714			-17.1921			-1.9826			-6.2000			116.0000			22.0000			-125.0000			
14.0623			-17.1921			-2.5355			-5.6000			105.0000			31.0000			-135.0000			
14.0623			-16.0483			-4.1944			-6.1000			97.0000			40.0000			-143.0000			
13.5168			-16.6202			-4.1944			-7.3000			85.0000			48.0000			-149.0000			
15.6987			-14.9045			-6.9592			-6.1000			74.0000			53.0000			-152.0000			
16.2441			-13.7607			-7.5121			-5.0000			60.0000			61.0000			-154.0000			
21.1533			-16.0483			-10.8299			-5.7000			47.0000			66.0000			-157.0000			
17.8805			-14.9045			-9.7240			-6.7000			34.0000			72.0000			-160.0000			
20.0624			-12.6168			-12.4887			-5.0000			22.0000			76.0000			-161.0000			
13.5168			-9.1854			-11.3828			-7.0000			7.0000			84.0000			-164.0000			
15.1532			-9.7573			-10.2769			-4.8000			-8.0000			93.0000			-168.0000			
12.4259			-8.0416			-11.3828			-6.9000			-19.0000			95.0000			-168.0000			
12.9714			-7.4697			-11.3828			-5.8000			-32.0000			94.0000			-161.0000			
15.1532			-4.6101			-14.7006			-4.1000			-42.0000			94.0000			-156.0000			
14.6077			-4.0382			-16.3595			-5.7000			-58.0000			97.0000			-150.0000			
14.6077			-2.8944			-15.8065			-4.1000			-71.0000			99.0000			-148.0000			
15.1532			-3.4663			-15.8065			-4.1000			-87.0000			102.0000			-141.0000			
13.5168			-2.3225			-16.3595			-5.1000			-97.0000			98.0000			-133.0000			
12.4259			-0.6068			-15.8065			-3.9000			-108.0000			97.0000			-123.0000			
11.8804			-0.0349			-18.0183			-6.1000			-119.0000			95.0000			-115.0000			
9.1531			1.1089			-15.8065			-5.5000			-128.0000			92.0000			-106.0000			
8.6077			3.3966			-18.0183			-6.0000			-138.0000			89.0000			-96.0000			
7.5167			1.1089			-13.5947			-4.9000			-146.0000			85.0000			-85.0000			
4.7894			6.2561			-14.1476			-3.1000			-157.0000			82.0000			-75.0000			
5.8803			5.1123			-15.2535			-4.2000			-168.0000			81.0000			-65.0000			
5.8803			6.8280			-15.8065			-3.1000			-172.0000			76.0000			-54.0000			
3.6985			7.9718			-15.2535			-3.5000			-172.0000			68.0000			-45.0000			
3.1530			8.5437			-15.2535			-3.5000			-173.0000			59.0000			-33.0000			
-0.1197			10.2595			-14.1476			-4.0000			-176.0000			55.0000			-21.0000			
-1.2107			9.1157			-14.1476			-6.2000			-182.0000			49.0000			-7.0000			
-4.4834			9.1157			-11.3828			-6.7000			-184.0000			42.0000			5.0000			
-5.0289			10.2595			-11.3828			-6.1000			-181.0000			32.0000			18.0000			
-5.0289			8.5437			-9.7240			-6.2000			-179.0000			24.0000			27.0000			
-3.9380			7.9718			-8.6180			-4.5000			-173.0000			15.0000			33.0000			
-8.3017			11.9752			-8.6180			-4.9000			-172.0000			7.0000			42.0000			
-3.3925			8.5437			-8.6180			-3.4000			-166.0000			-3.0000			51.0000			
-8.3017			11.9752			-6.9592			-3.2000			-162.0000			-11.0000			63.0000			
-8.8471			9.1157			-4.1944			-3.9000			-159.0000			-21.0000			76.0000			
-10.4835			11.4033			-4.1944			-3.2000			-155.0000			-28.0000			89.0000			
-9.9381			7.9718			-3.0885			-5.0000			-149.0000			-36.0000			97.0000			
-9.9381			6.8280			-1.9826			-5.0000			-134.0000			-44.0000			103.0000			
-11.0290			4.5404			-0.8766			-7.3000			-126.0000			-54.0000			111.0000			
-11.5744			5.1123			0.7822			-5.6000			-115.0000			-63.0000			121.0000			
-12.1199			2.2528			1.8881			-7.9000			-107.0000			-70.0000			130.0000			
-11.0290			2.8247			1.3352			-6.8000			-94.0000			-77.0000			137.0000			
-12.6654			1.6809			5.7589			-5.2000			-83.0000			-83.0000			139.0000			
-12.6654			1.1089			5.2059			-6.3000			-68.0000			-88.0000			139.0000			
-16.4836			3.3966			7.4177			-5.6000			-55.0000			-94.0000			141.0000			
-13.7563			1.1089			7.9707			-4.6000			-42.0000			-101.0000			143.0000			
-18.1200			-0.0349			9.6296			-8.5000			-27.0000			-105.0000			143.0000			
-10.4835			-2.8944			7.4177			-5.9000			-13.0000			-111.0000			145.0000			
-12.6654			-2.3225			7.4177			-7.5000			2.0000			-118.0000			147.0000			
-12.1199			-3.4663			7.9707			-7.6000			13.0000			-122.0000			150.0000			
-9.9381			-4.0382			7.9707			-6.0000			25.0000			-121.0000			143.0000			
-9.9381			-6.3259			10.1825			-6.0000			35.0000			-120.0000			137.0000			
-12.1199			-7.4697			12.3943			-7.1000			50.0000			-124.0000			132.0000			
-11.5744			-8.6135			12.3943			-7.8000			65.0000			-127.0000			130.0000			
-12.6654			-9.1854			13.5003			-8.3000			79.0000			-129.0000			126.0000			
-11.5744			-9.7573			12.9473			-8.3000			89.0000			-127.0000			118.0000			
-9.3926			-12.6168			14.6062			-7.4000			99.0000			-124.0000			108.0000			
-9.9381			-13.7607			16.8180			-6.8000			109.0000			-123.0000			101.0000			
-7.2107			-14.9045			15.1591			-6.9000			117.0000			-119.0000			92.0000			
-5.0289			-16.6202			15.1591			-6.4000			126.0000			-117.0000			83.0000			
-3.3925			-14.3326			12.9473			-4.7000			136.0000			-113.0000			73.0000			
-1.2107			-17.7640			12.3943			-6.5000			147.0000			-113.0000			61.0000			
-2.3016			-16.6202			12.3943			-6.5000			158.0000			-109.0000			49.0000			
-1.2107			-17.1921			12.3943			-6.0000			161.0000			-102.0000			39.0000			
-1.7561			-18.9078			12.3943			-8.2000			162.0000			-95.0000			28.0000			
0.4257			-21.1955			13.5003			-7.2000			165.0000			-87.0000			15.0000			
3.1530			-21.1955			10.1825			-7.8000			171.0000			-82.0000			3.0000			
4.2440			-22.3393			9.6296			-8.4000			175.0000			-75.0000			-12.0000			
5.8803			-21.1955			10.1825			-5.1000			178.0000			-69.0000			-24.0000			
5.8803			-20.0517			7.4177			-6.7000			175.0000			-58.0000			-38.0000			
8.0622			-19.4797			6.8648			-4.5000			172.0000			-51.0000			-49.0000			
6.4258			-17.1921			6.8648			-3.9000			168.0000			-41.0000			-61.0000			
10.2440			-22.3393			4.6529			-7.4000			164.0000			-34.0000			-74.0000			
7.5167			-18.9078			4.6529			-6.7000			159.0000			-25.0000			-85.0000			
11.8804			-21.1955			3.5470			-5.7000			154.0000			-15.0000			-97.0000			
10.7895			-20.0517			1.8881			-7.3000			151.0000			-7.0000			-110.0000			
10.7895			-19.4797			0.7822			-7.9000			146.0000			-1.0000			-118.0000			
11.3350			-18.3359			0.7822			-6.2000			139.0000			6.0000			-120.0000			
13.5168			-18.3359			-0.8766			-5.7000			125.0000			16.0000			-122.0000			
14.0623			-17.1921			-1.9826			-5.1000			116.0000			23.0000			-128.0000			
14.0623			-16.6202			-3.0885			-5.6000			105.0000			33.0000			-137.0000			
13.5168			-15.4764			-4.1944			-6.1000			95.0000			41.0000			-145.0000			
12.4259			-13.7607			-4.1944			-5.5000			83.0000			49.0000			-149.0000			
15.1532			-12.6168			-6.4062			-3.8000			73.0000			54.0000			-152.0000			
12.9714			-12.0449			-7.5121			-6.5000			58.0000			61.0000			-154.0000			
19.5169			-13.7607			-9.1710			-3.4000			44.0000			66.0000			-158.0000			
16.7896			-12.0449			-9.1710			-4.4000			31.0000			72.0000			-160.0000			
18.4260			-10.3292			-12.4887			-4.3000			20.0000			77.0000			-161.0000			
15.6987			-8.0416			-12.4887			-4.8000			5.0000			84.0000			-165.0000			
15.1532			-9.1854			-11.3828			-5.4000			-11.0000			92.0000			-166.0000			
14.6077			-7.4697			-10.8299			-3.6000			-22.0000			95.0000			-167.0000			
13.5168			-6.3259			-10.2769			-3.0000			-34.0000			94.0000			-159.0000			
12.4259			-4.0382			-12.4887			-4.1000			-45.0000			93.0000			-154.0000			
12.9714			-2.3225			-14.1476			-3.5000			-60.0000			96.0000			-150.0000			
12.9714			-1.7506			-14.1476			-2.9000			-73.0000			100.0000			-148.0000			
12.4259			-0.0349			-14.7006			-2.3000			-90.0000			102.0000			-140.0000			
13.5168			-1.1787			-16.3595			-4.0000			-99.0000			100.0000			-133.0000			
11.3350			2.2528			-16.3595			-2.7000			-110.0000			96.0000			-123.0000			
11.8804			2.8247			-18.5713			-3.8000			-119.0000			94.0000			-115.0000			
9.6986			2.2528			-16.9124			-4.9000			-128.0000			91.0000			-106.0000			
9.6986			3.3966			-17.4654			-4.3000			-137.0000			90.0000			-96.0000			
5.8803			3.9685			-14.1476			-4.2000			-148.0000			85.0000			-86.0000			
4.2440			5.1123			-14.1476			-4.7000			-158.0000			83.0000			-73.0000			
4.2440			5.6842			-14.1476			-4.2000			-169.0000			81.0000			-65.0000			
4.7894			6.8280			-15.2535			-3.6000			-172.0000			75.0000			-52.0000			
2.6076			7.9718			-14.1476			-3.5000			-171.0000			67.0000			-43.0000			
2.6076			10.2595			-15.8065			-2.9000			-173.0000			58.0000			-30.0000			
-0.1197			10.2595			-13.0417			-2.8000			-179.0000			53.0000			-19.0000			
-1.2107			12.5471			-13.5947			-2.2000			-183.0000			47.0000			-4.0000			
-3.9380			10.8314			-11.9358			-5.0000			-184.0000			42.0000			6.0000			
-5.0289			10.2595			-10.8299			-5.5000			-182.0000			31.0000			19.0000			
-6.6653			10.2595			-10.2769			-6.6000			-178.0000			23.0000			29.0000			
-4.4834			7.9718			-7.5121			-4.0000			-173.0000			13.0000			35.0000			
-9.9381			11.9752			-7.5121			-5.4000			-172.0000			7.0000			45.0000			
-3.9380			8.5437			-8.6180			-4.0000			-165.0000			-4.0000			54.0000			
-8.3017			10.8314			-5.8533			-3.3000			-162.0000			-13.0000			63.0000			
-8.8471			8.5437			-4.1944			-4.5000			-159.0000			-22.0000			77.0000			
-8.3017			9.6876			-4.1944			-2.8000			-154.0000			-29.0000			89.0000			
-9.3926			9.1157			-2.5355			-2.8000			-147.0000			-36.0000			97.0000			
-10.4835			7.9718			-1.9826			-4.4000			-133.0000			-46.0000			104.0000			
-12.1199			6.2561			-0.8766			-6.7000			-123.0000			-54.0000			112.0000			
-12.6654			7.3999			0.7822			-4.4000			-113.0000			-65.0000			122.0000			
-13.7563			5.6842			1.3352			-6.7000			-104.0000			-71.0000			131.0000			
-10.4835			3.3966			1.8881			-5.2000			-92.0000			-77.0000			135.0000			
-12.1199			2.8247			4.1000			-5.1000			-81.0000			-83.0000			139.0000			
-8.3017			-0.0349			4.1000			-4.2000			-67.0000			-90.0000			140.0000			
-14.3018			1.6809			7.9707			-4.6000			-53.0000			-95.0000			142.0000			
-14.8472			2.2528			7.9707			-4.6000			-40.0000			-102.0000			146.0000			
-16.4836			-0.0349			9.6296			-6.8000			-27.0000			-105.0000			144.0000			
-14.3018			-1.1787			8.5236			-6.9000			-14.0000			-112.0000			147.0000			
-12.6654			-1.1787			7.9707			-5.8000			3.0000			-119.0000			150.0000			
-12.1199			-2.3225			7.9707			-6.4000			14.0000			-122.0000			150.0000			
-9.3926			-3.4663			9.0766			-3.7000			26.0000			-121.0000			144.0000			
-9.9381			-5.1820			8.5236			-6.6000			37.0000			-122.0000			138.0000			
-11.5744			-7.4697			11.8414			-7.2000			52.0000			-124.0000			134.0000			
-11.0290			-8.0416			11.2884			-7.7000			67.0000			-128.0000			131.0000			
-9.9381			-9.1854			11.8414			-7.2000			79.0000			-129.0000			125.0000			
-11.0290			-9.7573			12.3943			-8.3000			91.0000			-127.0000			117.0000			
-8.8471			-12.0449			12.9473			-7.9000			101.0000			-123.0000			105.0000			
-9.9381			-13.7607			17.3710			-6.3000			110.0000			-122.0000			99.0000			
-6.1198			-14.3326			14.6062			-5.8000			119.0000			-119.0000			90.0000			
-8.8471			-14.3326			17.3710			-5.8000			127.0000			-117.0000			81.0000			
-2.8470			-14.9045			14.0532			-3.7000			136.0000			-113.0000			69.0000			
-2.3016			-16.6202			13.5003			-5.4000			151.0000			-112.0000			59.0000			
-2.3016			-16.6202			11.8414			-7.0000			159.0000			-109.0000			50.0000			
-1.7561			-16.0483			12.3943			-5.4000			162.0000			-103.0000			37.0000			
-0.6652			-17.1921			11.2884			-6.5000			163.0000			-94.0000			28.0000			
-0.6652			-20.6236			13.5003			-7.7000			165.0000			-87.0000			12.0000			
2.6076			-20.6236			10.7355			-7.2000			170.0000			-83.0000			2.0000			
2.0621			-21.1955			9.6296			-9.5000			175.0000			-74.0000			-13.0000			
5.3349			-20.6236			10.7355			-4.5000			177.0000			-68.0000			-26.0000			
5.8803			-19.4797			7.4177			-6.1000			174.0000			-59.0000			-38.0000			
9.1531			-21.7674			7.9707			-4.6000			172.0000			-50.0000			-49.0000			
8.0622			-17.7640			6.8648			-2.8000			165.0000			-40.0000			-62.0000			
11.3350			-22.3393			4.6529			-6.3000			163.0000			-33.0000			-74.0000			
8.0622			-18.3359			4.6529			-5.6000			158.0000			-25.0000			-85.0000			
10.2440			-17.7640			2.9941			-4.5000			153.0000			-13.0000			-99.0000			
9.1531			-17.1921			1.3352			-6.7000			151.0000			-6.0000			-111.0000			
9.1531			-17.1921			1.3352			-6.7000			145.0000			2.0000			-120.0000			
11.8804			-16.6202			0.7822			-3.9000			138.0000			8.0000			-121.0000			
15.1532			-18.3359			-0.3237			-3.5000			123.0000			16.0000			-124.0000			
14.6077			-17.1921			-1.9826			-4.5000			113.0000			25.0000			-130.0000			
15.1532			-16.6202			-4.1944			-5.6000			104.0000			35.0000			-138.0000			
16.2441			-14.3326			-4.1944			-2.2000			95.0000			42.0000			-146.0000			
12.9714			-12.0449			-4.1944			-3.2000			83.0000			48.0000			-150.0000			
15.1532			-10.3292			-6.4062			-1.5000			71.0000			55.0000			-153.0000			
11.3350			-9.1854			-5.8533			-3.7000			57.0000			63.0000			-155.0000			
17.8805			-12.0449			-8.6180			-2.7000			43.0000			68.0000			-157.0000			
16.7896			-10.3292			-9.1710			-2.7000			29.0000			74.0000			-160.0000			
17.8805			-9.7573			-11.3828			-3.2000			17.0000			78.0000			-159.0000			
16.2441			-8.0416			-11.9358			-3.7000			3.0000			84.0000			-164.0000			
16.2441			-6.8978			-11.9358			-2.5000			-14.0000			93.0000			-166.0000			
15.6987			-6.8978			-10.8299			-2.0000			-25.0000			95.0000			-165.0000			
14.6077			-5.7540			-12.4887			-3.6000			-37.0000			94.0000			-157.0000			
12.9714			-2.8944			-13.5947			-3.5000			-47.0000			95.0000			-154.0000			
13.5168			-1.1787			-14.1476			-1.8000			-63.0000			98.0000			-149.0000			
12.4259			-1.1787			-14.7006			-3.4000			-77.0000			101.0000			-145.0000			
11.8804			-1.1787			-13.5947			-2.8000			-91.0000			102.0000			-139.0000			
12.9714			0.5370			-15.8065			-2.3000			-100.0000			100.0000			-132.0000			
10.2440			2.8247			-14.7006			-1.6000			-112.0000			96.0000			-123.0000			
12.4259			3.9685			-18.0183			-1.6000			-120.0000			95.0000			-114.0000			
9.6986			5.6842			-18.0183			-2.6000			-129.0000			91.0000			-104.0000			
9.6986			5.6842			-18.0183			-2.6000			-138.0000			87.0000			-95.0000			
6.9713			6.2561			-16.3595			-3.1000			-148.0000			85.0000			-84.0000			
4.7894			5.6842			-14.7006			-4.2000			-159.0000			83.0000			-72.0000			
4.2440			6.8280			-13.5947			-2.5000			-169.0000			82.0000			-63.0000			
4.7894			7.9718			-14.7006			-1.9000			-172.0000			74.0000			-51.0000			
1.5167			9.6876			-13.0417			-1.8000			-172.0000			67.0000			-42.0000			
2.6076			10.8314			-13.5947			-0.1000			-173.0000			58.0000			-28.0000			
-0.1197			11.4033			-13.5947			-2.3000			-179.0000			54.0000			-17.0000			
-0.6652			10.8314			-11.9358			-1.7000			-182.0000			47.0000			-2.0000			
-3.3925			13.6909			-13.0417			-2.7000			-186.0000			40.0000			9.0000			
-4.4834			12.5471			-10.2769			-2.2000			-183.0000			31.0000			21.0000			
-6.6653			14.2628			-10.8299			-3.2000			-180.0000			22.0000			29.0000			
-6.6653			9.6876			-7.5121			-4.4000			-174.0000			13.0000			36.0000			
-9.9381			12.5471			-7.5121			-4.9000			-171.0000			5.0000			45.0000			
-8.8471			10.2595			-6.9592			-5.5000			-167.0000			-4.0000			55.0000			
-7.7562			9.1157			-5.8533			-4.4000			-161.0000			-14.0000			65.0000			
-8.8471			9.6876			-3.6414			-2.8000			-159.0000			-21.0000			78.0000			
-7.2107			9.1157			-3.6414			-1.7000			-153.0000			-30.0000			90.0000			
-9.3926			10.2595			-2.5355			-1.6000			-146.0000			-36.0000			97.0000			
-11.0290			9.1157			-0.3237			-2.2000			-132.0000			-46.0000			105.0000			
-12.1199			8.5437			0.7822			-2.7000			-122.0000			-54.0000			113.0000			
-13.7563			7.9718			1.8881			-3.8000			-112.0000			-65.0000			122.0000			
-15.3927			6.8280			2.4411			-6.1000			-103.0000			-72.0000			132.0000			
-10.4835			4.5404			2.9941			-2.9000			-91.0000			-78.0000			136.0000			
-11.5744			3.9685			4.1000			-3.5000			-78.0000			-84.0000			138.0000			
-8.3017			1.1089			4.6529			-2.5000			-65.0000			-91.0000			141.0000			
-13.2108			2.8247			7.4177			-2.9000			-52.0000			-97.0000			143.0000			
-14.3018			2.2528			7.4177			-4.6000			-39.0000			-102.0000			146.0000			
-15.3927			-0.0349			10.1825			-5.2000			-26.0000			-106.0000			146.0000			
-14.3018			-1.1787			10.7355			-4.7000			-12.0000			-114.0000			148.0000			
-13.2108			-2.3225			11.2884			-4.2000			3.0000			-120.0000			150.0000			
-12.1199			-0.0349			9.0766			-3.0000			15.0000			-122.0000			150.0000			
-12.6654			-2.8944			10.7355			-4.8000			26.0000			-121.0000			143.0000			
-9.9381			-5.1820			10.7355			-4.3000			38.0000			-121.0000			138.0000			
-10.4835			-6.3259			12.3943			-4.4000			52.0000			-124.0000			133.0000			
-11.0290			-6.3259			12.3943			-4.9000			67.0000			-128.0000			131.0000			
-7.2107			-8.0416			9.6296			-5.6000			81.0000			-128.0000			123.0000			
-10.4835			-9.1854			14.0532			-5.6000			90.0000			-128.0000			116.0000			
-6.6653			-9.1854			10.7355			-5.1000			100.0000			-123.0000			107.0000			
-11.0290			-12.6168			17.3710			-6.2000			111.0000			-121.0000			97.0000			
-7.7562			-14.3326			17.3710			-4.7000			120.0000			-118.0000			89.0000			
-9.3926			-12.6168			16.8180			-5.1000			128.0000			-115.0000			80.0000			
-3.3925			-15.4764			15.1591			-3.7000			139.0000			-112.0000			69.0000			
-3.3925			-13.7607			13.5003			-3.6000			151.0000			-110.0000			57.0000			
-1.7561			-14.3326			11.8414			-4.2000			160.0000			-109.0000			47.0000			
-2.3016			-13.7607			12.9473			-3.1000			163.0000			-100.0000			36.0000			
0.4257			-16.0483			11.2884			-4.3000			162.0000			-94.0000			26.0000			
-0.6652			-18.3359			12.9473			-6.0000			165.0000			-84.0000			11.0000			
2.0621			-18.3359			10.1825			-6.0000			171.0000			-81.0000			1.0000			
2.0621			-18.9078			9.0766			-7.7000			175.0000			-73.0000			-15.0000			
4.2440			-19.4797			11.2884			-3.9000			176.0000			-66.0000			-28.0000			
5.3349			-18.3359			6.8648			-6.1000			172.0000			-55.0000			-39.0000			
8.6077			-22.3393			8.5236			-5.2000			169.0000			-48.0000			-53.0000			
7.5167			-17.1921			6.3118			-3.3000			165.0000			-39.0000			-63.0000			
10.2440			-20.0517			5.7589			-4.0000			161.0000			-31.0000			-76.0000			
9.1531			-17.1921			5.2059			-2.8000			156.0000			-23.0000			-87.0000			
8.6077			-14.3326			2.9941			-2.7000			152.0000			-13.0000			-100.0000			
9.1531			-14.9045			1.8881			-3.8000			150.0000			-6.0000			-110.0000			
10.2440			-15.4764			0.2293			-5.0000			144.0000			4.0000			-116.0000			
10.2440			-15.4764			0.7822			-4.4000			135.0000			9.0000			-120.0000			
12.4259			-16.0483			-1.4296			-5.0000			121.0000			18.0000			-125.0000			
14.6077			-15.4764			-2.5355			-3.4000			112.0000			26.0000			-130.0000			
14.0623			-13.7607			-4.1944			-3.8000			102.0000			36.0000			-139.0000			
15.6987			-13.1888			-4.1944			-1.6000			93.0000			44.0000			-146.0000			
12.4259			-10.9011			-3.6414			-2.1000			80.0000			50.0000			-150.0000			
14.6077			-11.4730			-6.9592			-3.8000			68.0000			55.0000			-153.0000			
12.9714			-8.0416			-6.4062			-1.4000			54.0000			62.0000			-154.0000			
15.6987			-9.7573			-7.5121			-1.5000			41.0000			69.0000			-157.0000			
15.1532			-9.1854			-9.1710			-3.2000			28.0000			75.0000			-161.0000			
12.9714			-6.3259			-10.2769			-3.6000			16.0000			79.0000			-159.0000			
15.1532			-5.1820			-11.3828			-1.4000			-1.0000			86.0000			-163.0000			
16.7896			-5.7540			-13.0417			-2.0000			-16.0000			94.0000			-166.0000			
15.1532			-6.3259			-11.3828			-2.5000			-27.0000			95.0000			-163.0000			
16.2441			-5.1820			-14.1476			-3.0000			-39.0000			95.0000			-157.0000			
12.9714			-2.3225			-13.0417			-2.3000			-49.0000			95.0000			-152.0000			
12.4259			-0.6068			-13.5947			-1.7000			-67.0000			99.0000			-148.0000			
11.8804			-0.6068			-14.1476			-2.8000			-79.0000			102.0000			-144.0000			
9.6986			-0.0349			-11.9358			-2.2000			-93.0000			103.0000			-138.0000			
12.4259			1.6809			-15.8065			-1.7000			-103.0000			100.0000			-130.0000			
9.1531			3.3966			-14.1476			-1.6000			-113.0000			97.0000			-121.0000			
11.8804			6.8280			-18.5713			0.1000			-121.0000			95.0000			-112.0000			
8.0622			9.1157			-17.4654			-0.2000			-131.0000			91.0000			-104.0000			
10.7895			5.6842			-17.4654			-1.0000			-138.0000			87.0000			-92.0000			
6.4258			9.1157			-17.4654			-1.9000			-148.0000			85.0000			-83.0000			
4.7894			7.3999			-14.7006			-2.5000			-160.0000			82.0000			-71.0000			
3.1530			9.1157			-13.5947			-1.3000			-170.0000			81.0000			-62.0000			
3.6985			9.1157			-15.8065			-3.0000			-173.0000			73.0000			-50.0000			
0.9712			10.2595			-13.5947			-2.3000			-173.0000			67.0000			-40.0000			
0.4257			10.8314			-12.4887			-1.2000			-174.0000			57.0000			-26.0000			
-1.2107			11.9752			-13.0417			-2.2000			-180.0000			53.0000			-16.0000			
-1.2107			11.4033			-10.2769			0.0000			-184.0000			47.0000			-1.0000			
-2.3016			15.4066			-13.0417			0.0000			-186.0000			39.0000			11.0000			
-5.0289			12.5471			-8.6180			-1.1000			-183.0000			30.0000			22.0000			
-6.6653			17.1224			-10.8299			-0.3000			-178.0000			20.0000			30.0000			
-8.3017			13.6909			-8.6180			-3.2000			-173.0000			11.0000			37.0000			
-9.3926			15.4066			-9.1710			-3.1000			-171.0000			3.0000			45.0000			
-11.0290			13.1190			-6.9592			-4.8000			-167.0000			-5.0000			56.0000			
-9.3926			10.8314			-5.3003			-3.8000			-161.0000			-15.0000			68.0000			
-9.9381			10.8314			-3.6414			-2.7000			-161.0000			-23.0000			81.0000			
-9.3926			10.8314			-3.6414			-2.2000			-153.0000			-31.0000			93.0000			
-9.3926			8.5437			-1.9826			-2.8000			-145.0000			-37.0000			100.0000			
-11.5744			10.2595			-0.3237			-1.6000			-131.0000			-47.0000			106.0000			
-13.2108			9.1157			0.7822			-3.3000			-121.0000			-56.0000			115.0000			
-15.9381			9.6876			2.9941			-3.2000			-112.0000			-65.0000			124.0000			
-17.0291			9.6876			2.4411			-4.9000			-103.0000			-72.0000			131.0000			
-12.1199			6.8280			1.8881			-3.4000			-89.0000			-80.0000			136.0000			
-14.8472			6.2561			4.6529			-3.9000			-77.0000			-85.0000			139.0000			
-11.5744			3.3966			5.2059			-2.9000			-64.0000			-91.0000			141.0000			
-14.8472			1.6809			7.9707			-5.1000			-49.0000			-97.0000			143.0000			
-13.7563			3.3966			7.4177			-2.9000			-36.0000			-103.0000			146.0000			
-13.2108			-0.0349			9.0766			-4.1000			-23.0000			-107.0000			145.0000			
-13.7563			-1.1787			9.6296			-5.3000			-10.0000			-114.0000			149.0000			
-13.7563			-0.0349			11.8414			-1.9000			5.0000			-120.0000			150.0000			
-13.7563			-1.1787			9.6296			-5.3000			15.0000			-122.0000			150.0000			
-14.3018			-1.1787			11.2884			-4.1000			28.0000			-121.0000			142.0000			
-12.6654			-3.4663			11.8414			-4.2000			40.0000			-121.0000			137.0000			
-10.4835			-5.7540			11.8414			-4.4000			56.0000			-125.0000			132.0000			
-13.2108			-5.1820			14.0532			-4.3000			68.0000			-128.0000			131.0000			
-6.1198			-6.3259			9.6296			-2.8000			82.0000			-128.0000			122.0000			
-10.4835			-7.4697			13.5003			-4.4000			92.0000			-125.0000			114.0000			
-7.7562			-8.6135			12.3943			-3.9000			102.0000			-123.0000			105.0000			
-9.3926			-10.9011			16.8180			-3.4000			111.0000			-122.0000			95.0000			
-7.7562			-14.9045			16.8180			-5.8000			121.0000			-119.0000			88.0000			
-9.3926			-12.0449			15.7121			-5.7000			130.0000			-115.0000			77.0000			
-4.4834			-14.9045			14.6062			-4.7000			140.0000			-112.0000			68.0000			
-4.4834			-13.7607			14.0532			-4.1000			153.0000			-110.0000			55.0000			
-1.7561			-14.9045			12.9473			-3.7000			160.0000			-108.0000			46.0000			
-2.8470			-14.9045			13.5003			-4.2000			163.0000			-100.0000			34.0000			
0.4257			-16.0483			12.9473			-2.6000			161.0000			-92.0000			24.0000			
-0.1197			-17.1921			10.7355			-6.5000			166.0000			-85.0000			11.0000			
1.5167			-17.1921			11.2884			-4.3000			170.0000			-80.0000			-3.0000			
1.5167			-16.6202			8.5236			-6.5000			175.0000			-72.0000			-17.0000			
2.6076			-18.9078			10.7355			-5.5000			176.0000			-66.0000			-29.0000			
4.7894			-17.1921			5.7589			-6.6000			171.0000			-56.0000			-41.0000			
6.9713			-22.3393			8.5236			-6.8000			170.0000			-47.0000			-53.0000			
8.6077			-18.9078			6.8648			-3.4000			164.0000			-39.0000			-65.0000			
8.6077			-21.1955			6.8648			-5.7000			161.0000			-30.0000			-77.0000			
10.2440			-18.9078			4.6529			-4.0000			156.0000			-21.0000			-89.0000			
9.1531			-14.9045			2.4411			-3.3000			151.0000			-11.0000			-103.0000			
9.6986			-14.3326			1.8881			-2.7000			150.0000			-4.0000			-112.0000			
9.1531			-13.7607			1.8881			-2.7000			143.0000			4.0000			-118.0000			
8.6077			-13.1888			0.7822			-3.8000			134.0000			10.0000			-120.0000			
10.2440			-14.9045			-1.4296			-6.0000			120.0000			19.0000			-125.0000			
13.5168			-13.1888			-2.5355			-2.2000			111.0000			27.0000			-131.0000			
13.5168			-12.6168			-4.7473			-3.8000			101.0000			37.0000			-140.0000			
16.2441			-14.3326			-5.3003			-3.3000			92.0000			43.0000			-147.0000			
13.5168			-10.3292			-4.7473			-1.5000			79.0000			51.0000			-150.0000			
15.6987			-10.9011			-5.8533			-1.0000			67.0000			57.0000			-152.0000			
14.6077			-8.0416			-6.9592			-0.3000			53.0000			63.0000			-155.0000			
13.5168			-8.6135			-7.5121			-2.6000			39.0000			69.0000			-159.0000			
13.5168			-7.4697			-8.6180			-2.5000			26.0000			75.0000			-160.0000			
11.3350			-4.0382			-9.7240			-2.4000			12.0000			81.0000			-161.0000			
12.9714			-4.0382			-10.2769			-1.3000			-2.0000			87.0000			-164.0000			
16.7896			-4.0382			-13.0417			-0.2000			-17.0000			93.0000			-164.0000			
12.9714			-5.1820			-10.8299			-3.0000			-27.0000			95.0000			-164.0000			
15.1532			-2.8944			-13.0417			-0.7000			-39.0000			95.0000			-157.0000			
14.0623			-1.1787			-15.2535			-2.3000			-51.0000			96.0000			-151.0000			
11.3350			-0.0349			-14.1476			-2.8000			-67.0000			99.0000			-147.0000			
14.6077			-0.6068			-15.2535			-1.2000			-81.0000			102.0000			-144.0000			
7.5167			1.1089			-10.2769			-1.6000			-94.0000			103.0000			-137.0000			
10.7895			2.8247			-15.2535			-1.6000			-104.0000			99.0000			-129.0000			
8.0622			4.5404			-14.1476			-1.5000			-115.0000			95.0000			-120.0000			
10.2440			5.6842			-16.3595			-0.4000			-123.0000			94.0000			-112.0000			
8.0622			7.9718			-17.4654			-1.4000			-133.0000			91.0000			-103.0000			
9.6986			6.8280			-16.3595			0.1000			-140.0000			88.0000			-91.0000			
6.4258			9.6876			-17.4654			-1.3000			-150.0000			85.0000			-83.0000			
5.8803			8.5437			-15.8065			-1.3000			-162.0000			82.0000			-70.0000			
3.1530			10.2595			-15.2535			-1.8000			-171.0000			81.0000			-61.0000			
3.1530			10.2595			-15.2535			-1.8000			-173.0000			72.0000			-49.0000			
-0.1197			10.2595			-13.0417			-2.8000			-173.0000			65.0000			-38.0000			
-0.6652			11.4033			-12.4887			-1.7000			-173.0000			57.0000			-24.0000			
-2.3016			10.8314			-13.0417			-4.5000			-179.0000			53.0000			-13.0000			
-2.3016			10.2595			-9.1710			-1.2000			-185.0000			45.0000			-1.0000			
-3.3925			14.8347			-11.9358			-0.5000			-184.0000			37.0000			13.0000			
-5.0289			11.9752			-8.0651			-1.1000			-182.0000			29.0000			24.0000			
-5.5744			15.4066			-11.3828			-1.5000			-178.0000			19.0000			30.0000			
-8.8471			15.9786			-8.6180			-1.4000			-174.0000			10.0000			37.0000			
-8.3017			16.5505			-9.7240			-1.4000			-170.0000			2.0000			46.0000			
-11.5744			14.8347			-5.8533			-2.5000			-166.0000			-7.0000			57.0000			
-10.4835			10.8314			-5.3003			-4.9000			-161.0000			-17.0000			69.0000			
-9.9381			10.2595			-4.1944			-3.8000			-158.0000			-23.0000			83.0000			
-9.3926			9.6876			-3.6414			-3.3000			-152.0000			-32.0000			93.0000			
-9.3926			7.9718			-3.0885			-4.5000			-142.0000			-39.0000			99.0000			
-10.4835			8.5437			-0.8766			-2.8000			-129.0000			-48.0000			107.0000			
-14.3018			10.2595			1.3352			-2.7000			-120.0000			-56.0000			116.0000			
-13.2108			7.9718			2.9941			-2.2000			-110.0000			-65.0000			125.0000			
-16.4836			11.4033			3.5470			-1.5000			-101.0000			-73.0000			134.0000			
-12.6654			5.6842			4.6529			-2.3000			-89.0000			-79.0000			136.0000			
-15.9381			6.8280			4.6529			-4.4000			-76.0000			-86.0000			139.0000			
-13.7563			5.1123			5.7589			-2.8000			-61.0000			-92.0000			140.0000			
-15.9381			2.2528			7.4177			-6.2000			-48.0000			-98.0000			143.0000			
-14.3018			3.9685			6.8648			-3.4000			-36.0000			-103.0000			146.0000			
-11.0290			1.1089			7.9707			-1.9000			-22.0000			-109.0000			146.0000			
-12.6654			0.5370			8.5236			-3.6000			-7.0000			-116.0000			150.0000			
-12.6654			-0.6068			10.7355			-2.5000			8.0000			-121.0000			150.0000			
-12.6654			-0.0349			8.5236			-4.1000			18.0000			-122.0000			149.0000			
-14.8472			-1.7506			11.8414			-4.7000			29.0000			-120.0000			142.0000			
-13.7563			-2.8944			13.5003			-3.1000			41.0000			-121.0000			137.0000			
-11.0290			-5.7540			12.3943			-4.3000			58.0000			-126.0000			132.0000			
-14.3018			-5.1820			14.6062			-4.8000			71.0000			-128.0000			130.0000			
-6.6653			-5.1820			9.6296			-2.2000			83.0000			-127.0000			121.0000			
-11.0290			-6.3259			12.9473			-4.4000			94.0000			-124.0000			113.0000			
-7.7562			-8.0416			12.9473			-2.8000			103.0000			-121.0000			105.0000			
-7.7562			-9.7573			14.6062			-2.9000			113.0000			-120.0000			94.0000			
-8.3017			-12.6168			15.1591			-5.7000			122.0000			-118.0000			87.0000			
-8.3017			-11.4730			14.6062			-5.1000			130.0000			-113.0000			77.0000			
-5.0289			-14.3326			14.6062			-4.7000			142.0000			-113.0000			66.0000			
-6.6653			-13.7607			14.6062			-5.8000			153.0000			-110.0000			54.0000			
-2.8470			-14.3326			14.0532			-3.1000			162.0000			-107.0000			45.0000			
-2.3016			-14.9045			12.9473			-4.2000			161.0000			-99.0000			33.0000			
0.4257			-15.4764			12.3943			-2.6000			163.0000			-90.0000			21.0000			
0.9712			-14.3326			10.7355			-2.6000			167.0000			-85.0000			9.0000			
2.6076			-17.1921			11.2884			-3.3000			173.0000			-80.0000			-3.0000			
3.1530			-13.1888			7.9707			-2.0000			175.0000			-71.0000			-18.0000			
4.2440			-18.3359			10.1825			-3.9000			175.0000			-64.0000			-30.0000			
4.7894			-17.7640			6.8648			-6.1000			171.0000			-55.0000			-41.0000			
6.4258			-20.6236			7.9707			-6.2000			168.0000			-46.0000			-54.0000			
9.1531			-21.7674			5.7589			-6.8000			165.0000			-38.0000			-66.0000			
8.0622			-21.1955			6.8648			-6.2000			159.0000			-28.0000			-79.0000			
11.3350			-18.9078			4.1000			-3.4000			156.0000			-21.0000			-90.0000			
11.3350			-16.0483			2.4411			-2.2000			151.0000			-9.0000			-104.0000			
9.6986			-14.3326			1.8881			-2.7000			149.0000			-4.0000			-113.0000			
10.7895			-15.4764			1.3352			-3.3000			141.0000			5.0000			-120.0000			
9.6986			-12.6168			1.3352			-1.5000			133.0000			12.0000			-122.0000			
9.1531			-12.6168			-0.8766			-4.3000			119.0000			20.0000			-126.0000			
14.0623			-13.7607			-3.0885			-2.7000			109.0000			28.0000			-132.0000			
12.4259			-11.4730			-3.6414			-2.6000			99.0000			39.0000			-141.0000			
16.7896			-13.7607			-4.1944			-1.1000			90.0000			45.0000			-148.0000			
12.9714			-9.7573			-5.3003			-2.0000			77.0000			52.0000			-151.0000			
17.3351			-12.0449			-6.9592			-1.6000			64.0000			58.0000			-154.0000			
16.2441			-8.6135			-7.5121			0.1000			53.0000			63.0000			-155.0000			
15.6987			-8.0416			-9.1710			-1.5000			37.0000			71.0000			-157.0000			
14.6077			-7.4697			-7.5121			-0.3000			25.0000			75.0000			-160.0000			
10.7895			-4.0382			-9.7240			-2.9000			10.0000			82.0000			-160.0000			
12.4259			-3.4663			-8.6180			0.3000			-4.0000			88.0000			-164.0000			
14.0623			-2.8944			-11.9358			-0.7000			-17.0000			95.0000			-166.0000			
12.9714			-4.0382			-10.8299			-1.8000			-28.0000			95.0000			-162.0000			
15.1532			-1.1787			-13.0417			0.9000			-41.0000			94.0000			-156.0000			
16.2441			-0.6068			-16.3595			-0.7000			-53.0000			95.0000			-151.0000			
10.7895			2.2528			-13.5947			-0.5000			-69.0000			99.0000			-146.0000			
14.6077			2.2528			-16.9124			0.0000			-83.0000			102.0000			-143.0000			
8.6077			2.8247			-12.4887			-1.0000			-95.0000			102.0000			-137.0000			
11.3350			2.8247			-14.7006			-0.5000			-105.0000			99.0000			-128.0000			
8.0622			5.1123			-15.2535			-2.0000			-115.0000			96.0000			-119.0000			
9.6986			5.6842			-15.8065			-0.4000			-124.0000			93.0000			-110.0000			
9.1531			8.5437			-17.4654			0.2000			-134.0000			92.0000			-102.0000			
7.5167			7.9718			-15.8065			-0.3000			-142.0000			88.0000			-89.0000			
5.8803			10.8314			-17.4654			-0.7000			-153.0000			85.0000			-81.0000			
5.8803			10.8314			-17.4654			-0.7000			-164.0000			83.0000			-69.0000			
3.6985			10.8314			-15.2535			-0.7000			-173.0000			79.0000			-60.0000			
4.2440			11.4033			-15.2535			0.3000			-173.0000			70.0000			-47.0000			
0.4257			11.4033			-14.1476			-2.3000			-172.0000			63.0000			-37.0000			
-1.2107			11.9752			-11.9358			-1.1000			-176.0000			55.0000			-24.0000			
-1.7561			12.5471			-12.4887			-1.7000			-181.0000			51.0000			-11.0000			
-3.3925			10.8314			-9.1710			-1.7000			-185.0000			44.0000			3.0000			
-4.4834			14.8347			-11.9358			-1.5000			-185.0000			37.0000			15.0000			
-4.4834			11.4033			-9.1710			-2.2000			-181.0000			27.0000			26.0000			
-4.4834			15.4066			-9.7240			1.1000			-177.0000			19.0000			31.0000			
-8.3017			15.4066			-7.5121			-0.4000			-174.0000			10.0000			39.0000			
-8.8471			16.5505			-8.6180			-0.9000			-169.0000			1.0000			50.0000			
-10.4835			15.4066			-5.8533			-0.9000			-165.0000			-7.0000			59.0000			
-11.5744			13.1190			-4.7473			-3.2000			-161.0000			-17.0000			72.0000			
-9.9381			10.2595			-3.6414			-3.3000			-158.0000			-25.0000			85.0000			
-9.3926			11.4033			-4.1944			-2.1000			-150.0000			-32.0000			93.0000			
-8.8471			7.9718			-2.5355			-3.4000			-141.0000			-39.0000			101.0000			
-8.8471			9.1157			-0.8766			-0.6000			-128.0000			-50.0000			108.0000			
-13.7563			10.2595			0.7822			-2.7000			-119.0000			-57.0000			116.0000			
-11.0290			6.2561			2.4411			-2.3000			-109.0000			-67.0000			126.0000			
-14.8472			10.8314			3.5470			-0.4000			-99.0000			-74.0000			135.0000			
-13.7563			6.8280			4.6529			-2.2000			-87.0000			-81.0000			137.0000			
-15.3927			7.3999			5.2059			-2.7000			-74.0000			-87.0000			139.0000			
-15.9381			6.8280			6.3118			-2.8000			-60.0000			-91.0000			142.0000			
-16.4836			3.9685			9.0766			-3.4000			-46.0000			-100.0000			145.0000			
-15.3927			6.2561			6.8648			-2.2000			-34.0000			-103.0000			146.0000			
-11.0290			0.5370			7.4177			-3.0000			-19.0000			-109.0000			146.0000			
-11.0290			-0.0349			7.4177			-3.6000			-6.0000			-116.0000			149.0000			
-12.1199			-1.1787			10.1825			-3.1000			8.0000			-121.0000			150.0000			
-12.6654			0.5370			10.1825			-1.9000			19.0000			-122.0000			149.0000			
-13.2108			-1.7506			11.2884			-3.6000			32.0000			-120.0000			141.0000			
-15.9381			-2.8944			15.1591			-3.6000			42.0000			-122.0000			136.0000			
-9.9381			-5.7540			11.8414			-3.8000			59.0000			-126.0000			132.0000			
-13.7563			-5.1820			15.1591			-3.7000			74.0000			-129.0000			129.0000			
-8.8471			-3.4663			10.7355			-1.5000			85.0000			-129.0000			121.0000			
-10.4835			-6.8978			13.5003			-3.8000			95.0000			-125.0000			112.0000			
-7.7562			-8.0416			13.5003			-2.2000			104.0000			-122.0000			103.0000			
-7.2107			-8.6135			13.5003			-2.3000			114.0000			-119.0000			93.0000			
-7.7562			-10.3292			15.7121			-2.3000			124.0000			-118.0000			86.0000			
-5.5744			-10.3292			13.5003			-2.4000			131.0000			-113.0000			75.0000			
-5.0289			-12.0449			12.9473			-4.1000			141.0000			-111.0000			65.0000			
-5.0289			-12.6168			12.9473			-4.6000			154.0000			-108.0000			52.0000			
-2.8470			-14.3326			13.5003			-3.6000			161.0000			-105.0000			43.0000			
-2.8470			-13.7607			12.3943			-4.2000			162.0000			-97.0000			31.0000			
0.4257			-15.4764			12.3943			-2.6000			163.0000			-89.0000			20.0000			
2.0621			-14.3326			10.7355			-1.5000			166.0000			-82.0000			7.0000			
3.6985			-15.4764			11.8414			0.0000			172.0000			-78.0000			-6.0000			
3.6985			-12.0449			9.0766			0.7000			175.0000			-70.0000			-18.0000			
4.7894			-16.6202			10.1825			-1.6000			175.0000			-62.0000			-32.0000			
5.3349			-16.0483			7.4177			-3.2000			171.0000			-54.0000			-43.0000			
5.3349			-17.1921			7.9707			-3.8000			167.0000			-44.0000			-56.0000			
9.6986			-18.9078			5.7589			-3.4000			164.0000			-36.0000			-68.0000			
8.0622			-18.9078			6.8648			-3.9000			159.0000			-27.0000			-81.0000			
9.6986			-17.1921			4.6529			-2.8000			155.0000			-19.0000			-91.0000			
12.4259			-17.7640			2.9941			-2.3000			151.0000			-9.0000			-105.0000			
11.8804			-13.7607			2.4411			0.5000			149.0000			-2.0000			-114.0000			
10.7895			-14.9045			1.8881			-2.2000			140.0000			7.0000			-120.0000			
11.3350			-12.0449			0.2293			-0.4000			130.0000			12.0000			-122.0000			
8.6077			-10.3292			0.2293			-1.4000			118.0000			23.0000			-127.0000			
13.5168			-12.6168			-3.0885			-2.1000			109.0000			30.0000			-134.0000			
10.2440			-7.4697			-4.1944			-1.4000			98.0000			40.0000			-143.0000			
16.2441			-12.6168			-5.3003			-1.6000			88.0000			47.0000			-150.0000			
13.5168			-9.1854			-5.8533			-1.5000			77.0000			53.0000			-152.0000			
16.7896			-10.3292			-6.9592			-0.4000			63.0000			59.0000			-154.0000			
16.2441			-9.7573			-8.6180			-2.1000			50.0000			65.0000			-155.0000			
17.3351			-6.8978			-10.2769			0.1000			35.0000			72.0000			-160.0000			
15.6987			-8.0416			-9.1710			-1.5000			23.0000			76.0000			-160.0000			
12.4259			-2.8944			-10.8299			-1.3000			8.0000			83.0000			-160.0000			
12.4259			-3.4663			-9.7240			-0.7000			-6.0000			91.0000			-164.0000			
12.9714			-1.7506			-10.8299			0.3000			-20.0000			95.0000			-165.0000			
12.9714			-2.8944			-10.8299			-0.7000			-30.0000			96.0000			-163.0000			
11.3350			0.5370			-11.3828			0.4000			-42.0000			95.0000			-155.0000			
16.7896			1.1089			-16.3595			1.5000			-54.0000			97.0000			-151.0000			
10.7895			2.8247			-13.0417			0.5000			-70.0000			100.0000			-147.0000			
14.0623			2.8247			-17.4654			-0.5000			-84.0000			103.0000			-143.0000			
11.3350			2.2528			-14.7006			-1.1000			-96.0000			103.0000			-135.0000			
11.3350			3.3966			-15.8065			-1.0000			-106.0000			99.0000			-127.0000			
9.6986			6.2561			-16.3595			-0.4000			-116.0000			97.0000			-119.0000			
8.6077			6.8280			-16.9124			-1.4000			-125.0000			94.0000			-108.0000			
9.1531			7.9718			-17.4654			-0.3000			-135.0000			92.0000			-101.0000			
5.8803			10.2595			-15.8065			0.3000			-143.0000			87.0000			-90.0000			
4.7894			9.6876			-15.8065			-1.3000			-153.0000			85.0000			-79.0000			
6.9713			10.8314			-15.8065			1.9000			-165.0000			83.0000			-68.0000			
3.6985			11.4033			-14.7006			0.3000			-172.0000			79.0000			-59.0000			
3.6985			11.9752			-14.7006			0.9000			-172.0000			70.0000			-45.0000			
0.9712			13.6909			-15.2535			-0.5000			-173.0000			62.0000			-36.0000			
-1.7561			13.6909			-12.4887			-0.5000			-176.0000			56.0000			-22.0000			
-2.3016			15.9786			-14.1476			-0.4000			-182.0000			50.0000			-9.0000			
-3.3925			12.5471			-10.8299			-1.6000			-185.0000			43.0000			4.0000			
-3.3925			14.8347			-10.2769			1.1000			-183.0000			36.0000			16.0000			
-5.0289			13.1190			-8.6180			-0.5000			-180.0000			26.0000			25.0000			
-5.0289			13.6909			-8.6180			0.0000			-176.0000			17.0000			33.0000			
-10.4835			16.5505			-6.4062			-0.3000			-174.0000			10.0000			41.0000			
-7.7562			17.6943			-9.1710			0.7000			-169.0000			1.0000			50.0000			
-9.9381			17.1224			-6.4062			0.7000			-166.0000			-8.0000			60.0000			
-11.0290			15.9786			-4.7473			0.2000			-159.0000			-18.0000			73.0000			
-11.0290			13.1190			-3.6414			-1.5000			-158.0000			-25.0000			85.0000			
-10.4835			12.5471			-3.6414			-1.5000			-149.0000			-33.0000			96.0000			
-11.5744			9.1157			-1.9826			-4.4000			-139.0000			-40.0000			100.0000			
-8.8471			10.2595			-1.9826			-0.5000			-126.0000			-50.0000			108.0000			
-14.8472			11.4033			1.3352			-2.1000			-117.0000			-58.0000			117.0000			
-12.6654			6.2561			2.9941			-3.4000			-108.0000			-66.0000			126.0000			
-14.8472			10.2595			2.9941			-1.5000			-97.0000			-75.0000			135.0000			
-13.7563			6.8280			5.2059			-1.7000			-86.0000			-80.0000			137.0000			
-14.3018			8.5437			5.7589			0.0000			-71.0000			-86.0000			139.0000			
-16.4836			7.9718			6.8648			-1.6000			-59.0000			-91.0000			139.0000			
-18.1200			5.6842			10.7355			-1.7000			-44.0000			-100.0000			144.0000			
-17.0291			6.8280			7.9707			-2.2000			-33.0000			-103.0000			145.0000			
-14.8472			1.6809			9.0766			-4.0000			-18.0000			-109.0000			145.0000			
-13.2108			2.8247			8.5236			-1.8000			-4.0000			-116.0000			149.0000			
-12.1199			-0.6068			8.5236			-4.2000			11.0000			-122.0000			151.0000			
-13.7563			1.1089			9.6296			-3.0000			20.0000			-121.0000			148.0000			
-10.4835			-1.1787			9.6296			-2.0000			33.0000			-121.0000			140.0000			
-15.3927			-3.4663			15.1591			-3.7000			44.0000			-121.0000			135.0000			
-11.0290			-4.0382			11.8414			-3.2000			61.0000			-127.0000			132.0000			
-14.8472			-4.0382			15.1591			-3.7000			75.0000			-129.0000			127.0000			
-11.5744			-5.1820			13.5003			-3.2000			86.0000			-127.0000			121.0000			
-11.0290			-5.7540			14.0532			-2.7000			96.0000			-124.0000			111.0000			
-9.3926			-7.4697			15.7121			-1.1000			105.0000			-122.0000			102.0000			
-8.3017			-8.6135			14.6062			-2.3000			116.0000			-119.0000			92.0000			
-8.3017			-9.7573			15.7121			-2.3000			126.0000			-118.0000			84.0000			
-6.1198			-9.7573			13.5003			-2.3000			133.0000			-112.0000			73.0000			
-3.9380			-10.3292			11.8414			-2.4000			145.0000			-111.0000			63.0000			
-6.1198			-11.4730			12.3943			-5.2000			155.0000			-107.0000			51.0000			
-3.3925			-12.6168			12.9473			-3.0000			162.0000			-105.0000			43.0000			
-3.9380			-14.3326			12.9473			-5.3000			162.0000			-96.0000			30.0000			
-0.1197			-16.0483			13.5003			-2.6000			163.0000			-88.0000			19.0000			
1.5167			-14.3326			10.1825			-2.6000			166.0000			-81.0000			6.0000			
2.6076			-17.1921			11.8414			-2.7000			173.0000			-75.0000			-9.0000			
3.6985			-13.7607			9.0766			-0.9000			176.0000			-69.0000			-20.0000			
4.2440			-16.0483			8.5236			-3.2000			175.0000			-61.0000			-33.0000			
5.3349			-15.4764			7.4177			-2.7000			171.0000			-53.0000			-45.0000			
5.3349			-15.4764			7.9707			-2.1000			167.0000			-42.0000			-58.0000			
8.6077			-16.6202			5.7589			-2.2000			165.0000			-35.0000			-70.0000			
6.9713			-18.3359			5.7589			-5.6000			158.0000			-26.0000			-81.0000			
8.6077			-17.1921			4.1000			-4.4000			155.0000			-18.0000			-94.0000			
10.7895			-17.7640			1.8881			-5.0000			150.0000			-8.0000			-107.0000			
11.3350			-14.3326			1.3352			-1.6000			148.0000			-2.0000			-116.0000			
9.1531			-13.7607			2.4411			-2.1000			138.0000			7.0000			-120.0000			
12.9714			-14.3326			-0.8766			-2.2000			129.0000			13.0000			-122.0000			
7.5167			-9.1854			-0.3237			-1.9000			117.0000			23.0000			-127.0000			
13.5168			-13.1888			-3.0885			-2.7000			107.0000			31.0000			-135.0000			
11.3350			-8.6135			-4.1944			-1.4000			99.0000			42.0000			-143.0000			
14.0623			-10.3292			-4.7473			-1.0000			87.0000			48.0000			-150.0000			
12.9714			-7.4697			-5.8533			-0.3000			76.0000			54.0000			-153.0000			
14.0623			-8.0416			-5.8533			0.1000			61.0000			61.0000			-154.0000			
16.7896			-8.0416			-9.1710			-0.4000			48.0000			67.0000			-157.0000			
17.3351			-7.4697			-11.9358			-2.0000			34.0000			74.0000			-159.0000			
16.7896			-7.4697			-10.2769			-0.9000			21.0000			78.0000			-160.0000			
14.0623			-2.8944			-11.3828			-0.2000			6.0000			86.0000			-161.0000			
13.5168			-4.0382			-9.7240			-0.2000			-8.0000			92.0000			-165.0000			
10.7895			-2.3225			-10.2769			-1.8000			-22.0000			96.0000			-165.0000			
10.2440			-2.3225			-9.7240			-1.8000			-33.0000			95.0000			-161.0000			
9.6986			1.6809			-10.2769			1.0000			-43.0000			95.0000			-154.0000			
14.6077			1.1089			-15.2535			0.4000			-57.0000			97.0000			-150.0000			
9.6986			2.8247			-14.1476			-1.6000			-72.0000			101.0000			-148.0000			
14.0623			2.8247			-16.3595			0.5000			-86.0000			103.0000			-142.0000			
12.4259			3.3966			-15.2535			0.5000			-97.0000			102.0000			-135.0000			
10.7895			4.5404			-15.2535			0.0000			-107.0000			99.0000			-126.0000			
10.2440			6.2561			-17.4654			-0.9000			-117.0000			97.0000			-118.0000			
8.6077			6.8280			-16.3595			-0.9000			-127.0000			94.0000			-107.0000			
8.0622			8.5437			-17.4654			-0.8000			-136.0000			91.0000			-98.0000			
5.3349			9.6876			-14.7006			0.3000			-143.0000			88.0000			-88.0000			
2.6076			10.2595			-13.0417			-0.1000			-154.0000			87.0000			-78.0000			
5.3349			9.6876			-14.1476			0.8000			-165.0000			84.0000			-67.0000			
4.2440			12.5471			-15.8065			0.9000			-173.0000			81.0000			-57.0000			
2.6076			11.9752			-13.5947			0.9000			-171.0000			70.0000			-46.0000			
0.4257			16.5505			-14.7006			2.2000			-172.0000			63.0000			-33.0000			
-1.2107			14.2628			-13.0417			0.0000			-177.0000			56.0000			-21.0000			
-3.3925			17.1224			-13.0417			0.6000			-183.0000			51.0000			-9.0000			
-4.4834			14.2628			-10.8299			-1.0000			-185.0000			43.0000			5.0000			
-5.0289			14.8347			-11.3828			-1.5000			-184.0000			35.0000			17.0000			
-6.6653			13.1190			-9.1710			-2.7000			-182.0000			27.0000			27.0000			
-7.2107			13.1190			-10.2769			-4.3000			-177.0000			16.0000			35.0000			
-11.0290			15.9786			-5.3003			-0.3000			-175.0000			10.0000			42.0000			
-8.3017			17.6943			-9.1710			0.2000			-168.0000			-1.0000			51.0000			
-9.3926			15.9786			-5.3003			1.2000			-165.0000			-8.0000			60.0000			
-9.9381			15.4066			-3.6414			1.8000			-159.0000			-20.0000			74.0000			
-11.5744			13.1190			-2.5355			-0.9000			-158.0000			-26.0000			87.0000			
-10.4835			12.5471			-3.6414			-1.5000			-148.0000			-34.0000			96.0000			
-13.2108			12.5471			-1.4296			-2.1000			-138.0000			-40.0000			101.0000			
-10.4835			9.6876			-1.9826			-2.7000			-125.0000			-51.0000			109.0000			
-15.3927			11.9752			1.3352			-2.0000			-116.0000			-59.0000			119.0000			
-13.2108			6.2561			2.9941			-3.9000			-107.0000			-67.0000			128.0000			
-13.7563			9.6876			2.4411			-1.6000			-95.0000			-76.0000			135.0000			
-12.6654			5.6842			3.5470			-3.4000			-84.0000			-81.0000			138.0000			
-12.6654			6.8280			4.6529			-1.1000			-70.0000			-88.0000			139.0000			
-17.0291			6.2561			6.8648			-3.9000			-57.0000			-92.0000			140.0000			
-18.6654			6.2561			11.2884			-1.1000			-43.0000			-100.0000			144.0000			
-18.1200			7.3999			7.9707			-2.7000			-31.0000			-103.0000			145.0000			
-14.8472			2.8247			9.6296			-2.3000			-17.0000			-110.0000			146.0000			
-14.3018			3.9685			8.5236			-1.8000			-2.0000			-116.0000			150.0000			
-11.5744			1.1089			8.5236			-1.9000			11.0000			-122.0000			150.0000			
-13.7563			1.1089			9.0766			-3.5000			22.0000			-122.0000			146.0000			
-9.3926			-1.7506			9.0766			-2.0000			33.0000			-120.0000			140.0000			
-13.2108			-1.7506			14.0532			-0.9000			47.0000			-122.0000			135.0000			
-11.5744			-3.4663			13.5003			-1.5000			61.0000			-125.0000			132.0000			
-13.2108			-3.4663			14.6062			-2.0000			75.0000			-128.0000			127.0000			
-11.5744			-5.7540			15.1591			-2.1000			85.0000			-126.0000			120.0000			
-10.4835			-6.8978			14.0532			-3.3000			97.0000			-123.0000			109.0000			
-10.4835			-8.6135			16.2650			-2.8000			107.0000			-121.0000			102.0000			
-9.3926			-9.1854			16.8180			-1.7000			117.0000			-118.0000			91.0000			
-5.0289			-10.3292			15.1591			-0.1000			127.0000			-117.0000			83.0000			
-6.1198			-10.3292			14.0532			-2.3000			134.0000			-111.0000			72.0000			
-2.8470			-12.0449			12.3943			-2.5000			145.0000			-110.0000			62.0000			
-4.4834			-11.4730			11.8414			-4.1000			156.0000			-107.0000			50.0000			
-3.3925			-13.1888			13.5003			-3.0000			163.0000			-103.0000			39.0000			
-2.8470			-12.6168			11.8414			-3.6000			162.0000			-94.0000			27.0000			
-0.1197			-17.1921			12.9473			-4.3000			163.0000			-88.0000			18.0000			
1.5167			-13.7607			10.1825			-2.0000			167.0000			-81.0000			4.0000			
2.6076			-17.7640			11.2884			-3.8000			175.0000			-76.0000			-9.0000			
4.7894			-16.6202			10.1825			-1.6000			176.0000			-68.0000			-23.0000			
