26.9973			-123.8495			92.4048			-4.4000			152.0000			77.0000			-28.0000			
39.3366			-120.5292			74.8072			-6.3000			156.0000			72.0000			-33.0000			
50.5542			-111.6751			57.2096			-3.9000			160.0000			68.0000			-39.0000			
61.2108			-106.1413			40.7473			-4.1000			162.0000			63.0000			-45.0000			
74.6719			-102.8210			24.2850			-3.8000			162.0000			60.0000			-51.0000			
86.4503			-101.1609			11.2287			-3.4000			162.0000			58.0000			-61.0000			
96.5461			-101.7143			3.8490			-1.3000			162.0000			57.0000			-69.0000			
106.6419			-107.8015			0.4431			-0.7000			163.0000			53.0000			-76.0000			
112.2507			-114.4420			1.5784			-0.6000			161.0000			46.0000			-79.0000			
113.3724			-119.4225			4.4167			-1.6000			160.0000			36.0000			-81.0000			
113.9333			-119.9759			6.6874			0.6000			157.0000			26.0000			-82.0000			
114.4942			-118.8691			4.4167			0.0000			154.0000			16.0000			-81.0000			
118.4203			-114.4420			-5.2336			-1.2000			148.0000			4.0000			-80.0000			
120.6638			-103.3744			-17.7222			-0.4000			144.0000			-6.0000			-79.0000			
120.1029			-87.8797			-31.9139			0.3000			138.0000			-16.0000			-80.0000			
114.4942			-69.6181			-44.9702			0.0000			128.0000			-25.0000			-80.0000			
107.2028			-49.1430			-54.6205			3.4000			120.0000			-33.0000			-81.0000			
102.1549			-34.2017			-65.4061			2.5000			111.0000			-40.0000			-81.0000			
98.2287			-15.9401			-81.3008			0.9000			97.0000			-45.0000			-78.0000			
97.6679			-3.7657			-91.5187			2.3000			81.0000			-48.0000			-79.0000			
102.7157			0.6614			-100.0337			3.3000			65.0000			-51.0000			-77.0000			
110.0072			0.1080			-106.2780			3.8000			51.0000			-54.0000			-77.0000			
116.7377			-2.1056			-109.6840			4.9000			38.0000			-59.0000			-77.0000			
119.5421			-4.3191			-110.8193			4.3000			28.0000			-65.0000			-74.0000			
117.8594			-2.6589			-111.3870			3.8000			16.0000			-72.0000			-71.0000			
114.4942			3.9816			-112.5223			5.9000			8.0000			-80.0000			-68.0000			
107.7636			13.3891			-116.4960			4.6000			-1.0000			-88.0000			-65.0000			
96.5461			26.6703			-117.6313			5.5000			-10.0000			-93.0000			-60.0000			
82.5242			38.8447			-115.9283			5.4000			-20.0000			-99.0000			-56.0000			
64.0152			50.4657			-108.5487			5.9000			-32.0000			-101.0000			-50.0000			
46.6280			61.5334			-102.8720			5.2000			-45.0000			-105.0000			-45.0000			
30.9235			73.7078			-98.3307			6.3000			-56.0000			-109.0000			-38.0000			
14.0972			87.5423			-95.4924			6.1000			-71.0000			-111.0000			-28.0000			
2.3187			101.3768			-97.1954			6.5000			-87.0000			-112.0000			-19.0000			
-3.2900			111.3377			-102.8720			5.1000			-104.0000			-111.0000			-11.0000			
-2.7291			117.4249			-110.2517			4.4000			-117.0000			-109.0000			-5.0000			
-0.4856			119.6384			-114.2253			4.9000			-127.0000			-106.0000			-1.0000			
1.7579			119.0851			-115.9283			4.9000			-135.0000			-104.0000			2.0000			
1.7579			119.0851			-115.3607			5.4000			-140.0000			-102.0000			6.0000			
-3.2900			121.2986			-112.5223			5.4000			-147.0000			-98.0000			7.0000			
-14.5076			124.0655			-104.5750			4.9000			-150.0000			-93.0000			11.0000			
-26.2860			122.9587			-92.6541			4.0000			-153.0000			-88.0000			14.0000			
-39.1862			118.5317			-74.4888			4.8000			-157.0000			-84.0000			20.0000			
-50.9646			112.4445			-56.3235			5.1000			-161.0000			-79.0000			26.0000			
-62.1821			106.3573			-39.2935			4.8000			-162.0000			-74.0000			31.0000			
-75.6432			102.4836			-22.8312			4.0000			-162.0000			-71.0000			39.0000			
-86.2998			100.2701			-9.7749			4.1000			-163.0000			-70.0000			47.0000			
-96.3956			101.3768			-2.9629			2.0000			-162.0000			-67.0000			56.0000			
-107.0523			107.4640			1.0107			1.4000			-163.0000			-63.0000			62.0000			
-113.2219			112.9979			1.0107			0.7000			-163.0000			-56.0000			68.0000			
-114.9046			116.8715			-0.1246			1.8000			-161.0000			-49.0000			70.0000			
-114.9046			117.9783			-3.5306			-0.4000			-158.0000			-38.0000			70.0000			
-113.7828			117.4249			-2.3953			1.2000			-154.0000			-27.0000			68.0000			
-116.5872			113.5512			3.8490			0.8000			-150.0000			-15.0000			68.0000			
-118.8307			103.0370			15.2024			-0.5000			-144.0000			-5.0000			67.0000			
-118.2698			86.4355			29.9617			-1.8000			-137.0000			5.0000			67.0000			
-112.1002			68.1739			43.5856			-0.3000			-129.0000			13.0000			67.0000			
-104.8088			47.6988			54.9389			-2.1000			-121.0000			21.0000			68.0000			
-98.6391			32.2041			64.5892			-1.8000			-109.0000			30.0000			68.0000			
-95.8347			15.6027			78.2132			-2.0000			-97.0000			34.0000			66.0000			
-95.8347			4.5350			87.2959			-3.9000			-82.0000			38.0000			66.0000			
-101.4435			0.6614			96.9462			-3.8000			-65.0000			40.0000			64.0000			
-109.8567			2.3215			104.3258			-3.2000			-52.0000			43.0000			64.0000			
-116.5872			4.5350			107.7318			-4.3000			-40.0000			48.0000			63.0000			
-118.8307			3.9816			110.5701			-4.2000			-29.0000			54.0000			62.0000			
-118.2698			2.3215			110.5701			-5.3000			-18.0000			62.0000			58.0000			
-112.6611			-3.2123			111.7055			-4.1000			-9.0000			70.0000			54.0000			
-107.6132			-13.1732			115.6791			-5.1000			-1.0000			78.0000			52.0000			
-95.8347			-25.9010			116.8144			-4.9000			8.0000			83.0000			46.0000			
-81.8128			-38.6287			115.6791			-4.7000			20.0000			87.0000			43.0000			
-63.3039			-50.2498			108.2995			-5.2000			32.0000			92.0000			38.0000			
-45.9167			-60.7640			102.0551			-4.6000			44.0000			95.0000			31.0000			
-31.3339			-74.5986			97.5138			-8.4000			57.0000			99.0000			24.0000			
-14.5076			-86.7730			95.2432			-6.0000			71.0000			99.0000			14.0000			
-3.8509			-100.0541			97.5138			-6.3000			88.0000			101.0000			6.0000			
-0.4856			-109.4616			103.7581			-6.1000			102.0000			101.0000			-3.0000			
-2.1683			-115.5488			111.7055			-6.0000			115.0000			98.0000			-9.0000			
-4.9727			-116.1022			115.1115			-5.9000			126.0000			94.0000			-11.0000			
-5.5335			-117.7623			117.9498			-5.3000			134.0000			93.0000			-15.0000			
-3.2900			-118.3157			116.8144			-4.7000			140.0000			91.0000			-19.0000			
4.0014			-121.6360			113.4085			-4.2000			144.0000			87.0000			-20.0000			
15.2189			-124.4029			104.8935			-4.2000			149.0000			83.0000			-24.0000			
28.1191			-123.8495			91.2695			-4.4000			153.0000			78.0000			-28.0000			
39.8975			-119.9759			74.2395			-5.8000			157.0000			73.0000			-34.0000			
51.1151			-111.6751			56.0743			-4.4000			160.0000			69.0000			-40.0000			
61.7717			-106.1413			39.6120			-4.7000			163.0000			61.0000			-45.0000			
75.7936			-102.2676			22.5820			-3.8000			162.0000			60.0000			-52.0000			
87.0112			-100.6075			10.0934			-3.5000			162.0000			59.0000			-61.0000			
97.6679			-101.7143			2.1461			-1.8000			162.0000			58.0000			-69.0000			
106.0810			-108.3548			0.4431			-1.8000			162.0000			52.0000			-77.0000			
112.2507			-114.9954			2.1461			-0.5000			162.0000			44.0000			-79.0000			
113.3724			-119.4225			4.4167			-1.6000			159.0000			38.0000			-81.0000			
113.9333			-121.0826			7.2550			0.1000			157.0000			26.0000			-81.0000			
114.4942			-118.8691			3.8490			-0.5000			152.0000			16.0000			-81.0000			
118.4203			-112.7819			-4.6659			0.9000			149.0000			5.0000			-80.0000			
120.6638			-102.2676			-18.2899			0.1000			144.0000			-6.0000			-80.0000			
119.5421			-86.2196			-32.4815			0.8000			136.0000			-17.0000			-80.0000			
113.9333			-67.4046			-46.1055			0.4000			128.0000			-25.0000			-80.0000			
104.9593			-48.0362			-55.1881			1.7000			120.0000			-33.0000			-81.0000			
101.5940			-32.5415			-65.9738			3.0000			110.0000			-40.0000			-82.0000			
98.2287			-15.9401			-80.1654			2.1000			95.0000			-45.0000			-81.0000			
97.1070			-3.2123			-91.5187			2.3000			79.0000			-48.0000			-78.0000			
102.7157			1.7681			-100.6014			3.8000			63.0000			-50.0000			-78.0000			
110.5680			0.6614			-106.8457			4.3000			48.0000			-54.0000			-77.0000			
116.7377			-2.6589			-109.6840			4.3000			38.0000			-58.0000			-77.0000			
120.1029			-3.2123			-110.2517			6.6000			27.0000			-65.0000			-74.0000			
117.8594			-2.1056			-110.8193			4.9000			17.0000			-72.0000			-71.0000			
114.4942			3.9816			-113.6577			4.8000			9.0000			-81.0000			-67.0000			
107.7636			15.0493			-116.4960			6.3000			-1.0000			-88.0000			-65.0000			
96.5461			27.2237			-118.1990			5.5000			-11.0000			-93.0000			-60.0000			
81.9633			39.9515			-115.9283			5.9000			-21.0000			-98.0000			-55.0000			
64.0152			51.0191			-108.5487			6.4000			-34.0000			-101.0000			-50.0000			
46.0672			62.0867			-102.3044			5.8000			-45.0000			-104.0000			-45.0000			
29.8017			74.8145			-98.8984			5.7000			-57.0000			-108.0000			-38.0000			
13.5363			88.0957			-96.0600			5.5000			-73.0000			-110.0000			-28.0000			
1.1970			102.4836			-96.6277			7.0000			-89.0000			-111.0000			-19.0000			
-3.8509			112.9979			-103.4397			5.7000			-103.0000			-110.0000			-9.0000			
-2.1683			117.9783			-110.2517			5.5000			-117.0000			-107.0000			-5.0000			
0.0752			120.1918			-114.7930			5.4000			-127.0000			-105.0000			-1.0000			
1.1970			120.1918			-115.9283			5.4000			-136.0000			-102.0000			2.0000			
2.3187			120.7452			-115.9283			7.1000			-142.0000			-100.0000			6.0000			
-4.4118			122.4053			-113.0900			4.9000			-146.0000			-96.0000			9.0000			
-15.0684			124.6189			-104.5750			4.9000			-151.0000			-93.0000			11.0000			
-27.4077			123.5121			-91.5187			4.5000			-154.0000			-88.0000			14.0000			
-39.7470			119.6384			-73.9211			5.9000			-158.0000			-84.0000			19.0000			
-52.0863			112.4445			-55.1881			5.1000			-161.0000			-78.0000			28.0000			
-63.3039			106.3573			-38.7259			4.3000			-163.0000			-74.0000			31.0000			
-76.7649			102.4836			-22.8312			2.8000			-162.0000			-69.0000			38.0000			
-88.5433			100.2701			-8.6396			3.0000			-162.0000			-68.0000			47.0000			
-97.5174			100.8235			-1.2599			2.0000			-162.0000			-67.0000			57.0000			
-108.1740			107.4640			2.1461			1.4000			-163.0000			-64.0000			63.0000			
-114.3437			114.1046			1.0107			0.7000			-162.0000			-56.0000			67.0000			
-114.9046			116.8715			-0.6923			1.2000			-161.0000			-47.0000			70.0000			
-116.0263			118.5317			-1.8276			0.6000			-159.0000			-38.0000			70.0000			
-115.4654			117.4249			-1.8276			0.1000			-153.0000			-27.0000			68.0000			
-117.1481			112.9979			4.9844			0.8000			-149.0000			-14.0000			68.0000			
-118.8307			101.9302			16.9054			0.0000			-143.0000			-5.0000			68.0000			
-118.2698			85.8822			30.5293			-1.8000			-135.0000			5.0000			67.0000			
-111.5393			67.0672			44.1533			-0.3000			-128.0000			14.0000			66.0000			
-103.1261			47.6988			55.5066			0.0000			-119.0000			22.0000			67.0000			
-98.6391			30.5440			65.1569			-2.9000			-110.0000			30.0000			67.0000			
-95.8347			13.3891			79.3485			-3.0000			-95.0000			34.0000			66.0000			
-94.7130			3.9816			89.5665			-1.1000			-80.0000			38.0000			64.0000			
-100.3218			0.1080			97.5138			-2.6000			-65.0000			40.0000			65.0000			
-109.2958			1.7681			104.3258			-3.1000			-50.0000			43.0000			63.0000			
-116.0263			4.5350			107.1641			-4.3000			-39.0000			48.0000			64.0000			
-118.2698			4.5350			110.0025			-3.7000			-26.0000			54.0000			62.0000			
-116.0263			1.2147			110.0025			-4.7000			-17.0000			62.0000			56.0000			
-113.2219			-4.8725			113.4085			-4.6000			-9.0000			70.0000			54.0000			
-105.3697			-14.2799			115.6791			-3.9000			-1.0000			78.0000			50.0000			
-94.7130			-27.0077			116.8144			-4.9000			10.0000			83.0000			45.0000			
-79.5693			-39.1821			114.5438			-4.2000			20.0000			89.0000			42.0000			
-62.1821			-50.8031			107.7318			-5.2000			32.0000			91.0000			36.0000			
-44.7949			-60.7640			101.4875			-4.0000			44.0000			94.0000			31.0000			
-28.5295			-74.5986			96.9462			-6.1000			56.0000			99.0000			23.0000			
-14.5076			-87.8797			95.8108			-6.5000			72.0000			101.0000			13.0000			
-3.2900			-101.1609			98.0815			-6.3000			87.0000			102.0000			4.0000			
-0.4856			-110.5684			104.8935			-6.1000			102.0000			101.0000			-3.0000			
-2.1683			-114.4420			112.2731			-4.3000			115.0000			98.0000			-8.0000			
-4.9727			-116.1022			116.2468			-4.8000			126.0000			95.0000			-12.0000			
-6.0944			-117.2090			117.3821			-5.9000			133.0000			92.0000			-14.0000			
-2.7291			-118.8691			116.8144			-4.7000			139.0000			91.0000			-19.0000			
5.1231			-121.6360			113.4085			-3.0000			145.0000			86.0000			-22.0000			
15.2189			-123.2962			104.3258			-3.7000			150.0000			82.0000			-25.0000			
28.1191			-123.8495			91.2695			-4.4000			153.0000			78.0000			-29.0000			
40.4584			-118.3157			73.1042			-4.7000			157.0000			73.0000			-33.0000			
51.1151			-111.1218			54.9389			-5.0000			160.0000			68.0000			-40.0000			
62.8935			-105.5879			39.0443			-3.6000			162.0000			62.0000			-46.0000			
75.7936			-102.2676			22.5820			-3.8000			164.0000			60.0000			-52.0000			
87.5721			-100.0541			9.5257			-2.9000			162.0000			59.0000			-62.0000			
97.6679			-101.7143			2.1461			-1.8000			162.0000			58.0000			-71.0000			
107.2028			-108.3548			-0.1246			-1.2000			163.0000			53.0000			-75.0000			
112.8115			-116.1022			2.1461			-1.1000			162.0000			44.0000			-80.0000			
113.3724			-118.3157			4.4167			-0.5000			159.0000			37.0000			-82.0000			
113.3724			-118.8691			6.1197			0.6000			157.0000			26.0000			-82.0000			
113.9333			-117.7623			3.8490			0.0000			153.0000			15.0000			-81.0000			
117.8594			-112.7819			-4.6659			0.4000			148.0000			4.0000			-80.0000			
120.1029			-101.1609			-18.2899			0.6000			142.0000			-7.0000			-80.0000			
118.4203			-84.5594			-33.0492			0.8000			136.0000			-17.0000			-80.0000			
113.3724			-66.2978			-45.5378			1.5000			128.0000			-25.0000			-81.0000			
104.3984			-46.3761			-55.7558			2.2000			119.0000			-33.0000			-81.0000			
100.4722			-29.7746			-65.9738			4.7000			109.0000			-40.0000			-81.0000			
97.6679			-14.2799			-80.1654			3.2000			95.0000			-46.0000			-79.0000			
96.5461			-3.2123			-90.9511			2.3000			79.0000			-46.0000			-78.0000			
102.1549			2.3215			-100.0337			4.4000			63.0000			-50.0000			-77.0000			
110.5680			1.2147			-106.2780			5.5000			48.0000			-53.0000			-77.0000			
116.1768			-2.6589			-108.5487			4.9000			37.0000			-58.0000			-76.0000			
119.5421			-4.3191			-109.1164			6.1000			26.0000			-66.0000			-74.0000			
117.2986			-2.1056			-109.1164			6.0000			16.0000			-72.0000			-70.0000			
113.3724			4.5350			-111.9547			5.9000			7.0000			-79.0000			-67.0000			
106.6419			15.6027			-115.9283			6.3000			-2.0000			-87.0000			-63.0000			
94.3026			28.3304			-117.0637			5.5000			-11.0000			-93.0000			-61.0000			
80.2807			41.6116			-114.7930			7.0000			-22.0000			-98.0000			-57.0000			
62.3326			51.5725			-107.4134			6.4000			-34.0000			-101.0000			-50.0000			
44.3845			62.6401			-101.1690			5.8000			-46.0000			-104.0000			-44.0000			
27.5582			75.9213			-97.1954			6.2000			-58.0000			-108.0000			-38.0000			
12.4145			89.2024			-95.4924			6.1000			-73.0000			-109.0000			-27.0000			
1.7579			101.9302			-96.6277			7.0000			-90.0000			-110.0000			-19.0000			
-3.2900			112.4445			-103.4397			5.7000			-104.0000			-111.0000			-10.0000			
-0.4856			117.4249			-110.2517			6.6000			-117.0000			-107.0000			-6.0000			
1.1970			119.0851			-114.2253			6.0000			-127.0000			-105.0000			-2.0000			
2.3187			119.0851			-115.9283			5.4000			-135.0000			-102.0000			2.0000			
1.7579			119.6384			-115.3607			6.0000			-141.0000			-99.0000			5.0000			
-4.9727			122.9587			-111.3870			6.6000			-148.0000			-96.0000			8.0000			
-15.0684			124.0655			-102.8720			6.1000			-151.0000			-92.0000			11.0000			
-27.9686			123.5121			-89.2481			6.2000			-154.0000			-88.0000			14.0000			
-40.8688			118.5317			-71.6504			6.0000			-157.0000			-83.0000			21.0000			
-52.0863			110.7843			-54.0528			4.6000			-161.0000			-78.0000			27.0000			
-63.8647			105.2505			-37.5905			3.7000			-162.0000			-72.0000			33.0000			
-76.7649			101.9302			-20.5606			4.6000			-163.0000			-69.0000			38.0000			
-88.5433			100.8235			-8.0719			4.2000			-163.0000			-68.0000			47.0000			
-97.5174			101.9302			-0.1246			4.2000			-162.0000			-66.0000			56.0000			
-108.1740			107.4640			2.1461			1.4000			-162.0000			-62.0000			64.0000			
-114.3437			114.1046			1.0107			0.7000			-162.0000			-56.0000			68.0000			
-114.9046			117.4249			-0.6923			1.8000			-161.0000			-46.0000			70.0000			
-114.9046			119.0851			-2.9629			1.2000			-159.0000			-37.0000			70.0000			
-114.3437			117.4249			-1.2599			1.8000			-153.0000			-25.0000			69.0000			
-117.1481			112.4445			6.1197			1.4000			-149.0000			-14.0000			67.0000			
-118.8307			100.8235			17.4730			-0.5000			-142.0000			-3.0000			67.0000			
-118.2698			84.7754			32.2323			-1.2000			-135.0000			7.0000			66.0000			
-110.9784			65.4070			44.7210			-0.8000			-127.0000			14.0000			68.0000			
-103.1261			45.4853			56.0743			-1.5000			-119.0000			23.0000			68.0000			
-99.2000			29.9906			66.2922			-2.9000			-109.0000			30.0000			67.0000			
-94.7130			13.3891			79.9162			-1.4000			-94.0000			35.0000			65.0000			
-96.3956			3.9816			90.1342			-2.2000			-79.0000			38.0000			65.0000			
-102.0044			0.6614			99.2168			-2.1000			-63.0000			40.0000			65.0000			
-109.8567			1.7681			104.8935			-3.1000			-49.0000			44.0000			63.0000			
-115.4654			3.9816			107.1641			-4.3000			-37.0000			48.0000			63.0000			
-117.7090			3.4283			109.4348			-4.8000			-26.0000			55.0000			61.0000			
-115.4654			1.2147			110.5701			-3.6000			-16.0000			63.0000			58.0000			
-112.6611			-4.8725			112.2731			-5.2000			-8.0000			72.0000			53.0000			
-105.3697			-14.2799			115.6791			-3.9000			1.0000			79.0000			50.0000			
-93.5912			-27.0077			116.2468			-4.3000			10.0000			85.0000			46.0000			
-78.4476			-39.7355			115.1115			-3.0000			21.0000			89.0000			42.0000			
-60.4995			-50.8031			107.7318			-3.5000			34.0000			91.0000			36.0000			
-43.6732			-62.4242			100.9198			-5.1000			46.0000			95.0000			31.0000			
-28.5295			-75.1519			96.9462			-6.7000			57.0000			98.0000			22.0000			
-12.8249			-88.4331			96.3785			-4.8000			73.0000			101.0000			13.0000			
-2.7291			-101.1609			98.6492			-5.2000			90.0000			102.0000			4.0000			
0.6361			-110.5684			106.0288			-3.9000			104.0000			100.0000			-4.0000			
-2.7291			-110.0150			111.7055			-1.0000			117.0000			97.0000			-8.0000			
-4.4118			-108.9082			115.1115			1.7000			128.0000			95.0000			-11.0000			
-4.9727			-111.1218			116.8144			0.7000			136.0000			94.0000			-14.0000			
-8.8988			-107.8015			101.4875			-15.2000			139.0000			103.0000			-29.0000			
-4.9727			-75.7053			78.2132			-2.4000			136.0000			113.0000			-39.0000			
-1.6074			-44.7159			47.5593			1.2000			132.0000			119.0000			-46.0000			
-11.1423			-13.7266			20.3113			-4.5000			123.0000			135.0000			-56.0000			
6.2449			-38.0754			31.6646			-0.1000			137.0000			91.0000			-33.0000			
42.7019			-100.6075			52.1006			-5.8000			159.0000			46.0000			-15.0000			
83.6459			-154.2855			66.8599			-3.7000			175.0000			18.0000			-12.0000			
94.3026			-161.4795			62.3186			-4.8000			172.0000			24.0000			-21.0000			
97.1070			-150.9652			49.8299			-4.0000			164.0000			32.0000			-34.0000			
122.9073			-160.3727			36.2060			-1.2000			164.0000			29.0000			-44.0000			
142.5380			-171.4404			29.9617			1.0000			162.0000			26.0000			-53.0000			
140.2945			-204.0899			56.0743			-7.7000			148.0000			12.0000			-41.0000			
173.3863			-261.0882			64.0216			-23.6000			163.0000			-18.0000			-41.0000			
196.3822			-217.3711			7.8227			-13.1000			168.0000			24.0000			-96.0000			
207.0389			-140.4510			-70.5151			-3.9000			167.0000			64.0000			-150.0000			
201.4301			-97.2872			-93.7894			10.3000			161.0000			68.0000			-161.0000			
182.9212			-89.5399			-83.5714			9.8000			155.0000			40.0000			-139.0000			
164.4122			-88.9865			-68.8121			6.6000			144.0000			10.0000			-109.0000			
157.1208			-71.8317			-81.8684			3.4000			130.0000			-14.0000			-87.0000			
152.6338			-42.5024			-104.5750			5.5000			118.0000			-27.0000			-77.0000			
147.5859			-13.7266			-129.5523			4.3000			104.0000			-36.0000			-74.0000			
141.4163			11.1756			-144.3116			8.2000			90.0000			-41.0000			-75.0000			
127.3943			23.3500			-143.1763			7.5000			73.0000			-43.0000			-73.0000			
121.7856			21.1365			-138.6349			4.2000			58.0000			-50.0000			-71.0000			
126.8335			9.5155			-130.6876			5.6000			47.0000			-61.0000			-67.0000			
135.8075			-11.5130			-119.9020			4.3000			37.0000			-73.0000			-63.0000			
140.8554			-23.1341			-111.3870			6.3000			29.0000			-81.0000			-59.0000			
134.1249			-23.1341			-104.0074			6.9000			21.0000			-90.0000			-57.0000			
121.2247			-14.2799			-101.1690			5.7000			12.0000			-99.0000			-54.0000			
104.9593			0.6614			-99.4660			6.1000			4.0000			-107.0000			-51.0000			
88.1329			17.2628			-98.8984			6.4000			-8.0000			-112.0000			-49.0000			
72.9893			24.4568			-92.0864			5.3000			-15.0000			-120.0000			-45.0000			
62.3326			28.3304			-86.4097			4.2000			-24.0000			-123.0000			-42.0000			
47.7498			51.0191			-92.6541			6.1000			-41.0000			-105.0000			-53.0000			
24.7538			83.1152			-101.1690			6.7000			-62.0000			-86.0000			-59.0000			
5.1231			112.9979			-110.8193			7.3000			-85.0000			-77.0000			-55.0000			
1.7579			128.4925			-121.6050			8.6000			-98.0000			-88.0000			-38.0000			
5.1231			141.7737			-140.9056			6.0000			-108.0000			-96.0000			-25.0000			
13.5363			155.0549			-161.3416			7.2000			-119.0000			-99.0000			-16.0000			
22.5103			161.6955			-176.1009			8.1000			-128.0000			-99.0000			-10.0000			
21.9494			167.2293			-181.2098			7.9000			-134.0000			-98.0000			-6.0000			
21.3886			183.8307			-197.1045			8.1000			-133.0000			-89.0000			-13.0000			
3.4405			190.4713			-182.3452			11.5000			-142.0000			-93.0000			-1.0000			
-26.8469			184.3841			-145.4469			12.1000			-157.0000			-100.0000			24.0000			
-57.1342			166.6759			-98.8984			10.6000			-172.0000			-102.0000			45.0000			
-75.6432			149.5211			-67.6768			6.2000			-179.0000			-93.0000			48.0000			
-81.2519			130.7061			-46.1055			3.3000			-180.0000			-85.0000			46.0000			
-83.4954			117.4249			-29.0755			4.8000			-175.0000			-81.0000			45.0000			
-91.3477			105.2505			-9.2073			4.6000			-170.0000			-79.0000			46.0000			
-99.2000			96.9498			7.2550			5.0000			-168.0000			-78.0000			53.0000			
-110.4175			96.3964			16.9054			2.8000			-165.0000			-75.0000			61.0000			
-116.0263			95.8430			21.4467			1.2000			-165.0000			-67.0000			63.0000			
-113.7828			97.5032			16.3377			0.0000			-162.0000			-56.0000			62.0000			
-105.9305			103.0370			3.2814			0.3000			-158.0000			-44.0000			60.0000			
-97.5174			106.9107			-8.0719			1.3000			-153.0000			-32.0000			57.0000			
-96.3956			107.4640			-9.2073			1.8000			-147.0000			-19.0000			53.0000			
-100.8826			100.8235			0.4431			0.3000			-143.0000			-7.0000			55.0000			
-104.8088			88.0957			19.1760			2.4000			-137.0000			3.0000			55.0000			
-105.3697			73.7078			33.3676			1.7000			-131.0000			12.0000			59.0000			
-101.4435			60.4266			41.8826			0.8000			-124.0000			21.0000			59.0000			
-92.4695			49.3590			43.5856			0.4000			-116.0000			28.0000			63.0000			
-85.7390			41.6116			45.2886			1.1000			-108.0000			34.0000			67.0000			
-87.9825			37.1846			50.9653			0.1000			-99.0000			38.0000			69.0000			
-95.8347			32.2041			64.0216			0.4000			-91.0000			39.0000			74.0000			
-108.1740			26.1169			82.1869			0.1000			-78.0000			40.0000			77.0000			
-121.6351			21.1365			98.6492			-1.8000			-63.0000			45.0000			75.0000			
-128.9265			12.2824			113.4085			-3.2000			-46.0000			47.0000			72.0000			
-132.2918			1.2147			127.0324			-4.0000			-32.0000			50.0000			71.0000			
-132.2918			-9.2995			136.6827			-4.9000			-20.0000			55.0000			67.0000			
-128.9265			-17.6002			142.3594			-4.1000			-10.0000			64.0000			62.0000			
-123.3177			-27.0077			145.1977			-5.1000			-1.0000			72.0000			56.0000			
-111.5393			-39.1821			145.1977			-5.5000			14.0000			77.0000			50.0000			
-93.5912			-50.2498			140.0887			-3.7000			28.0000			81.0000			43.0000			
-73.3997			-60.7640			128.7354			-5.4000			42.0000			87.0000			36.0000			
-50.9646			-72.9384			119.0851			-4.8000			53.0000			93.0000			27.0000			
-28.5295			-88.9865			113.4085			-4.1000			65.0000			98.0000			18.0000			
-7.7770			-100.0541			103.7581			-4.0000			81.0000			102.0000			6.0000			
2.8796			-107.2481			98.6492			-5.7000			97.0000			103.0000			-2.0000			
1.1970			-107.2481			102.6228			-3.4000			111.0000			102.0000			-11.0000			
-0.4856			-105.0346			102.6228			-2.8000			122.0000			101.0000			-13.0000			
-3.2900			-100.6075			100.3522			-3.5000			129.0000			100.0000			-17.0000			
-3.8509			-96.1805			96.9462			-3.0000			134.0000			98.0000			-19.0000			
-0.4856			-92.8602			90.7018			-2.6000			137.0000			98.0000			-21.0000			
6.2449			-92.8602			84.4575			-2.1000			140.0000			94.0000			-22.0000			
17.4624			-96.1805			75.9425			-2.7000			143.0000			88.0000			-24.0000			
28.1191			-94.5203			64.5892			-1.8000			149.0000			82.0000			-28.0000			
38.7758			-92.3068			50.9653			-2.5000			152.0000			76.0000			-34.0000			
48.3107			-92.3068			41.3150			-2.6000			156.0000			69.0000			-39.0000			
56.1629			-91.7534			34.5030			-1.0000			160.0000			62.0000			-45.0000			
62.3326			-95.0737			31.6646			-1.0000			164.0000			56.0000			-51.0000			
67.3805			-102.8210			33.9353			-1.5000			165.0000			53.0000			-58.0000			
75.7936			-112.7819			35.6383			-1.3000			165.0000			47.0000			-63.0000			
86.4503			-124.9563			36.7736			-1.7000			163.0000			39.0000			-67.0000			
97.6679			-133.8104			35.6383			-0.5000			162.0000			33.0000			-71.0000			
107.2028			-137.6841			28.8263			-1.6000			160.0000			25.0000			-76.0000			
116.1768			-134.3638			16.9054			-1.2000			159.0000			17.0000			-79.0000			
125.7117			-128.2766			1.0107			-1.5000			157.0000			10.0000			-84.0000			
134.6857			-118.8691			-15.4516			0.3000			155.0000			0.0000			-89.0000			
138.0510			-107.2481			-29.0755			1.7000			149.0000			-6.0000			-92.0000			
135.8075			-92.3068			-41.5642			1.9000			143.0000			-12.0000			-94.0000			
126.8335			-74.0452			-50.0792			2.7000			134.0000			-18.0000			-96.0000			
116.7377			-49.6964			-63.1355			3.9000			123.0000			-27.0000			-94.0000			
114.4942			-26.4543			-84.7067			3.3000			108.0000			-37.0000			-87.0000			
113.3724			-7.6394			-100.6014			5.1000			92.0000			-42.0000			-83.0000			
116.1768			3.9816			-114.2253			5.9000			74.0000			-44.0000			-80.0000			
120.1029			7.3019			-121.6050			5.7000			58.0000			-48.0000			-80.0000			
125.1508			2.3215			-120.4697			6.9000			45.0000			-52.0000			-78.0000			
126.2726			-3.2123			-116.4960			6.5000			34.0000			-60.0000			-75.0000			
122.9073			-4.8725			-111.9547			6.0000			23.0000			-69.0000			-71.0000			
116.7377			-2.1056			-108.5487			6.0000			12.0000			-79.0000			-65.0000			
107.2028			6.1952			-106.8457			6.5000			3.0000			-88.0000			-61.0000			
93.7417			17.2628			-104.5750			6.4000			-6.0000			-95.0000			-57.0000			
76.9154			29.9906			-100.0337			6.8000			-16.0000			-101.0000			-54.0000			
59.5282			39.9515			-92.6541			6.8000			-27.0000			-106.0000			-49.0000			
42.1410			49.3590			-85.2744			6.2000			-39.0000			-108.0000			-44.0000			
28.6800			57.1063			-80.1654			5.6000			-50.0000			-109.0000			-40.0000			
19.1451			64.8536			-76.7594			7.2000			-64.0000			-111.0000			-36.0000			
12.4145			70.9408			-77.3271			6.0000			-77.0000			-111.0000			-28.0000			
11.2928			80.3483			-84.1391			7.5000			-89.0000			-113.0000			-23.0000			
12.9754			90.8626			-97.1954			6.6000			-101.0000			-112.0000			-16.0000			
17.4624			98.0565			-109.6840			5.8000			-110.0000			-110.0000			-11.0000			
18.0233			105.8039			-117.0637			6.7000			-121.0000			-108.0000			-9.0000			
13.5363			112.9979			-119.9020			6.6000			-129.0000			-105.0000			-4.0000			
6.2449			119.6384			-119.3343			6.5000			-136.0000			-102.0000			0.0000			
-4.4118			127.3858			-117.0637			5.9000			-144.0000			-97.0000			5.0000			
-17.8728			134.0264			-109.6840			6.4000			-151.0000			-92.0000			9.0000			
-30.2121			135.1331			-98.3307			6.5000			-160.0000			-86.0000			16.0000			
-43.1123			130.7061			-81.3008			6.2000			-166.0000			-81.0000			24.0000			
-52.6472			121.2986			-63.7031			4.9000			-173.0000			-76.0000			32.0000			
-67.7909			116.3181			-43.8348			4.6000			-176.0000			-73.0000			39.0000			
-86.8607			115.2114			-24.5342			3.8000			-173.0000			-72.0000			45.0000			
-102.5653			116.8715			-11.4779			2.8000			-171.0000			-71.0000			54.0000			
-113.2219			119.6384			-2.3953			4.0000			-170.0000			-70.0000			62.0000			
-125.0004			125.1723			2.1461			2.3000			-170.0000			-66.0000			68.0000			
-130.6091			127.3858			4.4167			1.1000			-168.0000			-58.0000			71.0000			
-130.6091			127.9392			3.8490			1.1000			-164.0000			-50.0000			72.0000			
-129.4874			126.8324			3.8490			1.1000			-159.0000			-39.0000			70.0000			
-127.2439			122.4053			6.1197			1.2000			-152.0000			-28.0000			68.0000			
-125.5612			112.4445			14.0670			0.9000			-146.0000			-17.0000			65.0000			
-122.7568			96.3964			27.1233			0.7000			-139.0000			-7.0000			66.0000			
-116.5872			76.4747			39.6120			-0.4000			-130.0000			2.0000			66.0000			
-106.4914			55.9995			49.2623			-1.2000			-122.0000			10.0000			66.0000			
-95.2739			37.7379			57.2096			-0.3000			-112.0000			18.0000			67.0000			
-87.4216			22.2432			64.0216			-1.1000			-102.0000			25.0000			66.0000			
-82.9346			12.8358			67.9952			-2.0000			-89.0000			31.0000			65.0000			
-84.0563			10.6222			73.1042			-0.3000			-76.0000			36.0000			65.0000			
-91.3477			11.7290			78.7809			-0.8000			-64.0000			41.0000			63.0000			
-100.8826			14.4959			83.3222			-3.0000			-52.0000			47.0000			63.0000			
-108.1740			18.3696			87.8635			-1.9000			-42.0000			55.0000			60.0000			
-110.4175			15.6027			91.8372			-2.9000			-32.0000			61.0000			59.0000			
-109.8567			8.9621			97.5138			-3.3000			-22.0000			70.0000			56.0000			
-107.0523			-1.5522			104.3258			-4.2000			-12.0000			76.0000			54.0000			
-101.4435			-14.2799			111.1378			-4.5000			-2.0000			80.0000			51.0000			
-91.9086			-27.5611			115.6791			-3.7000			8.0000			84.0000			47.0000			
-80.1302			-39.7355			115.6791			-4.1000			21.0000			87.0000			45.0000			
-67.2300			-49.1430			112.2731			-4.0000			37.0000			86.0000			40.0000			
-49.2819			-61.3174			106.0288			-4.5000			49.0000			89.0000			34.0000			
-34.6991			-77.9189			106.5965			-6.0000			63.0000			92.0000			24.0000			
-22.9207			-92.8602			110.5701			-5.2000			80.0000			95.0000			14.0000			
-16.1902			-107.2481			117.3821			-6.0000			95.0000			96.0000			4.0000			
-13.9467			-117.2090			126.4648			-4.6000			110.0000			97.0000			-3.0000			
-14.5076			-123.8495			132.7091			-5.6000			122.0000			92.0000			-7.0000			
-12.2641			-126.6164			135.5474			-3.3000			130.0000			92.0000			-11.0000			
-8.3379			-129.3834			133.2767			-4.4000			139.0000			91.0000			-16.0000			
-0.4856			-131.5969			127.6001			-4.4000			144.0000			88.0000			-19.0000			
10.1710			-132.7036			118.5174			-4.0000			149.0000			85.0000			-24.0000			
22.5103			-131.5969			105.4611			-3.6000			153.0000			82.0000			-28.0000			
35.9714			-126.0631			85.0252			-5.0000			157.0000			77.0000			-33.0000			
48.8715			-118.3157			65.1569			-4.2000			162.0000			73.0000			-39.0000			
58.9673			-106.6947			45.8563			-1.8000			164.0000			69.0000			-45.0000			
67.3805			-98.9474			28.2587			-3.3000			165.0000			63.0000			-49.0000			
78.0372			-95.0737			15.7700			-1.2000			164.0000			61.0000			-58.0000			
85.3286			-93.4135			6.6874			-1.3000			164.0000			60.0000			-65.0000			
92.0591			-97.2872			4.4167			-0.8000			163.0000			55.0000			-70.0000			
97.6679			-104.4812			7.2550			0.4000			161.0000			49.0000			-74.0000			
98.7896			-111.1218			11.7964			-0.5000			159.0000			39.0000			-75.0000			
98.2287			-114.9954			16.9054			0.1000			156.0000			29.0000			-75.0000			
98.2287			-114.9954			16.9054			0.1000			153.0000			18.0000			-76.0000			
101.5940			-111.6751			10.0934			0.0000			149.0000			7.0000			-78.0000			
106.0810			-105.0346			-1.2599			-0.2000			146.0000			-3.0000			-80.0000			
108.8854			-92.3068			-16.0192			0.5000			141.0000			-13.0000			-79.0000			
108.8854			-76.2587			-29.6432			2.9000			135.0000			-21.0000			-82.0000			
104.3984			-60.2106			-42.1318			2.0000			128.0000			-29.0000			-85.0000			
96.5461			-42.5024			-50.6468			3.4000			120.0000			-35.0000			-87.0000			
94.8635			-29.7746			-63.1355			1.9000			111.0000			-41.0000			-87.0000			
97.6679			-18.1536			-76.1918			3.3000			95.0000			-47.0000			-86.0000			
104.3984			-12.6198			-88.1127			3.6000			81.0000			-51.0000			-84.0000			
115.0550			-11.5130			-98.8984			4.6000			65.0000			-55.0000			-83.0000			
127.3943			-12.6198			-108.5487			6.2000			52.0000			-61.0000			-81.0000			
132.4422			-13.1732			-114.2253			5.0000			40.0000			-66.0000			-79.0000			
133.5640			-8.1927			-118.1990			7.1000			28.0000			-73.0000			-76.0000			
129.0770			-0.4454			-121.6050			7.0000			16.0000			-81.0000			-72.0000			
122.3464			10.0688			-126.1463			6.2000			6.0000			-87.0000			-68.0000			
112.2507			23.3500			-127.2816			8.3000			-4.0000			-92.0000			-65.0000			
97.1070			34.9710			-125.5786			6.5000			-17.0000			-97.0000			-60.0000			
78.5980			46.0387			-117.6313			7.0000			-30.0000			-101.0000			-55.0000			
58.4065			55.4462			-106.2780			7.5000			-44.0000			-103.0000			-49.0000			
38.2149			66.5138			-97.1954			7.5000			-55.0000			-107.0000			-42.0000			
19.1451			81.4551			-93.2217			7.3000			-67.0000			-113.0000			-33.0000			
2.3187			96.3964			-90.9511			7.7000			-81.0000			-114.0000			-24.0000			
-6.0944			106.9107			-93.7894			7.0000			-97.0000			-116.0000			-15.0000			
-7.2162			113.5512			-100.6014			5.7000			-109.0000			-116.0000			-9.0000			
-2.7291			115.7648			-106.2780			6.7000			-120.0000			-114.0000			-7.0000			
1.1970			115.2114			-109.1164			7.2000			-128.0000			-113.0000			-3.0000			
4.0014			114.6580			-111.9547			6.7000			-133.0000			-111.0000			-1.0000			
1.7579			115.2114			-109.6840			7.2000			-137.0000			-108.0000			5.0000			
-7.2162			117.9783			-104.5750			6.1000			-143.0000			-104.0000			8.0000			
-18.4337			119.6384			-94.9247			6.2000			-147.0000			-100.0000			10.0000			
-32.4556			117.4249			-80.1654			4.8000			-152.0000			-95.0000			15.0000			
-42.5514			112.9979			-63.7031			6.7000			-157.0000			-90.0000			22.0000			
-52.6472			105.2505			-47.8085			4.7000			-161.0000			-82.0000			27.0000			
-62.1821			100.2701			-33.0492			5.0000			-165.0000			-77.0000			34.0000			
-72.2779			98.0565			-20.5606			5.2000			-166.0000			-74.0000			42.0000			
-83.4954			100.2701			-13.7486			3.0000			-167.0000			-70.0000			50.0000			
-93.0304			106.9107			-9.7749			4.1000			-167.0000			-69.0000			57.0000			
-105.3697			115.7648			-8.0719			2.3000			-167.0000			-62.0000			63.0000			
-111.5393			124.0655			-9.2073			3.3000			-166.0000			-55.0000			65.0000			
-116.5872			127.3858			-9.2073			1.5000			-164.0000			-46.0000			68.0000			
-119.9525			128.4925			-6.9366			1.6000			-161.0000			-37.0000			70.0000			
-124.4395			125.7256			-0.6923			0.5000			-156.0000			-26.0000			69.0000			
-128.9265			119.0851			10.6610			0.8000			-152.0000			-17.0000			70.0000			
-130.6091			106.3573			25.4203			1.1000			-144.0000			-7.0000			70.0000			
-126.6830			88.0957			38.4766			-0.1000			-137.0000			2.0000			71.0000			
-118.2698			68.1739			48.6946			-1.3000			-129.0000			9.0000			72.0000			
-107.6132			47.1454			59.4802			-0.9000			-118.0000			17.0000			71.0000			
-102.5653			27.7771			73.6719			-1.1000			-106.0000			24.0000			69.0000			
-100.3218			11.1756			86.1605			-2.9000			-91.0000			30.0000			67.0000			
-101.4435			2.8749			96.3785			-2.1000			-74.0000			31.0000			65.0000			
-107.0523			1.2147			104.8935			-0.9000			-58.0000			35.0000			65.0000			
-115.4654			3.9816			107.7318			-3.7000			-47.0000			41.0000			63.0000			
-119.3916			7.8553			106.5965			-4.9000			-36.0000			47.0000			61.0000			
-118.8307			9.5155			106.5965			-2.7000			-24.0000			55.0000			59.0000			
-114.9046			5.6418			106.0288			-3.2000			-15.0000			63.0000			55.0000			
-108.1740			-3.7657			108.2995			-3.6000			-6.0000			73.0000			51.0000			
-98.6391			-16.4935			110.5701			-4.5000			4.0000			79.0000			47.0000			
-82.9346			-30.3280			109.4348			-3.8000			15.0000			84.0000			42.0000			
-66.1083			-42.5024			104.3258			-4.2000			25.0000			88.0000			39.0000			
-50.4037			-53.0167			99.2168			-4.1000			37.0000			90.0000			36.0000			
-34.1383			-60.7640			92.4048			-2.4000			50.0000			91.0000			29.0000			
-22.9207			-72.3850			91.8372			-3.4000			63.0000			95.0000			21.0000			
-14.5076			-82.8993			92.9725			-4.4000			77.0000			96.0000			12.0000			
-12.2641			-93.4135			100.9198			-4.7000			91.0000			97.0000			5.0000			
-12.2641			-102.2676			111.1378			-3.3000			104.0000			98.0000			-2.0000			
-17.8728			-107.2481			120.2204			-4.9000			114.0000			96.0000			-5.0000			
-16.7511			-111.6751			124.1941			-4.2000			124.0000			94.0000			-9.0000			
-12.8249			-114.9954			123.6264			-4.1000			133.0000			92.0000			-13.0000			
-5.5335			-120.5292			121.9234			-4.1000			140.0000			88.0000			-18.0000			
6.2449			-125.5097			115.6791			-3.5000			146.0000			83.0000			-23.0000			
19.1451			-127.7232			104.8935			-3.6000			152.0000			79.0000			-27.0000			
32.0452			-126.0631			90.1342			-3.8000			158.0000			72.0000			-33.0000			
44.3845			-119.4225			71.4012			-3.6000			164.0000			67.0000			-39.0000			
52.7977			-110.5684			53.8036			-3.9000			169.0000			63.0000			-47.0000			
65.6979			-106.1413			37.3413			-3.0000			170.0000			58.0000			-51.0000			
81.4024			-105.0346			22.0143			-1.6000			168.0000			56.0000			-58.0000			
93.7417			-106.1413			11.2287			-1.1000			167.0000			57.0000			-67.0000			
104.3984			-111.6751			8.3904			1.1000			166.0000			53.0000			-75.0000			
112.2507			-119.9759			7.2550			-0.4000			166.0000			47.0000			-79.0000			
116.1768			-125.5097			8.9580			-0.3000			164.0000			39.0000			-80.0000			
116.7377			-128.2766			10.6610			-0.8000			159.0000			29.0000			-81.0000			
116.1768			-126.0631			10.0934			0.2000			155.0000			20.0000			-80.0000			
117.8594			-121.6360			4.4167			0.6000			151.0000			9.0000			-80.0000			
120.6638			-112.2285			-6.9366			1.5000			145.0000			-1.0000			-79.0000			
119.5421			-96.7338			-21.6959			1.1000			140.0000			-12.0000			-80.0000			
115.0550			-76.8121			-35.8875			2.3000			132.0000			-20.0000			-82.0000			
105.5201			-56.3370			-46.6732			2.5000			123.0000			-28.0000			-83.0000			
95.9852			-38.6287			-54.6205			2.7000			117.0000			-36.0000			-84.0000			
91.4982			-23.1341			-64.2708			4.0000			105.0000			-42.0000			-83.0000			
88.1329			-11.5130			-73.3534			3.2000			91.0000			-47.0000			-82.0000			
90.9373			-3.7657			-83.0037			4.1000			76.0000			-51.0000			-82.0000			
99.3505			-4.3191			-90.3834			4.6000			62.0000			-55.0000			-79.0000			
109.4463			-7.6394			-97.1954			4.6000			50.0000			-62.0000			-79.0000			
116.1768			-10.4063			-100.0337			5.7000			40.0000			-69.0000			-77.0000			
118.4203			-10.4063			-102.3044			5.7000			28.0000			-77.0000			-74.0000			
115.0550			-4.3191			-105.1427			5.5000			19.0000			-84.0000			-70.0000			
110.5680			5.6418			-110.2517			5.9000			9.0000			-90.0000			-68.0000			
102.1549			18.3696			-114.2253			6.3000			-2.0000			-96.0000			-63.0000			
89.2547			32.2041			-115.3607			6.1000			-13.0000			-101.0000			-61.0000			
74.6719			43.8251			-111.9547			6.5000			-25.0000			-103.0000			-57.0000			
56.7238			52.1259			-102.3044			6.5000			-40.0000			-104.0000			-50.0000			
39.3366			63.7469			-96.6277			6.4000			-53.0000			-108.0000			-44.0000			
23.6321			78.6882			-95.4924			6.8000			-65.0000			-112.0000			-35.0000			
9.6102			92.5227			-94.3571			7.7000			-80.0000			-115.0000			-26.0000			
1.7579			105.8039			-101.1690			6.4000			-96.0000			-115.0000			-17.0000			
0.6361			115.2114			-109.1164			6.7000			-111.0000			-113.0000			-10.0000			
4.0014			119.6384			-115.9283			7.7000			-121.0000			-112.0000			-6.0000			
5.1231			121.2986			-118.7667			7.6000			-131.0000			-110.0000			-2.0000			
4.5623			121.8520			-119.3343			7.0000			-137.0000			-109.0000			2.0000			
0.0752			122.9587			-117.0637			5.9000			-144.0000			-106.0000			5.0000			
-9.4597			125.7256			-109.6840			6.5000			-149.0000			-102.0000			10.0000			
-21.7990			127.3858			-99.4660			6.1000			-152.0000			-99.0000			12.0000			
-34.6991			123.5121			-83.0037			5.8000			-156.0000			-94.0000			17.0000			
-47.0384			116.8715			-63.1355			6.6000			-160.0000			-89.0000			23.0000			
-56.0125			106.9107			-45.5378			5.3000			-164.0000			-84.0000			30.0000			
-67.2300			102.4836			-30.7785			4.4000			-164.0000			-78.0000			35.0000			
-78.4476			99.1633			-15.4516			5.2000			-164.0000			-77.0000			42.0000			
-89.6651			99.1633			-6.3689			3.1000			-164.0000			-74.0000			50.0000			
-97.5174			103.0370			-2.9629			2.5000			-163.0000			-71.0000			57.0000			
-105.9305			110.7843			-1.8276			3.0000			-163.0000			-65.0000			61.0000			
-109.2958			116.3181			-4.6659			2.3000			-161.0000			-57.0000			65.0000			
-110.4175			120.1918			-6.9366			2.8000			-159.0000			-47.0000			66.0000			
-110.4175			119.6384			-7.5043			1.7000			-155.0000			-37.0000			66.0000			
-111.5393			116.8715			-2.9629			2.3000			-152.0000			-27.0000			65.0000			
-116.0263			109.1242			7.8227			0.9000			-147.0000			-15.0000			66.0000			
-117.1481			95.2896			23.7173			1.8000			-140.0000			-6.0000			67.0000			
-114.3437			77.0280			36.7736			-0.5000			-134.0000			4.0000			70.0000			
-107.0523			58.2131			47.5593			-1.2000			-126.0000			10.0000			70.0000			
-98.0783			40.5048			56.6419			-0.9000			-119.0000			19.0000			71.0000			
-95.8347			25.0102			70.8336			0.0000			-107.0000			24.0000			70.0000			
-96.3956			13.9425			80.4839			-1.9000			-93.0000			31.0000			69.0000			
-100.8826			8.4087			91.8372			-0.6000			-76.0000			33.0000			67.0000			
-111.5393			8.9621			100.3522			-2.2000			-61.0000			38.0000			66.0000			
-121.6351			11.7290			107.1641			-2.7000			-49.0000			44.0000			64.0000			
-126.1221			12.8358			110.0025			-3.2000			-38.0000			49.0000			63.0000			
-125.5612			8.9621			112.8408			-3.7000			-26.0000			57.0000			60.0000			
-121.6351			3.4283			113.9761			-4.2000			-15.0000			64.0000			55.0000			
-114.9046			-5.4258			117.9498			-2.3000			-5.0000			72.0000			51.0000			
-105.3697			-18.7070			119.6528			-4.4000			5.0000			77.0000			49.0000			
-89.6651			-31.9882			117.3821			-4.2000			17.0000			81.0000			44.0000			
-72.2779			-42.5024			111.1378			-3.6000			28.0000			84.0000			40.0000			
-53.7690			-52.4633			101.4875			-4.7000			43.0000			87.0000			34.0000			
-36.9426			-61.3174			95.2432			-3.0000			55.0000			91.0000			28.0000			
-22.3598			-76.2587			94.6755			-3.9000			67.0000			95.0000			19.0000			
-10.0205			-88.9865			94.6755			-4.3000			83.0000			97.0000			10.0000			
-3.8509			-101.1609			99.7845			-5.2000			97.0000			97.0000			2.0000			
-4.4118			-107.8015			109.4348			-2.7000			110.0000			97.0000			-5.0000			
-9.4597			-111.6751			117.3821			-3.7000			118.0000			95.0000			-7.0000			
-11.1423			-113.3353			120.2204			-4.2000			127.0000			94.0000			-11.0000			
-10.5814			-114.4420			121.3558			-3.6000			134.0000			91.0000			-14.0000			
-3.8509			-118.3157			119.6528			-2.5000			139.0000			88.0000			-18.0000			
7.9275			-122.7428			111.1378			-3.6000			145.0000			85.0000			-22.0000			
19.7059			-123.8495			99.7845			-4.3000			150.0000			81.0000			-26.0000			
33.7279			-122.7428			85.0252			-3.9000			153.0000			75.0000			-31.0000			
44.3845			-116.1022			66.8599			-4.8000			159.0000			70.0000			-38.0000			
53.9194			-105.5879			49.8299			-1.8000			165.0000			64.0000			-44.0000			
65.6979			-102.2676			33.9353			-2.6000			166.0000			59.0000			-50.0000			
77.4763			-100.0541			20.3113			-2.2000			167.0000			57.0000			-58.0000			
87.5721			-100.6075			10.6610			-2.3000			167.0000			55.0000			-67.0000			
98.2287			-107.8015			8.3904			-1.1000			167.0000			53.0000			-73.0000			
107.2028			-116.6556			10.0934			0.6000			165.0000			46.0000			-78.0000			
112.2507			-123.8495			11.2287			-0.3000			164.0000			37.0000			-81.0000			
114.4942			-126.6164			11.2287			-0.8000			161.0000			28.0000			-81.0000			
116.7377			-126.0631			8.9580			-0.3000			158.0000			18.0000			-82.0000			
119.5421			-121.6360			2.1461			0.0000			154.0000			7.0000			-81.0000			
123.4682			-113.3353			-9.7749			0.3000			149.0000			-2.0000			-82.0000			
125.1508			-98.9474			-25.1019			1.0000			142.0000			-12.0000			-84.0000			
121.2247			-81.2391			-38.1582			1.8000			135.0000			-21.0000			-84.0000			
111.6898			-61.3174			-47.2408			3.1000			126.0000			-28.0000			-84.0000			
101.0331			-41.3957			-57.4588			2.1000			119.0000			-36.0000			-85.0000			
98.2287			-24.2408			-70.5151			3.4000			106.0000			-44.0000			-85.0000			
97.1070			-10.9597			-80.7331			5.4000			91.0000			-47.0000			-81.0000			
98.2287			-2.6589			-90.3834			5.1000			73.0000			-50.0000			-81.0000			
104.9593			-1.5522			-98.3307			5.0000			58.0000			-54.0000			-80.0000			
112.8115			-3.7657			-103.4397			5.6000			46.0000			-59.0000			-80.0000			
117.8594			-7.6394			-104.5750			5.6000			36.0000			-66.0000			-77.0000			
117.8594			-8.1927			-104.5750			5.0000			24.0000			-73.0000			-73.0000			
114.4942			-2.6589			-105.7104			6.1000			15.0000			-81.0000			-69.0000			
108.8854			6.7486			-109.6840			5.9000			6.0000			-89.0000			-67.0000			
98.2287			21.1365			-111.3870			7.9000			-5.0000			-95.0000			-63.0000			
84.7677			34.9710			-111.9547			7.7000			-15.0000			-100.0000			-59.0000			
67.3805			46.0387			-106.8457			6.5000			-26.0000			-103.0000			-55.0000			
51.1151			54.8928			-99.4660			6.5000			-41.0000			-105.0000			-49.0000			
35.4105			65.4070			-93.7894			7.0000			-52.0000			-108.0000			-43.0000			
21.3886			79.2416			-93.2217			7.4000			-66.0000			-112.0000			-35.0000			
9.6102			91.4160			-93.2217			7.8000			-80.0000			-114.0000			-25.0000			
4.0014			103.5904			-101.1690			6.4000			-95.0000			-115.0000			-19.0000			
1.7579			112.4445			-108.5487			5.6000			-108.0000			-114.0000			-11.0000			
6.2449			116.8715			-114.7930			8.3000			-120.0000			-113.0000			-7.0000			
7.3666			119.6384			-118.7667			8.2000			-128.0000			-110.0000			-2.0000			
5.1231			120.1918			-118.7667			6.5000			-135.0000			-108.0000			1.0000			
-0.4856			122.9587			-115.9283			6.5000			-141.0000			-105.0000			6.0000			
-10.0205			125.7256			-109.1164			6.5000			-147.0000			-101.0000			9.0000			
-23.4816			126.8324			-97.1954			6.1000			-154.0000			-97.0000			13.0000			
-35.8209			124.6189			-81.3008			7.4000			-158.0000			-91.0000			17.0000			
-48.1602			117.4249			-62.5678			6.7000			-163.0000			-86.0000			24.0000			
-56.5733			107.4640			-43.8348			7.0000			-167.0000			-81.0000			31.0000			
-68.9126			103.0370			-28.5079			5.6000			-168.0000			-76.0000			36.0000			
-83.4954			103.0370			-14.8839			4.6000			-167.0000			-74.0000			43.0000			
-95.2739			104.6971			-5.8013			3.6000			-165.0000			-72.0000			51.0000			
-105.3697			109.6776			-0.6923			3.6000			-164.0000			-69.0000			59.0000			
-113.7828			117.4249			-0.6923			2.9000			-164.0000			-65.0000			62.0000			
-117.7090			122.9587			-3.5306			1.7000			-162.0000			-54.0000			64.0000			
-119.3916			126.2790			-4.6659			2.2000			-160.0000			-45.0000			66.0000			
-118.2698			125.1723			-5.2336			1.6000			-155.0000			-35.0000			66.0000			
-119.3916			121.8520			-0.1246			2.3000			-151.0000			-25.0000			66.0000			
-122.7568			112.4445			10.0934			-0.2000			-146.0000			-14.0000			66.0000			
-121.0742			96.9498			25.4203			1.2000			-139.0000			-5.0000			67.0000			
-117.1481			77.5814			38.4766			-1.0000			-132.0000			4.0000			69.0000			
-107.0523			57.6597			49.8299			0.4000			-124.0000			11.0000			70.0000			
-96.3956			38.8447			58.9126			1.3000			-115.0000			19.0000			69.0000			
-93.5912			22.7966			70.2659			-0.5000			-105.0000			26.0000			70.0000			
-93.5912			12.2824			79.3485			-1.9000			-90.0000			30.0000			68.0000			
-97.5174			6.1952			88.9988			-2.3000			-74.0000			34.0000			68.0000			
-104.2479			5.6418			97.5138			-1.0000			-60.0000			37.0000			67.0000			
-115.4654			8.9621			103.7581			-2.7000			-49.0000			44.0000			63.0000			
-120.5133			11.1756			107.1641			-2.1000			-37.0000			51.0000			62.0000			
-121.6351			10.0688			108.2995			-3.2000			-25.0000			58.0000			59.0000			
-117.7090			3.4283			111.7055			-2.5000			-15.0000			67.0000			55.0000			
-113.2219			-5.4258			115.6791			-2.9000			-7.0000			73.0000			53.0000			
-102.5653			-19.2604			117.9498			-3.8000			3.0000			79.0000			49.0000			
-89.1042			-31.9882			117.9498			-3.1000			16.0000			83.0000			45.0000			
-72.8388			-43.6092			112.2731			-4.1000			27.0000			87.0000			41.0000			
-56.0125			-52.4633			103.7581			-4.7000			41.0000			90.0000			35.0000			
-37.5035			-62.9775			98.0815			-2.3000			54.0000			91.0000			28.0000			
-23.4816			-76.2587			95.8108			-3.9000			67.0000			96.0000			19.0000			
-12.2641			-89.5399			96.9462			-4.8000			81.0000			98.0000			10.0000			
-5.5335			-101.1609			103.1905			-3.5000			97.0000			99.0000			2.0000			
-5.5335			-108.9082			111.1378			-3.3000			110.0000			97.0000			-4.0000			
-10.0205			-111.6751			117.9498			-3.7000			122.0000			96.0000			-8.0000			
-10.5814			-113.8887			120.7881			-3.6000			129.0000			94.0000			-11.0000			
-8.3379			-116.1022			120.2204			-4.2000			136.0000			92.0000			-16.0000			
-0.4856			-119.9759			117.3821			-3.0000			142.0000			90.0000			-20.0000			
10.1710			-123.8495			110.0025			-3.6000			148.0000			85.0000			-24.0000			
23.6321			-125.5097			97.5138			-4.3000			152.0000			80.0000			-27.0000			
35.4105			-122.7428			82.1869			-5.1000			156.0000			75.0000			-31.0000			
47.7498			-115.5488			65.1569			-2.6000			161.0000			71.0000			-38.0000			
55.6021			-106.6947			46.9916			-4.0000			165.0000			66.0000			-45.0000			
68.5022			-101.1609			31.6646			-0.9000			166.0000			61.0000			-50.0000			
80.2807			-100.0541			17.4730			-2.2000			167.0000			58.0000			-58.0000			
89.2547			-101.1609			10.0934			-1.8000			165.0000			58.0000			-67.0000			
98.7896			-106.6947			8.3904			0.4000			164.0000			54.0000			-74.0000			
105.5201			-114.9954			8.9580			-0.5000			163.0000			47.0000			-77.0000			
109.4463			-120.5292			11.7964			0.7000			162.0000			39.0000			-79.0000			
112.2507			-122.1894			12.3640			2.4000			160.0000			28.0000			-80.0000			
112.2507			-122.1894			10.6610			0.7000			157.0000			19.0000			-81.0000			
115.6159			-117.7623			2.1461			0.0000			151.0000			8.0000			-81.0000			
118.9812			-108.3548			-9.7749			0.8000			147.0000			-3.0000			-82.0000			
119.5421			-93.4135			-24.5342			1.5000			142.0000			-12.0000			-83.0000			
116.1768			-75.1519			-38.1582			2.8000			134.0000			-19.0000			-85.0000			
107.2028			-56.3370			-47.8085			3.0000			126.0000			-27.0000			-86.0000			
98.7896			-38.0754			-56.8911			3.8000			118.0000			-35.0000			-85.0000			
96.5461			-20.9205			-71.0828			4.5000			105.0000			-42.0000			-85.0000			
95.9852			-10.4063			-81.8684			3.7000			89.0000			-47.0000			-83.0000			
100.4722			-4.3191			-91.5187			4.6000			74.0000			-50.0000			-82.0000			
107.7636			-3.7657			-100.0337			3.9000			59.0000			-53.0000			-79.0000			
117.2986			-7.0860			-104.5750			5.6000			47.0000			-60.0000			-79.0000			
121.7856			-9.2995			-106.8457			5.6000			36.0000			-66.0000			-76.0000			
121.2247			-8.1927			-107.4134			5.6000			26.0000			-74.0000			-73.0000			
117.2986			-0.4454			-110.2517			6.6000			14.0000			-82.0000			-69.0000			
110.0072			8.9621			-113.0900			5.8000			5.0000			-88.0000			-66.0000			
99.9114			22.7966			-115.9283			6.7000			-5.0000			-96.0000			-63.0000			
84.7677			34.9710			-114.2253			5.5000			-17.0000			-98.0000			-59.0000			
66.8196			47.1454			-106.8457			7.1000			-30.0000			-101.0000			-55.0000			
49.9933			55.9995			-98.8984			7.1000			-43.0000			-104.0000			-49.0000			
33.1670			66.5138			-92.6541			7.0000			-55.0000			-107.0000			-42.0000			
17.4624			80.9017			-91.5187			6.8000			-67.0000			-111.0000			-33.0000			
6.2449			93.6295			-92.0864			7.7000			-82.0000			-112.0000			-25.0000			
1.1970			105.2505			-98.8984			7.5000			-97.0000			-114.0000			-17.0000			
0.6361			113.5512			-107.4134			6.7000			-110.0000			-113.0000			-10.0000			
4.0014			117.4249			-114.2253			7.2000			-119.0000			-111.0000			-7.0000			
6.2449			118.5317			-117.0637			7.7000			-128.0000			-109.0000			-4.0000			
4.5623			120.1918			-117.6313			7.1000			-135.0000			-107.0000			1.0000			
-0.4856			122.9587			-114.7930			7.6000			-140.0000			-105.0000			5.0000			
-11.1423			125.1723			-107.9810			6.0000			-146.0000			-101.0000			9.0000			
-22.3598			126.2790			-96.6277			7.2000			-151.0000			-95.0000			13.0000			
-36.3818			122.9587			-80.7331			5.8000			-157.0000			-91.0000			18.0000			
-48.1602			114.6580			-62.0001			4.4000			-161.0000			-86.0000			24.0000			
-55.4516			105.8039			-44.9702			5.3000			-164.0000			-81.0000			31.0000			
-68.3518			101.3768			-29.0755			3.9000			-166.0000			-75.0000			36.0000			
-80.6911			99.1633			-13.7486			4.7000			-166.0000			-74.0000			44.0000			
-90.2260			100.8235			-6.9366			3.6000			-166.0000			-73.0000			52.0000			
-100.3218			106.9107			-2.9629			3.6000			-165.0000			-69.0000			58.0000			
-109.8567			114.1046			-1.8276			2.4000			-165.0000			-62.0000			64.0000			
-113.2219			119.6384			-3.5306			2.8000			-164.0000			-54.0000			66.0000			
-115.4654			122.4053			-5.2336			1.7000			-161.0000			-44.0000			67.0000			
-114.9046			121.8520			-4.6659			2.2000			-157.0000			-34.0000			67.0000			
-117.7090			118.5317			1.0107			1.8000			-152.0000			-23.0000			67.0000			
-120.5133			110.2309			11.7964			1.5000			-146.0000			-13.0000			67.0000			
-119.9525			95.2896			25.9880			1.3000			-140.0000			-4.0000			68.0000			
-115.4654			76.4747			40.1796			1.1000			-131.0000			5.0000			69.0000			
-107.0523			56.5529			50.3976			-0.1000			-124.0000			12.0000			69.0000			
-96.3956			37.7379			58.9126			0.2000			-115.0000			21.0000			70.0000			
-94.7130			21.1365			71.4012			-2.1000			-103.0000			26.0000			69.0000			
-93.0304			10.0688			81.0515			-1.9000			-88.0000			32.0000			68.0000			
-95.8347			5.0884			89.5665			-1.1000			-73.0000			35.0000			68.0000			
-103.6870			5.0884			96.9462			-1.6000			-58.0000			38.0000			64.0000			
-113.7828			7.8553			102.6228			-3.2000			-45.0000			45.0000			64.0000			
-117.1481			9.5155			105.4611			-2.1000			-36.0000			52.0000			62.0000			
-117.1481			7.3019			106.0288			-3.8000			-25.0000			59.0000			59.0000			
-112.1002			1.2147			108.2995			-2.5000			-14.0000			67.0000			55.0000			
-107.0523			-8.7461			111.7055			-4.0000			-5.0000			73.0000			51.0000			
-96.9565			-20.9205			113.4085			-4.4000			5.0000			80.0000			48.0000			
-82.3737			-34.2017			113.4085			-3.1000			16.0000			84.0000			44.0000			
-66.6691			-45.8227			107.7318			-4.7000			29.0000			89.0000			39.0000			
-49.8428			-54.1234			100.9198			-3.0000			42.0000			91.0000			33.0000			
-33.5774			-64.6377			94.6755			-3.5000			53.0000			93.0000			28.0000			
-20.1163			-77.9189			94.1078			-3.9000			66.0000			97.0000			19.0000			
-10.0205			-90.0933			95.2432			-4.8000			83.0000			100.0000			9.0000			
-6.6553			-100.6075			102.6228			-4.6000			96.0000			100.0000			2.0000			
-6.6553			-107.8015			111.1378			-3.3000			110.0000			97.0000			-4.0000			
-11.1423			-111.6751			117.3821			-5.4000			119.0000			96.0000			-7.0000			
-11.1423			-113.8887			120.2204			-4.8000			127.0000			95.0000			-11.0000			
-8.3379			-116.6556			119.6528			-5.3000			135.0000			93.0000			-17.0000			
-0.4856			-119.9759			116.8144			-3.6000			141.0000			89.0000			-21.0000			
11.2928			-123.2962			108.8671			-3.1000			146.0000			84.0000			-23.0000			
23.0712			-124.9563			97.5138			-4.3000			152.0000			81.0000			-27.0000			
36.5323			-121.6360			81.6192			-3.4000			157.0000			75.0000			-33.0000			
47.1889			-115.5488			63.4539			-4.9000			160.0000			70.0000			-40.0000			
56.1629			-106.1413			46.9916			-2.9000			165.0000			64.0000			-46.0000			
68.5022			-101.1609			31.6646			-0.9000			167.0000			59.0000			-51.0000			
80.2807			-100.6075			17.4730			-2.8000			166.0000			59.0000			-58.0000			
91.4982			-101.1609			9.5257			-0.1000			167.0000			57.0000			-67.0000			
101.0331			-108.3548			6.1197			-1.1000			164.0000			54.0000			-74.0000			
108.8854			-116.1022			7.2550			0.0000			164.0000			48.0000			-78.0000			
112.2507			-121.6360			9.5257			0.1000			163.0000			38.0000			-80.0000			
113.3724			-124.4029			10.6610			-0.3000			161.0000			28.0000			-81.0000			
114.4942			-122.1894			9.5257			1.8000			155.0000			19.0000			-81.0000			
117.2986			-117.7623			1.0107			0.5000			151.0000			7.0000			-81.0000			
119.5421			-108.9082			-11.4779			-0.8000			147.0000			-1.0000			-82.0000			
120.6638			-93.4135			-26.2372			1.0000			140.0000			-13.0000			-84.0000			
116.1768			-74.5986			-39.2935			2.2000			133.0000			-19.0000			-84.0000			
107.2028			-54.6768			-48.9438			3.5000			125.0000			-26.0000			-86.0000			
98.2287			-36.4152			-58.0265			3.7000			116.0000			-34.0000			-85.0000			
94.3026			-19.8138			-70.5151			3.9000			104.0000			-42.0000			-84.0000			
93.7417			-8.7461			-81.3008			3.6000			89.0000			-46.0000			-83.0000			
97.1070			-2.6589			-90.9511			3.4000			73.0000			-49.0000			-82.0000			
104.9593			-2.6589			-98.8984			3.4000			59.0000			-53.0000			-80.0000			
115.0550			-5.4258			-103.4397			6.1000			47.0000			-60.0000			-79.0000			
119.5421			-8.1927			-105.1427			6.2000			36.0000			-67.0000			-76.0000			
119.5421			-6.5326			-107.4134			5.5000			26.0000			-74.0000			-74.0000			
116.1768			-0.4454			-109.1164			6.6000			15.0000			-81.0000			-69.0000			
110.0072			10.6222			-113.6577			6.9000			6.0000			-89.0000			-66.0000			
99.9114			22.7966			-116.4960			6.2000			-5.0000			-95.0000			-63.0000			
85.3286			36.0778			-115.3607			6.0000			-17.0000			-99.0000			-59.0000			
68.5022			47.6988			-109.6840			6.5000			-28.0000			-102.0000			-54.0000			
50.5542			57.1063			-100.6014			7.0000			-43.0000			-103.0000			-49.0000			
33.7279			67.6206			-93.7894			7.5000			-55.0000			-108.0000			-43.0000			
18.5842			81.4551			-93.2217			6.8000			-68.0000			-110.0000			-33.0000			
5.6840			94.1829			-93.7894			6.0000			-82.0000			-113.0000			-24.0000			
1.1970			106.3573			-100.0337			7.5000			-98.0000			-113.0000			-16.0000			
0.0752			114.6580			-108.5487			6.1000			-111.0000			-111.0000			-10.0000			
2.8796			118.5317			-114.7930			6.6000			-120.0000			-109.0000			-6.0000			
5.1231			119.0851			-117.0637			7.1000			-129.0000			-108.0000			-2.0000			
4.5623			120.7452			-117.6313			7.6000			-136.0000			-105.0000			1.0000			
-0.4856			122.9587			-115.9283			6.5000			-142.0000			-104.0000			6.0000			
-11.1423			125.7256			-108.5487			6.0000			-147.0000			-99.0000			8.0000			
-24.0425			126.8324			-96.6277			6.1000			-151.0000			-95.0000			13.0000			
-36.3818			123.5121			-81.3008			5.8000			-157.0000			-89.0000			17.0000			
-48.1602			116.3181			-62.5678			5.5000			-161.0000			-84.0000			24.0000			
-58.2560			106.9107			-43.8348			4.8000			-164.0000			-80.0000			30.0000			
-70.0344			103.0370			-29.0755			3.9000			-165.0000			-74.0000			35.0000			
-82.3737			100.8235			-14.8839			3.5000			-165.0000			-73.0000			43.0000			
-92.4695			101.9302			-5.8013			3.6000			-164.0000			-71.0000			52.0000			
-102.5653			106.9107			-2.3953			1.9000			-164.0000			-68.0000			59.0000			
-110.9784			114.6580			-1.2599			2.4000			-164.0000			-61.0000			63.0000			
-114.3437			119.6384			-2.9629			2.3000			-163.0000			-53.0000			66.0000			
-113.7828			121.2986			-5.2336			2.2000			-161.0000			-43.0000			67.0000			
-114.3437			121.2986			-4.6659			2.2000			-156.0000			-33.0000			68.0000			
-116.0263			117.9783			-0.1246			1.8000			-152.0000			-23.0000			66.0000			
-118.2698			109.1242			11.2287			2.0000			-145.0000			-12.0000			67.0000			
-118.8307			93.6295			25.4203			0.2000			-139.0000			-3.0000			68.0000			
-114.3437			74.8145			39.0443			-0.4000			-132.0000			6.0000			69.0000			
-105.9305			54.8928			50.9653			0.0000			-124.0000			13.0000			70.0000			
-96.3956			36.6312			60.6156			0.8000			-115.0000			22.0000			70.0000			
-94.1521			18.9230			71.9689			-3.2000			-102.0000			28.0000			70.0000			
-94.1521			10.0688			82.1869			-1.8000			-88.0000			33.0000			68.0000			
-98.6391			5.0884			91.8372			-1.7000			-72.0000			36.0000			66.0000			
-107.0523			5.0884			99.7845			-2.1000			-58.0000			40.0000			65.0000			
-116.0263			7.8553			105.4611			-2.6000			-46.0000			46.0000			63.0000			
-119.9525			8.9621			107.7318			-3.2000			-35.0000			52.0000			63.0000			
-119.9525			7.8553			108.8671			-3.2000			-25.0000			60.0000			58.0000			
-116.5872			1.2147			111.7055			-3.6000			-13.0000			69.0000			53.0000			
-109.8567			-8.7461			113.9761			-4.6000			-4.0000			75.0000			51.0000			
-99.2000			-20.9205			116.8144			-3.3000			5.0000			82.0000			48.0000			
-84.0563			-35.3085			115.6791			-3.6000			18.0000			85.0000			44.0000			
-67.2300			-45.8227			109.4348			-3.6000			30.0000			88.0000			40.0000			
-49.8428			-55.2302			100.9198			-4.1000			42.0000			91.0000			34.0000			
-32.4556			-65.7445			93.5402			-4.6000			54.0000			93.0000			27.0000			
-19.5555			-79.0256			93.5402			-5.0000			68.0000			97.0000			19.0000			
-8.8988			-91.2000			95.2432			-4.8000			84.0000			98.0000			10.0000			
-4.9727			-102.8210			102.6228			-5.1000			97.0000			100.0000			1.0000			
-6.0944			-110.0150			112.2731			-3.8000			110.0000			98.0000			-4.0000			
-9.4597			-113.3353			118.5174			-4.2000			120.0000			96.0000			-9.0000			
-11.1423			-115.5488			121.3558			-5.3000			129.0000			94.0000			-12.0000			
-7.7770			-118.3157			120.2204			-5.8000			135.0000			92.0000			-16.0000			
-0.4856			-121.0826			117.9498			-3.6000			142.0000			90.0000			-19.0000			
10.7319			-124.4029			109.4348			-4.2000			146.0000			85.0000			-24.0000			
23.6321			-125.5097			97.5138			-4.3000			151.0000			80.0000			-27.0000			
35.9714			-122.1894			81.6192			-4.6000			156.0000			76.0000			-34.0000			
47.7498			-115.5488			63.4539			-4.3000			162.0000			71.0000			-41.0000			
56.7238			-106.1413			45.8563			-3.5000			166.0000			65.0000			-45.0000			
68.5022			-101.7143			31.6646			-1.5000			167.0000			62.0000			-51.0000			
80.8415			-100.6075			18.0407			-1.7000			166.0000			58.0000			-59.0000			
90.9373			-101.1609			9.5257			-0.6000			166.0000			58.0000			-68.0000			
101.5940			-108.3548			6.6874			0.0000			165.0000			54.0000			-74.0000			
108.3245			-116.6556			7.2550			-1.0000			165.0000			47.0000			-79.0000			
111.6898			-121.6360			10.0934			0.1000			164.0000			38.0000			-80.0000			
113.9333			-123.8495			11.2287			1.3000			161.0000			28.0000			-82.0000			
113.9333			-122.7428			8.9580			0.1000			157.0000			19.0000			-80.0000			
117.8594			-117.7623			1.0107			1.1000			152.0000			8.0000			-81.0000			
120.6638			-108.3548			-11.4779			0.8000			147.0000			-2.0000			-81.0000			
121.2247			-93.9669			-26.2372			1.0000			141.0000			-11.0000			-83.0000			
116.7377			-74.5986			-39.8612			2.2000			132.0000			-19.0000			-84.0000			
107.7636			-54.6768			-49.5115			3.5000			125.0000			-27.0000			-85.0000			
98.7896			-36.9686			-59.1618			2.6000			116.0000			-34.0000			-86.0000			
96.5461			-20.3671			-72.7858			3.3000			103.0000			-43.0000			-83.0000			
95.4243			-9.2995			-81.8684			4.2000			88.0000			-47.0000			-82.0000			
98.7896			-3.2123			-92.6541			2.9000			73.0000			-49.0000			-80.0000			
107.2028			-2.6589			-100.0337			4.5000			58.0000			-53.0000			-80.0000			
115.6159			-5.4258			-105.1427			5.0000			46.0000			-59.0000			-79.0000			
120.1029			-8.1927			-106.2780			5.6000			35.0000			-67.0000			-77.0000			
120.1029			-6.5326			-107.4134			6.1000			24.0000			-74.0000			-73.0000			
116.1768			-0.9988			-109.1164			6.0000			14.0000			-82.0000			-69.0000			
109.4463			9.5155			-113.6577			5.3000			4.0000			-88.0000			-65.0000			
99.3505			23.9034			-115.3607			7.8000			-6.0000			-94.0000			-62.0000			
84.7677			37.1846			-114.2253			7.7000			-17.0000			-97.0000			-59.0000			
66.8196			48.2522			-108.5487			6.5000			-30.0000			-101.0000			-54.0000			
48.8715			57.1063			-100.0337			5.9000			-42.0000			-103.0000			-49.0000			
32.6061			67.6206			-93.7894			6.4000			-54.0000			-107.0000			-43.0000			
18.5842			82.0085			-94.3571			6.2000			-68.0000			-111.0000			-34.0000			
6.2449			95.2896			-94.3571			7.1000			-83.0000			-112.0000			-25.0000			
1.1970			107.4640			-100.0337			8.6000			-97.0000			-112.0000			-16.0000			
0.6361			114.6580			-109.6840			5.6000			-111.0000			-110.0000			-10.0000			
4.0014			118.5317			-115.9283			6.6000			-121.0000			-110.0000			-6.0000			
5.6840			119.6384			-118.1990			7.1000			-130.0000			-107.0000			-2.0000			
4.5623			121.2986			-118.7667			7.0000			-135.0000			-105.0000			1.0000			
-1.0465			123.5121			-115.3607			7.1000			-143.0000			-103.0000			5.0000			
-11.7032			125.7256			-107.4134			6.6000			-148.0000			-97.0000			9.0000			
-24.6034			126.2790			-96.0600			5.6000			-153.0000			-94.0000			13.0000			
-36.3818			122.9587			-79.5978			6.9000			-158.0000			-89.0000			18.0000			
-49.2819			115.2114			-60.2971			5.6000			-162.0000			-85.0000			24.0000			
-59.3777			106.3573			-43.2672			3.7000			-165.0000			-79.0000			31.0000			
-70.5953			103.0370			-27.3725			5.0000			-167.0000			-73.0000			36.0000			
-84.0563			101.3768			-13.7486			3.5000			-166.0000			-71.0000			44.0000			
-94.7130			103.0370			-5.8013			2.5000			-165.0000			-70.0000			53.0000			
-104.2479			109.6776			-1.8276			3.6000			-165.0000			-66.0000			59.0000			
-113.2219			116.8715			-1.8276			1.8000			-164.0000			-60.0000			63.0000			
-116.5872			122.4053			-3.5306			2.2000			-162.0000			-52.0000			66.0000			
-116.0263			123.5121			-5.8013			1.6000			-161.0000			-41.0000			67.0000			
-116.5872			122.9587			-5.2336			1.1000			-155.0000			-33.0000			67.0000			
-118.8307			119.6384			-0.1246			0.6000			-151.0000			-21.0000			67.0000			
-120.5133			110.2309			11.7964			1.5000			-145.0000			-11.0000			66.0000			
-121.0742			94.1829			26.5557			-0.3000			-139.0000			-2.0000			67.0000			
-115.4654			73.7078			41.3150			-0.4000			-131.0000			7.0000			70.0000			
-106.4914			54.3394			51.5329			-0.6000			-124.0000			15.0000			71.0000			
-96.9565			36.6312			60.0479			-0.2000			-114.0000			22.0000			70.0000			
-94.1521			18.3696			74.2395			-1.5000			-101.0000			28.0000			69.0000			
-94.7130			8.9621			83.3222			-2.4000			-87.0000			31.0000			67.0000			
-99.2000			4.5350			91.8372			-2.8000			-71.0000			36.0000			66.0000			
-107.6132			5.0884			100.3522			-2.1000			-58.0000			39.0000			67.0000			
-117.1481			7.3019			106.0288			-3.8000			-45.0000			46.0000			64.0000			
-121.0742			9.5155			107.7318			-3.8000			-34.0000			53.0000			61.0000			
-119.9525			6.7486			109.4348			-3.7000			-24.0000			61.0000			57.0000			
-116.0263			0.1080			112.2731			-3.6000			-14.0000			69.0000			53.0000			
-109.8567			-9.8529			115.1115			-4.5000			-4.0000			76.0000			50.0000			
-98.6391			-22.0273			116.8144			-3.8000			7.0000			81.0000			47.0000			
-84.0563			-35.8618			116.8144			-3.0000			17.0000			86.0000			43.0000			
-66.6691			-47.4829			109.4348			-4.7000			30.0000			90.0000			38.0000			
-49.8428			-56.3370			102.0551			-4.1000			43.0000			92.0000			33.0000			
-33.0165			-66.2978			95.2432			-4.0000			55.0000			95.0000			26.0000			
-18.4337			-80.6858			94.6755			-4.4000			69.0000			98.0000			18.0000			
-7.7770			-93.4135			96.3785			-4.8000			84.0000			99.0000			8.0000			
-5.5335			-102.8210			104.8935			-3.4000			98.0000			99.0000			-1.0000			
-6.0944			-110.5684			112.2731			-4.3000			111.0000			98.0000			-5.0000			
-9.4597			-113.8887			118.5174			-4.8000			121.0000			96.0000			-8.0000			
-10.0205			-116.1022			120.7881			-5.3000			130.0000			94.0000			-12.0000			
-7.2162			-118.3157			119.6528			-5.8000			137.0000			93.0000			-17.0000			
-0.4856			-121.6360			117.9498			-4.1000			142.0000			89.0000			-19.0000			
12.4145			-124.9563			108.8671			-3.6000			147.0000			86.0000			-24.0000			
25.3147			-124.9563			95.8108			-3.8000			153.0000			80.0000			-28.0000			
38.2149			-122.7428			80.4839			-4.0000			159.0000			75.0000			-33.0000			
49.9933			-113.8887			61.7509			-2.1000			163.0000			71.0000			-40.0000			
57.8456			-105.5879			44.7210			-3.0000			166.0000			66.0000			-47.0000			
69.0631			-101.1609			29.9617			-2.1000			167.0000			60.0000			-52.0000			
81.9633			-100.0541			16.9054			-1.1000			166.0000			60.0000			-60.0000			
92.0591			-102.8210			8.9580			-1.8000			166.0000			58.0000			-69.0000			
101.5940			-110.0150			7.8227			-0.5000			166.0000			54.0000			-75.0000			
108.8854			-117.7623			7.8227			-1.0000			163.0000			47.0000			-79.0000			
112.2507			-122.1894			10.0934			0.1000			163.0000			38.0000			-81.0000			
113.3724			-124.4029			11.7964			0.7000			159.0000			28.0000			-81.0000			
113.3724			-122.1894			9.5257			0.7000			155.0000			18.0000			-81.0000			
117.8594			-117.2090			-0.1246			0.5000			152.0000			8.0000			-81.0000			
120.1029			-106.6947			-13.1809			0.2000			146.0000			-2.0000			-81.0000			
119.5421			-90.6466			-27.9402			0.9000			140.0000			-12.0000			-83.0000			
115.0550			-71.2783			-40.9965			2.7000			132.0000			-20.0000			-85.0000			
106.0810			-52.4633			-51.2145			2.4000			124.0000			-27.0000			-86.0000			
97.6679			-35.8618			-59.1618			2.6000			115.0000			-36.0000			-87.0000			
95.4243			-18.1536			-73.3534			3.9000			102.0000			-40.0000			-84.0000			
95.4243			-7.6394			-83.5714			4.2000			87.0000			-46.0000			-83.0000			
100.4722			-2.6589			-93.7894			4.0000			71.0000			-48.0000			-81.0000			
109.4463			-3.2123			-101.7367			4.5000			57.0000			-53.0000			-80.0000			
117.2986			-6.5326			-105.7104			5.0000			46.0000			-59.0000			-79.0000			
122.3464			-8.7461			-107.4134			6.1000			35.0000			-67.0000			-76.0000			
121.7856			-7.0860			-107.9810			6.7000			24.0000			-74.0000			-73.0000			
116.1768			0.6614			-111.3870			5.4000			14.0000			-82.0000			-69.0000			
110.0072			11.1756			-115.3607			5.8000			5.0000			-88.0000			-66.0000			
98.7896			25.5635			-117.6313			6.7000			-7.0000			-94.0000			-63.0000			
84.2068			38.8447			-115.9283			7.1000			-18.0000			-99.0000			-59.0000			
65.6979			48.2522			-107.4134			6.5000			-31.0000			-100.0000			-54.0000			
48.8715			57.1063			-99.4660			6.5000			-42.0000			-103.0000			-49.0000			
33.1670			68.7273			-94.9247			6.9000			-55.0000			-107.0000			-42.0000			
17.4624			83.6686			-93.7894			7.3000			-70.0000			-110.0000			-33.0000			
5.1231			96.9498			-95.4924			6.5000			-84.0000			-112.0000			-24.0000			
1.7579			108.0174			-102.8720			6.9000			-99.0000			-113.0000			-15.0000			
1.7579			114.6580			-110.8193			5.5000			-112.0000			-110.0000			-10.0000			
4.5623			118.5317			-116.4960			6.5000			-121.0000			-109.0000			-5.0000			
6.2449			119.6384			-119.9020			5.9000			-131.0000			-107.0000			-2.0000			
5.1231			121.8520			-119.9020			7.0000			-137.0000			-105.0000			2.0000			
-0.4856			123.5121			-116.4960			6.5000			-143.0000			-102.0000			5.0000			
-12.2641			127.3858			-108.5487			6.5000			-148.0000			-98.0000			9.0000			
-25.1642			126.8324			-95.4924			6.1000			-154.0000			-93.0000			14.0000			
-38.0644			122.4053			-78.4624			5.8000			-158.0000			-89.0000			19.0000			
-49.8428			114.1046			-59.1618			5.1000			-162.0000			-84.0000			25.0000			
-58.2560			105.8039			-42.6995			4.8000			-165.0000			-77.0000			31.0000			
-70.0344			101.9302			-27.3725			4.5000			-165.0000			-73.0000			37.0000			
-82.3737			100.8235			-13.1809			5.2000			-165.0000			-72.0000			45.0000			
-94.1521			101.9302			-5.2336			2.5000			-165.0000			-69.0000			53.0000			
-104.2479			108.0174			-2.9629			0.8000			-165.0000			-66.0000			60.0000			
-111.5393			115.7648			-1.8276			2.4000			-164.0000			-60.0000			64.0000			
-114.3437			120.7452			-3.5306			2.8000			-163.0000			-51.0000			66.0000			
-115.4654			122.4053			-5.8013			1.1000			-161.0000			-42.0000			68.0000			
-115.4654			122.4053			-5.2336			1.7000			-155.0000			-32.0000			67.0000			
-117.1481			118.5317			1.5784			2.9000			-150.0000			-21.0000			66.0000			
-120.5133			107.4640			12.9317			-0.1000			-145.0000			-11.0000			66.0000			
-119.3916			91.4160			27.6910			-0.2000			-138.0000			-1.0000			69.0000			
-113.2219			70.9408			43.0180			0.7000			-130.0000			8.0000			69.0000			
-105.3697			52.1259			51.5329			-1.7000			-123.0000			15.0000			70.0000			
-96.9565			35.5244			61.7509			0.3000			-114.0000			24.0000			69.0000			
-94.1521			17.8162			74.8072			-1.5000			-101.0000			30.0000			68.0000			
-94.7130			7.8553			85.0252			-1.8000			-86.0000			34.0000			68.0000			
-101.4435			5.6418			92.9725			-2.8000			-71.0000			37.0000			65.0000			
-109.2958			6.1952			100.3522			-2.7000			-57.0000			42.0000			64.0000			
-117.1481			8.9621			105.4611			-2.7000			-45.0000			47.0000			63.0000			
-121.0742			9.5155			108.2995			-3.2000			-34.0000			55.0000			61.0000			
-120.5133			7.3019			110.0025			-3.2000			-22.0000			62.0000			57.0000			
-115.4654			-0.4454			112.8408			-3.0000			-13.0000			70.0000			54.0000			
-109.2958			-11.5130			116.2468			-4.5000			-4.0000			77.0000			51.0000			
-98.6391			-23.1341			117.3821			-4.3000			7.0000			83.0000			47.0000			
-82.9346			-36.9686			115.6791			-4.2000			18.0000			87.0000			43.0000			
-64.9865			-47.4829			108.2995			-4.1000			31.0000			89.0000			38.0000			
-48.1602			-57.4437			101.4875			-4.1000			45.0000			92.0000			33.0000			
-33.5774			-67.4046			95.8108			-5.1000			56.0000			95.0000			26.0000			
-18.9946			-81.7925			95.8108			-4.9000			71.0000			97.0000			17.0000			
-8.8988			-95.0737			97.5138			-6.4000			85.0000			100.0000			9.0000			
-6.0944			-104.4812			106.5965			-3.9000			100.0000			101.0000			-1.0000			
-7.2162			-111.6751			114.5438			-4.3000			112.0000			98.0000			-4.0000			
-10.5814			-114.4420			120.2204			-4.8000			121.0000			96.0000			-9.0000			
-11.1423			-116.6556			123.0588			-4.7000			130.0000			94.0000			-12.0000			
-7.7770			-118.8691			120.7881			-5.8000			137.0000			93.0000			-16.0000			
0.6361			-122.7428			116.8144			-5.2000			142.0000			90.0000			-20.0000			
12.9754			-126.0631			109.4348			-3.6000			148.0000			85.0000			-25.0000			
26.4365			-126.0631			95.8108			-3.8000			154.0000			80.0000			-29.0000			
38.2149			-122.1894			79.3485			-4.6000			157.0000			75.0000			-34.0000			
49.4324			-111.6751			60.0479			-2.1000			161.0000			71.0000			-41.0000			
58.9673			-105.0346			44.1533			-1.9000			167.0000			66.0000			-47.0000			
70.1849			-101.1609			28.8263			-2.1000			167.0000			61.0000			-53.0000			
81.9633			-99.5007			15.7700			-1.7000			166.0000			60.0000			-61.0000			
92.6200			-102.2676			8.9580			-0.6000			166.0000			57.0000			-71.0000			
102.1549			-110.0150			7.2550			-0.5000			166.0000			54.0000			-75.0000			
109.4463			-117.7623			7.2550			-1.0000			165.0000			46.0000			-78.0000			
112.2507			-122.7428			10.0934			-0.3000			164.0000			37.0000			-80.0000			
113.3724			-123.2962			11.2287			1.3000			159.0000			27.0000			-81.0000			
114.4942			-122.7428			7.8227			-0.4000			155.0000			18.0000			-81.0000			
117.8594			-116.6556			-1.2599			0.0000			151.0000			7.0000			-81.0000			
121.2247			-106.1413			-14.8839			0.2000			146.0000			-3.0000			-82.0000			
121.2247			-89.5399			-29.6432			2.0000			140.0000			-11.0000			-83.0000			
114.4942			-70.7249			-43.2672			0.5000			131.0000			-20.0000			-85.0000			
105.5201			-50.8031			-52.3498			2.3000			124.0000			-27.0000			-86.0000			
98.7896			-35.8618			-60.8648			2.0000			115.0000			-35.0000			-86.0000			
95.9852			-18.7070			-74.4888			2.7000			101.0000			-41.0000			-84.0000			
96.5461			-7.6394			-85.2744			3.6000			86.0000			-45.0000			-83.0000			
102.1549			-2.6589			-94.9247			4.5000			70.0000			-49.0000			-81.0000			
111.1289			-4.3191			-102.3044			4.5000			56.0000			-52.0000			-80.0000			
119.5421			-7.6394			-106.2780			5.6000			44.0000			-60.0000			-78.0000			
122.9073			-8.7461			-107.9810			6.1000			33.0000			-66.0000			-76.0000			
121.2247			-7.0860			-108.5487			5.6000			22.0000			-74.0000			-73.0000			
117.2986			0.6614			-111.9547			6.0000			13.0000			-83.0000			-69.0000			
109.4463			12.2824			-115.3607			6.3000			4.0000			-87.0000			-66.0000			
98.2287			26.6703			-117.6313			7.2000			-7.0000			-94.0000			-63.0000			
83.0851			39.9515			-115.9283			7.1000			-19.0000			-97.0000			-58.0000			
64.5761			49.9123			-108.5487			5.9000			-32.0000			-101.0000			-54.0000			
47.1889			59.3198			-100.0337			6.4000			-45.0000			-104.0000			-48.0000			
32.0452			69.8341			-94.9247			6.9000			-56.0000			-106.0000			-41.0000			
18.0233			83.6686			-94.3571			7.3000			-71.0000			-109.0000			-33.0000			
5.6840			96.9498			-96.0600			6.5000			-86.0000			-111.0000			-23.0000			
1.7579			108.5708			-104.5750			5.7000			-100.0000			-112.0000			-15.0000			
2.8796			115.2114			-111.9547			6.1000			-113.0000			-111.0000			-11.0000			
5.1231			118.5317			-117.0637			6.5000			-123.0000			-108.0000			-6.0000			
5.6840			120.1918			-119.9020			5.9000			-131.0000			-106.0000			-2.0000			
4.5623			121.2986			-119.9020			5.9000			-138.0000			-102.0000			1.0000			
-1.6074			123.5121			-115.9283			5.9000			-143.0000			-101.0000			6.0000			
-12.8249			125.7256			-106.8457			6.0000			-148.0000			-97.0000			9.0000			
-25.7251			126.2790			-93.7894			6.7000			-154.0000			-92.0000			14.0000			
-38.6253			121.2986			-76.1918			6.4000			-160.0000			-87.0000			19.0000			
-49.8428			112.4445			-58.0265			4.5000			-163.0000			-83.0000			26.0000			
-58.8169			104.6971			-40.9965			4.8000			-166.0000			-77.0000			32.0000			
-70.0344			100.8235			-25.6695			5.1000			-166.0000			-73.0000			37.0000			
-83.4954			99.7167			-13.1809			3.0000			-166.0000			-72.0000			45.0000			
-94.1521			101.9302			-5.2336			2.5000			-165.0000			-69.0000			54.0000			
-104.2479			109.6776			-2.3953			3.0000			-165.0000			-65.0000			60.0000			
-112.1002			116.3181			-2.3953			1.8000			-165.0000			-58.0000			63.0000			
-113.7828			120.7452			-5.2336			1.7000			-162.0000			-50.0000			67.0000			
-115.4654			122.4053			-6.3689			0.5000			-160.0000			-41.0000			66.0000			
-114.9046			121.2986			-4.0983			2.3000			-156.0000			-30.0000			67.0000			
-117.1481			116.8715			2.1461			1.8000			-150.0000			-19.0000			66.0000			
-119.3916			105.8039			14.6347			1.0000			-144.0000			-9.0000			67.0000			
-118.8307			89.7558			29.3940			0.3000			-138.0000			-1.0000			68.0000			
-113.2219			70.3875			43.0180			0.1000			-131.0000			8.0000			68.0000			
-103.6870			49.3590			53.2359			-1.0000			-122.0000			16.0000			71.0000			
-96.3956			34.4176			61.1832			-0.7000			-113.0000			23.0000			70.0000			
-94.1521			17.8162			74.8072			-1.5000			-100.0000			30.0000			68.0000			
-94.7130			8.4087			85.0252			-1.2000			-85.0000			33.0000			67.0000			
-101.4435			5.0884			93.5402			-2.8000			-69.0000			38.0000			65.0000			
-110.4175			6.7486			100.9198			-2.7000			-56.0000			42.0000			64.0000			
-118.2698			10.0688			105.4611			-2.7000			-44.0000			48.0000			63.0000			
-122.1960			10.0688			107.7318			-4.3000			-33.0000			55.0000			61.0000			
-121.0742			6.1952			110.0025			-4.8000			-23.0000			63.0000			57.0000			
-116.0263			-0.9988			112.8408			-4.1000			-12.0000			71.0000			53.0000			
-109.2958			-12.0664			116.2468			-5.1000			-3.0000			79.0000			49.0000			
-96.9565			-24.2408			117.3821			-3.8000			7.0000			83.0000			47.0000			
-81.8128			-37.5220			115.6791			-3.6000			19.0000			87.0000			43.0000			
-63.8647			-47.4829			108.2995			-3.0000			32.0000			90.0000			38.0000			
-47.5993			-56.8903			100.3522			-4.1000			45.0000			92.0000			32.0000			
-31.8948			-68.5114			94.6755			-5.7000			58.0000			95.0000			25.0000			
-18.4337			-81.7925			94.6755			-5.5000			72.0000			99.0000			16.0000			
-7.7770			-94.5203			97.5138			-4.7000			86.0000			99.0000			6.0000			
-5.5335			-104.4812			106.0288			-3.9000			101.0000			101.0000			-2.0000			
-7.2162			-111.1218			115.1115			-3.2000			113.0000			99.0000			-5.0000			
-10.5814			-114.4420			120.2204			-4.8000			123.0000			96.0000			-9.0000			
-10.5814			-116.1022			121.3558			-5.3000			131.0000			95.0000			-13.0000			
-7.2162			-118.3157			120.2204			-5.3000			138.0000			93.0000			-16.0000			
1.1970			-122.7428			116.2468			-5.2000			143.0000			88.0000			-20.0000			
14.0972			-124.9563			107.7318			-3.1000			149.0000			86.0000			-25.0000			
26.9973			-124.9563			94.1078			-3.8000			153.0000			80.0000			-28.0000			
39.3366			-121.6360			77.0779			-5.2000			159.0000			75.0000			-35.0000			
49.4324			-112.7819			58.9126			-4.4000			163.0000			72.0000			-42.0000			
58.9673			-104.4812			42.4503			-3.0000			166.0000			65.0000			-46.0000			
70.7458			-100.0541			26.5557			-2.7000			167.0000			61.0000			-53.0000			
82.5242			-100.0541			15.7700			-1.7000			166.0000			60.0000			-61.0000			
93.1808			-101.7143			8.9580			0.4000			166.0000			58.0000			-69.0000			
102.7157			-109.4616			6.6874			0.0000			165.0000			54.0000			-75.0000			
109.4463			-117.7623			7.2550			-1.0000			165.0000			47.0000			-78.0000			
111.6898			-122.7428			9.5257			-1.5000			163.0000			38.0000			-81.0000			
112.2507			-123.2962			10.6610			-0.3000			160.0000			27.0000			-81.0000			
114.4942			-121.0826			7.8227			1.2000			156.0000			19.0000			-80.0000			
117.8594			-115.5488			-1.8276			0.4000			150.0000			7.0000			-82.0000			
120.1029			-103.9278			-16.0192			0.1000			144.0000			-3.0000			-81.0000			
120.1029			-88.4331			-30.2109			1.4000			138.0000			-13.0000			-83.0000			
115.0550			-70.1715			-43.2672			1.6000			131.0000			-21.0000			-85.0000			
104.9593			-49.6964			-52.9175			2.3000			123.0000			-27.0000			-86.0000			
98.2287			-34.7551			-61.4325			2.0000			113.0000			-36.0000			-86.0000			
94.8635			-16.4935			-75.6241			2.7000			100.0000			-41.0000			-84.0000			
95.4243			-6.5326			-85.2744			3.6000			85.0000			-45.0000			-83.0000			
102.1549			-2.6589			-94.9247			4.5000			69.0000			-48.0000			-81.0000			
111.6898			-4.3191			-102.3044			5.0000			55.0000			-53.0000			-80.0000			
118.9812			-7.6394			-106.2780			5.0000			44.0000			-59.0000			-79.0000			
122.3464			-9.2995			-107.4134			5.6000			33.0000			-67.0000			-77.0000			
120.1029			-5.4258			-107.9810			6.6000			22.0000			-74.0000			-72.0000			
116.1768			1.7681			-111.9547			5.9000			12.0000			-82.0000			-69.0000			
108.3245			12.8358			-116.4960			4.6000			2.0000			-89.0000			-66.0000			
97.1070			26.1169			-117.0637			6.1000			-8.0000			-93.0000			-61.0000			
81.9633			39.9515			-115.9283			5.9000			-19.0000			-98.0000			-58.0000			
64.5761			49.9123			-108.5487			5.9000			-34.0000			-101.0000			-52.0000			
47.7498			59.3198			-100.6014			6.4000			-46.0000			-103.0000			-47.0000			
31.4844			70.9408			-95.4924			6.9000			-58.0000			-106.0000			-40.0000			
16.3407			85.3288			-94.3571			7.3000			-73.0000			-108.0000			-31.0000			
5.6840			98.0565			-96.6277			7.1000			-87.0000			-111.0000			-23.0000			
1.7579			109.6776			-104.0074			7.4000			-101.0000			-111.0000			-15.0000			
2.8796			116.3181			-112.5223			6.6000			-114.0000			-109.0000			-9.0000			
6.2449			119.0851			-118.1990			7.1000			-124.0000			-109.0000			-5.0000			
6.2449			120.1918			-119.9020			6.5000			-131.0000			-106.0000			-1.0000			
4.0014			121.8520			-119.3343			6.5000			-137.0000			-104.0000			2.0000			
-1.6074			124.6189			-115.3607			7.6000			-144.0000			-100.0000			7.0000			
-13.3858			126.8324			-106.8457			6.6000			-150.0000			-96.0000			10.0000			
-26.8469			126.2790			-93.7894			5.6000			-154.0000			-92.0000			15.0000			
-39.1862			121.2986			-76.1918			5.9000			-159.0000			-87.0000			20.0000			
-49.8428			111.8911			-57.4588			4.5000			-163.0000			-82.0000			27.0000			
-59.9386			104.6971			-39.8612			4.8000			-166.0000			-76.0000			31.0000			
-72.2779			101.3768			-23.9666			5.1000			-167.0000			-73.0000			38.0000			
-83.4954			100.8235			-11.4779			5.8000			-166.0000			-71.0000			47.0000			
-94.1521			101.9302			-4.6659			3.1000			-166.0000			-70.0000			55.0000			
-105.3697			109.6776			-1.8276			2.4000			-165.0000			-65.0000			61.0000			
-113.2219			117.4249			-2.3953			1.8000			-164.0000			-57.0000			64.0000			
-115.4654			121.8520			-4.6659			1.7000			-162.0000			-49.0000			66.0000			
-115.4654			122.9587			-6.9366			0.5000			-160.0000			-41.0000			67.0000			
-115.4654			121.2986			-4.6659			1.1000			-154.0000			-29.0000			67.0000			
-118.2698			116.8715			3.2814			1.8000			-150.0000			-18.0000			67.0000			
-119.9525			105.8039			15.2024			1.0000			-145.0000			-8.0000			67.0000			
-120.5133			89.2024			30.5293			-0.7000			-138.0000			-1.0000			67.0000			
-113.7828			69.8341			44.1533			0.2000			-129.0000			8.0000			69.0000			
-103.6870			49.3590			53.8036			-0.5000			-121.0000			17.0000			71.0000			
-96.3956			33.3109			62.3186			-0.7000			-112.0000			25.0000			70.0000			
-94.1521			16.7094			76.5102			-0.9000			-99.0000			29.0000			68.0000			
-95.2739			7.8553			85.0252			-2.3000			-84.0000			33.0000			68.0000			
-102.0044			5.0884			94.6755			-2.2000			-68.0000			37.0000			66.0000			
-110.4175			6.7486			102.0551			-1.6000			-54.0000			42.0000			65.0000			
-119.3916			9.5155			106.0288			-3.8000			-42.0000			48.0000			63.0000			
-122.1960			10.0688			108.2995			-3.8000			-33.0000			55.0000			61.0000			
-119.9525			5.6418			110.5701			-3.7000			-22.0000			63.0000			58.0000			
-116.0263			-1.5522			113.4085			-4.1000			-12.0000			71.0000			54.0000			
-108.1740			-12.6198			116.8144			-3.9000			-2.0000			77.0000			49.0000			
-96.9565			-25.3476			117.9498			-4.3000			9.0000			83.0000			46.0000			
-81.8128			-38.0754			115.6791			-4.2000			20.0000			88.0000			43.0000			
-63.8647			-48.5896			108.2995			-4.1000			33.0000			88.0000			39.0000			
-47.0384			-58.5505			100.3522			-5.2000			45.0000			91.0000			33.0000			
-31.3339			-70.7249			96.3785			-5.6000			58.0000			96.0000			26.0000			
-17.3120			-83.4527			95.2432			-5.5000			72.0000			98.0000			16.0000			
-8.3379			-96.1805			98.0815			-6.4000			88.0000			99.0000			7.0000			
-6.0944			-105.5879			106.0288			-5.6000			102.0000			99.0000			-1.0000			
-8.3379			-111.6751			115.1115			-4.8000			113.0000			100.0000			-7.0000			
-10.5814			-113.8887			121.3558			-3.1000			122.0000			97.0000			-9.0000			
-10.5814			-115.5488			122.4911			-3.6000			132.0000			95.0000			-14.0000			
-6.6553			-118.8691			120.2204			-5.3000			138.0000			93.0000			-17.0000			
2.3187			-122.7428			116.2468			-4.1000			144.0000			91.0000			-20.0000			
14.0972			-124.9563			107.1641			-3.6000			149.0000			86.0000			-24.0000			
27.5582			-125.5097			92.4048			-5.5000			154.0000			80.0000			-29.0000			
39.8975			-120.5292			75.9425			-4.6000			160.0000			75.0000			-35.0000			
51.1151			-111.1218			57.7773			-2.2000			164.0000			71.0000			-42.0000			
60.6500			-104.4812			40.1796			-3.6000			168.0000			64.0000			-47.0000			
72.4284			-100.6075			24.8527			-3.3000			167.0000			61.0000			-55.0000			
83.0851			-100.0541			14.0670			-2.8000			167.0000			61.0000			-62.0000			
93.7417			-102.2676			7.8227			-0.7000			166.0000			59.0000			-71.0000			
103.8375			-111.1218			6.6874			-0.5000			165.0000			54.0000			-75.0000			
110.0072			-118.3157			8.3904			0.0000			165.0000			45.0000			-78.0000			
112.2507			-123.8495			10.0934			-1.5000			162.0000			36.0000			-79.0000			
113.3724			-124.4029			11.2287			0.1000			159.0000			27.0000			-81.0000			
115.0550			-121.6360			6.1197			-0.4000			156.0000			16.0000			-81.0000			
118.9812			-114.9954			-3.5306			0.4000			149.0000			6.0000			-81.0000			
121.2247			-103.9278			-16.0192			1.2000			145.0000			-5.0000			-82.0000			
120.6638			-86.7730			-31.9139			1.9000			137.0000			-13.0000			-83.0000			
114.4942			-67.4046			-43.8348			3.2000			130.0000			-21.0000			-84.0000			
104.9593			-48.5896			-54.0528			2.3000			122.0000			-28.0000			-85.0000			
98.2287			-33.0949			-63.7031			1.4000			113.0000			-36.0000			-85.0000			
95.4243			-15.9401			-76.1918			3.2000			98.0000			-42.0000			-83.0000			
95.4243			-5.9792			-85.8421			3.6000			84.0000			-45.0000			-83.0000			
102.7157			-3.2123			-94.9247			4.5000			68.0000			-49.0000			-81.0000			
111.6898			-4.8725			-101.7367			5.0000			55.0000			-54.0000			-79.0000			
117.8594			-7.6394			-105.7104			4.5000			43.0000			-61.0000			-78.0000			
122.3464			-9.2995			-107.9810			5.0000			31.0000			-67.0000			-75.0000			
120.1029			-5.4258			-107.4134			7.2000			21.0000			-76.0000			-73.0000			
113.9333			2.3215			-110.8193			5.4000			12.0000			-82.0000			-68.0000			
108.3245			13.3891			-115.9283			5.7000			2.0000			-90.0000			-65.0000			
95.4243			27.7771			-116.4960			6.7000			-9.0000			-95.0000			-61.0000			
80.2807			41.0582			-114.7930			6.5000			-21.0000			-98.0000			-58.0000			
62.8935			51.0191			-107.4134			6.5000			-34.0000			-101.0000			-53.0000			
44.9454			60.4266			-99.4660			5.9000			-47.0000			-103.0000			-47.0000			
28.6800			72.6010			-95.4924			5.7000			-58.0000			-108.0000			-39.0000			
15.7798			85.8822			-94.3571			7.3000			-73.0000			-110.0000			-30.0000			
4.5623			99.7167			-96.6277			7.6000			-89.0000			-112.0000			-21.0000			
1.1970			109.6776			-104.5750			6.3000			-103.0000			-112.0000			-14.0000			
4.0014			115.7648			-112.5223			7.2000			-114.0000			-111.0000			-9.0000			
5.6840			119.0851			-118.1990			6.5000			-123.0000			-108.0000			-5.0000			
6.2449			119.0851			-119.3343			6.0000			-131.0000			-106.0000			-3.0000			
4.0014			120.7452			-118.7667			5.9000			-138.0000			-105.0000			3.0000			
-3.8509			123.5121			-114.7930			4.8000			-144.0000			-101.0000			7.0000			
-15.6293			126.8324			-105.7104			5.4000			-149.0000			-97.0000			10.0000			
-27.9686			126.2790			-91.5187			6.7000			-155.0000			-92.0000			15.0000			
-40.8688			120.7452			-75.0564			4.8000			-159.0000			-88.0000			20.0000			
-49.8428			111.8911			-55.7558			6.2000			-163.0000			-83.0000			28.0000			
-61.0604			104.6971			-38.7259			4.9000			-166.0000			-77.0000			31.0000			
-73.3997			100.8235			-22.8312			4.5000			-167.0000			-73.0000			39.0000			
-84.6172			100.2701			-11.4779			4.1000			-166.0000			-72.0000			47.0000			
-95.2739			103.5904			-4.6659			3.6000			-166.0000			-70.0000			54.0000			
-106.4914			110.2309			-1.8276			1.9000			-165.0000			-65.0000			61.0000			
-112.1002			117.4249			-2.9629			2.3000			-165.0000			-58.0000			64.0000			
-114.9046			122.4053			-5.8013			1.7000			-161.0000			-49.0000			66.0000			
-115.4654			122.9587			-7.5043			0.0000			-160.0000			-39.0000			67.0000			
-116.0263			122.4053			-4.6659			1.7000			-155.0000			-29.0000			66.0000			
-119.3916			116.3181			3.2814			0.2000			-149.0000			-18.0000			66.0000			
-119.9525			105.2505			16.3377			1.6000			-145.0000			-9.0000			66.0000			
-119.3916			88.0957			30.5293			-0.7000			-138.0000			0.0000			68.0000			
-112.1002			68.7273			43.0180			-0.3000			-129.0000			8.0000			69.0000			
-103.6870			48.8056			53.2359			-1.6000			-121.0000			16.0000			69.0000			
-96.3956			32.7575			62.3186			-1.3000			-112.0000			25.0000			70.0000			
-93.0304			16.7094			75.9425			-0.3000			-98.0000			30.0000			69.0000			
-94.7130			6.7486			85.5929			-2.3000			-83.0000			33.0000			67.0000			
-102.0044			5.0884			94.6755			-2.2000			-67.0000			36.0000			66.0000			
-110.9784			6.7486			101.4875			-2.7000			-55.0000			42.0000			64.0000			
-118.8307			9.5155			105.4611			-3.8000			-43.0000			47.0000			63.0000			
-121.0742			9.5155			107.7318			-3.8000			-32.0000			55.0000			61.0000			
-119.9525			6.7486			109.4348			-3.7000			-21.0000			63.0000			58.0000			
-114.3437			-1.5522			112.2731			-3.6000			-12.0000			72.0000			53.0000			
-106.4914			-13.7266			115.6791			-4.5000			-1.0000			77.0000			50.0000			
-94.7130			-25.9010			117.3821			-3.2000			9.0000			82.0000			47.0000			
-79.5693			-39.1821			114.5438			-4.2000			21.0000			87.0000			43.0000			
-61.6212			-49.1430			105.4611			-5.2000			34.0000			89.0000			37.0000			
-44.2341			-57.9971			99.2168			-3.0000			46.0000			91.0000			31.0000			
-28.5295			-70.7249			94.1078			-5.1000			59.0000			95.0000			24.0000			
-16.1902			-84.0061			93.5402			-6.6000			73.0000			97.0000			15.0000			
-6.6553			-96.1805			96.9462			-5.8000			88.0000			100.0000			6.0000			
-6.0944			-105.5879			106.0288			-5.6000			102.0000			99.0000			-2.0000			
-8.3379			-111.6751			115.1115			-4.8000			112.0000			98.0000			-6.0000			
-10.0205			-113.8887			120.2204			-3.6000			124.0000			96.0000			-9.0000			
-10.5814			-115.5488			121.9234			-4.2000			132.0000			94.0000			-14.0000			
-5.5335			-118.8691			119.6528			-4.7000			137.0000			92.0000			-18.0000			
4.0014			-122.7428			114.5438			-4.1000			143.0000			89.0000			-20.0000			
15.7798			-125.5097			104.8935			-4.8000			149.0000			84.0000			-25.0000			
29.2408			-124.9563			91.2695			-4.4000			154.0000			80.0000			-29.0000			
41.0193			-119.9759			74.8072			-4.1000			158.0000			75.0000			-35.0000			
51.1151			-111.1218			55.5066			-4.4000			165.0000			70.0000			-43.0000			
61.2108			-103.9278			39.0443			-3.6000			167.0000			63.0000			-49.0000			
73.5501			-100.6075			23.7173			-3.3000			167.0000			59.0000			-54.0000			
84.7677			-100.0541			12.9317			-2.3000			165.0000			60.0000			-63.0000			
95.4243			-103.9278			8.3904			-0.1000			166.0000			57.0000			-71.0000			
104.9593			-111.6751			7.2550			0.5000			165.0000			52.0000			-77.0000			
111.1289			-119.9759			7.8227			-1.0000			164.0000			43.0000			-79.0000			
112.8115			-123.8495			10.0934			-0.9000			163.0000			35.0000			-80.0000			
114.4942			-124.9563			10.6610			0.2000			159.0000			26.0000			-82.0000			
116.1768			-123.2962			6.1197			-0.9000			155.0000			16.0000			-81.0000			
120.1029			-116.1022			-3.5306			0.4000			150.0000			5.0000			-81.0000			
122.9073			-103.9278			-17.1546			1.8000			145.0000			-4.0000			-82.0000			
120.6638			-87.8797			-31.9139			0.8000			138.0000			-13.0000			-83.0000			
114.4942			-67.9580			-44.4025			2.1000			130.0000			-21.0000			-84.0000			
104.3984			-48.5896			-54.6205			1.1000			122.0000			-29.0000			-86.0000			
98.2287			-32.5415			-63.1355			2.5000			111.0000			-37.0000			-86.0000			
95.4243			-15.9401			-77.3271			2.1000			98.0000			-43.0000			-84.0000			
96.5461			-5.4258			-86.9774			4.1000			83.0000			-46.0000			-82.0000			
102.7157			-2.1056			-96.0600			4.5000			67.0000			-49.0000			-81.0000			
111.6898			-3.7657			-102.8720			5.0000			52.0000			-54.0000			-78.0000			
118.4203			-7.0860			-105.7104			5.6000			42.0000			-61.0000			-78.0000			
121.2247			-8.1927			-107.9810			5.0000			31.0000			-67.0000			-76.0000			
119.5421			-5.4258			-108.5487			5.5000			20.0000			-75.0000			-72.0000			
114.4942			2.3215			-110.8193			5.9000			11.0000			-83.0000			-69.0000			
106.6419			14.4959			-115.3607			5.7000			-1.0000			-90.0000			-66.0000			
94.3026			28.3304			-116.4960			6.1000			-11.0000			-95.0000			-61.0000			
78.5980			41.0582			-113.0900			6.5000			-22.0000			-99.0000			-57.0000			
60.0891			51.0191			-105.7104			5.3000			-35.0000			-101.0000			-52.0000			
42.7019			61.5334			-98.3307			5.9000			-49.0000			-105.0000			-48.0000			
26.9973			73.7078			-93.2217			7.4000			-59.0000			-107.0000			-40.0000			
12.9754			86.4355			-93.7894			5.6000			-73.0000			-110.0000			-29.0000			
4.0014			99.7167			-96.0600			7.6000			-89.0000			-111.0000			-21.0000			
0.6361			110.2309			-104.5750			6.2000			-102.0000			-112.0000			-14.0000			
4.0014			115.2114			-113.6577			5.5000			-114.0000			-111.0000			-8.0000			
5.1231			118.5317			-117.0637			6.5000			-123.0000			-109.0000			-5.0000			
5.1231			120.1918			-119.3343			5.9000			-131.0000			-107.0000			-1.0000			
3.4405			121.8520			-118.1990			7.0000			-138.0000			-105.0000			3.0000			
-4.9727			124.0655			-114.2253			4.8000			-145.0000			-101.0000			7.0000			
-16.7511			126.8324			-104.5750			5.5000			-149.0000			-97.0000			10.0000			
-29.6512			125.1723			-90.9511			4.5000			-155.0000			-92.0000			15.0000			
-42.5514			119.6384			-72.2181			4.8000			-159.0000			-86.0000			21.0000			
-51.5255			111.3377			-53.4851			6.3000			-163.0000			-82.0000			27.0000			
-62.1821			104.6971			-37.5905			4.9000			-166.0000			-77.0000			33.0000			
-73.9605			101.3768			-22.8312			4.5000			-167.0000			-73.0000			40.0000			
-86.2998			101.3768			-10.3426			4.7000			-166.0000			-72.0000			47.0000			
-95.8347			103.5904			-4.6659			3.0000			-165.0000			-69.0000			55.0000			
-106.4914			110.7843			-2.3953			1.9000			-165.0000			-66.0000			61.0000			
-113.7828			119.0851			-2.9629			2.3000			-165.0000			-56.0000			65.0000			
-114.9046			122.4053			-5.2336			2.2000			-163.0000			-49.0000			65.0000			
-115.4654			123.5121			-6.9366			1.1000			-158.0000			-40.0000			66.0000			
-116.5872			121.8520			-4.6659			0.5000			-154.0000			-29.0000			66.0000			
-119.3916			116.3181			3.8490			0.7000			-150.0000			-18.0000			66.0000			
-121.0742			104.1437			17.4730			0.5000			-144.0000			-8.0000			67.0000			
-118.8307			86.4355			31.6646			-0.7000			-137.0000			-1.0000			69.0000			
-111.5393			67.6206			44.7210			0.8000			-129.0000			9.0000			69.0000			
-102.0044			46.0387			54.3713			-1.5000			-120.0000			16.0000			70.0000			
-95.8347			31.0974			62.3186			-2.4000			-111.0000			24.0000			70.0000			
-93.0304			16.1560			74.8072			-2.0000			-97.0000			30.0000			69.0000			
-94.7130			6.7486			85.5929			-2.3000			-82.0000			34.0000			67.0000			
-102.0044			5.0884			94.1078			-2.8000			-66.0000			37.0000			66.0000			
-110.9784			6.7486			101.4875			-2.7000			-53.0000			42.0000			65.0000			
-118.2698			10.0688			105.4611			-2.7000			-42.0000			48.0000			63.0000			
-120.5133			9.5155			107.1641			-3.8000			-32.0000			55.0000			60.0000			
-118.2698			5.6418			108.8671			-3.7000			-20.0000			63.0000			58.0000			
-113.2219			-2.6589			111.7055			-4.1000			-11.0000			71.0000			54.0000			
-105.9305			-14.2799			115.1115			-5.0000			-1.0000			77.0000			50.0000			
-93.0304			-28.1145			116.2468			-4.8000			10.0000			83.0000			45.0000			
-76.7649			-40.2889			113.4085			-3.6000			21.0000			85.0000			42.0000			
-58.8169			-49.6964			103.7581			-4.7000			36.0000			89.0000			37.0000			
-41.4297			-59.6573			96.9462			-4.1000			49.0000			91.0000			31.0000			
-27.4077			-71.2783			93.5402			-5.1000			60.0000			96.0000			23.0000			
-13.3858			-84.5594			92.9725			-4.9000			75.0000			98.0000			14.0000			
-6.0944			-97.2872			96.3785			-7.0000			91.0000			99.0000			5.0000			
-4.9727			-106.6947			106.0288			-5.6000			103.0000			99.0000			-1.0000			
-7.7770			-111.6751			115.6791			-3.7000			115.0000			98.0000			-6.0000			
-10.0205			-114.9954			120.2204			-4.7000			123.0000			95.0000			-9.0000			
-8.8988			-116.6556			121.3558			-4.1000			132.0000			94.0000			-13.0000			
-4.4118			-119.4225			118.5174			-5.3000			138.0000			91.0000			-17.0000			
5.1231			-124.4029			114.5438			-4.7000			144.0000			89.0000			-21.0000			
18.0233			-126.6164			104.3258			-4.2000			149.0000			84.0000			-25.0000			
30.3626			-126.0631			90.7018			-4.9000			155.0000			79.0000			-30.0000			
