17.9475			48.9194			-68.2850			-1.4000			-108.0000			187.0000			-81.0000			
20.1978			55.0891			-77.6781			-2.3000			-120.0000			186.0000			-63.0000			
20.7604			62.3805			-84.3085			-1.1000			-130.0000			184.0000			-45.0000			
16.8223			69.6719			-85.9661			0.5000			-136.0000			182.0000			-35.0000			
8.9463			76.9633			-87.0712			-1.1000			-141.0000			178.0000			-23.0000			
4.4457			80.3285			-84.8610			0.0000			-143.0000			174.0000			-10.0000			
0.5077			82.0112			-83.2034			-0.6000			-143.0000			167.0000			-1.0000			
-1.1800			80.3285			-80.4408			-1.2000			-144.0000			160.0000			11.0000			
-5.6806			78.0850			-73.8104			-1.4000			-143.0000			152.0000			20.0000			
-9.0561			71.3545			-62.7597			-0.4000			-143.0000			143.0000			31.0000			
-14.1192			62.9414			-50.6040			-1.7000			-141.0000			131.0000			44.0000			
-20.3076			56.2108			-35.1330			0.7000			-140.0000			119.0000			57.0000			
-33.8093			55.0891			-22.9773			-1.6000			-138.0000			105.0000			69.0000			
-43.9357			57.3326			-14.1368			-0.7000			-133.0000			87.0000			84.0000			
-51.8117			64.0631			-13.0317			-0.7000			-129.0000			65.0000			101.0000			
-56.3123			73.5980			-16.3469			0.9000			-125.0000			46.0000			117.0000			
-60.8129			79.7677			-19.1096			-0.1000			-123.0000			27.0000			132.0000			
-67.5638			80.8894			-15.2418			-1.9000			-120.0000			12.0000			142.0000			
-73.1895			80.3285			-7.5064			-0.3000			-115.0000			-1.0000			151.0000			
-77.6901			76.9633			0.2291			-0.5000			-108.0000			-14.0000			156.0000			
-78.8153			75.2807			4.0968			0.5000			-103.0000			-25.0000			159.0000			
-77.6901			70.7936			6.3070			-0.5000			-96.0000			-35.0000			163.0000			
-72.6270			63.5022			8.5171			-0.6000			-88.0000			-47.0000			165.0000			
-64.1883			51.1629			11.2798			-1.7000			-80.0000			-61.0000			167.0000			
-59.1252			42.1889			16.8051			-0.1000			-69.0000			-74.0000			170.0000			
-55.1872			27.0452			27.3032			-0.8000			-59.0000			-88.0000			171.0000			
-57.4374			18.6321			39.4590			0.6000			-49.0000			-102.0000			169.0000			
-61.3755			14.1450			47.7470			0.5000			-33.0000			-119.0000			169.0000			
-67.0012			14.7059			53.8248			1.5000			-18.0000			-137.0000			168.0000			
-76.0024			15.8277			61.0078			0.8000			-3.0000			-156.0000			168.0000			
-79.9404			13.0233			67.0856			0.1000			7.0000			-171.0000			166.0000			
-82.1907			8.5363			73.7160			0.0000			17.0000			-184.0000			165.0000			
-82.1907			4.0493			78.1363			0.0000			25.0000			-193.0000			159.0000			
-80.5030			0.6840			79.2414			-0.5000			33.0000			-197.0000			153.0000			
-78.8153			-0.9986			79.7939			0.0000			38.0000			-201.0000			147.0000			
-73.1895			-4.9248			78.6888			0.5000			44.0000			-203.0000			141.0000			
-63.6258			-10.5335			73.7160			-0.4000			51.0000			-206.0000			132.0000			
-51.2491			-14.4597			66.5331			0.8000			59.0000			-209.0000			123.0000			
-41.1228			-20.0685			61.0078			-0.1000			68.0000			-212.0000			112.0000			
-25.9333			-31.2860			57.6926			0.4000			78.0000			-212.0000			101.0000			
-18.6198			-43.0644			61.0078			-0.6000			86.0000			-210.0000			85.0000			
-20.8701			-44.7470			67.6382			2.0000			98.0000			-209.0000			68.0000			
-22.5579			-52.5993			75.9262			0.7000			110.0000			-207.0000			50.0000			
-23.6830			-59.3299			83.6616			0.6000			119.0000			-206.0000			35.0000			
-16.3695			-67.1821			84.7667			1.2000			126.0000			-203.0000			22.0000			
-9.6186			-75.0344			84.2142			-0.4000			130.0000			-200.0000			10.0000			
-3.4303			-78.3997			82.5566			0.7000			132.0000			-194.0000			-2.0000			
0.5077			-81.2041			80.8990			0.1000			134.0000			-188.0000			-12.0000			
1.0703			-78.9606			78.6888			0.7000			134.0000			-181.0000			-21.0000			
3.8831			-76.1562			72.0584			-0.2000			133.0000			-173.0000			-32.0000			
9.5089			-68.3039			60.4552			1.6000			132.0000			-163.0000			-44.0000			
15.1346			-61.5734			47.1944			0.7000			131.0000			-152.0000			-57.0000			
24.1358			-55.4037			32.8286			1.5000			130.0000			-139.0000			-70.0000			
34.8247			-54.8428			20.1203			0.0000			127.0000			-125.0000			-80.0000			
43.2633			-60.4516			19.0152			1.8000			123.0000			-108.0000			-98.0000			
48.8891			-68.8648			20.6728			0.6000			119.0000			-85.0000			-115.0000			
54.5148			-77.2779			23.4355			0.6000			116.0000			-65.0000			-132.0000			
60.1405			-82.8867			23.9880			1.2000			111.0000			-48.0000			-145.0000			
67.4540			-83.4476			15.7000			-0.3000			109.0000			-32.0000			-154.0000			
74.2049			-81.2041			6.8595			-0.1000			103.0000			-20.0000			-162.0000			
77.0178			-77.8388			-0.3234			-1.1000			97.0000			-7.0000			-167.0000			
78.7055			-75.5953			-3.0861			0.0000			91.0000			4.0000			-171.0000			
77.0178			-72.2300			-4.7437			0.0000			86.0000			15.0000			-175.0000			
72.5172			-63.8169			-8.0589			0.6000			77.0000			28.0000			-178.0000			
65.2037			-51.4776			-13.0317			0.6000			69.0000			41.0000			-180.0000			
60.7031			-39.6992			-18.5570			2.4000			58.0000			55.0000			-184.0000			
55.0774			-25.1164			-29.0552			0.9000			50.0000			67.0000			-184.0000			
56.7651			-16.7032			-40.6584			-0.5000			37.0000			82.0000			-184.0000			
62.3908			-15.5814			-47.8413			-1.0000			22.0000			99.0000			-182.0000			
70.2669			-17.8249			-51.1565			1.2000			6.0000			119.0000			-182.0000			
78.1429			-20.6293			-58.3394			-0.8000			-8.0000			136.0000			-180.0000			
81.5184			-14.4597			-66.0749			0.9000			-18.0000			151.0000			-178.0000			
82.6435			-9.4118			-73.2578			0.0000			-29.0000			162.0000			-176.0000			
80.3932			-2.6813			-78.7832			-1.0000			-37.0000			171.0000			-172.0000			
79.2681			0.1231			-78.7832			0.6000			-44.0000			176.0000			-166.0000			
78.7055			1.2449			-79.8882			0.0000			-49.0000			180.0000			-159.0000			
74.2049			3.4884			-77.6781			0.0000			-56.0000			184.0000			-153.0000			
63.5160			8.5363			-73.2578			-1.2000			-63.0000			186.0000			-144.0000			
51.7019			14.7059			-66.6274			-0.2000			-70.0000			189.0000			-135.0000			
40.4505			20.8756			-61.6546			-0.3000			-80.0000			191.0000			-125.0000			
27.5112			30.9714			-58.3394			0.1000			-87.0000			191.0000			-113.0000			
17.9475			44.4324			-62.2072			0.1000			-97.0000			189.0000			-97.0000			
19.0726			48.9194			-67.1800			0.8000			-109.0000			187.0000			-80.0000			
19.6352			55.0891			-76.5730			-1.8000			-121.0000			186.0000			-61.0000			
21.3229			62.3805			-83.2034			0.4000			-130.0000			184.0000			-47.0000			
16.2598			69.1110			-85.9661			-0.5000			-137.0000			183.0000			-34.0000			
8.3837			76.4024			-85.4136			-0.6000			-141.0000			180.0000			-22.0000			
3.8831			79.2068			-83.7560			-0.6000			-143.0000			173.0000			-10.0000			
-0.0549			81.4503			-82.0984			-0.6000			-144.0000			167.0000			-1.0000			
-1.7426			79.7677			-79.3357			-1.3000			-143.0000			159.0000			10.0000			
-5.1181			76.4024			-72.1528			-0.8000			-142.0000			152.0000			19.0000			
-9.0561			70.2328			-61.1021			0.0000			-141.0000			142.0000			31.0000			
-13.5567			62.3805			-48.9464			-0.1000			-140.0000			131.0000			43.0000			
-21.9953			55.6500			-34.0280			-0.3000			-140.0000			118.0000			57.0000			
-33.8093			55.0891			-21.8722			-0.5000			-137.0000			104.0000			69.0000			
-43.3731			56.7717			-14.6893			-1.2000			-133.0000			86.0000			84.0000			
-50.1240			62.9414			-13.5842			-0.7000			-130.0000			64.0000			103.0000			
-56.8749			73.0371			-16.3469			-0.1000			-126.0000			45.0000			118.0000			
-60.2503			79.2068			-19.1096			-0.1000			-122.0000			27.0000			131.0000			
-67.0012			80.3285			-14.1368			-0.8000			-118.0000			10.0000			141.0000			
-72.6270			79.2068			-7.5064			-0.9000			-114.0000			-2.0000			151.0000			
-76.0024			75.8415			-0.3234			-0.4000			-107.0000			-14.0000			155.0000			
-77.1275			73.5980			3.5443			0.0000			-102.0000			-25.0000			159.0000			
-76.5650			69.6719			5.7544			-1.1000			-94.0000			-37.0000			163.0000			
-70.9392			62.3805			8.5171			0.0000			-87.0000			-47.0000			165.0000			
-61.9380			50.6021			10.1747			-1.1000			-79.0000			-60.0000			167.0000			
-57.4374			38.8236			17.9102			-0.7000			-68.0000			-74.0000			169.0000			
-54.0620			26.4843			27.3032			-0.2000			-59.0000			-88.0000			170.0000			
-56.8749			19.1929			37.8014			0.1000			-46.0000			-103.0000			170.0000			
-60.8129			14.1450			46.6419			0.0000			-32.0000			-121.0000			170.0000			
-66.4386			14.1450			53.2723			0.9000			-16.0000			-138.0000			168.0000			
-73.7521			14.7059			59.9027			0.8000			-2.0000			-156.0000			167.0000			
-78.2527			13.0233			65.9806			0.7000			8.0000			-171.0000			167.0000			
-81.0656			9.0972			72.6110			0.6000			17.0000			-184.0000			163.0000			
-81.0656			4.0493			76.4787			-0.5000			26.0000			-192.0000			159.0000			
-79.3778			1.8058			78.1363			0.5000			33.0000			-196.0000			153.0000			
-78.2527			-2.1204			79.2414			-1.1000			39.0000			-201.0000			147.0000			
-70.3767			-6.6074			77.5838			0.5000			45.0000			-204.0000			140.0000			
-62.5006			-10.5335			72.0584			-0.9000			53.0000			-206.0000			132.0000			
-50.1240			-13.8988			65.4280			1.4000			60.0000			-209.0000			123.0000			
-38.8725			-20.0685			59.3502			0.4000			69.0000			-212.0000			112.0000			
-24.2456			-31.2860			56.5875			1.0000			78.0000			-212.0000			100.0000			
-18.6198			-41.9427			60.4552			-0.1000			87.0000			-210.0000			85.0000			
-21.9953			-45.3079			68.1907			0.8000			99.0000			-208.0000			67.0000			
-23.1204			-53.1602			74.8211			-1.4000			112.0000			-206.0000			48.0000			
-21.4327			-59.8907			82.0040			0.6000			119.0000			-204.0000			34.0000			
-15.8070			-67.7430			83.1091			-0.4000			125.0000			-202.0000			22.0000			
-8.4935			-73.9127			83.6616			1.2000			130.0000			-199.0000			9.0000			
-3.9929			-77.2779			81.4515			0.1000			132.0000			-193.0000			-2.0000			
-0.6175			-78.9606			80.8990			1.3000			134.0000			-187.0000			-12.0000			
0.5077			-77.8388			77.5838			0.2000			132.0000			-181.0000			-22.0000			
5.0083			-74.4735			70.4008			0.9000			132.0000			-172.0000			-33.0000			
10.0714			-67.7430			59.3502			1.6000			132.0000			-162.0000			-44.0000			
14.5720			-62.1342			46.6419			-0.9000			133.0000			-150.0000			-57.0000			
23.5732			-54.2820			30.6184			0.0000			131.0000			-138.0000			-69.0000			
34.8247			-54.2820			19.5678			0.1000			128.0000			-124.0000			-83.0000			
43.2633			-60.4516			17.9102			0.7000			122.0000			-105.0000			-98.0000			
48.3265			-68.8648			20.1203			-0.4000			119.0000			-83.0000			-116.0000			
54.5148			-76.1562			22.8830			1.2000			116.0000			-64.0000			-131.0000			
59.5780			-82.3258			22.3304			-0.4000			113.0000			-47.0000			-144.0000			
67.4540			-82.3258			16.2526			1.3000			108.0000			-33.0000			-154.0000			
73.6423			-80.6432			6.3070			-0.7000			103.0000			-19.0000			-161.0000			
77.0178			-77.2779			0.2291			0.0000			97.0000			-7.0000			-167.0000			
78.1429			-75.0344			-3.0861			0.0000			91.0000			4.0000			-171.0000			
77.0178			-70.5474			-5.2962			1.1000			84.0000			16.0000			-174.0000			
72.5172			-62.6951			-9.1640			0.6000			78.0000			27.0000			-178.0000			
64.0786			-50.9167			-12.4792			0.6000			68.0000			41.0000			-181.0000			
59.0154			-38.0165			-19.6621			1.3000			59.0000			55.0000			-183.0000			
53.9522			-24.5555			-30.1602			-0.7000			49.0000			68.0000			-184.0000			
57.3277			-17.2641			-40.6584			-0.5000			36.0000			84.0000			-183.0000			
62.3908			-15.0206			-46.7362			0.6000			23.0000			99.0000			-183.0000			
70.2669			-17.8249			-51.1565			1.2000			6.0000			120.0000			-182.0000			
78.1429			-18.3858			-59.4445			0.3000			-9.0000			137.0000			-181.0000			
80.9558			-14.4597			-65.5224			0.9000			-19.0000			151.0000			-178.0000			
82.6435			-9.4118			-73.8104			-0.5000			-27.0000			163.0000			-176.0000			
80.9558			-2.6813			-78.7832			-0.5000			-37.0000			171.0000			-172.0000			
79.8306			0.1231			-80.4408			-0.4000			-44.0000			176.0000			-165.0000			
79.2681			1.8058			-80.9933			0.0000			-49.0000			181.0000			-159.0000			
74.2049			4.6101			-78.2306			0.5000			-56.0000			183.0000			-152.0000			
63.5160			9.6580			-73.2578			0.0000			-63.0000			186.0000			-144.0000			
52.2645			14.7059			-67.7325			-0.7000			-71.0000			190.0000			-135.0000			
40.4505			20.8756			-62.2072			-0.8000			-80.0000			191.0000			-124.0000			
26.3861			33.2149			-58.8920			0.7000			-88.0000			191.0000			-112.0000			
16.8223			45.5542			-62.7597			-0.3000			-97.0000			189.0000			-97.0000			
17.9475			49.4803			-69.3901			-1.9000			-109.0000			188.0000			-79.0000			
20.7604			56.7717			-78.2306			-0.7000			-122.0000			186.0000			-61.0000			
21.3229			62.3805			-84.3085			-0.6000			-130.0000			185.0000			-46.0000			
15.6972			70.7936			-85.9661			0.5000			-137.0000			183.0000			-33.0000			
8.3837			77.5242			-87.0712			-1.1000			-140.0000			179.0000			-21.0000			
3.3206			80.3285			-84.3085			-0.6000			-143.0000			174.0000			-9.0000			
-1.7426			82.0112			-82.0984			-1.8000			-143.0000			167.0000			1.0000			
-1.7426			80.3285			-79.8882			-1.2000			-144.0000			158.0000			12.0000			
-5.1181			77.5242			-72.7053			-0.3000			-142.0000			151.0000			20.0000			
-10.1812			69.6719			-59.9970			-0.5000			-142.0000			142.0000			33.0000			
-14.6818			62.3805			-48.9464			-1.2000			-141.0000			130.0000			44.0000			
-23.1204			55.0891			-32.9229			-0.9000			-140.0000			117.0000			57.0000			
-35.4971			54.5282			-20.2146			-1.1000			-135.0000			103.0000			70.0000			
-43.9357			57.8935			-14.6893			-0.7000			-132.0000			85.0000			85.0000			
-50.6866			64.6240			-14.6893			-0.7000			-129.0000			63.0000			103.0000			
-56.8749			73.5980			-17.4520			-0.7000			-126.0000			43.0000			119.0000			
-60.8129			78.0850			-17.4520			-0.1000			-122.0000			26.0000			131.0000			
-67.5638			80.3285			-13.0317			-0.2000			-118.0000			11.0000			142.0000			
-73.1895			78.6459			-6.4013			-0.9000			-114.0000			-3.0000			150.0000			
-76.0024			75.8415			-0.3234			-0.4000			-107.0000			-16.0000			156.0000			
-77.6901			72.4763			4.6494			-0.5000			-101.0000			-26.0000			159.0000			
-76.5650			68.5501			6.8595			-1.1000			-94.0000			-37.0000			162.0000			
-70.3767			61.2587			9.0696			0.0000			-86.0000			-49.0000			165.0000			
-61.9380			48.9194			12.3848			-0.6000			-77.0000			-61.0000			167.0000			
-56.8749			37.1410			18.4627			-1.2000			-67.0000			-74.0000			170.0000			
-52.3743			24.8017			27.8558			0.2000			-59.0000			-88.0000			169.0000			
-56.3123			17.5103			37.8014			-0.9000			-45.0000			-105.0000			168.0000			
-60.8129			14.1450			47.7470			1.0000			-30.0000			-122.0000			169.0000			
-67.0012			15.2668			52.7198			0.9000			-16.0000			-141.0000			169.0000			
-74.3147			15.2668			59.3502			0.2000			-1.0000			-157.0000			167.0000			
-78.2527			11.3407			67.6382			0.7000			8.0000			-172.0000			166.0000			
-79.9404			7.4145			72.6110			0.0000			18.0000			-184.0000			163.0000			
-79.9404			4.0493			76.4787			0.5000			27.0000			-193.0000			159.0000			
-79.3778			1.2449			77.5838			-0.5000			34.0000			-198.0000			153.0000			
-77.1275			-1.5595			78.6888			0.0000			40.0000			-201.0000			146.0000			
-70.3767			-6.6074			76.4787			-0.5000			47.0000			-203.0000			139.0000			
-60.2503			-10.5335			71.5059			0.7000			53.0000			-205.0000			131.0000			
-49.5614			-16.1423			65.4280			-0.2000			61.0000			-209.0000			122.0000			
-37.7474			-20.6293			59.3502			0.9000			70.0000			-211.0000			111.0000			
-24.2456			-32.4078			56.5875			0.0000			78.0000			-212.0000			99.0000			
-19.7450			-42.5035			61.5603			-0.7000			89.0000			-209.0000			83.0000			
-21.9953			-46.9906			68.7432			-0.2000			100.0000			-209.0000			65.0000			
-23.6830			-54.2820			76.4787			-1.4000			112.0000			-207.0000			49.0000			
-22.5579			-61.0125			82.0040			-1.5000			120.0000			-205.0000			34.0000			
-14.1192			-69.4256			83.6616			0.1000			126.0000			-203.0000			20.0000			
-7.9309			-75.0344			83.6616			0.6000			130.0000			-198.0000			9.0000			
-3.9929			-79.5214			83.1091			-0.4000			132.0000			-194.0000			-2.0000			
-1.1800			-80.0823			81.4515			0.1000			133.0000			-186.0000			-14.0000			
1.0703			-78.9606			77.5838			-0.3000			133.0000			-179.0000			-23.0000			
5.5709			-75.5953			69.8483			-0.1000			133.0000			-171.0000			-34.0000			
10.0714			-67.7430			57.6926			0.0000			132.0000			-162.0000			-45.0000			
15.1346			-61.5734			46.6419			0.1000			131.0000			-149.0000			-58.0000			
24.1358			-54.2820			30.6184			0.4000			131.0000			-138.0000			-72.0000			
35.3873			-54.2820			19.5678			0.6000			126.0000			-124.0000			-83.0000			
43.8259			-61.0125			18.4627			1.2000			123.0000			-105.0000			-100.0000			
48.8891			-67.7430			20.6728			1.8000			120.0000			-82.0000			-118.0000			
55.0774			-78.3997			23.9880			0.6000			115.0000			-63.0000			-133.0000			
61.2657			-82.3258			22.3304			1.2000			113.0000			-45.0000			-146.0000			
67.4540			-81.7649			14.5950			0.2000			107.0000			-30.0000			-154.0000			
73.0798			-81.2041			5.7544			-2.3000			103.0000			-17.0000			-162.0000			
76.4552			-77.8388			0.7816			-0.5000			97.0000			-5.0000			-167.0000			
78.1429			-75.0344			-1.4285			1.6000			92.0000			6.0000			-171.0000			
75.8926			-70.5474			-5.2962			0.0000			85.0000			16.0000			-173.0000			
71.3920			-61.5734			-8.6114			1.1000			77.0000			29.0000			-177.0000			
62.9534			-49.2341			-12.4792			1.2000			68.0000			42.0000			-179.0000			
58.4528			-36.3339			-20.2146			1.8000			59.0000			56.0000			-183.0000			
53.3897			-23.9946			-29.0552			0.3000			50.0000			69.0000			-184.0000			
56.7651			-17.2641			-40.1058			-0.6000			35.0000			85.0000			-183.0000			
62.3908			-15.5814			-46.7362			0.0000			21.0000			101.0000			-182.0000			
69.1417			-18.3858			-51.1565			-0.4000			5.0000			121.0000			-181.0000			
77.0178			-19.5076			-58.3394			-0.8000			-9.0000			138.0000			-179.0000			
79.8306			-14.4597			-66.6274			-1.2000			-19.0000			152.0000			-179.0000			
81.5184			-8.8509			-72.7053			0.0000			-28.0000			163.0000			-175.0000			
79.2681			-2.6813			-77.1256			-0.5000			-36.0000			172.0000			-170.0000			
78.1429			-0.9986			-78.2306			-1.0000			-43.0000			177.0000			-164.0000			
77.5803			1.8058			-79.3357			0.0000			-49.0000			181.0000			-160.0000			
71.3920			5.1710			-76.5730			0.0000			-56.0000			183.0000			-151.0000			
61.8283			9.6580			-71.6002			-0.1000			-63.0000			186.0000			-142.0000			
50.5768			14.1450			-66.0749			-1.3000			-71.0000			189.0000			-135.0000			
38.7627			21.4364			-59.9970			0.1000			-81.0000			191.0000			-123.0000			
25.2610			33.2149			-58.3394			0.1000			-87.0000			191.0000			-111.0000			
17.9475			43.8715			-62.7597			-0.9000			-99.0000			189.0000			-96.0000			
19.6352			48.9194			-68.8376			-0.2000			-110.0000			188.0000			-77.0000			
20.7604			55.6500			-77.1256			-0.7000			-122.0000			184.0000			-60.0000			
21.3229			62.9414			-84.8610			-0.6000			-131.0000			183.0000			-46.0000			
14.0095			71.3545			-85.4136			0.0000			-136.0000			182.0000			-33.0000			
7.2586			76.9633			-84.8610			-0.6000			-140.0000			178.0000			-21.0000			
2.7580			79.7677			-83.2034			-0.6000			-142.0000			171.0000			-9.0000			
-0.6175			81.4503			-82.0984			-1.2000			-143.0000			167.0000			2.0000			
-1.1800			80.8894			-79.3357			0.3000			-143.0000			159.0000			12.0000			
-5.1181			76.9633			-72.1528			-0.3000			-142.0000			150.0000			22.0000			
-10.1812			69.1110			-59.9970			-1.0000			-141.0000			141.0000			33.0000			
-15.2444			62.9414			-47.8413			-0.1000			-141.0000			129.0000			45.0000			
-23.1204			55.6500			-31.8178			0.7000			-140.0000			117.0000			59.0000			
-36.6222			55.0891			-19.1096			-0.6000			-136.0000			102.0000			70.0000			
-44.4982			58.4543			-14.1368			-0.1000			-131.0000			84.0000			86.0000			
-50.1240			64.6240			-14.1368			0.3000			-128.0000			61.0000			104.0000			
-56.3123			74.7198			-18.0045			0.4000			-125.0000			42.0000			119.0000			
-61.9380			79.2068			-19.1096			-1.8000			-122.0000			26.0000			133.0000			
-68.1264			80.3285			-13.0317			-0.8000			-119.0000			9.0000			145.0000			
-73.7521			78.6459			-5.2962			-0.4000			-113.0000			-4.0000			151.0000			
-77.1275			75.2807			0.7816			-1.0000			-107.0000			-16.0000			156.0000			
-78.2527			73.0371			4.0968			-1.1000			-100.0000			-27.0000			159.0000			
-75.4398			69.1110			6.3070			0.0000			-93.0000			-37.0000			162.0000			
-70.9392			60.6978			9.0696			-1.1000			-87.0000			-49.0000			165.0000			
-61.9380			49.4803			12.3848			0.0000			-77.0000			-62.0000			167.0000			
-56.8749			36.5801			18.4627			-1.8000			-66.0000			-76.0000			171.0000			
-54.0620			23.6800			30.0659			-0.3000			-58.0000			-90.0000			170.0000			
-56.3123			17.5103			40.0115			1.2000			-45.0000			-105.0000			170.0000			
-60.8129			14.1450			47.7470			1.0000			-29.0000			-122.0000			169.0000			
-68.1264			15.2668			53.8248			0.9000			-15.0000			-141.0000			168.0000			
-75.4398			14.7059			61.0078			0.2000			-1.0000			-159.0000			167.0000			
-78.2527			11.3407			67.6382			0.7000			10.0000			-173.0000			166.0000			
-81.0656			7.9754			73.1635			0.0000			20.0000			-185.0000			163.0000			
-79.9404			4.0493			77.0312			1.1000			27.0000			-192.0000			158.0000			
-79.3778			1.2449			78.6888			0.5000			33.0000			-198.0000			152.0000			
-77.1275			-1.5595			78.6888			0.0000			39.0000			-201.0000			146.0000			
-69.8141			-6.6074			76.4787			0.0000			45.0000			-204.0000			139.0000			
-59.6877			-11.0944			72.0584			1.2000			54.0000			-207.0000			130.0000			
-50.1240			-16.1423			65.9806			-0.2000			63.0000			-209.0000			122.0000			
-37.1848			-21.7511			59.3502			0.4000			71.0000			-211.0000			111.0000			
-23.1204			-33.5295			57.6926			1.0000			79.0000			-211.0000			98.0000			
-18.0573			-44.1862			63.2179			0.9000			87.0000			-209.0000			82.0000			
-21.4327			-48.1123			68.7432			-0.7000			102.0000			-209.0000			63.0000			
-22.5579			-54.2820			77.5838			0.7000			113.0000			-206.0000			48.0000			
-21.9953			-60.4516			84.7667			2.3000			122.0000			-204.0000			32.0000			
-14.6818			-66.0604			84.2142			3.4000			127.0000			-202.0000			22.0000			
-6.8058			-77.2779			85.8718			1.7000			131.0000			-199.0000			8.0000			
-2.8678			-81.2041			81.4515			-2.6000			133.0000			-191.0000			-4.0000			
-10.1812			-40.8209			60.4552			9.4000			128.0000			-161.0000			-34.0000			
-10.1812			-32.9686			51.6147			8.4000			121.0000			-144.0000			-45.0000			
-17.4947			-3.8030			26.7507			5.4000			103.0000			-102.0000			-71.0000			
1.6328			-20.0685			27.3032			8.8000			106.0000			-102.0000			-71.0000			
30.3241			-85.1302			62.6654			7.8000			121.0000			-141.0000			-45.0000			
50.0142			-118.7828			75.3736			6.6000			140.0000			-176.0000			-37.0000			
50.0142			-104.2000			63.7704			9.5000			144.0000			-183.0000			-42.0000			
85.4564			-108.6870			32.8286			9.5000			129.0000			-156.0000			-61.0000			
99.5207			-115.9784			25.0931			8.6000			122.0000			-132.0000			-76.0000			
112.4599			-132.8048			27.3032			6.9000			118.0000			-112.0000			-94.0000			
102.3336			-170.3835			75.9262			7.8000			105.0000			-97.0000			-96.0000			
125.9617			-232.0800			115.7085			9.5000			105.0000			-105.0000			-84.0000			
162.5290			-184.4054			30.0659			8.1000			115.0000			-77.0000			-126.0000			
180.5314			-101.3956			-64.9698			14.1000			111.0000			6.0000			-207.0000			
164.7793			-77.8388			-77.6781			9.2000			104.0000			72.0000			-260.0000			
123.1489			-103.0783			-11.9266			8.1000			95.0000			91.0000			-258.0000			
121.4611			-84.0084			-24.6349			12.8000			84.0000			88.0000			-238.0000			
109.6471			-29.0425			-70.4952			10.1000			70.0000			76.0000			-209.0000			
93.8950			-13.3379			-72.7053			7.8000			58.0000			77.0000			-200.0000			
94.4576			-2.6813			-84.3085			7.4000			43.0000			81.0000			-191.0000			
95.0201			-11.0944			-77.1256			6.7000			29.0000			93.0000			-189.0000			
97.2704			-10.5335			-79.8882			6.8000			13.0000			110.0000			-186.0000			
98.9582			-13.8988			-78.2306			6.8000			-1.0000			124.0000			-180.0000			
101.7710			-21.7511			-71.6002			8.4000			-12.0000			134.0000			-174.0000			
101.2085			-18.9467			-76.0205			6.2000			-19.0000			137.0000			-166.0000			
88.8318			-6.0465			-74.9154			7.8000			-27.0000			140.0000			-158.0000			
75.3301			4.6101			-74.3629			5.5000			-33.0000			144.0000			-152.0000			
71.3920			1.8058			-66.0749			7.1000			-39.0000			148.0000			-146.0000			
70.8295			-4.3639			-60.5496			5.9000			-46.0000			151.0000			-139.0000			
64.6411			-6.0465			-52.2616			6.3000			-52.0000			154.0000			-131.0000			
55.6400			-3.2421			-45.6312			6.7000			-60.0000			159.0000			-126.0000			
48.8891			-6.6074			-36.7906			5.4000			-62.0000			155.0000			-115.0000			
36.5124			19.1929			-47.2888			8.4000			-74.0000			170.0000			-117.0000			
25.8235			47.2368			-65.5224			7.5000			-89.0000			199.0000			-126.0000			
18.5101			59.5761			-71.6002			6.4000			-108.0000			223.0000			-123.0000			
24.6984			65.7457			-87.0712			3.3000			-121.0000			230.0000			-108.0000			
30.8867			83.1329			-106.9623			7.0000			-129.0000			221.0000			-84.0000			
25.8235			98.8375			-115.8029			8.8000			-132.0000			211.0000			-66.0000			
12.8843			116.2247			-121.8807			7.2000			-136.0000			203.0000			-51.0000			
5.0083			127.4422			-126.8535			5.5000			-139.0000			194.0000			-37.0000			
10.0714			137.5380			-142.3245			5.2000			-139.0000			189.0000			-29.0000			
11.7592			147.0729			-153.9277			4.9000			-136.0000			183.0000			-23.0000			
-9.6186			135.8554			-121.3282			4.9000			-146.0000			164.0000			9.0000			
-25.3707			113.9812			-82.6509			5.9000			-157.0000			143.0000			44.0000			
-26.4959			87.6199			-57.2344			3.8000			-163.0000			127.0000			69.0000			
-16.3695			69.1110			-45.6312			7.1000			-161.0000			119.0000			75.0000			
-37.1848			63.5022			-20.2146			6.1000			-153.0000			106.0000			81.0000			
-49.5614			50.6021			5.2019			6.2000			-143.0000			92.0000			89.0000			
-54.0620			55.6500			4.6494			6.2000			-136.0000			72.0000			103.0000			
-54.6246			64.6240			-4.7437			5.2000			-130.0000			51.0000			119.0000			
-50.6866			67.4284			-9.7165			7.0000			-127.0000			32.0000			131.0000			
-47.8737			70.7936			-16.3469			6.5000			-122.0000			19.0000			139.0000			
-52.3743			69.1110			-10.2690			6.4000			-114.0000			8.0000			139.0000			
-61.3755			64.0631			2.9918			5.6000			-108.0000			-1.0000			141.0000			
-66.4386			57.3326			15.1475			6.0000			-99.0000			-8.0000			140.0000			
-66.4386			56.2108			15.7000			5.4000			-92.0000			-18.0000			142.0000			
-60.8129			55.6500			11.2798			6.1000			-86.0000			-28.0000			147.0000			
-55.1872			52.8456			7.9646			5.6000			-80.0000			-41.0000			151.0000			
-53.4994			49.4803			10.1747			6.1000			-72.0000			-54.0000			154.0000			
-53.4994			39.9454			19.5678			6.0000			-65.0000			-69.0000			157.0000			
-56.3123			34.3366			28.4083			6.4000			-55.0000			-84.0000			163.0000			
-54.6246			29.8496			31.1710			6.4000			-47.0000			-102.0000			168.0000			
-58.0000			25.3626			40.5640			7.9000			-39.0000			-120.0000			175.0000			
-72.0644			19.7538			58.7976			6.4000			-27.0000			-142.0000			183.0000			
-82.7533			17.5103			72.0584			6.8000			-15.0000			-161.0000			183.0000			
-88.9416			12.4624			83.1091			6.6000			-1.0000			-177.0000			182.0000			
-94.5673			7.9754			93.0547			6.4000			12.0000			-193.0000			179.0000			
-97.9428			4.6101			99.6851			6.3000			23.0000			-207.0000			175.0000			
-99.6305			2.9275			103.0003			6.2000			34.0000			-213.0000			168.0000			
-97.3802			-1.5595			105.7629			6.8000			41.0000			-218.0000			159.0000			
-87.8165			-11.0944			105.7629			6.8000			49.0000			-220.0000			150.0000			
-73.1895			-19.5076			100.7901			8.0000			60.0000			-224.0000			139.0000			
-56.3123			-24.5555			87.5294			6.6000			70.0000			-225.0000			126.0000			
-40.5602			-32.4078			80.3464			7.3000			78.0000			-226.0000			112.0000			
-23.1204			-46.4297			75.3736			5.8000			86.0000			-220.0000			95.0000			
-19.7450			-46.9906			74.2686			7.5000			95.0000			-216.0000			78.0000			
-21.9953			-49.2341			77.5838			6.3000			108.0000			-211.0000			57.0000			
-23.1204			-50.9167			81.4515			7.4000			119.0000			-209.0000			40.0000			
-23.1204			-52.0385			80.8990			5.7000			126.0000			-205.0000			25.0000			
-15.2444			-54.8428			78.6888			8.6000			127.0000			-200.0000			13.0000			
-9.6186			-57.6472			72.6110			5.3000			129.0000			-193.0000			2.0000			
-3.9929			-56.5255			66.5331			6.0000			128.0000			-186.0000			-7.0000			
-0.6175			-55.9646			63.7704			7.1000			127.0000			-178.0000			-17.0000			
-0.6175			-54.2820			62.1128			7.2000			127.0000			-170.0000			-26.0000			
2.7580			-52.5993			55.4824			5.6000			126.0000			-163.0000			-36.0000			
8.3837			-49.7949			48.2995			6.8000			126.0000			-155.0000			-45.0000			
12.8843			-46.9906			41.6691			7.5000			126.0000			-146.0000			-58.0000			
16.8223			-49.7949			39.4590			6.4000			127.0000			-136.0000			-70.0000			
20.1978			-54.8428			42.2216			7.5000			126.0000			-123.0000			-84.0000			
26.9487			-61.5734			41.1166			6.4000			126.0000			-110.0000			-97.0000			
39.3253			-68.8648			36.1438			6.6000			121.0000			-94.0000			-112.0000			
51.1394			-76.7170			31.1710			5.5000			117.0000			-78.0000			-122.0000			
60.1405			-80.6432			27.3032			6.7000			112.0000			-62.0000			-132.0000			
66.8914			-87.3737			27.3032			6.8000			108.0000			-47.0000			-145.0000			
71.9546			-90.7390			25.6456			6.8000			103.0000			-32.0000			-154.0000			
78.1429			-90.1781			18.4627			6.4000			101.0000			-16.0000			-165.0000			
84.8938			-84.0084			5.7544			6.6000			96.0000			0.0000			-177.0000			
86.0190			-74.4735			-4.7437			6.7000			90.0000			16.0000			-185.0000			
80.9558			-63.8169			-9.1640			7.9000			84.0000			33.0000			-193.0000			
68.5792			-50.9167			-11.3741			6.2000			75.0000			51.0000			-200.0000			
65.7663			-39.1383			-20.2146			6.4000			62.0000			69.0000			-203.0000			
66.3289			-22.8728			-36.2381			7.2000			47.0000			83.0000			-198.0000			
68.0166			-17.2641			-44.5261			6.2000			32.0000			97.0000			-195.0000			
72.5172			-15.5814			-51.1565			5.7000			15.0000			111.0000			-190.0000			
80.3932			-19.5076			-55.5768			5.3000			-1.0000			131.0000			-187.0000			
84.8938			-18.9467			-59.4445			6.4000			-14.0000			146.0000			-185.0000			
85.4564			-15.0206			-64.9698			5.4000			-23.0000			158.0000			-181.0000			
82.6435			-8.8509			-67.7325			6.0000			-32.0000			165.0000			-175.0000			
76.4552			-3.2421			-68.2850			4.9000			-40.0000			171.0000			-166.0000			
71.9546			-0.4378			-65.5224			5.9000			-47.0000			171.0000			-158.0000			
65.7663			0.6840			-60.5496			5.8000			-53.0000			175.0000			-149.0000			
56.2025			4.6101			-54.4717			6.3000			-59.0000			177.0000			-142.0000			
47.2013			8.5363			-51.1565			4.5000			-68.0000			180.0000			-133.0000			
38.7627			13.0233			-46.7362			5.0000			-75.0000			182.0000			-124.0000			
32.5744			15.8277			-43.4210			4.9000			-86.0000			186.0000			-115.0000			
24.1358			24.2408			-43.4210			4.9000			-92.0000			188.0000			-104.0000			
26.3861			29.2887			-50.0514			5.6000			-103.0000			188.0000			-92.0000			
24.6984			37.7019			-56.6818			5.7000			-111.0000			189.0000			-79.0000			
23.0107			47.2368			-64.9698			5.2000			-118.0000			187.0000			-65.0000			
19.6352			56.2108			-70.4952			5.3000			-124.0000			183.0000			-52.0000			
14.0095			66.3066			-75.4680			4.8000			-128.0000			181.0000			-40.0000			
12.8843			71.9154			-79.8882			4.9000			-133.0000			177.0000			-28.0000			
9.5089			77.5242			-81.5458			5.4000			-137.0000			172.0000			-17.0000			
5.5709			82.0112			-82.6509			4.9000			-139.0000			168.0000			-5.0000			
-0.6175			84.8156			-79.3357			4.8000			-143.0000			162.0000			6.0000			
-7.3683			83.1329			-71.6002			4.1000			-145.0000			154.0000			19.0000			
-12.4315			76.4024			-59.4445			4.5000			-150.0000			146.0000			35.0000			
-15.2444			67.4284			-46.7362			5.4000			-152.0000			135.0000			51.0000			
-25.9333			63.5022			-32.3704			5.1000			-152.0000			121.0000			67.0000			
-42.8105			64.6240			-16.3469			5.4000			-146.0000			103.0000			82.0000			
-51.2491			66.8675			-10.2690			5.3000			-141.0000			84.0000			97.0000			
-61.3755			74.1589			-8.0589			4.7000			-134.0000			61.0000			113.0000			
-66.4386			84.2547			-12.4792			5.3000			-130.0000			41.0000			130.0000			
-69.8141			90.4243			-15.2418			5.3000			-127.0000			22.0000			143.0000			
-74.3147			90.9852			-11.3741			5.2000			-120.0000			6.0000			151.0000			
-78.8153			86.4982			-3.0861			4.5000			-114.0000			-7.0000			157.0000			
-81.0656			78.6459			6.3070			3.8000			-106.0000			-19.0000			159.0000			
-80.5030			71.9154			13.4899			4.8000			-98.0000			-30.0000			161.0000			
-73.1895			64.0631			13.4899			4.3000			-89.0000			-42.0000			163.0000			
-61.3755			52.8456			13.4899			4.9000			-81.0000			-55.0000			168.0000			
-55.1872			44.9933			15.1475			4.9000			-72.0000			-70.0000			169.0000			
-47.8737			32.0931			21.2254			5.4000			-62.0000			-85.0000			170.0000			
-47.8737			22.5582			30.6184			5.3000			-51.0000			-97.0000			170.0000			
-50.1240			20.3147			36.6963			6.8000			-39.0000			-113.0000			169.0000			
-55.1872			19.7538			41.6691			6.2000			-25.0000			-127.0000			170.0000			
-60.2503			20.3147			44.9843			5.0000			-15.0000			-144.0000			169.0000			
-66.4386			18.0712			54.3774			6.0000			-3.0000			-157.0000			167.0000			
-70.3767			13.0233			62.1128			4.7000			5.0000			-168.0000			164.0000			
-72.0644			10.7798			68.1907			6.9000			14.0000			-177.0000			161.0000			
-73.1895			6.8536			72.0584			5.7000			21.0000			-184.0000			157.0000			
-74.3147			5.7319			75.3736			6.7000			30.0000			-191.0000			152.0000			
-73.7521			0.6840			78.1363			5.0000			37.0000			-197.0000			147.0000			
-67.5638			-4.3639			77.5838			5.6000			45.0000			-203.0000			141.0000			
-59.1252			-9.4118			73.1635			4.6000			54.0000			-209.0000			135.0000			
-50.1240			-13.8988			70.4008			6.3000			63.0000			-217.0000			126.0000			
-39.4351			-19.5076			64.8755			5.9000			74.0000			-221.0000			115.0000			
-28.7462			-34.0904			68.1907			5.3000			84.0000			-222.0000			103.0000			
-27.0584			-44.1862			77.0312			5.7000			95.0000			-220.0000			85.0000			
-27.0584			-52.5993			84.7667			5.1000			108.0000			-218.0000			66.0000			
-25.9333			-62.6951			93.6072			4.9000			117.0000			-216.0000			49.0000			
-21.9953			-71.6691			98.5800			4.9000			126.0000			-213.0000			35.0000			
-15.2444			-78.9606			100.7901			6.5000			132.0000			-210.0000			21.0000			
-11.3064			-83.4476			100.7901			6.0000			134.0000			-205.0000			8.0000			
-6.8058			-85.1302			97.4749			5.5000			137.0000			-196.0000			-5.0000			
-2.3052			-85.1302			92.5022			5.0000			136.0000			-190.0000			-18.0000			
2.7580			-81.2041			84.2142			5.7000			137.0000			-181.0000			-29.0000			
7.8212			-73.3518			71.5059			5.9000			136.0000			-170.0000			-39.0000			
11.1966			-61.0125			57.1400			7.3000			136.0000			-161.0000			-53.0000			
15.6972			-56.5255			46.0894			5.2000			136.0000			-147.0000			-67.0000			
24.6984			-49.2341			31.1710			6.6000			131.0000			-135.0000			-79.0000			
34.8247			-52.0385			21.7779			4.5000			127.0000			-117.0000			-91.0000			
37.0750			-58.2081			27.3032			6.1000			123.0000			-100.0000			-107.0000			
41.0130			-66.0604			31.1710			6.1000			120.0000			-79.0000			-122.0000			
45.5136			-74.4735			34.4862			5.5000			114.0000			-62.0000			-134.0000			
52.2645			-75.5953			29.5134			6.1000			110.0000			-47.0000			-143.0000			
59.5780			-73.9127			20.1203			5.7000			104.0000			-33.0000			-149.0000			
65.2037			-71.1083			12.3848			6.4000			98.0000			-20.0000			-156.0000			
66.3289			-69.4256			7.4120			4.3000			93.0000			-10.0000			-160.0000			
66.8914			-67.7430			7.4120			6.5000			87.0000			3.0000			-167.0000			
64.6411			-63.2560			4.0968			5.4000			80.0000			14.0000			-172.0000			
61.2657			-54.2820			-0.3234			6.6000			74.0000			28.0000			-176.0000			
56.7651			-44.1862			-8.0589			4.5000			66.0000			42.0000			-182.0000			
53.9522			-34.0904			-15.2418			4.6000			59.0000			58.0000			-187.0000			
53.3897			-25.6772			-22.9773			4.7000			51.0000			75.0000			-191.0000			
60.7031			-22.8728			-33.4754			4.3000			36.0000			91.0000			-192.0000			
68.5792			-22.8728			-41.7634			3.9000			20.0000			108.0000			-191.0000			
78.1429			-21.7511			-51.7090			4.6000			6.0000			126.0000			-188.0000			
86.0190			-17.8249			-62.7597			5.4000			-7.0000			140.0000			-185.0000			
89.9570			-13.3379			-71.6002			5.0000			-17.0000			153.0000			-183.0000			
91.6447			-9.4118			-77.6781			4.5000			-27.0000			164.0000			-179.0000			
91.6447			-6.0465			-80.9933			4.5000			-37.0000			173.0000			-175.0000			
90.5196			-2.6813			-82.6509			5.1000			-45.0000			179.0000			-167.0000			
84.8938			2.3666			-82.0984			5.1000			-54.0000			185.0000			-161.0000			
74.7675			9.0972			-78.2306			5.6000			-61.0000			189.0000			-153.0000			
60.1405			14.1450			-70.4952			3.7000			-71.0000			192.0000			-143.0000			
49.4516			17.5103			-62.2072			4.7000			-81.0000			197.0000			-132.0000			
32.5744			26.4843			-55.5768			3.4000			-90.0000			199.0000			-121.0000			
18.5101			41.6280			-55.0242			5.1000			-97.0000			196.0000			-106.0000			
15.6972			44.9933			-57.2344			3.4000			-107.0000			193.0000			-89.0000			
19.0726			50.6021			-64.9698			4.6000			-117.0000			191.0000			-74.0000			
21.8855			55.0891			-74.3629			2.6000			-126.0000			187.0000			-56.0000			
21.8855			60.1370			-77.6781			4.3000			-132.0000			184.0000			-44.0000			
13.4469			69.1110			-77.6781			4.8000			-136.0000			181.0000			-33.0000			
5.5709			74.7198			-76.0205			4.2000			-138.0000			174.0000			-20.0000			
1.6328			76.9633			-74.3629			4.2000			-138.0000			167.0000			-9.0000			
-0.6175			76.9633			-72.1528			4.1000			-139.0000			161.0000			2.0000			
-1.7426			73.5980			-68.2850			3.5000			-139.0000			154.0000			12.0000			
-3.9929			67.9892			-59.9970			4.0000			-139.0000			145.0000			23.0000			
-8.4935			62.3805			-49.4989			4.3000			-140.0000			135.0000			35.0000			
-15.2444			55.6500			-37.3432			3.0000			-141.0000			125.0000			49.0000			
-20.8701			53.4064			-28.5026			4.0000			-141.0000			113.0000			63.0000			
-33.8093			53.9673			-16.3469			3.8000			-139.0000			99.0000			76.0000			
-42.2479			59.5761			-14.1368			3.1000			-136.0000			82.0000			92.0000			
-49.5614			67.9892			-14.1368			4.2000			-133.0000			63.0000			108.0000			
-57.4374			78.6459			-16.8994			4.2000			-129.0000			44.0000			124.0000			
-65.3135			83.6938			-14.6893			3.6000			-125.0000			28.0000			134.0000			
-73.1895			85.9373			-8.6114			4.1000			-122.0000			12.0000			144.0000			
-80.5030			85.9373			-1.4285			4.0000			-116.0000			-1.0000			153.0000			
-83.8784			84.2547			4.0968			4.4000			-110.0000			-14.0000			158.0000			
-84.4410			81.4503			7.9646			4.9000			-103.0000			-25.0000			163.0000			
-82.7533			75.8415			10.1747			3.2000			-96.0000			-40.0000			168.0000			
-76.0024			65.7457			14.5950			4.3000			-88.0000			-54.0000			171.0000			
-65.8761			50.6021			19.0152			3.7000			-77.0000			-68.0000			175.0000			
-60.2503			36.5801			27.8558			4.1000			-67.0000			-85.0000			178.0000			
-57.4374			20.8756			40.5640			3.9000			-55.0000			-99.0000			177.0000			
-61.9380			17.5103			49.9571			5.5000			-42.0000			-114.0000			175.0000			
-64.1883			14.1450			54.9299			4.8000			-26.0000			-132.0000			174.0000			
-72.0644			18.0712			58.7976			4.8000			-9.0000			-150.0000			172.0000			
-78.8153			18.6321			64.8755			4.6000			2.0000			-166.0000			171.0000			
-79.9404			14.7059			70.4008			5.1000			13.0000			-178.0000			167.0000			
-79.9404			8.5363			75.9262			4.5000			21.0000			-188.0000			163.0000			
-76.5650			2.9275			78.1363			4.4000			28.0000			-194.0000			157.0000			
-74.3147			1.2449			77.5838			4.5000			35.0000			-198.0000			150.0000			
-70.3767			-0.9986			75.3736			3.9000			41.0000			-201.0000			142.0000			
-61.9380			-4.3639			70.9534			4.6000			49.0000			-204.0000			137.0000			
-52.3743			-8.8509			65.4280			4.2000			57.0000			-207.0000			128.0000			
-42.2479			-13.3379			61.0078			5.4000			65.0000			-211.0000			118.0000			
-34.3719			-18.3858			57.1400			4.3000			74.0000			-214.0000			108.0000			
-23.6830			-29.0425			58.2451			5.5000			82.0000			-215.0000			95.0000			
-25.3707			-36.8948			65.9806			3.7000			93.0000			-216.0000			81.0000			
-25.9333			-44.1862			74.2686			4.1000			102.0000			-212.0000			63.0000			
-27.0584			-52.0385			83.1091			4.0000			112.0000			-210.0000			48.0000			
-22.5579			-61.0125			89.1870			5.6000			117.0000			-207.0000			36.0000			
-14.6818			-71.1083			90.8446			5.0000			123.0000			-203.0000			23.0000			
-10.7438			-77.2779			93.0547			5.0000			127.0000			-200.0000			10.0000			
-8.4935			-80.0823			92.5022			3.9000			130.0000			-193.0000			-1.0000			
-4.5555			-81.7649			91.9496			5.6000			132.0000			-187.0000			-14.0000			
-0.0549			-81.2041			85.8718			4.6000			134.0000			-181.0000			-25.0000			
5.5709			-77.2779			74.8211			3.1000			136.0000			-173.0000			-38.0000			
11.7592			-67.7430			61.5603			5.5000			138.0000			-164.0000			-51.0000			
16.2598			-61.5734			49.9571			4.6000			138.0000			-152.0000			-66.0000			
26.9487			-55.9646			33.9336			4.9000			137.0000			-138.0000			-78.0000			
40.4505			-58.2081			22.3304			4.5000			131.0000			-122.0000			-92.0000			
47.2013			-66.0604			25.0931			6.2000			127.0000			-103.0000			-109.0000			
53.3897			-76.7170			27.8558			4.5000			122.0000			-81.0000			-125.0000			
57.8903			-86.2520			33.3811			5.0000			118.0000			-61.0000			-140.0000			
65.2037			-89.0563			30.0659			6.2000			113.0000			-46.0000			-150.0000			
73.0798			-87.9346			20.1203			5.2000			107.0000			-33.0000			-156.0000			
78.1429			-84.0084			10.1747			4.3000			100.0000			-18.0000			-162.0000			
79.8306			-79.5214			4.0968			4.4000			93.0000			-6.0000			-166.0000			
78.7055			-75.5953			2.4392			5.5000			87.0000			7.0000			-169.0000			
73.6423			-68.8648			-0.3234			4.4000			79.0000			18.0000			-174.0000			
64.0786			-56.5255			-1.9810			5.5000			72.0000			32.0000			-178.0000			
58.4528			-45.8688			-7.5064			5.0000			61.0000			47.0000			-183.0000			
49.4516			-30.1642			-14.6893			4.5000			53.0000			61.0000			-185.0000			
46.0762			-18.3858			-23.5298			4.1000			43.0000			75.0000			-186.0000			
52.8271			-18.3858			-30.1602			4.2000			30.0000			92.0000			-186.0000			
59.5780			-19.5076			-36.7906			3.2000			15.0000			110.0000			-187.0000			
69.1417			-22.8728			-40.6584			5.6000			2.0000			127.0000			-186.0000			
75.3301			-22.3120			-50.0514			2.9000			-9.0000			140.0000			-183.0000			
77.0178			-13.8988			-58.3394			4.7000			-18.0000			151.0000			-180.0000			
79.2681			-8.2900			-66.6274			4.3000			-27.0000			159.0000			-175.0000			
78.7055			-3.8030			-71.6002			3.3000			-35.0000			168.0000			-169.0000			
78.7055			-2.6813			-73.2578			2.7000			-42.0000			174.0000			-164.0000			
78.1429			0.1231			-74.9154			3.3000			-50.0000			178.0000			-158.0000			
70.8295			5.1710			-71.6002			4.3000			-58.0000			183.0000			-151.0000			
59.0154			10.7798			-66.6274			3.1000			-67.0000			188.0000			-143.0000			
50.5768			15.8277			-61.6546			4.7000			-77.0000			193.0000			-134.0000			
34.8247			23.6800			-55.0242			3.4000			-86.0000			197.0000			-123.0000			
24.1358			36.0193			-56.1293			4.0000			-95.0000			197.0000			-110.0000			
20.1978			45.5542			-62.2072			3.5000			-106.0000			196.0000			-92.0000			
19.6352			52.2847			-69.3901			2.5000			-117.0000			191.0000			-74.0000			
21.8855			60.1370			-79.3357			2.6000			-128.0000			190.0000			-57.0000			
20.7604			67.4284			-84.8610			3.3000			-135.0000			188.0000			-43.0000			
13.4469			75.8415			-87.0712			2.2000			-140.0000			186.0000			-30.0000			
7.2586			82.0112			-86.5186			2.7000			-143.0000			180.0000			-18.0000			
2.1954			84.8156			-83.2034			3.8000			-143.0000			172.0000			-6.0000			
-0.6175			84.8156			-80.9933			3.1000			-144.0000			165.0000			5.0000			
-3.4303			81.4503			-74.9154			3.1000			-145.0000			157.0000			16.0000			
-6.8058			75.2807			-64.4173			4.0000			-145.0000			148.0000			28.0000			
-10.7438			64.6240			-51.1565			2.7000			-143.0000			138.0000			39.0000			
-16.3695			59.5761			-40.1058			3.0000			-143.0000			125.0000			53.0000			
-24.8081			52.2847			-23.5298			3.9000			-142.0000			113.0000			64.0000			
-37.1848			52.8456			-11.9266			3.7000			-137.0000			97.0000			77.0000			
-42.2479			57.3326			-10.2690			4.8000			-133.0000			79.0000			93.0000			
-49.5614			66.8675			-14.1368			3.1000			-129.0000			57.0000			110.0000			
-54.0620			75.8415			-18.5570			3.2000			-125.0000			40.0000			124.0000			
-58.5626			78.6459			-16.8994			3.1000			-122.0000			23.0000			134.0000			
-66.4386			79.7677			-10.2690			3.0000			-117.0000			10.0000			143.0000			
-72.6270			76.9633			-0.8760			3.4000			-111.0000			-4.0000			149.0000			
-75.4398			73.5980			4.6494			2.8000			-105.0000			-16.0000			154.0000			
-74.8772			71.9154			6.3070			3.3000			-99.0000			-27.0000			159.0000			
-72.0644			66.3066			7.9646			2.2000			-92.0000			-40.0000			165.0000			
-64.1883			56.7717			11.2798			3.8000			-85.0000			-53.0000			169.0000			
-58.5626			47.7977			15.1475			4.3000			-76.0000			-68.0000			173.0000			
-54.0620			33.2149			23.4355			2.5000			-68.0000			-83.0000			176.0000			
-54.6246			23.6800			34.4862			3.5000			-57.0000			-98.0000			176.0000			
-59.6877			19.7538			43.8792			3.9000			-42.0000			-113.0000			177.0000			
-66.4386			18.0712			52.7198			4.3000			-28.0000			-130.0000			175.0000			
-74.3147			17.5103			60.4552			3.6000			-14.0000			-148.0000			173.0000			
-82.1907			16.9494			69.2958			4.0000			-1.0000			-163.0000			171.0000			
-85.5662			14.1450			75.3736			3.9000			8.0000			-176.0000			170.0000			
-87.8165			9.0972			82.0040			3.2000			19.0000			-186.0000			166.0000			
-86.1287			4.6101			84.7667			3.2000			28.0000			-194.0000			159.0000			
-85.0036			2.3666			85.3192			2.6000			35.0000			-199.0000			153.0000			
-79.3778			-1.5595			84.7667			3.8000			43.0000			-202.0000			145.0000			
-69.8141			-7.7292			80.8990			3.3000			51.0000			-207.0000			137.0000			
-55.7497			-12.7771			71.5059			2.9000			59.0000			-212.0000			129.0000			
-47.8737			-14.4597			66.5331			4.2000			69.0000			-217.0000			120.0000			
-30.9965			-24.5555			58.2451			2.6000			78.0000			-219.0000			109.0000			
-18.6198			-36.3339			58.7976			3.8000			85.0000			-217.0000			95.0000			
-20.3076			-41.3818			65.4280			3.7000			96.0000			-216.0000			79.0000			
-24.8081			-46.9906			74.8211			3.0000			106.0000			-214.0000			60.0000			
-25.9333			-53.7211			83.1091			3.4000			116.0000			-211.0000			45.0000			
-21.9953			-61.5734			87.5294			3.9000			121.0000			-208.0000			33.0000			
-14.6818			-71.1083			88.6344			2.8000			125.0000			-204.0000			22.0000			
-7.3683			-76.7170			88.6344			4.5000			127.0000			-199.0000			9.0000			
-3.4303			-80.6432			86.4243			2.3000			129.0000			-192.0000			-2.0000			
-1.7426			-80.0823			85.3192			3.4000			129.0000			-184.0000			-13.0000			
-0.6175			-76.7170			80.8990			3.5000			131.0000			-177.0000			-23.0000			
4.4457			-72.2300			70.4008			2.6000			130.0000			-169.0000			-36.0000			
11.1966			-63.8169			56.5875			3.9000			133.0000			-159.0000			-49.0000			
16.2598			-57.6472			46.0894			4.6000			132.0000			-147.0000			-64.0000			
23.0107			-51.4776			31.1710			2.7000			133.0000			-137.0000			-77.0000			
34.2621			-54.2820			23.9880			3.9000			131.0000			-121.0000			-91.0000			
42.1382			-63.8169			25.6456			3.9000			126.0000			-101.0000			-108.0000			
47.2013			-73.3518			28.4083			2.2000			122.0000			-81.0000			-124.0000			
55.6400			-82.8867			31.1710			3.9000			118.0000			-62.0000			-138.0000			
64.0786			-86.2520			26.1982			4.0000			114.0000			-46.0000			-149.0000			
71.9546			-86.2520			17.3576			3.0000			109.0000			-33.0000			-156.0000			
78.7055			-84.0084			8.5171			3.2000			103.0000			-20.0000			-162.0000			
81.5184			-82.3258			4.0968			3.2000			96.0000			-7.0000			-168.0000			
82.0809			-78.9606			0.7816			3.9000			90.0000			5.0000			-172.0000			
78.7055			-72.7909			-1.9810			3.9000			83.0000			19.0000			-177.0000			
71.9546			-61.5734			-6.9538			3.4000			74.0000			33.0000			-180.0000			
63.5160			-46.9906			-12.4792			4.0000			65.0000			48.0000			-185.0000			
57.3277			-32.9686			-20.7672			3.5000			56.0000			63.0000			-188.0000			
52.8271			-20.0685			-29.6077			3.1000			45.0000			75.0000			-189.0000			
57.8903			-16.7032			-38.4482			2.7000			30.0000			93.0000			-186.0000			
64.6411			-17.8249			-44.5261			2.2000			14.0000			111.0000			-185.0000			
73.0798			-21.7511			-48.3938			2.9000			-1.0000			129.0000			-185.0000			
79.2681			-20.6293			-56.6818			1.9000			-12.0000			144.0000			-182.0000			
80.3932			-14.4597			-63.3122			2.6000			-22.0000			154.0000			-179.0000			
80.3932			-7.1683			-69.9426			3.2000			-32.0000			164.0000			-175.0000			
77.5803			-2.6813			-73.2578			1.6000			-38.0000			170.0000			-169.0000			
75.8926			0.1231			-74.9154			1.0000			-45.0000			176.0000			-163.0000			
74.2049			2.9275			-73.2578			3.8000			-53.0000			182.0000			-156.0000			
65.7663			5.7319			-69.3901			2.1000			-61.0000			184.0000			-149.0000			
55.0774			11.3407			-63.3122			3.1000			-67.0000			189.0000			-141.0000			
45.5136			15.8277			-58.8920			2.4000			-78.0000			191.0000			-130.0000			
33.1370			23.1191			-53.9192			2.3000			-85.0000			194.0000			-120.0000			
21.8855			35.4584			-54.4717			2.8000			-93.0000			194.0000			-108.0000			
20.1978			44.9933			-62.2072			2.9000			-104.0000			192.0000			-91.0000			
20.7604			52.2847			-70.4952			2.5000			-116.0000			189.0000			-73.0000			
23.0107			58.4543			-79.8882			1.5000			-125.0000			188.0000			-57.0000			
20.1978			66.3066			-84.3085			2.1000			-131.0000			185.0000			-44.0000			
12.8843			75.8415			-85.9661			2.7000			-137.0000			182.0000			-32.0000			
6.6960			81.4503			-85.9661			2.1000			-140.0000			177.0000			-19.0000			
3.8831			83.6938			-84.8610			2.7000			-143.0000			171.0000			-7.0000			
-0.6175			84.2547			-81.5458			2.0000			-144.0000			164.0000			4.0000			
-3.9929			82.0112			-77.1256			0.8000			-145.0000			157.0000			16.0000			
-7.9309			76.4024			-66.0749			2.3000			-146.0000			149.0000			27.0000			
-12.4315			66.8675			-51.7090			2.7000			-147.0000			138.0000			40.0000			
-18.0573			60.6978			-40.1058			2.5000			-147.0000			127.0000			55.0000			
-28.7462			55.0891			-25.1874			1.1000			-144.0000			115.0000			66.0000			
-42.2479			56.7717			-12.4792			2.0000			-140.0000			96.0000			79.0000			
-50.1240			62.3805			-10.8216			1.4000			-135.0000			78.0000			95.0000			
-56.8749			72.4763			-13.0317			2.5000			-130.0000			57.0000			112.0000			
-61.3755			82.5721			-18.0045			3.1000			-127.0000			38.0000			127.0000			
-67.5638			86.4982			-18.0045			0.9000			-123.0000			23.0000			136.0000			
-75.4398			87.6199			-10.2690			1.9000			-118.0000			9.0000			145.0000			
-80.5030			83.1329			-0.8760			1.7000			-111.0000			-4.0000			149.0000			
-82.1907			80.3285			4.6494			2.7000			-104.0000			-18.0000			156.0000			
-82.1907			76.9633			7.9646			2.7000			-98.0000			-30.0000			160.0000			
-77.1275			70.2328			9.0696			2.1000			-92.0000			-42.0000			165.0000			
-67.5638			59.5761			10.1747			2.1000			-82.0000			-56.0000			169.0000			
-60.2503			47.2368			14.5950			1.5000			-74.0000			-72.0000			172.0000			
-54.0620			32.6540			23.9880			2.5000			-65.0000			-86.0000			175.0000			
-51.2491			20.8756			33.9336			3.5000			-55.0000			-101.0000			175.0000			
-55.7497			17.5103			41.6691			3.4000			-40.0000			-117.0000			175.0000			
-63.0632			15.8277			49.4046			2.1000			-26.0000			-134.0000			174.0000			
-71.5018			18.6321			55.4824			2.6000			-12.0000			-151.0000			173.0000			
-78.8153			17.5103			62.6654			1.3000			-1.0000			-166.0000			170.0000			
-81.0656			13.5842			71.5059			4.0000			8.0000			-177.0000			169.0000			
-83.3159			8.5363			77.0312			2.2000			18.0000			-187.0000			165.0000			
-81.6281			4.0493			81.4515			3.8000			27.0000			-193.0000			159.0000			
-81.6281			1.8058			82.5566			2.7000			34.0000			-198.0000			152.0000			
-77.1275			-2.6813			82.0040			2.1000			40.0000			-202.0000			146.0000			
-69.2515			-7.1683			78.6888			2.2000			50.0000			-207.0000			139.0000			
-57.4374			-11.0944			71.5059			2.9000			57.0000			-211.0000			130.0000			
-47.8737			-15.5814			65.9806			2.5000			68.0000			-215.0000			119.0000			
-31.5590			-23.4337			59.9027			4.9000			76.0000			-218.0000			108.0000			
-22.5579			-35.2121			61.0078			3.2000			85.0000			-218.0000			94.0000			
-22.5579			-41.9427			67.6382			3.1000			96.0000			-216.0000			78.0000			
-23.6830			-48.6732			77.0312			4.6000			108.0000			-214.0000			61.0000			
-25.9333			-55.9646			84.7667			2.8000			117.0000			-211.0000			45.0000			
-22.5579			-64.9386			89.1870			1.6000			123.0000			-209.0000			30.0000			
-14.6818			-73.3518			89.7395			1.7000			127.0000			-205.0000			19.0000			
-6.8058			-78.3997			88.6344			3.4000			130.0000			-199.0000			6.0000			
-2.8678			-81.2041			87.5294			3.4000			131.0000			-193.0000			-4.0000			
-1.7426			-80.6432			85.3192			2.9000			132.0000			-185.0000			-15.0000			
1.6328			-78.3997			79.2414			2.4000			134.0000			-179.0000			-26.0000			
6.6960			-72.7909			69.2958			3.2000			134.0000			-169.0000			-38.0000			
11.7592			-63.2560			54.9299			3.4000			134.0000			-159.0000			-51.0000			
17.9475			-57.6472			42.2216			2.5000			134.0000			-147.0000			-65.0000			
26.3861			-52.0385			28.9608			3.3000			132.0000			-135.0000			-77.0000			
37.0750			-55.9646			21.7779			2.8000			127.0000			-119.0000			-91.0000			
42.1382			-64.3777			25.6456			3.4000			124.0000			-98.0000			-108.0000			
48.8891			-73.9127			28.9608			3.9000			120.0000			-77.0000			-125.0000			
53.9522			-83.4476			31.1710			1.6000			115.0000			-59.0000			-137.0000			
61.8283			-84.5693			25.0931			2.3000			110.0000			-45.0000			-147.0000			
70.2669			-83.4476			16.2526			3.0000			106.0000			-31.0000			-155.0000			
75.8926			-80.0823			6.8595			2.6000			99.0000			-18.0000			-161.0000			
78.1429			-78.3997			3.5443			3.2000			94.0000			-5.0000			-167.0000			
78.1429			-76.1562			1.3342			3.3000			89.0000			7.0000			-171.0000			
73.6423			-68.8648			-1.4285			3.3000			81.0000			20.0000			-176.0000			
67.4540			-57.0863			-6.9538			3.4000			74.0000			34.0000			-181.0000			
60.7031			-45.3079			-11.9266			3.4000			64.0000			49.0000			-185.0000			
53.3897			-29.6034			-20.7672			3.0000			55.0000			63.0000			-187.0000			
52.8271			-20.6293			-30.7128			1.4000			44.0000			79.0000			-189.0000			
60.1405			-19.5076			-38.4482			2.1000			29.0000			94.0000			-187.0000			
66.3289			-20.0685			-43.9736			2.2000			14.0000			113.0000			-186.0000			
75.8926			-22.8728			-51.1565			1.8000			-1.0000			130.0000			-184.0000			
80.9558			-19.5076			-58.3394			3.1000			-12.0000			144.0000			-184.0000			
82.6435			-13.8988			-67.1800			1.5000			-22.0000			154.0000			-179.0000			
82.6435			-7.1683			-73.8104			1.6000			-31.0000			165.0000			-175.0000			
80.9558			-3.8030			-76.5730			0.5000			-39.0000			171.0000			-169.0000			
79.8306			-1.5595			-76.5730			1.6000			-46.0000			175.0000			-163.0000			
75.8926			1.2449			-74.9154			2.2000			-54.0000			181.0000			-155.0000			
66.8914			6.8536			-71.0477			2.6000			-61.0000			185.0000			-148.0000			
54.5148			13.5842			-64.9698			3.1000			-69.0000			191.0000			-140.0000			
44.9510			16.3886			-58.8920			2.4000			-80.0000			195.0000			-129.0000			
30.8867			24.8017			-53.3666			2.3000			-88.0000			196.0000			-120.0000			
19.6352			38.8236			-55.0242			3.4000			-96.0000			196.0000			-105.0000			
19.6352			44.9933			-62.7597			1.8000			-106.0000			194.0000			-90.0000			
20.7604			50.6021			-71.0477			0.3000			-117.0000			190.0000			-71.0000			
21.8855			58.4543			-79.8882			0.4000			-127.0000			189.0000			-55.0000			
19.0726			66.8675			-84.3085			1.6000			-131.0000			187.0000			-43.0000			
11.1966			74.7198			-85.4136			0.5000			-136.0000			182.0000			-31.0000			
6.1334			80.8894			-85.4136			1.6000			-139.0000			175.0000			-18.0000			
2.7580			83.1329			-83.7560			2.1000			-141.0000			169.0000			-8.0000			
0.5077			82.5721			-81.5458			1.5000			-141.0000			162.0000			4.0000			
-2.8678			80.3285			-75.4680			1.9000			-143.0000			155.0000			15.0000			
-7.3683			74.7198			-64.9698			2.3000			-144.0000			146.0000			27.0000			
-12.4315			65.1849			-50.6040			2.1000			-143.0000			136.0000			41.0000			
-17.4947			58.4543			-39.0008			1.9000			-143.0000			124.0000			54.0000			
-25.3707			52.8456			-25.1874			2.2000			-143.0000			112.0000			67.0000			
-37.7474			55.0891			-14.1368			3.2000			-138.0000			95.0000			80.0000			
-46.1860			59.0152			-11.3741			1.4000			-135.0000			76.0000			97.0000			
-52.9369			70.2328			-14.6893			2.6000			-131.0000			56.0000			112.0000			
-58.0000			79.2068			-19.6621			1.5000			-128.0000			37.0000			128.0000			
-64.1883			83.1329			-16.8994			2.0000			-123.0000			21.0000			137.0000			
-72.6270			83.6938			-9.7165			1.3000			-118.0000			8.0000			146.0000			
-77.1275			80.8894			-1.4285			2.3000			-112.0000			-6.0000			151.0000			
-80.5030			76.9633			4.0968			0.5000			-106.0000			-17.0000			157.0000			
-80.5030			74.1589			7.4120			1.0000			-98.0000			-30.0000			161.0000			
-74.8772			67.9892			7.9646			1.0000			-91.0000			-43.0000			166.0000			
-66.4386			56.7717			10.7272			1.0000			-83.0000			-57.0000			169.0000			
-59.1252			46.6759			15.1475			2.6000			-74.0000			-72.0000			172.0000			
-52.9369			30.4105			23.9880			1.4000			-65.0000			-86.0000			175.0000			
-52.3743			20.8756			33.9336			2.4000			-53.0000			-101.0000			174.0000			
-57.4374			16.3886			42.7742			1.7000			-39.0000			-118.0000			176.0000			
-63.0632			15.2668			49.9571			2.1000			-24.0000			-136.0000			174.0000			
-71.5018			17.5103			55.4824			1.4000			-9.0000			-152.0000			172.0000			
-77.1275			16.3886			63.2179			2.4000			1.0000			-165.0000			170.0000			
-79.3778			11.3407			69.8483			1.8000			11.0000			-179.0000			167.0000			
-81.0656			6.8536			75.3736			1.1000			20.0000			-188.0000			162.0000			
-78.8153			2.9275			78.6888			2.7000			28.0000			-193.0000			156.0000			
-78.2527			-0.4378			79.7939			1.1000			36.0000			-198.0000			151.0000			
-72.6270			-3.8030			78.6888			2.2000			42.0000			-203.0000			144.0000			
-64.1883			-7.7292			74.2686			2.3000			51.0000			-207.0000			137.0000			
-52.9369			-11.6553			67.6382			3.0000			58.0000			-211.0000			129.0000			
-43.3731			-16.7032			62.6654			2.5000			68.0000			-214.0000			118.0000			
-30.4339			-23.4337			56.5875			2.7000			75.0000			-216.0000			108.0000			
-20.8701			-36.3339			59.3502			2.1000			84.0000			-216.0000			94.0000			
-21.9953			-42.5035			67.0856			2.5000			96.0000			-215.0000			76.0000			
-23.1204			-49.7949			75.9262			3.0000			106.0000			-213.0000			59.0000			
-25.3707			-56.5255			84.2142			2.3000			116.0000			-210.0000			44.0000			
-20.8701			-64.9386			88.6344			2.8000			121.0000			-207.0000			32.0000			
-12.9941			-73.9127			89.1870			2.2000			126.0000			-203.0000			19.0000			
-7.3683			-79.5214			88.6344			1.7000			129.0000			-198.0000			8.0000			
-2.8678			-82.3258			87.5294			2.3000			131.0000			-191.0000			-5.0000			
-0.6175			-82.3258			85.8718			2.9000			132.0000			-185.0000			-15.0000			
1.0703			-78.9606			79.2414			1.3000			134.0000			-177.0000			-27.0000			
6.1334			-73.3518			68.7432			1.5000			134.0000			-169.0000			-40.0000			
12.3217			-64.3777			54.3774			2.3000			135.0000			-158.0000			-52.0000			
19.0726			-58.2081			42.7742			3.6000			135.0000			-146.0000			-67.0000			
27.5112			-53.7211			27.8558			1.6000			133.0000			-134.0000			-79.0000			
39.3253			-57.0863			20.6728			2.9000			128.0000			-118.0000			-92.0000			
45.5136			-65.4995			22.8830			2.8000			124.0000			-98.0000			-110.0000			
51.1394			-76.1562			27.3032			2.2000			121.0000			-77.0000			-126.0000			
56.7651			-85.6911			30.6184			1.6000			115.0000			-58.0000			-139.0000			
64.0786			-86.8128			24.5406			1.8000			111.0000			-44.0000			-147.0000			
73.0798			-86.2520			15.7000			2.5000			106.0000			-30.0000			-156.0000			
79.2681			-82.8867			5.7544			2.1000			100.0000			-17.0000			-162.0000			
80.3932			-79.5214			1.8867			2.7000			93.0000			-4.0000			-167.0000			
79.2681			-76.1562			-1.4285			1.6000			87.0000			9.0000			-172.0000			
75.3301			-69.4256			-3.6386			2.2000			81.0000			21.0000			-175.0000			
65.7663			-57.0863			-6.4013			2.2000			72.0000			35.0000			-181.0000			
60.7031			-44.7470			-11.9266			4.0000			62.0000			50.0000			-186.0000			
53.3897			-29.0425			-21.8722			2.4000			54.0000			65.0000			-188.0000			
52.2645			-18.3858			-31.2653			2.6000			43.0000			79.0000			-189.0000			
57.3277			-16.7032			-39.5533			1.0000			28.0000			95.0000			-187.0000			
65.2037			-18.3858			-44.5261			2.2000			12.0000			114.0000			-186.0000			
74.7675			-21.7511			-51.7090			1.3000			-1.0000			130.0000			-185.0000			
80.3932			-19.5076			-58.8920			1.9000			-12.0000			143.0000			-182.0000			
81.5184			-12.7771			-67.7325			1.0000			-22.0000			155.0000			-180.0000			
81.5184			-4.9248			-74.9154			1.6000			-29.0000			163.0000			-175.0000			
80.3932			-1.5595			-77.6781			1.1000			-39.0000			170.0000			-169.0000			
80.3932			-0.4378			-79.3357			0.6000			-45.0000			177.0000			-163.0000			
76.4552			1.8058			-76.5730			1.6000			-53.0000			180.0000			-156.0000			
68.5792			7.4145			-72.7053			3.2000			-61.0000			184.0000			-149.0000			
55.0774			13.0233			-67.1800			0.9000			-68.0000			190.0000			-141.0000			
46.0762			17.5103			-62.7597			0.8000			-80.0000			193.0000			-130.0000			
31.4493			26.4843			-56.1293			1.8000			-88.0000			195.0000			-119.0000			
19.0726			39.3845			-56.6818			1.7000			-95.0000			194.0000			-105.0000			
19.6352			46.6759			-64.4173			1.8000			-107.0000			193.0000			-89.0000			
20.1978			53.9673			-72.7053			1.4000			-118.0000			190.0000			-71.0000			
21.3229			60.1370			-80.4408			1.0000			-127.0000			188.0000			-54.0000			
19.0726			68.5501			-85.4136			2.2000			-133.0000			185.0000			-42.0000			
12.8843			76.9633			-87.0712			2.7000			-138.0000			181.0000			-30.0000			
6.1334			82.0112			-86.5186			1.6000			-141.0000			176.0000			-17.0000			
0.5077			84.8156			-84.8610			0.4000			-142.0000			170.0000			-6.0000			
-1.1800			84.8156			-82.6509			0.9000			-143.0000			162.0000			5.0000			
-3.9929			82.0112			-76.5730			1.4000			-144.0000			154.0000			15.0000			
-7.3683			75.8415			-67.1800			1.2000			-144.0000			145.0000			28.0000			
-11.8689			65.1849			-52.2616			1.0000			-144.0000			135.0000			39.0000			
-18.6198			59.5761			-39.5533			1.3000			-144.0000			123.0000			53.0000			
-29.3087			55.6500			-25.7400			0.5000			-142.0000			110.0000			66.0000			
-39.9977			55.6500			-14.1368			1.5000			-138.0000			94.0000			80.0000			
-48.4363			61.2587			-12.4792			0.3000			-134.0000			74.0000			97.0000			
-53.4994			71.9154			-14.6893			3.7000			-130.0000			53.0000			112.0000			
-59.1252			79.7677			-20.2146			0.4000			-126.0000			37.0000			127.0000			
-64.1883			83.1329			-17.4520			1.4000			-122.0000			20.0000			136.0000			
-71.5018			83.1329			-10.8216			0.8000			-117.0000			6.0000			145.0000			
-77.1275			80.3285			-1.4285			1.7000			-111.0000			-7.0000			152.0000			
-79.9404			76.4024			4.0968			0.5000			-106.0000			-21.0000			155.0000			
-78.2527			73.5980			6.3070			1.6000			-98.0000			-32.0000			162.0000			
-74.3147			66.8675			8.5171			1.0000			-90.0000			-45.0000			167.0000			
-65.3135			54.5282			10.7272			0.0000			-83.0000			-60.0000			170.0000			
-59.1252			44.9933			14.5950			0.4000			-73.0000			-73.0000			173.0000			
-52.9369			30.4105			23.4355			0.9000			-65.0000			-88.0000			175.0000			
-54.0620			21.4364			36.1438			3.5000			-53.0000			-102.0000			175.0000			
-58.0000			17.5103			43.3267			2.8000			-38.0000			-118.0000			174.0000			
-64.1883			16.3886			51.0622			3.2000			-24.0000			-135.0000			174.0000			
-73.7521			17.5103			57.6926			1.4000			-9.0000			-153.0000			172.0000			
-79.9404			15.2668			65.4280			0.7000			2.0000			-167.0000			170.0000			
-82.7533			11.9015			72.0584			1.2000			11.0000			-180.0000			167.0000			
-82.7533			7.4145			77.0312			1.6000			20.0000			-188.0000			162.0000			
-81.0656			2.3666			80.8990			2.1000			28.0000			-194.0000			157.0000			
-79.9404			0.1231			82.0040			2.1000			35.0000			-198.0000			151.0000			
-74.8772			-3.2421			79.7939			1.6000			42.0000			-202.0000			144.0000			
-65.8761			-8.2900			75.3736			1.2000			50.0000			-207.0000			136.0000			
-54.0620			-12.2162			68.1907			1.9000			58.0000			-212.0000			127.0000			
-44.4982			-16.7032			62.6654			1.4000			68.0000			-215.0000			118.0000			
-29.8713			-24.5555			56.5875			2.1000			76.0000			-217.0000			106.0000			
-19.1824			-38.0165			58.7976			1.5000			87.0000			-217.0000			92.0000			
-20.8701			-43.0644			67.0856			3.1000			98.0000			-215.0000			76.0000			
-24.2456			-49.7949			75.9262			1.8000			109.0000			-213.0000			59.0000			
-25.3707			-57.0863			84.7667			2.3000			115.0000			-211.0000			43.0000			
-21.4327			-65.4995			88.0819			1.1000			123.0000			-208.0000			31.0000			
-12.9941			-75.0344			89.1870			1.1000			126.0000			-204.0000			19.0000			
-6.2432			-80.6432			88.6344			1.7000			128.0000			-197.0000			7.0000			
-2.3052			-82.8867			87.5294			2.3000			131.0000			-191.0000			-6.0000			
-0.6175			-82.8867			85.3192			1.8000			132.0000			-184.0000			-17.0000			
1.6328			-78.9606			79.2414			1.9000			131.0000			-177.0000			-27.0000			
7.2586			-73.9127			68.7432			2.0000			133.0000			-168.0000			-39.0000			
11.7592			-64.3777			54.9299			2.3000			133.0000			-158.0000			-53.0000			
19.6352			-59.3299			42.7742			3.0000			133.0000			-145.0000			-66.0000			
26.9487			-53.1602			28.4083			2.1000			132.0000			-134.0000			-79.0000			
39.8879			-57.6472			20.1203			2.3000			129.0000			-118.0000			-93.0000			
46.0762			-66.0604			22.8830			2.9000			124.0000			-97.0000			-111.0000			
51.7019			-76.1562			26.1982			1.7000			120.0000			-75.0000			-127.0000			
56.7651			-85.6911			30.6184			1.6000			116.0000			-59.0000			-140.0000			
64.6411			-87.3737			25.0931			2.3000			111.0000			-42.0000			-151.0000			
73.0798			-86.8128			15.1475			1.4000			106.0000			-29.0000			-157.0000			
78.7055			-82.3258			5.7544			2.1000			99.0000			-17.0000			-163.0000			
80.9558			-80.0823			-0.3234			0.5000			94.0000			-4.0000			-168.0000			
80.9558			-76.7170			-1.9810			2.2000			88.0000			9.0000			-173.0000			
75.8926			-70.5474			-4.1912			1.1000			80.0000			21.0000			-177.0000			
67.4540			-58.2081			-6.9538			2.2000			71.0000			34.0000			-181.0000			
61.2657			-46.4297			-13.0317			1.8000			63.0000			51.0000			-185.0000			
55.0774			-30.1642			-21.8722			3.0000			54.0000			64.0000			-188.0000			
54.5148			-18.9467			-33.4754			2.0000			42.0000			79.0000			-187.0000			
59.5780			-15.5814			-42.3160			1.6000			27.0000			95.0000			-187.0000			
66.8914			-17.8249			-47.8413			1.2000			13.0000			113.0000			-186.0000			
76.4552			-22.3120			-52.8141			1.3000			-2.0000			131.0000			-184.0000			
82.6435			-19.5076			-61.1021			2.0000			-13.0000			145.0000			-183.0000			
84.3312			-13.8988			-69.3901			1.0000			-22.0000			157.0000			-179.0000			
83.2061			-6.0465			-76.0205			1.1000			-31.0000			166.0000			-174.0000			
81.5184			-0.4378			-79.3357			1.7000			-40.0000			171.0000			-169.0000			
80.9558			0.1231			-79.8882			1.1000			-46.0000			176.0000			-163.0000			
76.4552			2.3666			-78.2306			0.5000			-54.0000			182.0000			-156.0000			
67.4540			7.4145			-73.8104			1.0000			-62.0000			186.0000			-148.0000			
55.0774			13.0233			-66.6274			1.4000			-70.0000			189.0000			-140.0000			
46.0762			18.0712			-62.7597			1.3000			-80.0000			192.0000			-129.0000			
32.0118			25.9235			-56.6818			1.2000			-88.0000			195.0000			-119.0000			
19.0726			39.9454			-58.3394			0.6000			-97.0000			194.0000			-104.0000			
18.5101			47.7977			-65.5224			0.7000			-107.0000			191.0000			-88.0000			
19.6352			54.5282			-73.8104			0.3000			-118.0000			188.0000			-69.0000			
23.0107			61.2587			-83.7560			0.5000			-127.0000			188.0000			-54.0000			
20.1978			69.1110			-88.1762			1.1000			-133.0000			184.0000			-41.0000			
12.8843			77.5242			-88.7288			1.6000			-137.0000			181.0000			-30.0000			
5.5709			83.6938			-87.6237			1.6000			-140.0000			176.0000			-17.0000			
1.0703			86.4982			-85.9661			1.6000			-141.0000			169.0000			-6.0000			
-0.6175			85.3764			-83.2034			1.5000			-143.0000			161.0000			7.0000			
-2.8678			82.5721			-78.2306			1.4000			-143.0000			154.0000			16.0000			
-6.8058			75.8415			-67.7325			1.2000			-144.0000			145.0000			28.0000			
-12.4315			64.6240			-51.7090			0.4000			-144.0000			135.0000			42.0000			
-19.1824			59.5761			-39.0008			1.3000			-145.0000			123.0000			56.0000			
-29.3087			55.0891			-24.6349			1.1000			-141.0000			110.0000			67.0000			
-41.1228			56.7717			-14.1368			1.5000			-138.0000			93.0000			81.0000			
-49.5614			62.3805			-13.0317			-0.2000			-134.0000			73.0000			97.0000			
-55.1872			73.0371			-15.7944			2.0000			-129.0000			53.0000			113.0000			
-60.8129			82.5721			-20.7672			0.9000			-126.0000			34.0000			127.0000			
-67.0012			85.9373			-18.5570			0.3000			-121.0000			19.0000			137.0000			
-74.3147			84.8156			-10.8216			-0.3000			-116.0000			5.0000			146.0000			
-78.8153			82.0112			-1.4285			1.7000			-111.0000			-8.0000			153.0000			
-81.6281			78.6459			4.0968			1.1000			-104.0000			-20.0000			156.0000			
-81.0656			75.2807			7.4120			1.6000			-97.0000			-33.0000			160.0000			
-75.4398			67.9892			7.4120			0.0000			-90.0000			-44.0000			166.0000			
-66.4386			56.2108			10.7272			0.4000			-81.0000			-61.0000			169.0000			
-59.6877			44.9933			15.1475			0.4000			-73.0000			-74.0000			172.0000			
-52.9369			30.9714			23.9880			2.0000			-62.0000			-89.0000			175.0000			
-54.6246			20.8756			35.0387			1.2000			-51.0000			-104.0000			175.0000			
-59.1252			17.5103			42.7742			1.1000			-38.0000			-121.0000			175.0000			
-64.7509			16.3886			50.5096			2.1000			-23.0000			-138.0000			174.0000			
-74.3147			18.0712			57.1400			0.8000			-8.0000			-156.0000			172.0000			
-78.8153			15.8277			65.4280			2.4000			3.0000			-169.0000			171.0000			
-82.7533			11.9015			72.6110			1.7000			13.0000			-180.0000			168.0000			
-83.8784			6.8536			77.0312			0.0000			21.0000			-189.0000			163.0000			
-82.1907			2.3666			80.8990			1.0000			29.0000			-195.0000			156.0000			
-79.9404			-0.4378			81.4515			1.0000			36.0000			-200.0000			151.0000			
-74.8772			-3.8030			79.7939			1.1000			42.0000			-203.0000			143.0000			
-65.3135			-8.2900			74.8211			1.2000			51.0000			-207.0000			135.0000			
-54.0620			-12.7771			67.6382			0.7000			59.0000			-212.0000			127.0000			
-43.9357			-16.1423			62.1128			2.0000			69.0000			-216.0000			117.0000			
-29.3087			-25.6772			56.5875			1.5000			77.0000			-217.0000			105.0000			
-20.3076			-38.0165			59.9027			1.5000			87.0000			-217.0000			92.0000			
-23.1204			-44.1862			67.0856			-0.2000			99.0000			-215.0000			75.0000			
-24.8081			-50.3558			77.0312			1.8000			108.0000			-213.0000			57.0000			
-25.9333			-57.6472			84.2142			0.6000			117.0000			-210.0000			42.0000			
-19.7450			-66.0604			86.9768			1.1000			123.0000			-207.0000			30.0000			
-12.4315			-74.4735			88.6344			1.7000			125.0000			-203.0000			18.0000			
-6.8058			-79.5214			87.5294			1.1000			128.0000			-198.0000			5.0000			
-2.3052			-81.2041			86.9768			3.4000			131.0000			-191.0000			-6.0000			
-0.6175			-81.7649			83.6616			1.2000			132.0000			-182.0000			-17.0000			
2.7580			-77.2779			77.0312			2.5000			134.0000			-176.0000			-28.0000			
7.2586			-72.7909			66.5331			1.0000			133.0000			-168.0000			-40.0000			
12.8843			-63.2560			52.7198			2.3000			133.0000			-157.0000			-54.0000			
19.0726			-57.0863			39.4590			1.4000			134.0000			-145.0000			-67.0000			
28.0738			-52.5993			26.7507			2.2000			132.0000			-131.0000			-81.0000			
39.3253			-58.2081			20.6728			1.7000			128.0000			-115.0000			-95.0000			
44.9510			-67.1821			23.4355			1.2000			124.0000			-95.0000			-112.0000			
50.5768			-76.7170			27.3032			1.1000			119.0000			-74.0000			-128.0000			
56.2025			-84.5693			30.0659			1.6000			116.0000			-56.0000			-140.0000			
64.6411			-85.1302			22.3304			1.8000			110.0000			-42.0000			-149.0000			
71.9546			-85.1302			14.5950			1.4000			106.0000			-28.0000			-157.0000			
78.1429			-81.2041			4.6494			1.5000			99.0000			-14.0000			-163.0000			
78.7055			-78.9606			0.2291			0.0000			93.0000			-2.0000			-168.0000			
78.7055			-75.0344			-1.4285			2.2000			86.0000			10.0000			-172.0000			
74.2049			-67.7430			-4.7437			1.7000			80.0000			23.0000			-178.0000			
65.2037			-55.9646			-8.0589			1.1000			71.0000			37.0000			-181.0000			
59.5780			-44.1862			-14.1368			1.2000			62.0000			53.0000			-185.0000			
53.3897			-27.3599			-22.9773			3.0000			54.0000			67.0000			-188.0000			
54.5148			-20.0685			-34.5805			-0.1000			42.0000			82.0000			-188.0000			
59.5780			-16.7032			-41.7634			1.1000			25.0000			99.0000			-187.0000			
66.8914			-20.0685			-47.2888			-0.4000			11.0000			117.0000			-186.0000			
77.5803			-22.3120			-53.9192			1.3000			-3.0000			132.0000			-185.0000			
82.0809			-19.5076			-62.7597			-0.1000			-13.0000			146.0000			-183.0000			
83.2061			-12.2162			-69.9426			1.0000			-23.0000			157.0000			-178.0000			
83.2061			-5.4857			-77.1256			0.5000			-33.0000			165.0000			-173.0000			
81.5184			-1.5595			-79.8882			0.0000			-39.0000			172.0000			-167.0000			
80.3932			0.1231			-79.8882			0.6000			-47.0000			176.0000			-162.0000			
75.8926			2.9275			-77.6781			1.1000			-54.0000			181.0000			-156.0000			
67.4540			7.9754			-73.8104			1.6000			-62.0000			185.0000			-149.0000			
53.9522			13.0233			-67.7325			-0.7000			-71.0000			191.0000			-140.0000			
44.9510			18.0712			-61.6546			1.3000			-80.0000			193.0000			-129.0000			
29.7615			27.6061			-56.6818			0.6000			-89.0000			195.0000			-118.0000			
19.0726			41.0671			-58.3394			1.7000			-97.0000			195.0000			-104.0000			
19.6352			47.2368			-66.6274			0.2000			-108.0000			192.0000			-87.0000			
21.3229			53.9673			-73.8104			1.4000			-120.0000			190.0000			-71.0000			
23.5732			60.6978			-83.2034			1.0000			-129.0000			187.0000			-56.0000			
20.1978			69.1110			-87.6237			1.6000			-134.0000			184.0000			-43.0000			
11.1966			78.0850			-88.7288			0.5000			-139.0000			179.0000			-30.0000			
5.0083			83.1329			-88.1762			0.0000			-141.0000			175.0000			-18.0000			
0.5077			85.3764			-85.9661			0.0000			-141.0000			168.0000			-7.0000			
-0.0549			83.6938			-84.3085			-0.6000			-143.0000			161.0000			5.0000			
-3.4303			80.3285			-78.2306			-1.3000			-144.0000			154.0000			16.0000			
-7.9309			74.1589			-67.7325			-1.5000			-144.0000			145.0000			27.0000			
-12.4315			64.6240			-53.3666			-1.1000			-144.0000			133.0000			41.0000			
-19.7450			57.8935			-40.1058			-1.9000			-145.0000			122.0000			55.0000			
-29.8713			53.9673			-25.7400			-1.6000			-142.0000			108.0000			65.0000			
-41.6854			55.6500			-15.2418			-1.2000			-138.0000			92.0000			79.0000			
-47.8737			62.9414			-13.5842			1.4000			-134.0000			71.0000			98.0000			
-54.6246			72.4763			-16.3469			1.5000			-130.0000			51.0000			114.0000			
-60.2503			81.4503			-21.8722			-0.6000			-126.0000			33.0000			127.0000			
-65.8761			83.6938			-19.1096			-1.3000			-121.0000			18.0000			139.0000			
-73.7521			83.1329			-10.8216			-1.4000			-116.0000			3.0000			146.0000			
-78.2527			80.3285			-1.4285			0.6000			-110.0000			-9.0000			152.0000			
-79.9404			76.9633			2.9918			0.0000			-104.0000			-21.0000			156.0000			
-79.9404			73.5980			5.7544			-0.5000			-98.0000			-33.0000			160.0000			
-74.8772			66.8675			7.9646			0.0000			-89.0000			-47.0000			166.0000			
-64.7509			55.0891			10.1747			0.5000			-82.0000			-60.0000			168.0000			
-59.6877			43.8715			14.5950			-1.2000			-72.0000			-75.0000			173.0000			
-52.9369			28.7279			22.8830			-1.3000			-63.0000			-89.0000			175.0000			
-54.6246			20.3147			34.4862			0.1000			-51.0000			-104.0000			175.0000			
-59.6877			16.9494			42.7742			0.0000			-37.0000			-121.0000			175.0000			
-65.8761			16.3886			49.9571			0.4000			-22.0000			-138.0000			174.0000			
-74.8772			18.0712			56.5875			-0.2000			-8.0000			-156.0000			171.0000			
-81.0656			15.2668			64.8755			-0.9000			4.0000			-170.0000			171.0000			
-82.1907			11.3407			72.0584			1.2000			11.0000			-180.0000			167.0000			
-83.3159			6.2928			77.0312			0.0000			21.0000			-190.0000			163.0000			
-83.3159			3.4884			80.3464			0.5000			28.0000			-195.0000			156.0000			
-81.0656			0.1231			80.3464			-0.6000			36.0000			-200.0000			150.0000			
-75.4398			-3.8030			79.7939			0.5000			43.0000			-203.0000			143.0000			
-65.3135			-9.4118			75.9262			1.2000			52.0000			-209.0000			136.0000			
-54.0620			-12.7771			67.6382			0.7000			61.0000			-213.0000			127.0000			
-43.3731			-17.2641			62.6654			2.0000			70.0000			-216.0000			118.0000			
-29.8713			-26.2381			56.0350			0.0000			78.0000			-218.0000			106.0000			
-20.3076			-38.0165			58.7976			0.4000			87.0000			-217.0000			92.0000			
-23.6830			-43.6253			67.0856			-0.2000			99.0000			-215.0000			76.0000			
-25.9333			-50.9167			76.4787			-0.3000			109.0000			-213.0000			58.0000			
-25.9333			-58.2081			83.6616			-0.4000			118.0000			-209.0000			42.0000			
-20.3076			-67.1821			88.6344			1.1000			123.0000			-208.0000			30.0000			
-12.4315			-76.1562			88.6344			0.0000			127.0000			-202.0000			18.0000			
-6.8058			-80.0823			87.5294			0.6000			130.0000			-197.0000			6.0000			
-3.4303			-82.3258			86.4243			0.6000			131.0000			-190.0000			-5.0000			
-0.6175			-81.7649			84.2142			1.8000			132.0000			-184.0000			-17.0000			
2.1954			-78.3997			78.1363			1.9000			134.0000			-176.0000			-29.0000			
7.8212			-71.6691			67.6382			3.7000			134.0000			-167.0000			-40.0000			
12.8843			-62.6951			52.7198			2.8000			134.0000			-156.0000			-54.0000			
19.6352			-57.6472			40.0115			2.0000			135.0000			-144.0000			-68.0000			
28.6364			-53.1602			27.3032			2.7000			133.0000			-131.0000			-80.0000			
39.3253			-58.2081			19.5678			0.6000			127.0000			-114.0000			-95.0000			
44.9510			-68.3039			23.4355			0.0000			125.0000			-93.0000			-112.0000			
51.1394			-77.8388			26.7507			0.0000			119.0000			-71.0000			-129.0000			
57.3277			-85.1302			29.5134			1.7000			114.0000			-55.0000			-140.0000			
65.2037			-86.2520			23.4355			2.3000			111.0000			-41.0000			-150.0000			
73.0798			-84.5693			14.0424			2.5000			106.0000			-27.0000			-157.0000			
78.1429			-81.2041			5.2019			2.1000			98.0000			-13.0000			-164.0000			
79.8306			-78.9606			-0.3234			0.5000			93.0000			-2.0000			-168.0000			
78.1429			-74.4735			-2.5336			1.1000			86.0000			11.0000			-173.0000			
74.2049			-66.6213			-5.2962			2.2000			79.0000			25.0000			-178.0000			
64.6411			-54.2820			-9.1640			1.1000			71.0000			38.0000			-182.0000			
60.1405			-43.0644			-14.6893			2.3000			61.0000			53.0000			-186.0000			
53.3897			-27.3599			-22.9773			3.0000			52.0000			69.0000			-189.0000			
54.5148			-18.3858			-34.5805			1.5000			40.0000			82.0000			-187.0000			
60.7031			-16.7032			-42.3160			1.6000			26.0000			99.0000			-187.0000			
68.5792			-19.5076			-47.2888			1.7000			10.0000			118.0000			-187.0000			
77.5803			-22.8728			-53.9192			0.7000			-5.0000			135.0000			-184.0000			
82.0809			-18.3858			-62.2072			1.4000			-14.0000			147.0000			-182.0000			
84.3312			-12.2162			-70.4952			1.6000			-24.0000			157.0000			-179.0000			
83.7687			-4.9248			-76.5730			2.2000			-33.0000			166.0000			-175.0000			
81.5184			-0.4378			-79.8882			1.1000			-41.0000			172.0000			-168.0000			
80.9558			-0.4378			-80.4408			0.0000			-48.0000			177.0000			-162.0000			
75.8926			3.4884			-78.7832			0.5000			-56.0000			181.0000			-155.0000			
66.8914			7.9754			-74.9154			0.0000			-63.0000			187.0000			-148.0000			
55.0774			13.5842			-67.7325			0.9000			-71.0000			191.0000			-140.0000			
43.8259			18.0712			-62.7597			-0.8000			-82.0000			194.0000			-129.0000			
29.7615			28.1670			-57.7869			0.1000			-89.0000			195.0000			-119.0000			
19.6352			41.6280			-58.8920			2.3000			-98.0000			194.0000			-105.0000			
20.1978			47.2368			-66.6274			0.8000			-110.0000			193.0000			-88.0000			
22.4481			54.5282			-76.0205			0.9000			-118.0000			190.0000			-69.0000			
23.0107			61.2587			-84.3085			0.0000			-129.0000			187.0000			-54.0000			
18.5101			70.2328			-88.1762			0.5000			-135.0000			184.0000			-42.0000			
11.7592			78.0850			-89.2813			0.5000			-138.0000			182.0000			-30.0000			
5.0083			84.2547			-88.7288			0.5000			-141.0000			175.0000			-17.0000			
0.5077			84.2547			-85.9661			-1.2000			-143.0000			168.0000			-5.0000			
0.5077			83.6938			-84.8610			-0.6000			-143.0000			159.0000			6.0000			
-3.9929			80.3285			-77.6781			-1.3000			-145.0000			153.0000			17.0000			
-8.4935			73.0371			-67.1800			-2.6000			-146.0000			143.0000			28.0000			
-12.4315			64.6240			-53.3666			-1.1000			-144.0000			133.0000			42.0000			
-19.7450			57.3326			-39.0008			-1.4000			-145.0000			121.0000			55.0000			
-30.9965			53.9673			-24.6349			-1.6000			-142.0000			106.0000			68.0000			
-42.2479			55.6500			-15.2418			-1.8000			-137.0000			90.0000			82.0000			
-48.9988			63.5022			-14.1368			0.3000			-133.0000			69.0000			99.0000			
-54.6246			73.5980			-18.0045			0.9000			-129.0000			48.0000			115.0000			
-59.6877			81.4503			-21.3197			0.4000			-127.0000			32.0000			128.0000			
-67.0012			84.2547			-18.0045			-0.7000			-122.0000			16.0000			139.0000			
-74.3147			83.1329			-11.3741			-2.5000			-116.0000			3.0000			146.0000			
-77.6901			79.2068			-1.4285			0.0000			-110.0000			-11.0000			151.0000			
-79.9404			76.4024			2.9918			-0.5000			-103.0000			-22.0000			157.0000			
-78.8153			72.4763			5.7544			-0.5000			-97.0000			-34.0000			161.0000			
-73.1895			65.7457			7.4120			0.0000			-90.0000			-48.0000			165.0000			
-63.6258			53.4064			10.1747			0.0000			-82.0000			-61.0000			168.0000			
-58.0000			42.1889			14.5950			-1.2000			-72.0000			-77.0000			173.0000			
-52.3743			27.6061			23.9880			-0.7000			-63.0000			-91.0000			176.0000			
-55.7497			19.7538			34.4862			-1.5000			-49.0000			-106.0000			175.0000			
-60.2503			17.5103			43.3267			0.5000			-36.0000			-122.0000			174.0000			
-67.5638			16.9494			50.5096			-0.1000			-21.0000			-141.0000			174.0000			
-74.8772			18.0712			57.6926			0.8000			-7.0000			-157.0000			172.0000			
-79.9404			15.2668			65.4280			0.7000			4.0000			-170.0000			169.0000			
-83.3159			11.3407			72.6110			0.6000			12.0000			-181.0000			166.0000			
-83.3159			5.7319			78.1363			0.5000			22.0000			-189.0000			163.0000			
-81.6281			1.8058			80.3464			0.5000			30.0000			-195.0000			157.0000			
-81.0656			-0.4378			80.8990			-0.6000			36.0000			-199.0000			151.0000			
-74.8772			-3.8030			79.2414			0.5000			44.0000			-204.0000			143.0000			
-64.1883			-9.4118			75.3736			1.7000			53.0000			-209.0000			135.0000			
-52.3743			-13.3379			67.6382			1.9000			61.0000			-212.0000			128.0000			
-41.1228			-17.2641			61.5603			3.1000			71.0000			-217.0000			118.0000			
-27.6210			-27.9207			56.0350			0.4000			78.0000			-218.0000			105.0000			
-20.3076			-39.1383			59.3502			-0.1000			88.0000			-217.0000			91.0000			
-23.6830			-43.6253			66.5331			-0.7000			99.0000			-215.0000			74.0000			
-25.9333			-50.3558			76.4787			0.1000			111.0000			-213.0000			56.0000			
-25.3707			-58.7690			83.6616			-0.4000			118.0000			-210.0000			41.0000			
-19.1824			-67.7430			86.9768			0.0000			123.0000			-207.0000			29.0000			
-11.3064			-75.5953			87.5294			0.6000			127.0000			-202.0000			17.0000			
-5.6806			-80.6432			86.9768			0.6000			128.0000			-197.0000			6.0000			
-3.4303			-81.7649			86.4243			1.2000			132.0000			-190.0000			-6.0000			
-0.6175			-82.3258			83.1091			0.1000			133.0000			-182.0000			-18.0000			
2.7580			-77.8388			77.0312			1.9000			134.0000			-175.0000			-29.0000			
8.3837			-71.1083			65.4280			2.6000			134.0000			-166.0000			-42.0000			
13.4469			-63.2560			52.1672			2.3000			134.0000			-155.0000			-52.0000			
20.7604			-55.9646			38.3539			3.1000			134.0000			-142.0000			-68.0000			
30.8867			-52.5993			24.5406			2.8000			131.0000			-129.0000			-81.0000			
39.8879			-59.3299			20.6728			1.2000			128.0000			-111.0000			-96.0000			
46.0762			-68.8648			23.4355			0.6000			124.0000			-91.0000			-111.0000			
51.1394			-78.3997			27.3032			0.0000			119.0000			-70.0000			-129.0000			
57.8903			-84.0084			28.4083			2.2000			114.0000			-54.0000			-140.0000			
65.7663			-85.1302			21.7779			2.4000			111.0000			-40.0000			-150.0000			
73.0798			-84.0084			12.9374			2.0000			104.0000			-27.0000			-157.0000			
77.0178			-80.6432			4.6494			1.0000			99.0000			-12.0000			-163.0000			
79.2681			-77.8388			-0.8760			0.5000			92.0000			-1.0000			-168.0000			
77.0178			-73.9127			-2.5336			0.5000			85.0000			12.0000			-173.0000			
73.0798			-65.4995			-5.2962			2.2000			77.0000			25.0000			-178.0000			
63.5160			-52.0385			-9.1640			2.3000			69.0000			39.0000			-181.0000			
59.0154			-40.8209			-15.2418			2.9000			61.0000			55.0000			-186.0000			
51.7019			-27.3599			-23.5298			0.8000			50.0000			69.0000			-188.0000			
55.0774			-19.5076			-34.5805			0.9000			40.0000			84.0000			-187.0000			
60.7031			-18.3858			-42.3160			0.0000			24.0000			100.0000			-188.0000			
68.5792			-21.1902			-47.2888			0.1000			9.0000			119.0000			-187.0000			
77.0178			-22.3120			-53.9192			0.7000			-6.0000			134.0000			-184.0000			
80.9558			-16.7032			-62.7597			1.4000			-15.0000			147.0000			-182.0000			
83.2061			-11.6553			-70.4952			1.0000			-24.0000			158.0000			-178.0000			
82.6435			-4.9248			-76.0205			1.6000			-33.0000			166.0000			-174.0000			
81.5184			-1.5595			-79.3357			0.6000			-41.0000			173.0000			-168.0000			
80.3932			-0.9986			-79.3357			0.0000			-49.0000			177.0000			-161.0000			
75.3301			3.4884			-78.7832			0.0000			-55.0000			182.0000			-155.0000			
65.2037			8.5363			-74.3629			-0.6000			-64.0000			187.0000			-148.0000			
53.3897			14.7059			-67.7325			0.3000			-73.0000			191.0000			-139.0000			
42.1382			18.6321			-62.7597			-1.9000			-81.0000			195.0000			-129.0000			
29.7615			29.8496			-57.7869			1.8000			-91.0000			194.0000			-118.0000			
18.5101			42.1889			-60.5496			0.1000			-98.0000			195.0000			-104.0000			
21.3229			47.2368			-67.7325			0.8000			-110.0000			192.0000			-86.0000			
22.4481			54.5282			-76.5730			0.4000			-121.0000			189.0000			-69.0000			
23.5732			62.3805			-84.8610			1.0000			-129.0000			188.0000			-54.0000			
18.5101			70.7936			-88.1762			1.1000			-134.0000			185.0000			-41.0000			
10.0714			78.6459			-89.8338			-1.1000			-139.0000			181.0000			-28.0000			
5.5709			82.0112			-89.2813			-1.7000			-142.0000			174.0000			-16.0000			
1.6328			84.2547			-85.4136			0.4000			-143.0000			167.0000			-5.0000			
-1.1800			83.6938			-83.7560			-1.2000			-143.0000			161.0000			7.0000			
-4.5555			80.3285			-77.6781			-1.9000			-145.0000			152.0000			17.0000			
-7.3683			72.4763			-65.5224			-0.4000			-145.0000			143.0000			29.0000			
-12.9941			64.0631			-52.8141			-1.7000			-145.0000			132.0000			44.0000			
-20.3076			56.2108			-37.8957			-1.9000			-145.0000			120.0000			57.0000			
-33.2468			54.5282			-22.9773			-1.6000			-142.0000			106.0000			69.0000			
-42.2479			56.2108			-15.2418			-1.2000			-137.0000			88.0000			82.0000			
-48.9988			64.0631			-14.6893			0.3000			-133.0000			68.0000			101.0000			
-54.6246			74.7198			-18.5570			1.5000			-129.0000			48.0000			115.0000			
-60.2503			82.5721			-21.8722			0.4000			-126.0000			31.0000			129.0000			
-67.5638			84.2547			-17.4520			-0.7000			-122.0000			16.0000			139.0000			
-74.3147			83.1329			-9.7165			-0.8000			-117.0000			3.0000			148.0000			
-78.8153			78.6459			-1.4285			-1.6000			-109.0000			-11.0000			152.0000			
-80.5030			76.9633			3.5443			0.0000			-104.0000			-23.0000			157.0000			
-79.3778			73.0371			4.6494			-1.6000			-95.0000			-34.0000			162.0000			
-73.1895			65.1849			7.9646			0.0000			-90.0000			-47.0000			166.0000			
-63.0632			52.2847			9.6222			-1.1000			-81.0000			-62.0000			171.0000			
-58.5626			41.6280			15.1475			-1.7000			-71.0000			-77.0000			173.0000			
-52.3743			26.4843			25.0931			-0.7000			-62.0000			-91.0000			175.0000			
-55.1872			19.7538			35.5912			0.1000			-49.0000			-106.0000			176.0000			
-60.8129			16.9494			42.7742			-1.0000			-36.0000			-123.0000			175.0000			
-67.5638			17.5103			49.9571			0.0000			-19.0000			-142.0000			173.0000			
-76.5650			17.5103			57.1400			-1.9000			-6.0000			-158.0000			172.0000			
-80.5030			15.2668			65.4280			0.1000			5.0000			-171.0000			170.0000			
-82.7533			10.7798			72.6110			0.6000			13.0000			-182.0000			167.0000			
-82.7533			5.7319			77.5838			0.5000			21.0000			-190.0000			163.0000			
-81.6281			2.3666			79.2414			0.0000			30.0000			-195.0000			156.0000			
-80.5030			0.1231			79.7939			-0.5000			37.0000			-200.0000			150.0000			
-73.7521			-4.3639			78.6888			0.5000			44.0000			-203.0000			143.0000			
-63.6258			-9.4118			74.2686			1.2000			52.0000			-208.0000			135.0000			
-50.6866			-13.3379			65.9806			1.9000			62.0000			-212.0000			126.0000			
-40.5602			-18.3858			60.4552			1.5000			71.0000			-216.0000			117.0000			
-26.4959			-28.4816			54.9299			0.0000			78.0000			-217.0000			105.0000			
-20.3076			-38.5774			58.7976			0.0000			89.0000			-216.0000			91.0000			
-23.6830			-43.6253			68.1907			0.8000			102.0000			-215.0000			73.0000			
-25.3707			-51.4776			76.4787			-0.3000			110.0000			-213.0000			56.0000			
-24.8081			-58.7690			83.6616			0.0000			119.0000			-209.0000			42.0000			
-18.6198			-68.8648			86.9768			-0.5000			123.0000			-207.0000			29.0000			
-10.7438			-76.1562			88.0819			1.1000			127.0000			-202.0000			16.0000			
-6.8058			-80.6432			87.5294			0.0000			130.0000			-197.0000			4.0000			
-3.4303			-81.2041			85.3192			0.6000			131.0000			-189.0000			-8.0000			
-0.6175			-81.2041			82.5566			0.7000			132.0000			-181.0000			-19.0000			
3.3206			-78.3997			75.3736			0.2000			133.0000			-174.0000			-29.0000			
8.9463			-69.9865			63.7704			2.7000			134.0000			-165.0000			-42.0000			
13.4469			-61.0125			49.4046			1.8000			134.0000			-153.0000			-56.0000			
21.3229			-54.8428			36.1438			2.6000			133.0000			-143.0000			-70.0000			
31.4493			-52.5993			23.4355			2.2000			131.0000			-129.0000			-81.0000			
39.8879			-59.8907			20.6728			0.6000			127.0000			-109.0000			-98.0000			
46.0762			-69.9865			24.5406			0.6000			123.0000			-89.0000			-115.0000			
52.2645			-78.9606			27.3032			0.6000			119.0000			-69.0000			-130.0000			
59.0154			-84.5693			27.8558			2.3000			115.0000			-53.0000			-142.0000			
67.4540			-85.6911			20.6728			2.4000			109.0000			-38.0000			-151.0000			
74.7675			-84.5693			11.8323			2.0000			103.0000			-25.0000			-158.0000			
78.1429			-81.7649			4.0968			0.4000			97.0000			-13.0000			-164.0000			
79.8306			-78.9606			-0.3234			0.5000			91.0000			-1.0000			-169.0000			
78.7055			-74.4735			-3.0861			1.1000			85.0000			12.0000			-173.0000			
73.0798			-64.9386			-5.8488			2.2000			78.0000			26.0000			-177.0000			
63.5160			-52.0385			-10.2690			1.2000			69.0000			40.0000			-181.0000			
59.5780			-40.2600			-15.7944			3.5000			60.0000			55.0000			-187.0000			
52.8271			-25.6772			-24.6349			2.5000			50.0000			69.0000			-188.0000			
55.6400			-19.5076			-35.1330			0.9000			36.0000			84.0000			-188.0000			
60.7031			-17.8249			-43.4210			-0.5000			22.0000			103.0000			-188.0000			
70.2669			-19.5076			-48.3938			2.3000			8.0000			120.0000			-186.0000			
78.1429			-22.3120			-54.4717			1.3000			-6.0000			135.0000			-183.0000			
82.0809			-17.2641			-63.3122			1.4000			-16.0000			148.0000			-181.0000			
84.3312			-12.7771			-71.0477			0.5000			-25.0000			159.0000			-177.0000			
82.6435			-4.9248			-77.1256			0.5000			-34.0000			167.0000			-174.0000			
80.9558			-1.5595			-79.3357			0.0000			-41.0000			172.0000			-168.0000			
80.3932			-1.5595			-79.8882			-1.0000			-49.0000			176.0000			-161.0000			
75.3301			2.9275			-77.6781			0.5000			-56.0000			183.0000			-155.0000			
63.5160			9.0972			-73.8104			-1.1000			-65.0000			187.0000			-147.0000			
53.3897			14.1450			-67.1800			0.3000			-73.0000			191.0000			-138.0000			
41.0130			18.0712			-60.5496			-1.4000			-83.0000			195.0000			-128.0000			
29.1990			30.4105			-57.2344			2.3000			-91.0000			196.0000			-117.0000			
19.0726			42.1889			-59.9970			1.2000			-100.0000			195.0000			-102.0000			
20.1978			48.3585			-68.2850			0.2000			-111.0000			191.0000			-85.0000			
22.4481			54.5282			-77.1256			-0.1000			-122.0000			189.0000			-66.0000			
23.0107			62.3805			-84.8610			0.5000			-130.0000			188.0000			-52.0000			
17.9475			70.7936			-88.1762			0.5000			-134.0000			184.0000			-40.0000			
11.1966			78.6459			-89.2813			0.5000			-139.0000			180.0000			-29.0000			
5.0083			82.0112			-87.6237			-0.6000			-141.0000			175.0000			-15.0000			
0.5077			83.1329			-85.9661			-2.3000			-142.0000			167.0000			-4.0000			
-0.6175			83.6938			-83.2034			-0.1000			-145.0000			160.0000			6.0000			
-4.5555			78.6459			-76.0205			-1.9000			-143.0000			152.0000			17.0000			
-7.9309			71.3545			-64.9698			-1.5000			-145.0000			143.0000			29.0000			
-12.9941			64.6240			-53.3666			-1.7000			-145.0000			132.0000			45.0000			
-21.4327			55.0891			-35.6856			-2.0000			-145.0000			120.0000			57.0000			
-32.6842			53.4064			-22.9773			-2.2000			-142.0000			106.0000			69.0000			
-42.2479			56.2108			-14.1368			-0.1000			-137.0000			89.0000			84.0000			
-50.1240			64.6240			-15.2418			-0.7000			-134.0000			69.0000			100.0000			
-54.6246			74.7198			-20.2146			-0.1000			-129.0000			48.0000			117.0000			
-60.2503			82.0112			-21.8722			-0.1000			-126.0000			32.0000			130.0000			
-67.5638			84.2547			-17.4520			-0.7000			-121.0000			17.0000			140.0000			
-74.3147			82.5721			-9.1640			-0.9000			-116.0000			3.0000			146.0000			
-77.6901			78.6459			-1.9810			-1.0000			-109.0000			-9.0000			152.0000			
-79.3778			75.8415			2.9918			-0.5000			-103.0000			-22.0000			156.0000			
-77.1275			70.7936			5.2019			-1.1000			-97.0000			-35.0000			161.0000			
-71.5018			64.0631			6.8595			-0.5000			-89.0000			-47.0000			167.0000			
-63.0632			52.2847			9.0696			-1.7000			-80.0000			-62.0000			169.0000			
-56.3123			39.3845			15.1475			-1.7000			-70.0000			-77.0000			173.0000			
-51.2491			26.4843			23.9880			-0.7000			-61.0000			-91.0000			175.0000			
-54.6246			19.7538			34.4862			-0.3000			-47.0000			-107.0000			175.0000			
-59.1252			15.8277			43.3267			0.0000			-33.0000			-123.0000			175.0000			
-67.0012			16.9494			48.2995			-1.7000			-18.0000			-141.0000			173.0000			
-75.4398			18.0712			56.0350			-1.3000			-5.0000			-158.0000			172.0000			
-79.9404			15.2668			64.3230			-0.3000			5.0000			-172.0000			169.0000			
-82.1907			10.2189			71.5059			-0.4000			14.0000			-182.0000			166.0000			
-81.0656			5.1710			75.9262			0.0000			23.0000			-190.0000			162.0000			
-80.5030			1.8058			77.5838			-1.1000			31.0000			-196.0000			156.0000			
-78.8153			-0.4378			78.6888			-0.5000			37.0000			-199.0000			149.0000			
-72.0644			-4.3639			77.0312			0.6000			45.0000			-204.0000			142.0000			
-61.3755			-9.4118			71.5059			0.7000			54.0000			-208.0000			135.0000			
-51.8117			-12.7771			66.5331			1.9000			63.0000			-212.0000			126.0000			
-37.1848			-18.9467			58.2451			2.1000			72.0000			-215.0000			115.0000			
-25.3707			-29.0425			55.4824			1.0000			80.0000			-217.0000			105.0000			
-20.8701			-39.6992			58.7976			-1.7000			90.0000			-216.0000			89.0000			
-23.6830			-42.5035			67.6382			1.4000			101.0000			-214.0000			73.0000			
-24.8081			-50.9167			75.9262			0.1000			112.0000			-211.0000			55.0000			
-24.8081			-58.7690			83.1091			-0.4000			118.0000			-210.0000			39.0000			
-16.9321			-68.3039			85.3192			0.0000			123.0000			-206.0000			27.0000			
-9.6186			-76.1562			86.4243			0.6000			127.0000			-202.0000			15.0000			
-5.1181			-80.0823			85.8718			0.6000			130.0000			-195.0000			3.0000			
-3.4303			-80.0823			84.2142			0.7000			132.0000			-187.0000			-8.0000			
-0.6175			-80.0823			82.0040			1.3000			133.0000			-181.0000			-20.0000			
3.8831			-76.7170			73.7160			0.8000			134.0000			-173.0000			-31.0000			
9.5089			-68.8648			62.1128			2.7000			134.0000			-164.0000			-43.0000			
14.0095			-62.6951			49.4046			0.7000			134.0000			-153.0000			-57.0000			
21.8855			-54.2820			34.4862			2.0000			134.0000			-142.0000			-71.0000			
31.4493			-53.1602			23.4355			1.7000			131.0000			-128.0000			-83.0000			
40.4505			-59.3299			19.5678			0.6000			126.0000			-109.0000			-97.0000			
46.6388			-70.5474			23.9880			0.0000			122.0000			-88.0000			-115.0000			
53.9522			-80.0823			27.8558			1.7000			119.0000			-69.0000			-130.0000			
59.5780			-85.6911			27.3032			1.1000			114.0000			-52.0000			-143.0000			
67.4540			-85.6911			20.6728			2.4000			110.0000			-39.0000			-152.0000			
75.3301			-84.5693			10.1747			0.9000			103.0000			-24.0000			-159.0000			
78.7055			-81.2041			3.5443			1.0000			97.0000			-12.0000			-164.0000			
79.8306			-79.5214			0.2291			0.5000			91.0000			-1.0000			-170.0000			
77.5803			-73.9127			-2.5336			1.1000			85.0000			13.0000			-173.0000			
73.6423			-64.9386			-6.9538			1.7000			78.0000			27.0000			-179.0000			
63.5160			-51.4776			-10.2690			1.7000			69.0000			41.0000			-181.0000			
58.4528			-38.5774			-16.3469			3.5000			60.0000			55.0000			-186.0000			
51.7019			-25.1164			-25.1874			1.3000			51.0000			70.0000			-189.0000			
55.0774			-19.5076			-36.2381			-0.6000			37.0000			86.0000			-188.0000			
61.2657			-17.8249			-42.8685			0.5000			22.0000			103.0000			-188.0000			
69.7043			-21.1902			-47.8413			0.6000			7.0000			122.0000			-188.0000			
77.5803			-22.3120			-54.4717			0.7000			-6.0000			137.0000			-184.0000			
81.5184			-17.8249			-63.3122			0.3000			-17.0000			148.0000			-182.0000			
82.6435			-11.6553			-71.6002			-0.6000			-26.0000			160.0000			-179.0000			
81.5184			-4.3639			-76.5730			0.5000			-34.0000			166.0000			-174.0000			
80.3932			-2.1204			-78.2306			0.0000			-42.0000			174.0000			-168.0000			
79.2681			-0.4378			-78.7832			0.0000			-49.0000			179.0000			-162.0000			
73.0798			3.4884			-78.2306			-1.6000			-56.0000			183.0000			-155.0000			
62.3908			9.0972			-72.1528			-0.6000			-65.0000			188.0000			-147.0000			
51.7019			14.1450			-65.5224			0.3000			-74.0000			190.0000			-139.0000			
39.8879			20.3147			-60.5496			-0.3000			-84.0000			195.0000			-128.0000			
26.3861			30.4105			-56.6818			0.1000			-91.0000			194.0000			-117.0000			
17.9475			42.7498			-60.5496			0.1000			-101.0000			194.0000			-102.0000			
20.7604			48.3585			-68.2850			0.8000			-111.0000			193.0000			-85.0000			
