-29.4360			12.9454			15.0508			-1.4000			-376.0000			-133.0000			310.0000			
-23.4343			11.2649			12.2189			0.0000			-364.0000			-141.0000			308.0000			
-20.7063			9.5844			10.5197			-0.6000			-350.0000			-147.0000			301.0000			
-23.9799			7.3437			14.4845			-2.1000			-335.0000			-154.0000			293.0000			
-26.7080			6.2234			20.1484			-0.3000			-315.0000			-159.0000			281.0000			
-26.1624			5.1030			22.4139			1.3000			-293.0000			-164.0000			269.0000			
-22.3431			1.7420			20.1484			-0.4000			-273.0000			-169.0000			255.0000			
-20.7063			0.0615			19.0156			-1.6000			-250.0000			-174.0000			244.0000			
-21.2519			0.0615			19.5820			-1.6000			-223.0000			-178.0000			227.0000			
-19.0695			-2.7394			21.2812			-0.5000			-195.0000			-182.0000			208.0000			
-19.6151			-3.2995			21.8476			-1.0000			-164.0000			-186.0000			188.0000			
-16.8871			-4.9800			21.2812			-0.5000			-133.0000			-188.0000			169.0000			
-13.0679			-10.5817			24.1131			0.4000			-99.0000			-189.0000			148.0000			
-14.7047			-13.9428			29.7771			1.1000			-66.0000			-189.0000			124.0000			
-15.7959			-8.9012			25.2459			0.5000			-34.0000			-189.0000			105.0000			
-10.8855			-8.9012			20.1484			0.3000			-6.0000			-185.0000			87.0000			
-9.2486			-13.3826			22.9803			0.3000			23.0000			-180.0000			66.0000			
-10.3399			-14.5029			25.2459			0.3000			52.0000			-175.0000			44.0000			
-6.5206			-16.7436			22.9803			-0.2000			81.0000			-166.0000			21.0000			
-3.2470			-18.9843			21.8476			-0.3000			110.0000			-161.0000			-2.0000			
-1.6102			-17.8640			19.5820			0.1000			140.0000			-155.0000			-26.0000			
-0.5190			-18.9843			19.0156			-0.4000			166.0000			-145.0000			-51.0000			
2.2090			-19.5445			16.7500			-0.5000			193.0000			-133.0000			-75.0000			
3.8458			-22.3453			18.4492			0.0000			219.0000			-121.0000			-103.0000			
4.3914			-21.7851			17.3164			0.0000			242.0000			-109.0000			-127.0000			
9.8475			-22.3453			12.7853			0.2000			267.0000			-98.0000			-152.0000			
14.2123			-26.2665			12.7853			0.7000			291.0000			-85.0000			-175.0000			
12.0299			-24.5860			13.3517			0.7000			310.0000			-73.0000			-197.0000			
12.5755			-22.9055			11.0861			0.7000			329.0000			-66.0000			-214.0000			
14.2123			-23.4657			8.8205			-0.4000			345.0000			-55.0000			-227.0000			
19.1227			-27.9470			8.8205			0.0000			358.0000			-43.0000			-240.0000			
17.4859			-24.0258			6.5550			0.0000			368.0000			-30.0000			-255.0000			
18.5771			-21.7851			5.4222			2.2000			374.0000			-14.0000			-266.0000			
19.6683			-23.4657			5.4222			1.6000			382.0000			-2.0000			-278.0000			
22.3964			-22.9055			2.0238			1.5000			388.0000			9.0000			-289.0000			
22.3964			-21.2250			-0.8081			0.3000			391.0000			23.0000			-300.0000			
20.7596			-15.0631			-3.6401			2.0000			390.0000			39.0000			-307.0000			
22.3964			-16.1834			-5.3393			0.8000			385.0000			54.0000			-315.0000			
24.0332			-17.3038			-6.4721			0.2000			378.0000			69.0000			-321.0000			
24.5788			-13.9428			-9.3040			1.3000			371.0000			82.0000			-327.0000			
29.4892			-14.5029			-14.4016			0.5000			359.0000			95.0000			-329.0000			
27.3068			-12.8224			-15.5344			-1.0000			348.0000			105.0000			-330.0000			
21.8508			-10.5817			-10.4368			0.8000			337.0000			113.0000			-327.0000			
24.5788			-10.5817			-12.7024			1.2000			324.0000			119.0000			-322.0000			
24.0332			-7.2207			-16.1007			0.7000			307.0000			126.0000			-314.0000			
22.9420			-6.1004			-17.2335			-0.3000			288.0000			131.0000			-301.0000			
24.0332			-5.5402			-17.2335			1.2000			266.0000			138.0000			-289.0000			
24.5788			-3.2995			-20.0655			1.2000			247.0000			142.0000			-278.0000			
23.4876			-1.6190			-21.1983			0.6000			222.0000			148.0000			-264.0000			
20.2139			-0.4987			-20.0655			-0.3000			196.0000			153.0000			-248.0000			
19.1227			0.6217			-20.6319			-0.8000			167.0000			155.0000			-230.0000			
20.2139			1.1818			-21.1983			0.1000			135.0000			158.0000			-209.0000			
17.4859			5.6632			-22.8975			0.2000			105.0000			161.0000			-189.0000			
14.7579			11.2649			-26.2958			-0.2000			71.0000			165.0000			-168.0000			
15.8491			12.9454			-27.9950			0.7000			39.0000			163.0000			-145.0000			
14.7579			9.5844			-24.0302			0.3000			6.0000			164.0000			-127.0000			
10.9387			10.7047			-21.1983			0.4000			-22.0000			161.0000			-109.0000			
10.3931			14.0657			-22.8975			1.5000			-51.0000			155.0000			-85.0000			
11.4843			16.8666			-27.9950			0.3000			-81.0000			149.0000			-64.0000			
7.1195			19.6674			-26.8622			0.0000			-110.0000			141.0000			-41.0000			
3.8458			19.1073			-23.4638			-0.5000			-138.0000			135.0000			-17.0000			
2.2090			17.9869			-20.6319			-0.4000			-166.0000			128.0000			6.0000			
0.5722			18.5471			-18.3663			0.7000			-193.0000			118.0000			29.0000			
-5.4294			21.9081			-16.1007			0.3000			-218.0000			106.0000			55.0000			
-4.3382			20.7878			-16.6671			-0.2000			-243.0000			93.0000			81.0000			
-4.8838			20.7878			-16.1007			-0.1000			-268.0000			81.0000			109.0000			
-8.7030			23.0285			-14.4016			0.0000			-292.0000			70.0000			133.0000			
-14.7047			28.0700			-12.7024			0.6000			-316.0000			58.0000			156.0000			
-14.7047			26.9496			-12.7024			-0.4000			-337.0000			47.0000			176.0000			
-11.4311			20.7878			-9.8704			-0.5000			-355.0000			38.0000			193.0000			
-13.6135			22.4683			-9.8704			-1.0000			-371.0000			27.0000			207.0000			
-18.5239			26.3895			-9.3040			-1.4000			-383.0000			15.0000			219.0000			
-17.4327			23.5886			-5.9057			0.2000			-393.0000			2.0000			232.0000			
-20.1607			23.0285			-4.7729			-1.9000			-401.0000			-13.0000			244.0000			
-20.7063			22.4683			-3.0737			-1.3000			-407.0000			-27.0000			256.0000			
-22.8887			24.7090			-3.0737			-1.2000			-413.0000			-39.0000			268.0000			
-19.0695			18.5471			-0.2418			-0.7000			-416.0000			-52.0000			278.0000			
-20.7063			17.4268			3.1566			-0.1000			-416.0000			-67.0000			287.0000			
-24.5255			19.1073			5.4222			0.0000			-410.0000			-83.0000			295.0000			
-24.5255			17.4268			5.9886			-1.1000			-404.0000			-98.0000			303.0000			
-23.4343			11.8251			10.5197			-1.0000			-396.0000			-112.0000			306.0000			
-29.9816			11.8251			16.1836			-1.9000			-386.0000			-126.0000			312.0000			
-28.8904			12.3852			15.6172			-0.8000			-375.0000			-136.0000			311.0000			
-22.3431			10.7047			12.2189			0.5000			-363.0000			-143.0000			309.0000			
-21.7975			7.9039			11.0861			-2.8000			-349.0000			-148.0000			304.0000			
-26.1624			7.3437			16.1836			-2.6000			-333.0000			-153.0000			294.0000			
-27.7992			6.2234			21.8476			0.2000			-313.0000			-159.0000			281.0000			
-26.7080			5.1030			22.9803			1.3000			-291.0000			-164.0000			268.0000			
-22.3431			1.7420			20.1484			-0.4000			-271.0000			-169.0000			255.0000			
-21.2519			0.6217			19.5820			-1.0000			-247.0000			-174.0000			243.0000			
-21.2519			0.0615			20.1484			-1.0000			-221.0000			-178.0000			225.0000			
-17.9783			-3.2995			21.2812			0.0000			-193.0000			-183.0000			206.0000			
-19.0695			-3.8597			20.7148			-2.2000			-161.0000			-186.0000			186.0000			
-16.8871			-6.1004			22.4139			-0.5000			-129.0000			-189.0000			167.0000			
-13.6135			-12.8224			25.2459			-1.1000			-95.0000			-192.0000			145.0000			
-14.7047			-13.3826			28.6443			0.5000			-61.0000			-193.0000			124.0000			
-15.7959			-9.4614			24.1131			-1.1000			-31.0000			-191.0000			106.0000			
-10.8855			-10.5817			21.2812			-0.1000			-1.0000			-188.0000			86.0000			
-9.2486			-14.5029			24.1131			0.3000			29.0000			-182.0000			65.0000			
-9.2486			-16.1834			25.8123			0.3000			59.0000			-176.0000			42.0000			
-5.4294			-17.3038			22.9803			0.2000			86.0000			-168.0000			17.0000			
-2.7014			-19.5445			22.4139			0.1000			116.0000			-161.0000			-5.0000			
-1.6102			-18.4241			19.5820			-0.4000			143.0000			-153.0000			-28.0000			
-1.0646			-18.4241			20.1484			0.6000			171.0000			-143.0000			-53.0000			
4.3914			-20.1046			16.1836			0.4000			196.0000			-131.0000			-79.0000			
3.8458			-21.2250			17.8828			0.4000			220.0000			-118.0000			-106.0000			
3.8458			-21.7851			17.3164			-0.6000			243.0000			-107.0000			-131.0000			
9.8475			-23.4657			13.3517			-0.2000			269.0000			-96.0000			-155.0000			
14.2123			-25.7063			12.2189			0.7000			292.0000			-85.0000			-178.0000			
13.1211			-24.5860			12.7853			1.3000			313.0000			-74.0000			-200.0000			
12.5755			-23.4657			10.5197			-0.3000			332.0000			-65.0000			-216.0000			
13.6667			-24.5860			9.9533			-0.9000			348.0000			-55.0000			-229.0000			
19.1227			-27.3868			8.8205			0.5000			360.0000			-42.0000			-244.0000			
16.9403			-22.3453			5.9886			0.5000			370.0000			-28.0000			-255.0000			
19.1227			-22.3453			5.4222			2.1000			378.0000			-13.0000			-269.0000			
21.3052			-24.5860			4.8558			1.5000			384.0000			-1.0000			-281.0000			
23.4876			-24.0258			1.4574			0.9000			390.0000			12.0000			-291.0000			
21.8508			-19.5445			-1.9409			0.3000			392.0000			25.0000			-301.0000			
21.3052			-15.0631			-5.3393			0.9000			390.0000			42.0000			-309.0000			
24.5788			-18.4241			-5.3393			0.8000			385.0000			58.0000			-317.0000			
25.6700			-17.3038			-5.9057			2.4000			377.0000			72.0000			-322.0000			
25.1244			-13.3826			-11.5696			0.1000			368.0000			86.0000			-328.0000			
30.0348			-15.0631			-16.1007			-1.1000			358.0000			98.0000			-331.0000			
25.6700			-12.8224			-13.8352			-0.9000			347.0000			109.0000			-331.0000			
22.3964			-10.5817			-10.4368			1.3000			336.0000			115.0000			-329.0000			
25.6700			-10.0216			-14.9680			0.6000			323.0000			120.0000			-323.0000			
25.6700			-6.6606			-17.2335			1.7000			306.0000			127.0000			-313.0000			
23.4876			-5.5402			-17.2335			0.7000			286.0000			132.0000			-301.0000			
25.6700			-6.1004			-17.7999			1.7000			267.0000			137.0000			-289.0000			
25.6700			-3.8597			-20.6319			1.1000			244.0000			142.0000			-276.0000			
21.3052			-1.0589			-20.6319			-0.3000			220.0000			149.0000			-261.0000			
19.1227			0.6217			-18.9327			0.8000			193.0000			152.0000			-245.0000			
19.1227			1.7420			-19.4991			1.3000			164.0000			156.0000			-225.0000			
21.3052			2.3022			-22.3311			1.2000			132.0000			158.0000			-204.0000			
18.0315			8.4640			-25.1630			1.3000			100.0000			163.0000			-185.0000			
14.2123			11.8251			-25.7294			0.3000			67.0000			164.0000			-165.0000			
15.8491			11.8251			-26.8622			0.7000			33.0000			165.0000			-143.0000			
15.3035			7.9039			-21.7647			1.4000			1.0000			164.0000			-125.0000			
11.4843			11.8251			-21.1983			2.1000			-27.0000			162.0000			-107.0000			
10.9387			14.6259			-25.7294			-0.1000			-56.0000			155.0000			-85.0000			
9.8475			17.4268			-28.5614			-1.2000			-84.0000			148.0000			-63.0000			
6.0283			18.5471			-24.5966			0.0000			-111.0000			140.0000			-37.0000			
4.3914			17.4268			-22.3311			-0.5000			-140.0000			132.0000			-13.0000			
2.7546			17.4268			-20.6319			-0.4000			-169.0000			125.0000			8.0000			
-1.0646			19.6674			-19.4991			-0.8000			-194.0000			114.0000			33.0000			
-3.2470			19.6674			-16.1007			0.3000			-221.0000			103.0000			60.0000			
-3.7926			20.2276			-17.2335			-0.8000			-246.0000			90.0000			87.0000			
-4.8838			23.5886			-18.9327			-0.2000			-271.0000			78.0000			113.0000			
-9.2486			24.1488			-15.5344			-0.6000			-296.0000			67.0000			136.0000			
-14.7047			26.3895			-12.1360			-0.4000			-319.0000			55.0000			160.0000			
-13.0679			24.1488			-12.1360			-1.0000			-339.0000			46.0000			180.0000			
-10.3399			20.7878			-10.4368			0.0000			-359.0000			36.0000			197.0000			
-14.1591			23.0285			-9.3040			-0.4000			-373.0000			26.0000			209.0000			
-17.4327			25.2691			-8.7376			-0.9000			-385.0000			13.0000			222.0000			
-17.4327			21.3479			-4.7729			-0.8000			-394.0000			-2.0000			234.0000			
-19.0695			23.5886			-5.3393			-0.8000			-402.0000			-15.0000			247.0000			
-20.1607			23.5886			-5.3393			-1.9000			-408.0000			-27.0000			259.0000			
-19.0695			20.7878			-3.0737			-1.3000			-414.0000			-41.0000			268.0000			
-19.0695			15.7462			1.4574			-1.8000			-416.0000			-54.0000			279.0000			
-22.3431			17.4268			4.2894			-0.6000			-413.0000			-72.0000			289.0000			
-23.9799			18.5471			4.2894			-1.1000			-410.0000			-86.0000			298.0000			
-21.2519			14.6259			7.1213			0.4000			-403.0000			-100.0000			303.0000			
-25.6168			12.3852			12.2189			-1.0000			-394.0000			-115.0000			308.0000			
-31.0728			14.0657			15.6172			-1.3000			-384.0000			-127.0000			310.0000			
-26.7080			11.2649			13.9181			-1.5000			-374.0000			-135.0000			311.0000			
-19.6151			10.1445			9.3869			0.0000			-362.0000			-142.0000			308.0000			
-25.0712			10.1445			12.2189			-2.7000			-348.0000			-149.0000			302.0000			
-28.8904			7.9039			20.7148			-0.2000			-331.0000			-154.0000			292.0000			
-26.1624			5.1030			21.8476			0.7000			-311.0000			-160.0000			280.0000			
-23.9799			4.5428			19.5820			0.1000			-290.0000			-165.0000			266.0000			
-23.4343			2.3022			19.0156			-2.1000			-269.0000			-169.0000			254.0000			
-22.8887			1.1818			20.1484			-1.5000			-246.0000			-173.0000			239.0000			
-21.2519			0.0615			20.1484			-1.0000			-218.0000			-177.0000			222.0000			
-17.9783			-1.6190			19.0156			-0.5000			-188.0000			-183.0000			203.0000			
-19.6151			-2.1792			21.8476			0.0000			-156.0000			-186.0000			183.0000			
-17.9783			-6.6606			22.9803			-1.6000			-123.0000			-189.0000			164.0000			
-14.1591			-12.2623			25.8123			-0.6000			-92.0000			-192.0000			144.0000			
-14.1591			-12.2623			26.3787			0.0000			-58.0000			-192.0000			122.0000			
-15.2503			-8.9012			22.9803			-1.1000			-26.0000			-192.0000			104.0000			
-10.8855			-10.5817			21.8476			0.3000			3.0000			-186.0000			84.0000			
-10.3399			-13.9428			25.8123			1.5000			31.0000			-181.0000			62.0000			
-9.2486			-15.6233			26.3787			1.5000			59.0000			-175.0000			39.0000			
-4.8838			-17.8640			22.9803			0.2000			88.0000			-167.0000			16.0000			
-3.7926			-17.8640			21.2812			-0.3000			117.0000			-161.0000			-7.0000			
-4.3382			-17.8640			22.4139			0.2000			145.0000			-152.0000			-30.0000			
-1.0646			-18.9843			20.1484			0.1000			172.0000			-141.0000			-55.0000			
3.3002			-18.4241			17.3164			2.1000			197.0000			-129.0000			-82.0000			
3.8458			-21.2250			19.5820			2.1000			223.0000			-119.0000			-108.0000			
5.4827			-22.9055			17.3164			-0.1000			249.0000			-106.0000			-133.0000			
10.9387			-23.4657			13.3517			0.8000			272.0000			-95.0000			-157.0000			
13.6667			-25.1462			12.7853			1.2000			293.0000			-84.0000			-180.0000			
14.2123			-24.5860			12.7853			2.4000			314.0000			-72.0000			-201.0000			
11.4843			-22.9055			11.0861			-0.3000			333.0000			-65.0000			-217.0000			
13.6667			-22.3453			9.3869			0.6000			349.0000			-53.0000			-231.0000			
16.3947			-24.5860			8.8205			0.6000			361.0000			-41.0000			-243.0000			
18.0315			-21.2250			4.8558			1.6000			371.0000			-26.0000			-257.0000			
19.6683			-24.0258			4.8558			0.4000			376.0000			-11.0000			-270.0000			
21.8508			-25.1462			4.2894			0.9000			385.0000			-1.0000			-281.0000			
22.9420			-22.3453			0.8910			1.4000			389.0000			12.0000			-292.0000			
20.7596			-17.3038			-3.0737			0.3000			391.0000			28.0000			-301.0000			
21.8508			-16.1834			-5.3393			0.3000			389.0000			43.0000			-310.0000			
24.0332			-18.9843			-4.2065			0.8000			384.0000			58.0000			-318.0000			
24.5788			-17.3038			-6.4721			0.7000			376.0000			73.0000			-322.0000			
26.2156			-12.2623			-12.7024			1.2000			368.0000			85.0000			-328.0000			
29.4892			-14.5029			-15.5344			-0.5000			358.0000			97.0000			-330.0000			
24.5788			-12.2623			-11.0032			1.3000			347.0000			107.0000			-330.0000			
22.9420			-10.5817			-9.8704			2.4000			334.0000			113.0000			-328.0000			
25.6700			-10.0216			-14.9680			0.6000			321.0000			119.0000			-321.0000			
25.6700			-6.6606			-16.6671			2.3000			305.0000			126.0000			-312.0000			
24.5788			-5.5402			-17.7999			1.2000			284.0000			132.0000			-299.0000			
26.7612			-6.1004			-18.3663			2.2000			265.0000			137.0000			-287.0000			
23.4876			-2.7394			-19.4991			1.2000			243.0000			142.0000			-274.0000			
20.2139			-1.0589			-19.4991			-0.3000			217.0000			149.0000			-260.0000			
19.1227			1.1818			-19.4991			0.8000			190.0000			152.0000			-244.0000			
18.5771			2.3022			-20.6319			0.2000			160.0000			156.0000			-225.0000			
20.7596			3.9827			-24.0302			0.7000			130.0000			158.0000			-204.0000			
18.5771			9.5844			-25.7294			2.4000			97.0000			162.0000			-184.0000			
13.6667			11.2649			-25.1630			-0.2000			66.0000			164.0000			-163.0000			
15.3035			9.5844			-24.5966			0.2000			32.0000			162.0000			-141.0000			
15.8491			7.3437			-21.7647			1.4000			-1.0000			162.0000			-123.0000			
10.9387			10.7047			-21.7647			-0.1000			-28.0000			157.0000			-104.0000			
10.3931			14.0657			-25.1630			-0.7000			-55.0000			152.0000			-83.0000			
9.3019			17.9869			-26.8622			0.4000			-85.0000			146.0000			-60.0000			
6.0283			16.8666			-21.7647			1.1000			-114.0000			137.0000			-35.0000			
3.8458			15.7462			-20.0655			-0.4000			-141.0000			131.0000			-12.0000			
3.8458			16.3064			-20.0655			0.0000			-169.0000			125.0000			10.0000			
-1.0646			20.2276			-20.0655			-0.9000			-197.0000			115.0000			34.0000			
-3.2470			19.1073			-16.1007			-0.2000			-223.0000			103.0000			62.0000			
-2.7014			19.6674			-17.2335			-0.2000			-249.0000			91.0000			89.0000			
-5.9750			24.1488			-18.9327			-0.7000			-273.0000			80.0000			114.0000			
-10.3399			23.5886			-13.8352			-0.5000			-298.0000			68.0000			138.0000			
-14.1591			25.8293			-11.0032			0.6000			-321.0000			56.0000			162.0000			
-11.4311			23.0285			-11.0032			0.5000			-341.0000			44.0000			182.0000			
-9.2486			19.6674			-11.5696			-1.1000			-358.0000			35.0000			196.0000			
-15.2503			24.1488			-9.3040			-0.4000			-372.0000			25.0000			209.0000			
-16.3415			23.5886			-7.6049			-0.3000			-384.0000			13.0000			221.0000			
-17.4327			21.3479			-4.7729			-0.8000			-392.0000			-1.0000			234.0000			
-19.6151			23.5886			-5.3393			-1.3000			-401.0000			-16.0000			247.0000			
-19.0695			24.1488			-5.3393			-0.2000			-407.0000			-28.0000			257.0000			
-17.4327			19.1073			-2.5073			-0.8000			-412.0000			-40.0000			268.0000			
-22.8887			25.8293			2.5902			5.5000			-415.0000			-56.0000			278.0000			
-19.6151			25.2691			4.8558			10.5000			-414.0000			-71.0000			289.0000			
-21.2519			23.5886			5.9886			8.3000			-409.0000			-87.0000			297.0000			
-22.3431			18.5471			7.1213			3.3000			-403.0000			-100.0000			302.0000			
55.6782			-11.7021			43.9369			87.9000			-378.0000			-126.0000			299.0000			
15.3035			18.5471			2.0238			35.8000			-332.0000			-145.0000			271.0000			
12.0299			3.4225			7.1213			22.5000			-290.0000			-161.0000			253.0000			
-0.5190			17.4268			10.5197			27.4000			-254.0000			-163.0000			231.0000			
-25.0712			15.7462			33.7418			24.4000			-268.0000			-134.0000			230.0000			
-25.0712			-3.2995			51.3000			22.9000			-326.0000			-114.0000			276.0000			
-43.0761			19.1073			50.7336			26.7000			-370.0000			-113.0000			321.0000			
-56.7162			16.3064			64.8934			24.4000			-356.0000			-131.0000			314.0000			
-52.3513			12.3852			68.2917			28.3000			-340.0000			-141.0000			298.0000			
-46.8953			10.1445			63.7606			27.0000			-316.0000			-152.0000			279.0000			
-44.1673			7.3437			60.9286			24.1000			-291.0000			-160.0000			264.0000			
-57.2618			15.1861			67.7254			25.6000			-284.0000			-154.0000			255.0000			
-51.2601			-4.9800			86.4163			30.1000			-297.0000			-137.0000			246.0000			
-27.7992			-15.0631			72.8229			29.9000			-233.0000			-181.0000			217.0000			
-24.5255			11.2649			42.2377			28.9000			-132.0000			-235.0000			177.0000			
2.2090			-16.7436			38.2729			23.7000			-39.0000			-253.0000			121.0000			
0.5722			-17.8640			45.0696			27.7000			42.0000			-262.0000			75.0000			
-18.5239			-2.7394			45.0696			23.8000			87.0000			-247.0000			49.0000			
6.0283			-18.4241			40.5385			28.1000			106.0000			-221.0000			35.0000			
10.9387			-13.3826			29.7771			27.3000			128.0000			-202.0000			15.0000			
7.1195			-21.2250			37.7065			23.5000			150.0000			-186.0000			-6.0000			
12.0299			-23.4657			36.0074			24.5000			171.0000			-172.0000			-23.0000			
15.8491			-24.0258			33.1754			24.9000			191.0000			-160.0000			-42.0000			
13.1211			-20.1046			35.4410			28.4000			207.0000			-141.0000			-65.0000			
14.7579			-18.9843			30.3434			26.1000			221.0000			-120.0000			-90.0000			
15.8491			-18.4241			28.0779			25.4000			229.0000			-98.0000			-112.0000			
13.6667			-13.9428			26.9451			26.6000			235.0000			-81.0000			-129.0000			
15.3035			-15.6233			26.3787			26.0000			242.0000			-70.0000			-143.0000			
18.0315			-14.5029			22.4139			25.9000			253.0000			-61.0000			-157.0000			
18.5771			-16.7436			24.1131			25.9000			267.0000			-56.0000			-172.0000			
21.3052			-20.1046			24.1131			25.3000			285.0000			-54.0000			-186.0000			
20.7596			-17.8640			22.9803			25.8000			303.0000			-50.0000			-201.0000			
16.3947			-13.3826			24.1131			27.1000			320.0000			-43.0000			-215.0000			
14.7579			-16.1834			26.9451			25.5000			329.0000			-28.0000			-229.0000			
30.5804			-22.9055			17.3164			24.9000			346.0000			-19.0000			-250.0000			
39.3101			-25.7063			11.0861			24.6000			378.0000			-17.0000			-279.0000			
38.7645			-25.7063			12.2189			25.2000			409.0000			-10.0000			-310.0000			
33.8540			-18.4241			10.5197			25.9000			427.0000			6.0000			-330.0000			
42.5837			-21.7851			3.1566			23.9000			431.0000			25.0000			-343.0000			
49.1309			-27.3868			2.5902			24.3000			431.0000			43.0000			-352.0000			
43.1293			-18.9843			2.0238			26.1000			426.0000			59.0000			-356.0000			
48.0397			-17.3038			-5.9057			24.8000			418.0000			74.0000			-357.0000			
49.6765			-20.1046			-7.0385			22.5000			407.0000			87.0000			-355.0000			
51.3134			-19.5445			-7.0385			24.7000			397.0000			95.0000			-350.0000			
49.6765			-12.2623			-12.1360			25.2000			383.0000			106.0000			-345.0000			
43.1293			-5.5402			-12.1360			25.4000			358.0000			127.0000			-342.0000			
35.4908			-1.6190			-7.0385			26.8000			318.0000			153.0000			-330.0000			
38.7645			-7.7809			-7.0385			23.9000			274.0000			166.0000			-310.0000			
34.9452			-1.6190			-7.6049			25.7000			239.0000			170.0000			-289.0000			
27.8524			1.1818			-7.0385			21.9000			212.0000			171.0000			-273.0000			
28.3980			1.1818			-5.9057			23.6000			185.0000			171.0000			-256.0000			
28.3980			5.1030			-9.8704			23.6000			157.0000			170.0000			-238.0000			
26.2156			7.3437			-9.8704			23.6000			131.0000			168.0000			-220.0000			
24.5788			7.9039			-7.6049			24.8000			104.0000			165.0000			-199.0000			
24.5788			14.6259			-14.4016			24.8000			79.0000			162.0000			-179.0000			
25.1244			16.8666			-18.9327			23.0000			53.0000			160.0000			-160.0000			
24.0332			14.6259			-14.9680			23.6000			25.0000			157.0000			-142.0000			
21.8508			12.3852			-9.8704			24.3000			0.0000			153.0000			-124.0000			
21.8508			12.9454			-11.0032			23.7000			-21.0000			146.0000			-105.0000			
20.2139			17.4268			-13.8352			23.8000			-44.0000			138.0000			-85.0000			
21.8508			14.6259			-13.8352			22.6000			-65.0000			130.0000			-64.0000			
20.2139			17.4268			-16.1007			21.5000			-88.0000			121.0000			-41.0000			
16.9403			19.6674			-13.8352			22.7000			-114.0000			115.0000			-17.0000			
15.3035			19.6674			-12.1360			22.8000			-140.0000			111.0000			3.0000			
15.3035			18.5471			-10.4368			23.4000			-165.0000			105.0000			25.0000			
11.4843			21.3479			-9.8704			22.9000			-194.0000			97.0000			49.0000			
8.2107			23.0285			-7.6049			23.6000			-230.0000			96.0000			78.0000			
3.3002			26.3895			-7.6049			22.0000			-269.0000			95.0000			108.0000			
-0.5190			32.5513			-7.6049			24.4000			-311.0000			90.0000			139.0000			
-9.7942			41.5141			-9.3040			22.4000			-346.0000			80.0000			168.0000			
-7.0662			35.9124			-7.6049			21.2000			-371.0000			66.0000			189.0000			
-7.0662			34.2319			-4.7729			22.3000			-390.0000			50.0000			207.0000			
-11.4311			35.9124			-2.5073			21.9000			-405.0000			35.0000			221.0000			
-15.7959			38.7132			-1.3745			21.5000			-417.0000			17.0000			238.0000			
-16.8871			35.3522			2.0238			20.4000			-424.0000			0.0000			253.0000			
-14.7047			30.3107			7.1213			22.7000			-432.0000			-17.0000			266.0000			
-16.8871			30.3107			7.1213			20.5000			-435.0000			-33.0000			278.0000			
-18.5239			32.5513			7.1213			21.1000			-436.0000			-50.0000			289.0000			
-15.7959			26.9496			10.5197			21.6000			-431.0000			-66.0000			296.0000			
-12.5223			21.9081			12.2189			21.6000			-424.0000			-83.0000			302.0000			
-13.6135			22.4683			12.2189			21.0000			-413.0000			-100.0000			305.0000			
-14.1591			19.6674			16.7500			22.2000			-400.0000			-115.0000			308.0000			
-15.2503			15.1861			20.7148			20.6000			-386.0000			-129.0000			309.0000			
-16.8871			16.8666			21.2812			21.2000			-371.0000			-140.0000			310.0000			
-17.4327			14.0657			22.9803			19.6000			-357.0000			-148.0000			307.0000			
-14.7047			12.9454			21.2812			19.5000			-346.0000			-151.0000			303.0000			
-15.7959			13.5056			24.1131			21.8000			-334.0000			-155.0000			298.0000			
-15.2503			11.2649			26.3787			22.3000			-320.0000			-158.0000			288.0000			
-10.8855			7.9039			22.9803			19.9000			-303.0000			-161.0000			277.0000			
-15.2503			9.0242			25.2459			19.0000			-288.0000			-164.0000			266.0000			
-15.7959			7.3437			29.7771			21.3000			-269.0000			-168.0000			255.0000			
-12.5223			4.5428			29.7771			21.7000			-248.0000			-173.0000			242.0000			
-12.5223			3.4225			29.7771			20.6000			-226.0000			-177.0000			228.0000			
-13.6135			2.8623			29.7771			19.0000			-200.0000			-180.0000			211.0000			
-15.2503			1.1818			34.3082			20.2000			-174.0000			-182.0000			194.0000			
-14.1591			-1.6190			34.8746			19.0000			-146.0000			-185.0000			177.0000			
-9.2486			-7.2207			37.7065			21.2000			-115.0000			-186.0000			156.0000			
-11.4311			-6.6606			39.4057			21.3000			-83.0000			-188.0000			132.0000			
-11.4311			-4.9800			36.5738			20.1000			-52.0000			-187.0000			114.0000			
-5.4294			-8.9012			34.8746			20.5000			-19.0000			-186.0000			93.0000			
-3.7926			-10.5817			36.0074			21.6000			20.0000			-188.0000			65.0000			
-2.1558			-13.3826			37.1402			21.6000			63.0000			-186.0000			35.0000			
1.1178			-15.0631			33.7418			19.7000			104.0000			-182.0000			4.0000			
3.8458			-14.5029			31.4762			20.8000			142.0000			-177.0000			-22.0000			
7.6651			-16.7436			32.0426			22.9000			173.0000			-167.0000			-46.0000			
10.3931			-19.5445			30.9098			21.7000			202.0000			-153.0000			-70.0000			
12.0299			-21.7851			30.3434			20.5000			227.0000			-140.0000			-96.0000			
13.1211			-22.3453			30.9098			21.6000			252.0000			-126.0000			-119.0000			
17.4859			-22.9055			26.9451			21.5000			275.0000			-114.0000			-142.0000			
24.5788			-28.5072			24.1131			20.1000			296.0000			-100.0000			-165.0000			
22.3964			-24.0258			22.9803			21.3000			314.0000			-84.0000			-188.0000			
18.0315			-18.4241			21.8476			21.4000			329.0000			-69.0000			-207.0000			
20.2139			-20.1046			20.7148			20.8000			342.0000			-57.0000			-222.0000			
22.3964			-22.9055			20.1484			19.6000			351.0000			-43.0000			-235.0000			
21.8508			-20.1046			18.4492			20.2000			357.0000			-30.0000			-246.0000			
21.8508			-17.8640			16.1836			20.1000			364.0000			-15.0000			-258.0000			
22.9420			-16.7436			15.0508			21.2000			366.0000			-1.0000			-269.0000			
25.6700			-20.6648			15.0508			20.0000			372.0000			10.0000			-282.0000			
28.9436			-17.8640			10.5197			21.6000			377.0000			22.0000			-293.0000			
26.2156			-14.5029			8.2541			19.9000			380.0000			35.0000			-303.0000			
26.2156			-12.8224			6.5550			19.9000			381.0000			47.0000			-314.0000			
30.0348			-14.5029			5.9886			21.5000			382.0000			58.0000			-322.0000			
34.3996			-15.6233			1.4574			20.2000			379.0000			68.0000			-329.0000			
35.4908			-11.7021			-5.3393			18.4000			378.0000			79.0000			-334.0000			
36.0365			-11.1419			-4.7729			20.1000			369.0000			90.0000			-337.0000			
34.9452			-11.7021			-0.8081			22.4000			362.0000			99.0000			-337.0000			
36.0365			-10.5817			-5.9057			19.5000			353.0000			106.0000			-334.0000			
38.2189			-8.9012			-8.7376			20.5000			340.0000			113.0000			-328.0000			
38.2189			-6.6606			-12.1360			19.4000			323.0000			121.0000			-319.0000			
39.8557			-6.6606			-12.7024			20.4000			302.0000			129.0000			-307.0000			
38.2189			-4.4199			-14.4016			19.3000			280.0000			138.0000			-295.0000			
34.3996			-1.6190			-14.4016			18.3000			255.0000			146.0000			-282.0000			
32.2172			-0.4987			-12.7024			19.0000			227.0000			155.0000			-267.0000			
30.0348			1.7420			-11.5696			20.2000			195.0000			161.0000			-252.0000			
28.9436			3.9827			-12.7024			20.2000			162.0000			166.0000			-231.0000			
31.1260			5.6632			-18.3663			18.4000			125.0000			171.0000			-210.0000			
25.6700			9.0242			-14.9680			19.7000			90.0000			175.0000			-188.0000			
23.4876			11.2649			-14.4016			20.3000			54.0000			175.0000			-164.0000			
26.2156			12.3852			-17.7999			20.8000			17.0000			174.0000			-141.0000			
23.4876			9.5844			-14.4016			18.6000			-16.0000			170.0000			-120.0000			
19.1227			12.9454			-13.2688			18.8000			-46.0000			164.0000			-99.0000			
18.0315			14.6259			-13.8352			18.8000			-75.0000			158.0000			-75.0000			
15.3035			16.3064			-12.7024			18.9000			-104.0000			148.0000			-50.0000			
13.6667			16.8666			-11.0032			19.5000			-130.0000			138.0000			-26.0000			
12.5755			17.4268			-10.4368			19.5000			-157.0000			130.0000			-3.0000			
10.3931			19.1073			-12.7024			16.7000			-183.0000			120.0000			19.0000			
7.1195			20.7878			-10.4368			17.4000			-207.0000			110.0000			44.0000			
7.1195			20.2276			-8.1712			19.1000			-231.0000			97.0000			68.0000			
4.9370			23.0285			-10.4368			17.5000			-253.0000			85.0000			93.0000			
2.7546			26.3895			-10.4368			18.7000			-276.0000			74.0000			115.0000			
-0.5190			23.5886			-4.2065			18.8000			-297.0000			62.0000			137.0000			
-3.2470			27.5098			-4.7729			19.4000			-318.0000			51.0000			159.0000			
-1.0646			25.2691			-6.4721			17.7000			-336.0000			42.0000			178.0000			
-1.0646			23.5886			-4.7729			17.7000			-353.0000			32.0000			194.0000			
-4.8838			24.7090			-3.0737			16.7000			-370.0000			23.0000			207.0000			
-7.6118			28.0700			-2.5073			17.9000			-384.0000			11.0000			224.0000			
-9.2486			26.9496			-0.2418			17.4000			-395.0000			-2.0000			239.0000			
-11.9767			27.5098			1.4574			16.9000			-407.0000			-16.0000			254.0000			
-9.7942			24.7090			3.1566			18.0000			-417.0000			-28.0000			268.0000			
-10.3399			21.3479			5.9886			16.9000			-425.0000			-41.0000			281.0000			
-15.7959			23.5886			9.3869			17.1000			-429.0000			-55.0000			292.0000			
-18.5239			23.5886			12.7853			17.8000			-430.0000			-71.0000			303.0000			
-17.9783			21.3479			13.3517			16.7000			-428.0000			-86.0000			311.0000			
-18.5239			19.6674			15.0508			16.1000			-422.0000			-100.0000			316.0000			
-22.8887			19.6674			20.1484			16.9000			-414.0000			-114.0000			319.0000			
-25.6168			20.2276			22.9803			17.5000			-401.0000			-126.0000			320.0000			
-19.6151			16.8666			19.5820			16.8000			-387.0000			-136.0000			318.0000			
-15.2503			14.0657			17.3164			16.1000			-373.0000			-147.0000			312.0000			
-19.0695			12.9454			20.7148			14.5000			-353.0000			-156.0000			303.0000			
-21.2519			11.2649			26.9451			16.9000			-332.0000			-164.0000			293.0000			
-19.6151			9.5844			27.5115			17.4000			-308.0000			-172.0000			280.0000			
-14.7047			9.0242			23.5467			17.8000			-284.0000			-178.0000			269.0000			
-14.1591			6.7835			22.9803			15.6000			-260.0000			-182.0000			255.0000			
-14.7047			3.4225			27.5115			16.2000			-234.0000			-188.0000			239.0000			
-14.7047			3.4225			29.2107			17.9000			-206.0000			-189.0000			223.0000			
-11.9767			0.6217			29.7771			18.4000			-176.0000			-191.0000			204.0000			
-12.5223			-1.6190			31.4762			17.3000			-147.0000			-194.0000			185.0000			
-10.8855			-5.5402			33.7418			17.3000			-117.0000			-195.0000			165.0000			
-8.1574			-8.9012			33.7418			16.6000			-85.0000			-193.0000			142.0000			
-8.7030			-4.9800			30.3434			16.6000			-54.0000			-190.0000			120.0000			
-5.9750			-5.5402			28.6443			17.1000			-25.0000			-187.0000			100.0000			
-4.3382			-9.4614			32.0426			18.2000			3.0000			-182.0000			80.0000			
-4.8838			-9.4614			33.1754			18.8000			31.0000			-176.0000			59.0000			
-1.6102			-11.7021			30.9098			17.5000			59.0000			-169.0000			35.0000			
1.1178			-12.8224			29.7771			18.0000			87.0000			-162.0000			10.0000			
0.5722			-14.5029			30.3434			16.4000			116.0000			-157.0000			-13.0000			
1.6634			-13.9428			30.3434			18.0000			145.0000			-150.0000			-36.0000			
6.5739			-15.6233			26.9451			17.8000			173.0000			-142.0000			-61.0000			
8.2107			-17.8640			26.3787			16.7000			202.0000			-131.0000			-87.0000			
9.8475			-19.5445			27.5115			17.8000			230.0000			-121.0000			-113.0000			
12.5755			-21.7851			26.9451			17.7000			258.0000			-113.0000			-136.0000			
18.5771			-24.0258			22.4139			16.9000			283.0000			-103.0000			-160.0000			
23.4876			-26.2665			21.2812			18.4000			307.0000			-91.0000			-183.0000			
19.1227			-22.9055			20.7148			16.9000			329.0000			-80.0000			-204.0000			
17.4859			-20.6648			19.5820			16.4000			348.0000			-68.0000			-221.0000			
24.0332			-25.7063			19.0156			17.3000			362.0000			-57.0000			-236.0000			
25.6700			-24.0258			16.7500			18.3000			374.0000			-40.0000			-252.0000			
28.3980			-25.7063			14.4845			17.1000			384.0000			-24.0000			-268.0000			
29.4892			-25.7063			14.4845			18.2000			391.0000			-8.0000			-282.0000			
29.4892			-22.3453			10.5197			17.6000			396.0000			5.0000			-294.0000			
28.3980			-17.8640			6.5550			17.0000			400.0000			19.0000			-306.0000			
27.3068			-15.6233			5.9886			17.6000			400.0000			35.0000			-313.0000			
29.4892			-17.3038			5.9886			18.1000			395.0000			50.0000			-322.0000			
30.5804			-18.4241			4.2894			16.4000			390.0000			67.0000			-328.0000			
30.5804			-10.5817			-1.9409			18.0000			382.0000			80.0000			-333.0000			
32.2172			-10.5817			-4.7729			16.8000			370.0000			93.0000			-334.0000			
33.3084			-12.2623			-5.3393			15.7000			358.0000			104.0000			-336.0000			
30.5804			-9.4614			-3.6401			17.4000			345.0000			113.0000			-333.0000			
30.0348			-8.9012			-5.3393			15.7000			333.0000			119.0000			-330.0000			
31.1260			-6.6606			-7.6049			16.8000			319.0000			126.0000			-323.0000			
30.5804			-4.4199			-9.3040			16.8000			300.0000			131.0000			-313.0000			
32.2172			-4.4199			-11.0032			16.7000			282.0000			136.0000			-300.0000			
32.7628			-2.7394			-13.2688			16.7000			261.0000			141.0000			-287.0000			
28.3980			1.1818			-12.1360			17.4000			240.0000			145.0000			-275.0000			
27.3068			1.1818			-12.1360			16.3000			216.0000			151.0000			-260.0000			
25.6700			3.4225			-12.7024			16.3000			189.0000			154.0000			-245.0000			
26.2156			5.1030			-14.9680			16.3000			160.0000			158.0000			-226.0000			
28.3980			7.3437			-19.4991			16.2000			130.0000			161.0000			-205.0000			
24.0332			9.5844			-17.7999			15.8000			100.0000			162.0000			-186.0000			
22.3964			11.8251			-16.6671			17.5000			68.0000			163.0000			-165.0000			
24.0332			11.2649			-19.4991			15.7000			35.0000			164.0000			-142.0000			
23.4876			9.5844			-17.7999			15.2000			2.0000			162.0000			-123.0000			
19.1227			12.9454			-16.1007			15.9000			-28.0000			159.0000			-102.0000			
18.0315			14.0657			-17.7999			14.3000			-59.0000			155.0000			-78.0000			
15.3035			16.3064			-16.1007			15.5000			-91.0000			150.0000			-53.0000			
12.0299			17.4268			-13.8352			15.6000			-124.0000			143.0000			-29.0000			
12.0299			18.5471			-13.2688			17.3000			-155.0000			136.0000			-3.0000			
9.8475			21.3479			-16.1007			15.0000			-185.0000			129.0000			20.0000			
6.0283			22.4683			-12.7024			15.7000			-214.0000			120.0000			45.0000			
4.3914			21.3479			-11.0032			14.7000			-242.0000			108.0000			71.0000			
1.1178			26.9496			-13.2688			14.7000			-268.0000			95.0000			97.0000			
-1.6102			28.6302			-11.5696			15.4000			-293.0000			84.0000			121.0000			
-6.5206			28.0700			-6.4721			15.0000			-316.0000			70.0000			145.0000			
-7.0662			27.5098			-6.4721			13.9000			-336.0000			56.0000			167.0000			
-3.7926			25.2691			-7.6049			13.8000			-354.0000			43.0000			186.0000			
-4.3382			24.1488			-5.9057			13.9000			-369.0000			32.0000			203.0000			
-8.1574			27.5098			-3.6401			15.7000			-380.0000			19.0000			215.0000			
-9.2486			25.2691			-1.9409			14.0000			-389.0000			5.0000			229.0000			
-11.9767			27.5098			-0.8081			14.7000			-397.0000			-11.0000			243.0000			
-11.4311			25.2691			0.3246			14.1000			-403.0000			-23.0000			255.0000			
-9.7942			21.3479			3.1566			14.7000			-409.0000			-37.0000			267.0000			
-12.5223			18.5471			7.6877			13.7000			-413.0000			-49.0000			278.0000			
-16.3415			21.3479			9.3869			14.3000			-415.0000			-64.0000			288.0000			
-15.7959			20.7878			9.3869			14.3000			-414.0000			-78.0000			300.0000			
-16.8871			19.6674			9.3869			12.1000			-411.0000			-90.0000			306.0000			
-19.0695			17.4268			15.0508			13.4000			-407.0000			-103.0000			311.0000			
-23.4343			17.4268			20.7148			14.7000			-401.0000			-115.0000			317.0000			
-23.4343			16.3064			20.1484			13.0000			-390.0000			-126.0000			317.0000			
-19.0695			15.1861			16.1836			12.3000			-380.0000			-135.0000			316.0000			
-22.8887			14.6259			20.7148			12.4000			-368.0000			-142.0000			311.0000			
-24.5255			13.5056			26.3787			15.3000			-355.0000			-149.0000			303.0000			
-22.3431			9.5844			26.3787			13.6000			-336.0000			-155.0000			293.0000			
-18.5239			7.3437			23.5467			12.3000			-314.0000			-162.0000			280.0000			
-20.7063			8.4640			24.1131			11.8000			-293.0000			-168.0000			269.0000			
-20.1607			6.2234			28.0779			14.1000			-270.0000			-174.0000			257.0000			
-17.9783			3.4225			28.6443			14.0000			-244.0000			-180.0000			242.0000			
-15.7959			1.7420			26.9451			12.8000			-217.0000			-185.0000			225.0000			
-15.2503			-0.4987			28.6443			12.8000			-186.0000			-190.0000			206.0000			
-17.4327			-1.6190			33.7418			14.6000			-152.0000			-193.0000			187.0000			
-14.1591			-4.9800			32.6090			13.4000			-118.0000			-197.0000			167.0000			
-10.8855			-7.2207			31.4762			13.3000			-85.0000			-196.0000			143.0000			
-11.9767			-8.9012			33.7418			12.8000			-50.0000			-197.0000			121.0000			
-9.7942			-6.1004			29.2107			13.3000			-20.0000			-194.0000			100.0000			
-5.9750			-10.5817			29.2107			12.6000			12.0000			-188.0000			78.0000			
-5.4294			-10.5817			30.3434			14.3000			43.0000			-182.0000			55.0000			
-2.7014			-15.6233			30.3434			12.0000			73.0000			-176.0000			30.0000			
0.0266			-15.6233			28.0779			12.4000			103.0000			-167.0000			4.0000			
-0.5190			-15.6233			29.2107			13.0000			132.0000			-161.0000			-17.0000			
2.7546			-16.1834			28.6443			15.2000			161.0000			-153.0000			-42.0000			
6.0283			-16.7436			24.1131			13.3000			187.0000			-141.0000			-66.0000			
8.2107			-16.7436			22.9803			14.4000			213.0000			-129.0000			-92.0000			
10.3931			-20.1046			24.6795			14.9000			236.0000			-116.0000			-116.0000			
11.4843			-21.7851			24.1131			13.8000			260.0000			-105.0000			-139.0000			
14.7579			-21.7851			19.0156			11.9000			282.0000			-94.0000			-163.0000			
19.1227			-24.5860			19.5820			14.1000			304.0000			-81.0000			-184.0000			
18.0315			-22.3453			19.5820			15.2000			322.0000			-71.0000			-204.0000			
13.6667			-17.3038			17.8828			14.2000			339.0000			-60.0000			-220.0000			
18.5771			-21.2250			16.1836			13.5000			353.0000			-49.0000			-233.0000			
21.3052			-22.3453			15.6172			14.5000			365.0000			-35.0000			-249.0000			
25.1244			-25.7063			15.0508			14.4000			375.0000			-20.0000			-263.0000			
24.5788			-22.9055			11.0861			12.7000			383.0000			-7.0000			-277.0000			
24.5788			-18.4241			8.2541			14.4000			391.0000			5.0000			-290.0000			
25.6700			-16.7436			4.8558			13.7000			396.0000			17.0000			-302.0000			
26.2156			-17.8640			4.2894			12.6000			398.0000			31.0000			-311.0000			
28.3980			-19.5445			4.2894			13.1000			398.0000			47.0000			-321.0000			
29.4892			-18.4241			2.5902			13.6000			393.0000			60.0000			-327.0000			
31.6716			-13.9428			-3.0737			14.6000			388.0000			74.0000			-333.0000			
32.7628			-12.8224			-7.6049			12.3000			378.0000			88.0000			-336.0000			
32.7628			-12.8224			-7.0385			12.9000			367.0000			98.0000			-337.0000			
30.5804			-10.5817			-5.9057			14.0000			355.0000			110.0000			-334.0000			
31.1260			-9.4614			-8.7376			12.9000			342.0000			116.0000			-330.0000			
32.7628			-8.3411			-11.0032			13.4000			326.0000			124.0000			-323.0000			
33.3084			-7.2207			-12.1360			13.9000			307.0000			131.0000			-312.0000			
33.8540			-6.1004			-15.5344			12.2000			283.0000			140.0000			-300.0000			
31.1260			-3.8597			-14.9680			12.2000			260.0000			147.0000			-289.0000			
26.7612			0.0615			-13.8352			12.9000			237.0000			151.0000			-277.0000			
26.7612			0.6217			-13.8352			13.5000			210.0000			157.0000			-261.0000			
24.5788			2.3022			-13.2688			13.6000			182.0000			162.0000			-245.0000			
25.6700			3.9827			-16.6671			12.9000			151.0000			165.0000			-225.0000			
26.2156			6.2234			-20.6319			11.7000			122.0000			167.0000			-205.0000			
21.3052			9.0242			-16.6671			13.6000			88.0000			167.0000			-184.0000			
20.2139			11.8251			-18.9327			13.0000			55.0000			167.0000			-162.0000			
22.3964			10.1445			-20.0655			12.4000			24.0000			165.0000			-139.0000			
20.2139			9.5844			-16.6671			13.1000			-5.0000			163.0000			-120.0000			
16.9403			11.8251			-16.1007			12.6000			-35.0000			158.0000			-98.0000			
16.3947			12.3852			-17.2335			11.5000			-65.0000			152.0000			-76.0000			
11.4843			14.0657			-13.8352			11.7000			-94.0000			144.0000			-52.0000			
10.3931			16.3064			-13.8352			12.8000			-123.0000			137.0000			-28.0000			
10.3931			17.4268			-16.1007			11.7000			-152.0000			131.0000			-4.0000			
8.2107			19.1073			-16.6671			10.6000			-180.0000			123.0000			19.0000			
6.0283			18.5471			-12.7024			11.8000			-207.0000			114.0000			44.0000			
2.7546			20.2276			-12.1360			10.8000			-235.0000			103.0000			70.0000			
0.5722			24.7090			-14.9680			10.3000			-261.0000			92.0000			96.0000			
-1.6102			25.2691			-11.5696			12.0000			-286.0000			81.0000			120.0000			
-7.0662			25.8293			-6.4721			12.2000			-310.0000			68.0000			144.0000			
-7.6118			26.9496			-7.6049			11.7000			-332.0000			57.0000			166.0000			
-5.9750			25.2691			-8.7376			10.5000			-351.0000			47.0000			184.0000			
-5.9750			23.0285			-6.4721			10.5000			-368.0000			35.0000			200.0000			
-10.3399			26.9496			-4.7729			11.8000			-382.0000			23.0000			215.0000			
-12.5223			26.9496			-4.2065			10.2000			-393.0000			8.0000			230.0000			
-15.2503			29.7505			-3.0737			11.4000			-403.0000			-7.0000			244.0000			
-14.7047			25.8293			0.3246			11.4000			-411.0000			-20.0000			259.0000			
-13.6135			21.9081			3.7230			12.0000			-418.0000			-33.0000			270.0000			
-17.4327			21.9081			6.5550			11.0000			-422.0000			-47.0000			282.0000			
-18.5239			21.9081			7.6877			11.0000			-423.0000			-62.0000			291.0000			
-17.4327			20.2276			8.2541			11.0000			-421.0000			-78.0000			301.0000			
-19.6151			19.1073			9.9533			9.4000			-416.0000			-92.0000			307.0000			
-20.7063			16.8666			15.0508			11.2000			-409.0000			-106.0000			312.0000			
-24.5255			17.9869			17.8828			11.3000			-400.0000			-119.0000			317.0000			
-25.0712			16.8666			19.0156			10.8000			-388.0000			-130.0000			316.0000			
-21.7975			12.3852			17.3164			7.9000			-375.0000			-139.0000			315.0000			
-22.3431			13.5056			20.7148			11.8000			-361.0000			-146.0000			309.0000			
-22.3431			11.8251			23.5467			13.0000			-345.0000			-153.0000			300.0000			
-18.5239			7.9039			21.2812			10.6000			-326.0000			-159.0000			290.0000			
-19.6151			7.3437			20.7148			8.4000			-304.0000			-166.0000			278.0000			
-21.2519			7.9039			25.2459			11.8000			-283.0000			-170.0000			265.0000			
-17.9783			4.5428			26.9451			13.5000			-259.0000			-176.0000			254.0000			
-16.8871			2.8623			25.2459			11.2000			-235.0000			-181.0000			239.0000			
-17.4327			1.7420			26.9451			11.2000			-208.0000			-185.0000			221.0000			
-16.3415			-1.6190			30.9098			12.9000			-178.0000			-189.0000			202.0000			
-16.8871			-3.8597			32.0426			11.2000			-146.0000			-191.0000			183.0000			
-11.9767			-6.6606			30.3434			11.7000			-114.0000			-193.0000			160.0000			
-11.9767			-8.9012			33.1754			12.2000			-81.0000			-192.0000			139.0000			
-13.6135			-7.7809			33.1754			11.7000			-49.0000			-193.0000			117.0000			
-9.7942			-6.6606			28.6443			12.1000			-18.0000			-190.0000			97.0000			
-5.4294			-10.5817			27.5115			11.5000			12.0000			-185.0000			75.0000			
-5.4294			-11.7021			28.6443			11.5000			43.0000			-179.0000			52.0000			
-3.7926			-15.6233			28.6443			9.2000			74.0000			-175.0000			27.0000			
-2.1558			-15.0631			26.9451			9.7000			104.0000			-167.0000			2.0000			
1.1178			-16.7436			28.6443			13.0000			135.0000			-162.0000			-22.0000			
3.8458			-17.8640			25.8123			11.7000			163.0000			-153.0000			-45.0000			
6.5739			-18.9843			22.4139			10.0000			191.0000			-142.0000			-70.0000			
8.2107			-18.9843			22.4139			11.6000			218.0000			-131.0000			-97.0000			
10.3931			-21.7851			22.9803			11.5000			243.0000			-119.0000			-122.0000			
12.5755			-23.4657			21.2812			10.3000			268.0000			-109.0000			-145.0000			
18.5771			-24.5860			17.8828			11.8000			290.0000			-97.0000			-169.0000			
19.1227			-27.3868			19.5820			11.3000			311.0000			-83.0000			-191.0000			
14.7579			-22.3453			20.1484			12.5000			331.0000			-73.0000			-209.0000			
16.9403			-20.1046			16.1836			13.0000			348.0000			-61.0000			-224.0000			
22.3964			-24.5860			15.0508			12.8000			360.0000			-49.0000			-238.0000			
23.4876			-24.0258			13.9181			13.3000			370.0000			-33.0000			-253.0000			
24.5788			-26.2665			12.7853			11.0000			380.0000			-18.0000			-268.0000			
23.4876			-23.4657			9.9533			9.9000			385.0000			-5.0000			-281.0000			
22.9420			-19.5445			6.5550			9.9000			392.0000			9.0000			-294.0000			
24.0332			-16.1834			4.8558			12.7000			395.0000			22.0000			-305.0000			
26.2156			-18.4241			4.8558			12.6000			396.0000			36.0000			-314.0000			
27.3068			-19.5445			2.5902			10.3000			393.0000			51.0000			-322.0000			
27.8524			-17.8640			-0.2418			9.7000			387.0000			64.0000			-328.0000			
28.9436			-13.3826			-4.2065			11.3000			381.0000			78.0000			-334.0000			
31.6716			-12.2623			-7.6049			11.8000			372.0000			91.0000			-337.0000			
34.9452			-12.8224			-9.3040			12.8000			361.0000			101.0000			-336.0000			
28.9436			-10.5817			-8.7376			9.6000			350.0000			110.0000			-335.0000			
28.3980			-10.0216			-8.7376			9.6000			337.0000			117.0000			-330.0000			
31.6716			-7.2207			-13.2688			11.1000			321.0000			124.0000			-322.0000			
31.6716			-6.1004			-15.5344			10.0000			301.0000			132.0000			-313.0000			
32.7628			-6.1004			-17.2335			9.4000			280.0000			137.0000			-299.0000			
28.3980			-2.1792			-14.9680			11.2000			258.0000			143.0000			-287.0000			
27.8524			0.6217			-15.5344			12.9000			235.0000			149.0000			-275.0000			
27.8524			-0.4987			-16.1007			11.2000			208.0000			154.0000			-258.0000			
24.5788			3.4225			-16.6671			11.3000			179.0000			159.0000			-241.0000			
26.2156			3.9827			-20.0655			10.1000			149.0000			162.0000			-220.0000			
24.5788			5.1030			-18.9327			10.7000			118.0000			166.0000			-200.0000			
20.2139			9.0242			-18.9327			10.2000			83.0000			167.0000			-180.0000			
20.7596			12.3852			-24.0302			9.1000			49.0000			167.0000			-157.0000			
21.8508			11.8251			-24.5966			9.0000			17.0000			168.0000			-136.0000			
18.0315			9.5844			-16.6671			10.9000			-14.0000			165.0000			-117.0000			
13.6667			11.8251			-16.6671			8.8000			-43.0000			160.0000			-94.0000			
14.2123			12.9454			-16.1007			11.0000			-74.0000			153.0000			-70.0000			
12.5755			12.9454			-16.6671			8.8000			-104.0000			147.0000			-45.0000			
10.9387			15.7462			-19.4991			7.1000			-133.0000			139.0000			-20.0000			
8.7563			19.6674			-18.9327			9.4000			-162.0000			132.0000			2.0000			
6.5739			19.1073			-15.5344			10.1000			-190.0000			124.0000			26.0000			
3.3002			17.9869			-12.7024			8.5000			-217.0000			114.0000			50.0000			
0.0266			21.9081			-14.9680			6.9000			-243.0000			101.0000			76.0000			
-0.5190			25.2691			-14.4016			10.3000			-269.0000			89.0000			103.0000			
-2.7014			24.1488			-9.3040			12.1000			-293.0000			79.0000			128.0000			
-7.6118			25.2691			-7.6049			10.0000			-316.0000			65.0000			149.0000			
-9.2486			27.5098			-10.4368			7.8000			-336.0000			53.0000			171.0000			
-7.0662			25.2691			-9.8704			8.3000			-356.0000			44.0000			189.0000			
-7.6118			23.0285			-6.4721			8.9000			-370.0000			32.0000			204.0000			
-11.9767			25.8293			-6.4721			7.3000			-384.0000			20.0000			217.0000			
-13.0679			26.9496			-5.9057			7.9000			-393.0000			6.0000			231.0000			
-15.2503			29.7505			-4.7729			9.7000			-403.0000			-9.0000			247.0000			
-14.1591			24.1488			-0.2418			9.7000			-409.0000			-22.0000			261.0000			
-16.3415			20.7878			4.2894			8.7000			-417.0000			-35.0000			272.0000			
-17.9783			22.4683			3.1566			7.6000			-421.0000			-49.0000			282.0000			
-16.3415			22.4683			4.2894			10.4000			-421.0000			-63.0000			293.0000			
-19.0695			20.2276			7.1213			8.2000			-419.0000			-78.0000			303.0000			
-21.7975			19.1073			9.3869			6.6000			-416.0000			-92.0000			309.0000			
-21.7975			17.4268			14.4845			10.1000			-409.0000			-105.0000			315.0000			
-25.0712			16.8666			19.5820			11.3000			-400.0000			-119.0000			318.0000			
-26.1624			16.3064			18.4492			8.5000			-388.0000			-131.0000			317.0000			
-23.9799			14.0657			17.3164			7.3000			-377.0000			-138.0000			314.0000			
-22.3431			12.9454			20.1484			10.7000			-363.0000			-146.0000			309.0000			
-21.2519			10.7047			20.1484			9.5000			-346.0000			-152.0000			301.0000			
-20.7063			7.3437			19.5820			6.2000			-326.0000			-160.0000			289.0000			
-23.4343			7.3437			22.9803			6.8000			-303.0000			-166.0000			275.0000			
-23.4343			7.3437			26.3787			10.2000			-282.0000			-172.0000			265.0000			
-18.5239			2.8623			25.2459			9.5000			-259.0000			-177.0000			252.0000			
-17.9783			1.7420			24.1131			7.8000			-233.0000			-182.0000			236.0000			
-17.4327			1.1818			25.8123			9.5000			-204.0000			-186.0000			220.0000			
-16.8871			-3.8597			29.2107			8.4000			-175.0000			-189.0000			199.0000			
-16.8871			-3.8597			28.6443			7.8000			-142.0000			-193.0000			179.0000			
-11.9767			-7.7809			28.6443			8.8000			-109.0000			-194.0000			159.0000			
-13.6135			-10.5817			34.8746			10.6000			-76.0000			-194.0000			135.0000			
-14.7047			-8.9012			33.1754			9.5000			-43.0000			-193.0000			115.0000			
-9.7942			-7.2207			25.2459			8.2000			-14.0000			-190.0000			93.0000			
-6.5206			-9.4614			24.1131			8.1000			17.0000			-186.0000			73.0000			
-7.0662			-12.2623			28.6443			9.3000			48.0000			-179.0000			47.0000			
-4.8838			-15.6233			28.0779			7.5000			77.0000			-172.0000			23.0000			
-3.7926			-15.6233			26.3787			6.9000			108.0000			-165.0000			-1.0000			
0.5722			-16.7436			25.2459			9.0000			137.0000			-159.0000			-26.0000			
3.3002			-16.7436			22.4139			8.9000			164.0000			-150.0000			-49.0000			
6.0283			-17.8640			20.1484			8.3000			192.0000			-140.0000			-73.0000			
8.2107			-20.6648			21.8476			9.3000			218.0000			-127.0000			-100.0000			
7.6651			-21.7851			21.8476			7.7000			243.0000			-117.0000			-123.0000			
11.4843			-21.7851			19.0156			8.7000			268.0000			-107.0000			-147.0000			
18.0315			-25.7063			17.8828			10.2000			291.0000			-95.0000			-169.0000			
16.3947			-26.2665			19.0156			9.1000			312.0000			-82.0000			-193.0000			
13.1211			-22.3453			18.4492			9.2000			332.0000			-72.0000			-211.0000			
15.8491			-20.1046			15.6172			11.3000			347.0000			-60.0000			-225.0000			
20.7596			-24.5860			13.9181			10.0000			361.0000			-47.0000			-240.0000			
22.9420			-25.7063			13.3517			10.5000			371.0000			-33.0000			-254.0000			
22.3964			-27.3868			12.2189			7.2000			380.0000			-18.0000			-269.0000			
21.3052			-21.2250			8.2541			8.3000			386.0000			-5.0000			-284.0000			
21.8508			-18.4241			7.1213			10.5000			394.0000			8.0000			-294.0000			
25.1244			-18.4241			7.1213			13.8000			396.0000			21.0000			-305.0000			
25.6700			-20.1046			3.1566			8.7000			397.0000			35.0000			-314.0000			
25.6700			-18.4241			0.8910			8.1000			394.0000			51.0000			-323.0000			
28.3980			-16.7436			-2.5073			9.1000			389.0000			65.0000			-329.0000			
28.3980			-13.3826			-5.3393			9.6000			382.0000			78.0000			-334.0000			
31.6716			-14.5029			-7.6049			9.5000			372.0000			91.0000			-337.0000			
35.4908			-13.3826			-11.0032			11.1000			362.0000			103.0000			-337.0000			
27.3068			-10.5817			-8.7376			7.9000			349.0000			111.0000			-334.0000			
27.3068			-9.4614			-8.7376			9.1000			335.0000			119.0000			-329.0000			
30.5804			-8.3411			-13.2688			8.9000			319.0000			125.0000			-321.0000			
30.5804			-7.2207			-14.9680			8.3000			298.0000			132.0000			-310.0000			
29.4892			-6.1004			-16.6671			6.7000			278.0000			139.0000			-298.0000			
26.7612			-3.8597			-14.4016			8.5000			255.0000			144.0000			-286.0000			
26.7612			-0.4987			-16.1007			10.1000			231.0000			151.0000			-273.0000			
25.6700			-0.4987			-17.2335			7.9000			205.0000			156.0000			-257.0000			
23.4876			1.1818			-18.3663			6.2000			177.0000			159.0000			-239.0000			
25.1244			2.8623			-19.4991			8.4000			146.0000			162.0000			-219.0000			
23.4876			3.9827			-17.7999			9.6000			116.0000			165.0000			-199.0000			
19.6683			8.4640			-20.6319			7.4000			82.0000			166.0000			-178.0000			
21.3052			11.8251			-25.7294			7.3000			49.0000			167.0000			-155.0000			
21.3052			11.2649			-24.5966			7.9000			16.0000			166.0000			-134.0000			
16.3947			8.4640			-17.2335			7.6000			-14.0000			163.0000			-114.0000			
12.5755			11.8251			-16.6671			7.7000			-44.0000			159.0000			-93.0000			
14.2123			10.1445			-17.7999			6.5000			-74.0000			153.0000			-69.0000			
13.1211			14.0657			-20.6319			6.5000			-104.0000			146.0000			-45.0000			
10.9387			16.3064			-21.1983			6.0000			-134.0000			139.0000			-20.0000			
7.1195			18.5471			-18.9327			6.7000			-163.0000			133.0000			4.0000			
5.4827			18.5471			-14.4016			9.6000			-192.0000			123.0000			28.0000			
1.1178			17.9869			-14.4016			4.7000			-219.0000			114.0000			51.0000			
-0.5190			21.9081			-14.9680			6.4000			-246.0000			101.0000			78.0000			
-1.0646			24.7090			-14.4016			9.2000			-271.0000			89.0000			105.0000			
-3.2470			22.4683			-10.4368			8.7000			-296.0000			77.0000			128.0000			
-9.2486			23.5886			-9.8704			4.4000			-318.0000			66.0000			152.0000			
-10.8855			27.5098			-11.5696			5.0000			-338.0000			54.0000			173.0000			
-7.6118			25.2691			-9.8704			7.7000			-358.0000			43.0000			190.0000			
-9.2486			23.5886			-7.0385			7.3000			-373.0000			32.0000			206.0000			
-13.0679			25.8293			-7.0385			5.7000			-385.0000			19.0000			219.0000			
-14.7047			26.3895			-5.9057			5.7000			-396.0000			4.0000			234.0000			
-15.2503			28.6302			-4.2065			9.1000			-404.0000			-12.0000			248.0000			
-13.6135			23.0285			-0.8081			8.6000			-410.0000			-24.0000			260.0000			
-17.9783			20.2276			2.5902			4.8000			-417.0000			-37.0000			272.0000			
-17.9783			22.4683			2.5902			7.0000			-420.0000			-49.0000			283.0000			
-17.4327			21.3479			4.2894			8.2000			-422.0000			-65.0000			294.0000			
-19.6151			20.2276			5.9886			6.6000			-418.0000			-81.0000			303.0000			
-22.3431			19.6674			8.8205			6.1000			-414.0000			-94.0000			309.0000			
-21.7975			16.3064			13.3517			7.8000			-408.0000			-106.0000			314.0000			
-25.6168			15.1861			17.3164			6.8000			-399.0000			-120.0000			317.0000			
-26.7080			14.6259			17.8828			5.8000			-387.0000			-131.0000			317.0000			
-23.9799			14.0657			17.3164			7.3000			-376.0000			-140.0000			314.0000			
-21.7975			12.9454			17.8828			9.0000			-361.0000			-146.0000			309.0000			
-20.7063			8.4640			17.8828			5.6000			-344.0000			-153.0000			301.0000			
-21.7975			7.3437			18.4492			3.9000			-325.0000			-160.0000			288.0000			
-25.6168			7.3437			24.1131			5.8000			-301.0000			-167.0000			274.0000			
-22.8887			6.7835			25.8123			9.7000			-281.0000			-172.0000			263.0000			
-19.0695			1.7420			24.1131			6.7000			-257.0000			-177.0000			251.0000			
-17.9783			1.1818			23.5467			6.7000			-232.0000			-182.0000			235.0000			
-19.0695			0.6217			26.3787			7.9000			-203.0000			-185.0000			216.0000			
-17.9783			-4.4199			28.0779			5.6000			-172.0000			-189.0000			198.0000			
-16.3415			-4.9800			26.9451			5.6000			-141.0000			-193.0000			179.0000			
-12.5223			-8.9012			27.5115			6.0000			-108.0000			-194.0000			157.0000			
-13.6135			-11.7021			36.0074			10.6000			-74.0000			-195.0000			134.0000			
-15.2503			-9.4614			32.6090			7.8000			-41.0000			-193.0000			113.0000			
-9.7942			-7.7809			24.6795			7.1000			-9.0000			-191.0000			93.0000			
-7.0662			-10.5817			24.1131			6.4000			20.0000			-186.0000			70.0000			
-7.0662			-12.8224			28.0779			8.1000			51.0000			-180.0000			45.0000			
-5.9750			-16.1834			28.0779			5.9000			81.0000			-173.0000			21.0000			
-3.2470			-16.7436			26.9451			6.9000			111.0000			-166.0000			-3.0000			
0.5722			-17.3038			24.6795			7.9000			141.0000			-159.0000			-25.0000			
3.3002			-17.8640			20.7148			6.1000			168.0000			-151.0000			-50.0000			
6.0283			-18.4241			19.0156			6.6000			195.0000			-139.0000			-75.0000			
8.2107			-21.7851			21.2812			7.7000			221.0000			-128.0000			-101.0000			
7.6651			-22.9055			21.8476			6.5000			247.0000			-116.0000			-125.0000			
11.4843			-22.9055			18.4492			7.0000			270.0000			-105.0000			-149.0000			
18.0315			-26.8267			16.7500			7.9000			293.0000			-94.0000			-173.0000			
15.3035			-27.3868			17.8828			5.7000			314.0000			-80.0000			-195.0000			
14.2123			-22.9055			17.8828			9.1000			333.0000			-70.0000			-213.0000			
16.3947			-22.3453			14.4845			8.5000			349.0000			-59.0000			-228.0000			
20.7596			-25.7063			12.7853			7.8000			362.0000			-46.0000			-242.0000			
22.9420			-26.8267			12.2189			8.3000			373.0000			-31.0000			-257.0000			
21.3052			-26.8267			9.9533			4.4000			380.0000			-17.0000			-271.0000			
19.6683			-21.7851			8.2541			6.1000			388.0000			-2.0000			-284.0000			
21.3052			-18.9843			7.1213			9.4000			393.0000			9.0000			-296.0000			
24.5788			-18.9843			4.8558			10.4000			396.0000			23.0000			-307.0000			
24.5788			-20.6648			2.0238			5.9000			396.0000			39.0000			-315.0000			
26.2156			-18.9843			-0.8081			6.4000			392.0000			53.0000			-323.0000			
27.8524			-16.7436			-3.6401			7.4000			388.0000			67.0000			-330.0000			
28.3980			-13.9428			-5.9057			8.5000			382.0000			79.0000			-334.0000			
32.7628			-14.5029			-9.3040			8.9000			371.0000			92.0000			-338.0000			
33.8540			-14.5029			-12.7024			6.6000			361.0000			103.0000			-337.0000			
26.2156			-11.7021			-7.6049			6.9000			349.0000			111.0000			-335.0000			
27.3068			-10.5817			-9.8704			6.8000			336.0000			119.0000			-330.0000			
29.4892			-8.9012			-14.9680			5.6000			318.0000			125.0000			-321.0000			
28.9436			-7.2207			-16.1007			5.6000			297.0000			132.0000			-309.0000			
27.8524			-6.1004			-14.9680			6.7000			276.0000			140.0000			-297.0000			
26.7612			-2.7394			-14.9680			9.0000			254.0000			145.0000			-284.0000			
26.2156			-0.4987			-16.6671			9.0000			229.0000			151.0000			-271.0000			
25.6700			-1.0589			-17.2335			7.3000			203.0000			155.0000			-255.0000			
24.0332			2.3022			-19.4991			6.8000			173.0000			160.0000			-238.0000			
24.0332			2.3022			-19.4991			6.8000			142.0000			162.0000			-217.0000			
21.3052			3.4225			-18.3663			6.3000			110.0000			165.0000			-197.0000			
19.1227			10.1445			-23.4638			5.7000			77.0000			167.0000			-177.0000			
20.2139			12.3852			-27.4286			5.1000			45.0000			166.0000			-153.0000			
19.6683			10.7047			-23.4638			6.8000			13.0000			166.0000			-133.0000			
15.8491			8.4640			-17.7999			6.5000			-17.0000			162.0000			-112.0000			
13.6667			10.7047			-18.3663			5.9000			-46.0000			158.0000			-90.0000			
14.2123			12.3852			-21.1983			5.4000			-77.0000			151.0000			-65.0000			
12.0299			14.0657			-23.4638			2.6000			-107.0000			143.0000			-41.0000			
9.3019			16.3064			-21.1983			4.4000			-136.0000			137.0000			-17.0000			
6.5739			18.5471			-18.3663			6.7000			-166.0000			132.0000			5.0000			
4.9370			16.3064			-14.9680			6.2000			-194.0000			123.0000			29.0000			
-0.5190			17.9869			-14.9680			2.5000			-220.0000			111.0000			55.0000			
-1.0646			23.5886			-15.5344			6.9000			-248.0000			100.0000			81.0000			
-0.5190			21.9081			-13.8352			7.5000			-273.0000			88.0000			106.0000			
-4.3382			21.3479			-11.5696			5.4000			-297.0000			77.0000			131.0000			
-10.3399			25.2691			-11.0032			3.9000			-320.0000			65.0000			154.0000			
-11.4311			28.6302			-11.0032			6.1000			-340.0000			54.0000			174.0000			
-7.6118			24.1488			-9.3040			7.2000			-359.0000			41.0000			191.0000			
-8.7030			22.4683			-7.6049			6.1000			-374.0000			31.0000			205.0000			
-13.6135			25.8293			-8.1712			4.0000			-386.0000			18.0000			220.0000			
-14.1591			26.9496			-5.3393			7.4000			-396.0000			4.0000			234.0000			
-15.2503			26.9496			-3.6401			8.0000			-405.0000			-11.0000			248.0000			
-15.2503			21.9081			-1.3745			5.2000			-413.0000			-25.0000			261.0000			
-19.0695			22.4683			-0.8081			2.5000			-418.0000			-37.0000			273.0000			
-16.8871			23.0285			0.8910			7.0000			-422.0000			-50.0000			283.0000			
-17.4327			20.2276			3.7230			6.5000			-422.0000			-67.0000			294.0000			
-22.3431			20.7878			5.4222			3.8000			-419.0000			-81.0000			301.0000			
-21.7975			20.2276			7.6877			6.1000			-414.0000			-95.0000			309.0000			
-21.7975			16.8666			12.2189			7.2000			-408.0000			-108.0000			314.0000			
-26.1624			14.6259			17.3164			5.7000			-398.0000			-120.0000			316.0000			
-26.7080			14.0657			17.3164			4.6000			-387.0000			-131.0000			316.0000			
-22.8887			14.0657			15.0508			6.2000			-376.0000			-140.0000			313.0000			
-19.6151			12.3852			13.9181			6.6000			-361.0000			-147.0000			306.0000			
-20.7063			9.0242			15.0508			3.3000			-342.0000			-153.0000			297.0000			
-23.4343			7.9039			19.5820			4.0000			-324.0000			-161.0000			287.0000			
-25.6168			7.9039			25.2459			7.5000			-301.0000			-167.0000			274.0000			
-21.7975			4.5428			24.1131			6.8000			-280.0000			-172.0000			262.0000			
-19.0695			1.1818			21.8476			3.9000			-255.0000			-177.0000			249.0000			
-19.0695			1.7420			21.8476			4.5000			-229.0000			-183.0000			234.0000			
-18.5239			-1.6190			24.1131			3.9000			-201.0000			-187.0000			216.0000			
-17.9783			-3.8597			24.6795			2.8000			-169.0000			-190.0000			197.0000			
-16.8871			-4.4199			24.6795			3.3000			-139.0000			-193.0000			177.0000			
-12.5223			-8.9012			26.9451			5.5000			-106.0000			-195.0000			157.0000			
-14.1591			-13.3826			33.1754			5.6000			-73.0000			-193.0000			133.0000			
-15.7959			-9.4614			29.2107			3.9000			-42.0000			-193.0000			112.0000			
-10.3399			-7.7809			23.5467			5.4000			-10.0000			-189.0000			90.0000			
-8.1574			-10.5817			24.1131			5.3000			20.0000			-184.0000			69.0000			
-9.2486			-13.3826			27.5115			4.8000			52.0000			-178.0000			44.0000			
-7.0662			-15.0631			26.3787			4.2000			82.0000			-171.0000			20.0000			
-2.7014			-15.0631			24.6795			6.9000			111.0000			-164.0000			-4.0000			
-1.0646			-17.3038			22.4139			4.0000			141.0000			-159.0000			-28.0000			
0.5722			-16.7436			20.7148			4.5000			169.0000			-150.0000			-52.0000			
3.8458			-17.3038			19.5820			6.1000			196.0000			-139.0000			-77.0000			
6.0283			-21.7851			21.8476			6.0000			223.0000			-127.0000			-103.0000			
6.0283			-22.3453			21.2812			4.9000			248.0000			-116.0000			-127.0000			
10.9387			-22.3453			18.4492			7.0000			272.0000			-105.0000			-150.0000			
16.9403			-27.3868			16.1836			5.7000			294.0000			-94.0000			-174.0000			
14.2123			-26.2665			16.7500			4.6000			316.0000			-81.0000			-196.0000			
13.6667			-22.3453			16.1836			7.4000			335.0000			-70.0000			-213.0000			
15.3035			-22.9055			13.9181			6.3000			349.0000			-59.0000			-227.0000			
20.2139			-27.3868			13.9181			6.7000			362.0000			-46.0000			-242.0000			
21.3052			-27.9470			10.5197			3.8000			372.0000			-31.0000			-257.0000			
20.2139			-24.0258			8.2541			4.4000			379.0000			-15.0000			-271.0000			
19.6683			-19.5445			8.8205			8.9000			388.0000			-3.0000			-285.0000			
21.8508			-20.1046			6.5550			8.3000			394.0000			10.0000			-295.0000			
23.4876			-20.1046			3.7230			7.1000			397.0000			23.0000			-307.0000			
23.4876			-18.9843			0.3246			4.8000			394.0000			38.0000			-316.0000			
25.1244			-16.7436			-2.5073			5.8000			393.0000			52.0000			-323.0000			
27.3068			-16.1834			-3.6401			7.4000			386.0000			67.0000			-330.0000			
27.3068			-14.5029			-6.4721			6.3000			380.0000			80.0000			-334.0000			
31.6716			-15.0631			-11.5696			5.0000			369.0000			92.0000			-337.0000			
31.6716			-13.9428			-13.2688			4.4000			360.0000			103.0000			-337.0000			
24.5788			-11.7021			-7.6049			5.2000			347.0000			111.0000			-333.0000			
27.3068			-10.5817			-9.3040			7.4000			333.0000			118.0000			-329.0000			
27.8524			-7.7809			-14.9680			5.1000			317.0000			126.0000			-320.0000			
27.3068			-7.2207			-15.5344			4.5000			297.0000			132.0000			-308.0000			
26.7612			-6.1004			-14.4016			6.2000			275.0000			139.0000			-297.0000			
26.2156			-3.8597			-15.5344			6.8000			252.0000			146.0000			-285.0000			
25.6700			-1.6190			-17.7999			6.2000			229.0000			151.0000			-271.0000			
22.9420			-1.6190			-17.7999			3.5000			202.0000			156.0000			-255.0000			
22.9420			1.1818			-18.9327			5.1000			173.0000			161.0000			-236.0000			
23.4876			1.7420			-19.4991			5.7000			141.0000			163.0000			-217.0000			
20.2139			3.9827			-20.0655			4.1000			111.0000			166.0000			-196.0000			
18.5771			10.1445			-24.5966			4.1000			78.0000			166.0000			-175.0000			
19.1227			13.5056			-27.9950			4.6000			43.0000			166.0000			-152.0000			
18.5771			10.7047			-22.8975			6.3000			12.0000			165.0000			-131.0000			
15.3035			9.0242			-18.9327			5.3000			-19.0000			163.0000			-112.0000			
12.5755			11.8251			-20.0655			4.3000			-49.0000			157.0000			-89.0000			
14.2123			11.8251			-23.4638			2.5000			-79.0000			150.0000			-66.0000			
11.4843			16.3064			-25.1630			2.6000			-110.0000			144.0000			-40.0000			
8.2107			17.4268			-22.8975			2.7000			-138.0000			139.0000			-17.0000			
6.0283			18.5471			-18.9327			5.6000			-167.0000			131.0000			7.0000			
3.8458			15.7462			-16.1007			3.4000			-196.0000			121.0000			31.0000			
-1.0646			19.6674			-14.9680			3.6000			-221.0000			111.0000			55.0000			
-2.1558			23.5886			-15.5344			5.8000			-248.0000			100.0000			81.0000			
-1.6102			21.3479			-14.4016			5.3000			-275.0000			89.0000			107.0000			
-4.8838			21.3479			-13.8352			2.6000			-299.0000			77.0000			131.0000			
-11.4311			26.3895			-12.7024			2.2000			-322.0000			65.0000			155.0000			
-12.5223			28.6302			-12.1360			3.9000			-341.0000			51.0000			175.0000			
-8.7030			23.5886			-9.8704			5.0000			-359.0000			41.0000			191.0000			
-10.3399			21.9081			-7.6049			3.9000			-375.0000			29.0000			206.0000			
-15.7959			27.5098			-8.7376			2.9000			-386.0000			17.0000			221.0000			
-15.7959			26.9496			-5.3393			5.8000			-397.0000			2.0000			235.0000			
-16.3415			26.3895			-4.2065			5.8000			-405.0000			-12.0000			250.0000			
-16.8871			21.3479			-2.5073			1.9000			-413.0000			-26.0000			262.0000			
-19.6151			23.0285			-1.9409			1.4000			-419.0000			-38.0000			274.0000			
-17.4327			22.4683			-0.2418			4.7000			-421.0000			-51.0000			284.0000			
-19.0695			20.2276			3.7230			4.8000			-422.0000			-67.0000			295.0000			
-22.3431			20.2276			6.5550			4.4000			-419.0000			-82.0000			304.0000			
-23.4343			20.7878			7.6877			5.0000			-415.0000			-95.0000			309.0000			
-22.3431			15.7462			12.7853			6.1000			-407.0000			-109.0000			313.0000			
-27.2536			14.0657			16.7500			3.5000			-397.0000			-121.0000			316.0000			
-27.7992			14.0657			16.7500			3.0000			-387.0000			-133.0000			317.0000			
-23.4343			13.5056			15.0508			5.1000			-374.0000			-141.0000			314.0000			
-20.7063			11.8251			13.3517			4.4000			-360.0000			-147.0000			307.0000			
-21.7975			7.9039			16.1836			2.2000			-342.0000			-155.0000			298.0000			
-25.0712			7.3437			20.7148			2.9000			-323.0000			-161.0000			287.0000			
-26.7080			7.3437			24.6795			5.3000			-301.0000			-167.0000			274.0000			
-21.7975			3.4225			23.5467			5.1000			-278.0000			-173.0000			262.0000			
-20.1607			0.6217			21.8476			2.2000			-254.0000			-178.0000			250.0000			
-20.1607			0.6217			21.8476			2.2000			-228.0000			-184.0000			234.0000			
-18.5239			-1.6190			24.6795			4.5000			-199.0000			-188.0000			215.0000			
-19.0695			-4.4199			25.2459			1.7000			-168.0000			-191.0000			195.0000			
-17.9783			-5.5402			25.2459			1.7000			-136.0000			-194.0000			176.0000			
-14.1591			-10.0216			28.0779			3.8000			-103.0000			-195.0000			154.0000			
-13.6135			-13.9428			33.1754			5.6000			-70.0000			-194.0000			133.0000			
-15.2503			-10.0216			26.9451			1.6000			-38.0000			-193.0000			111.0000			
-9.7942			-8.9012			22.9803			4.2000			-8.0000			-189.0000			89.0000			
-8.7030			-11.1419			25.8123			5.9000			22.0000			-185.0000			67.0000			
-8.7030			-13.9428			28.6443			5.9000			53.0000			-178.0000			43.0000			
-6.5206			-15.6233			25.8123			3.6000			84.0000			-173.0000			18.0000			
-2.7014			-16.1834			24.6795			5.7000			113.0000			-165.0000			-6.0000			
-0.5190			-17.3038			21.8476			4.0000			143.0000			-158.0000			-29.0000			
0.5722			-17.3038			20.7148			3.9000			170.0000			-149.0000			-54.0000			
3.8458			-18.4241			19.5820			5.0000			198.0000			-138.0000			-78.0000			
5.4827			-22.3453			21.2812			4.4000			224.0000			-127.0000			-104.0000			
6.0283			-22.3453			20.1484			3.8000			249.0000			-114.0000			-129.0000			
10.9387			-23.4657			17.3164			4.7000			272.0000			-104.0000			-151.0000			
16.3947			-27.3868			15.6172			4.6000			295.0000			-92.0000			-175.0000			
14.2123			-25.7063			15.0508			3.5000			315.0000			-79.0000			-196.0000			
14.2123			-23.4657			15.6172			6.3000			335.0000			-69.0000			-214.0000			
15.8491			-23.4657			12.7853			5.1000			350.0000			-57.0000			-229.0000			
19.1227			-27.9470			12.7853			3.9000			362.0000			-45.0000			-243.0000			
19.1227			-25.7063			9.3869			2.7000			372.0000			-30.0000			-257.0000			
20.2139			-23.4657			7.1213			3.8000			380.0000			-16.0000			-271.0000			
20.2139			-22.3453			8.2541			6.1000			388.0000			-3.0000			-284.0000			
21.8508			-20.6648			5.9886			7.1000			393.0000			10.0000			-295.0000			
24.0332			-21.2250			2.5902			5.3000			395.0000			23.0000			-306.0000			
22.9420			-18.9843			-0.2418			3.7000			397.0000			39.0000			-317.0000			
25.1244			-16.7436			-3.0737			5.3000			392.0000			54.0000			-325.0000			
26.2156			-16.7436			-4.7729			4.6000			387.0000			67.0000			-329.0000			
27.3068			-15.0631			-7.6049			4.6000			381.0000			81.0000			-335.0000			
33.3084			-15.0631			-12.7024			5.5000			371.0000			94.0000			-337.0000			
30.0348			-14.5029			-13.2688			2.2000			358.0000			105.0000			-336.0000			
24.5788			-12.2623			-7.0385			5.2000			345.0000			112.0000			-335.0000			
27.3068			-10.5817			-11.5696			5.1000			332.0000			119.0000			-328.0000			
27.3068			-8.9012			-14.9680			3.4000			315.0000			126.0000			-319.0000			
26.7612			-6.6606			-16.1007			4.0000			295.0000			134.0000			-307.0000			
26.2156			-6.1004			-14.9680			5.1000			273.0000			139.0000			-296.0000			
26.7612			-4.4199			-16.6671			5.6000			251.0000			146.0000			-283.0000			
25.6700			-2.1792			-18.9327			4.5000			225.0000			152.0000			-270.0000			
22.3964			-2.1792			-17.7999			2.4000			200.0000			155.0000			-254.0000			
21.8508			0.6217			-19.4991			2.9000			170.0000			160.0000			-236.0000			
22.3964			1.7420			-20.0655			4.0000			139.0000			163.0000			-215.0000			
20.2139			3.9827			-21.1983			2.9000			107.0000			166.0000			-195.0000			
16.9403			11.2649			-25.7294			2.4000			75.0000			167.0000			-174.0000			
19.1227			12.3852			-27.9950			3.5000			41.0000			167.0000			-151.0000			
18.0315			9.0242			-22.3311			4.7000			10.0000			166.0000			-130.0000			
14.2123			9.5844			-19.4991			4.2000			-21.0000			162.0000			-109.0000			
12.5755			12.3852			-22.3311			2.6000			-51.0000			157.0000			-88.0000			
14.2123			13.5056			-26.2958			1.4000			-81.0000			150.0000			-63.0000			
10.3931			17.9869			-26.2958			2.0000			-111.0000			143.0000			-38.0000			
7.6651			17.4268			-21.1983			3.8000			-141.0000			135.0000			-13.0000			
5.4827			18.5471			-18.3663			5.6000			-170.0000			130.0000			10.0000			
3.3002			15.1861			-17.7999			0.6000			-198.0000			121.0000			33.0000			
-2.1558			20.2276			-16.1007			1.9000			-225.0000			110.0000			58.0000			
-1.6102			21.9081			-14.9680			5.3000			-250.0000			99.0000			84.0000			
-2.1558			19.6674			-15.5344			1.9000			-276.0000			86.0000			110.0000			
-6.5206			21.3479			-14.9680			-0.1000			-300.0000			75.0000			133.0000			
-12.5223			27.5098			-13.2688			1.7000			-323.0000			62.0000			155.0000			
-11.9767			28.6302			-12.7024			3.9000			-344.0000			51.0000			177.0000			
-8.1574			23.0285			-9.8704			5.0000			-361.0000			39.0000			194.0000			
-10.3399			23.0285			-9.3040			3.3000			-376.0000			30.0000			208.0000			
-15.2503			28.0700			-9.8704			2.9000			-389.0000			15.0000			223.0000			
-15.2503			25.8293			-4.7729			5.7000			-398.0000			0.0000			237.0000			
-16.3415			25.2691			-3.6401			5.2000			-407.0000			-14.0000			251.0000			
-16.8871			20.7878			-3.0737			0.8000			-414.0000			-26.0000			264.0000			
-18.5239			25.2691			-3.6401			3.1000			-420.0000			-40.0000			276.0000			
-16.3415			21.3479			0.3246			5.3000			-423.0000			-54.0000			287.0000			
-19.6151			19.1073			3.7230			3.2000			-423.0000			-69.0000			296.0000			
-23.4343			19.6674			5.9886			2.2000			-419.0000			-83.0000			305.0000			
-22.3431			18.5471			7.6877			3.8000			-414.0000			-97.0000			311.0000			
-23.9799			15.1861			12.7853			3.9000			-407.0000			-110.0000			316.0000			
-29.4360			14.0657			16.1836			0.8000			-396.0000			-124.0000			318.0000			
-26.7080			14.0657			15.0508			2.4000			-386.0000			-134.0000			317.0000			
-21.2519			12.9454			12.7853			4.4000			-373.0000			-141.0000			314.0000			
-21.2519			10.1445			12.7853			1.6000			-360.0000			-148.0000			308.0000			
-24.5255			8.4640			16.7500			0.6000			-341.0000			-154.0000			297.0000			
-27.2536			7.3437			21.8476			1.9000			-321.0000			-162.0000			285.0000			
-26.1624			6.2234			24.1131			4.1000			-299.0000			-169.0000			273.0000			
-22.3431			2.8623			21.2812			1.7000			-277.0000			-175.0000			261.0000			
-20.1607			1.1818			20.7148			1.7000			-253.0000			-179.0000			248.0000			
-20.7063			0.6217			21.2812			1.1000			-226.0000			-184.0000			231.0000			
-17.9783			-1.0589			22.4139			3.3000			-197.0000			-187.0000			212.0000			
-19.0695			-2.7394			22.4139			0.6000			-166.0000			-191.0000			194.0000			
-17.9783			-4.4199			24.1131			1.7000			-133.0000			-193.0000			173.0000			
-14.7047			-10.5817			28.0779			2.7000			-101.0000			-195.0000			152.0000			
-15.2503			-13.9428			31.4762			2.2000			-67.0000			-193.0000			128.0000			
-15.2503			-8.9012			24.6795			0.5000			-36.0000			-194.0000			109.0000			
-10.3399			-8.9012			21.8476			2.5000			-6.0000			-191.0000			87.0000			
-9.2486			-11.1419			26.9451			6.5000			25.0000			-184.0000			65.0000			
-10.8855			-13.9428			28.0779			3.2000			55.0000			-179.0000			41.0000			
-7.0662			-16.1834			25.8123			2.5000			86.0000			-172.0000			17.0000			
-1.6102			-16.7436			24.1131			5.7000			117.0000			-165.0000			-7.0000			
-1.0646			-16.7436			21.8476			4.0000			146.0000			-158.0000			-31.0000			
-0.5190			-18.4241			20.7148			1.7000			174.0000			-149.0000			-55.0000			
3.3002			-18.9843			19.5820			3.9000			200.0000			-138.0000			-81.0000			
3.3002			-22.9055			21.8476			2.2000			226.0000			-126.0000			-105.0000			
5.4827			-22.3453			20.7148			3.8000			251.0000			-115.0000			-130.0000			
11.4843			-23.4657			16.7500			4.7000			274.0000			-103.0000			-154.0000			
15.3035			-27.3868			15.0508			2.9000			298.0000			-91.0000			-177.0000			
14.2123			-24.5860			15.6172			5.2000			317.0000			-79.0000			-197.0000			
13.1211			-22.9055			13.9181			4.1000			336.0000			-69.0000			-215.0000			
14.7579			-24.5860			11.6525			1.8000			351.0000			-58.0000			-230.0000			
18.0315			-28.5072			12.2189			1.7000			362.0000			-44.0000			-244.0000			
18.5771			-25.7063			8.8205			1.6000			372.0000			-30.0000			-259.0000			
19.6683			-22.9055			7.1213			3.8000			380.0000			-14.0000			-274.0000			
20.2139			-22.3453			7.6877			5.5000			388.0000			-1.0000			-287.0000			
22.3964			-22.9055			3.7230			3.2000			393.0000			12.0000			-299.0000			
22.9420			-22.3453			1.4574			2.0000			396.0000			25.0000			-308.0000			
21.8508			-17.8640			-1.9409			2.0000			396.0000			41.0000			-318.0000			
25.1244			-16.1834			-4.2065			4.7000			391.0000			55.0000			-326.0000			
26.2156			-17.3038			-4.7729			4.1000			386.0000			69.0000			-330.0000			
27.8524			-15.0631			-9.3040			3.4000			378.0000			83.0000			-336.0000			
32.2172			-15.0631			-14.9680			2.1000			367.0000			94.0000			-338.0000			
27.8524			-13.9428			-12.7024			1.2000			358.0000			105.0000			-337.0000			
24.5788			-11.7021			-7.6049			5.2000			346.0000			113.0000			-334.0000			
27.8524			-11.7021			-13.2688			2.8000			330.0000			119.0000			-328.0000			
26.7612			-8.9012			-15.5344			2.3000			313.0000			126.0000			-319.0000			
24.5788			-7.2207			-16.1007			1.2000			292.0000			133.0000			-306.0000			
25.6700			-6.1004			-16.1007			3.4000			271.0000			139.0000			-295.0000			
26.2156			-3.8597			-17.7999			4.5000			248.0000			146.0000			-281.0000			
25.6700			-3.2995			-18.9327			3.4000			223.0000			151.0000			-267.0000			
21.8508			-1.0589			-18.3663			2.4000			196.0000			157.0000			-251.0000			
20.7596			1.1818			-18.3663			3.5000			167.0000			160.0000			-234.0000			
21.3052			0.6217			-20.0655			1.8000			136.0000			164.0000			-214.0000			
19.6683			6.2234			-22.8975			2.9000			104.0000			165.0000			-193.0000			
16.3947			11.8251			-26.2958			1.9000			71.0000			167.0000			-172.0000			
18.0315			11.8251			-26.8622			2.9000			39.0000			165.0000			-149.0000			
16.9403			8.4640			-21.7647			3.6000			7.0000			164.0000			-129.0000			
13.6667			8.4640			-20.0655			2.0000			-23.0000			160.0000			-107.0000			
13.1211			12.9454			-24.0302			2.0000			-53.0000			155.0000			-84.0000			
13.1211			14.0657			-26.8622			0.3000			-82.0000			149.0000			-61.0000			
8.2107			17.9869			-25.7294			0.4000			-112.0000			142.0000			-36.0000			
6.0283			17.4268			-20.0655			3.3000			-141.0000			135.0000			-12.0000			
5.4827			16.8666			-18.3663			3.9000			-172.0000			129.0000			10.0000			
2.2090			16.3064			-18.3663			0.1000			-201.0000			120.0000			35.0000			
-2.7014			20.7878			-15.5344			2.5000			-227.0000			110.0000			61.0000			
-1.6102			20.7878			-15.5344			3.6000			-252.0000			98.0000			85.0000			
-3.2470			20.2276			-16.6671			0.3000			-279.0000			86.0000			112.0000			
-8.1574			23.0285			-16.1007			-1.2000			-303.0000			73.0000			135.0000			
-13.6135			28.0700			-12.7024			1.7000			-325.0000			63.0000			158.0000			
-10.3399			26.9496			-11.5696			5.0000			-345.0000			51.0000			177.0000			
-7.6118			21.3479			-12.1360			1.5000			-363.0000			39.0000			194.0000			
-11.9767			21.9081			-9.3040			0.6000			-377.0000			27.0000			208.0000			
-15.7959			28.0700			-9.3040			2.9000			-389.0000			14.0000			222.0000			
-15.7959			24.1488			-5.3393			3.0000			-398.0000			-1.0000			237.0000			
-16.8871			21.9081			-3.6401			1.3000			-407.0000			-14.0000			251.0000			
-17.4327			21.3479			-4.7729			-0.8000			-415.0000			-27.0000			264.0000			
-17.9783			24.7090			-4.7729			1.9000			-421.0000			-41.0000			276.0000			
-16.3415			19.1073			1.4574			4.2000			-423.0000			-54.0000			286.0000			
-21.2519			17.4268			5.4222			1.5000			-422.0000			-69.0000			296.0000			
-23.4343			19.1073			5.9886			1.6000			-419.0000			-83.0000			304.0000			
-21.7975			17.9869			7.6877			3.8000			-414.0000			-98.0000			310.0000			
-24.5255			13.5056			12.2189			1.2000			-407.0000			-112.0000			314.0000			
-29.9816			14.0657			15.6172			-0.3000			-396.0000			-123.0000			315.0000			
-26.1624			14.6259			13.9181			2.3000			-385.0000			-133.0000			316.0000			
-20.1607			11.8251			10.5197			2.1000			-373.0000			-141.0000			311.0000			
-21.2519			9.5844			11.6525			0.0000			-358.0000			-147.0000			306.0000			
-27.2536			8.4640			17.8828			-0.9000			-340.0000			-155.0000			296.0000			
-26.7080			7.3437			21.8476			2.4000			-319.0000			-162.0000			284.0000			
-23.9799			6.2234			21.8476			4.0000			-298.0000			-169.0000			271.0000			
-21.7975			2.8623			19.5820			0.6000			-275.0000			-175.0000			260.0000			
-20.7063			1.7420			20.1484			1.1000			-251.0000			-180.0000			248.0000			
-20.1607			1.1818			21.2812			2.2000			-225.0000			-184.0000			233.0000			
-17.9783			-1.0589			21.2812			2.2000			-196.0000			-188.0000			214.0000			
-19.6151			-1.6190			21.8476			0.6000			-165.0000			-190.0000			194.0000			
-17.9783			-4.4199			24.1131			1.7000			-133.0000			-193.0000			173.0000			
-15.2503			-10.5817			28.6443			2.8000			-101.0000			-195.0000			151.0000			
-15.2503			-12.8224			28.6443			0.5000			-67.0000			-193.0000			128.0000			
-15.2503			-8.3411			24.6795			1.0000			-35.0000			-192.0000			107.0000			
-11.4311			-8.9012			22.9803			2.6000			-6.0000			-188.0000			87.0000			
-10.8855			-12.2623			26.9451			3.7000			24.0000			-183.0000			64.0000			
-10.8855			-13.9428			28.0779			3.2000			55.0000			-176.0000			39.0000			
-6.5206			-15.0631			25.2459			3.6000			85.0000			-170.0000			15.0000			
-3.2470			-16.7436			22.9803			2.9000			116.0000			-165.0000			-9.0000			
-2.7014			-16.7436			21.8476			2.3000			146.0000			-158.0000			-31.0000			
-0.5190			-17.8640			21.2812			2.9000			174.0000			-148.0000			-57.0000			
3.8458			-19.5445			18.4492			2.7000			200.0000			-138.0000			-82.0000			
2.7546			-21.7851			20.7148			1.6000			226.0000			-125.0000			-108.0000			
4.9370			-22.3453			20.7148			3.2000			251.0000			-113.0000			-132.0000			
10.9387			-23.4657			16.1836			3.6000			276.0000			-103.0000			-155.0000			
14.7579			-27.3868			15.0508			2.4000			298.0000			-90.0000			-178.0000			
13.6667			-24.0258			13.9181			3.5000			318.0000			-79.0000			-198.0000			
13.1211			-22.9055			13.3517			3.5000			335.0000			-68.0000			-215.0000			
13.6667			-24.0258			11.0861			0.7000			350.0000			-57.0000			-229.0000			
18.0315			-27.3868			11.0861			1.7000			364.0000			-42.0000			-244.0000			
17.4859			-24.5860			7.6877			0.5000			372.0000			-29.0000			-258.0000			
19.1227			-21.7851			7.1213			4.4000			379.0000			-13.0000			-274.0000			
20.2139			-22.3453			5.9886			3.8000			389.0000			-1.0000			-286.0000			
22.9420			-22.9055			3.7230			3.7000			393.0000			13.0000			-298.0000			
22.3964			-21.7851			0.8910			1.4000			395.0000			26.0000			-308.0000			
21.3052			-16.1834			-3.0737			2.0000			395.0000			41.0000			-318.0000			
25.1244			-16.7436			-3.0737			5.3000			391.0000			58.0000			-325.0000			
25.6700			-17.3038			-4.7729			3.5000			385.0000			70.0000			-330.0000			
27.3068			-14.5029			-9.8704			2.9000			378.0000			83.0000			-336.0000			
32.2172			-15.0631			-15.5344			1.6000			368.0000			94.0000			-337.0000			
26.7612			-13.3826			-12.1360			1.2000			356.0000			105.0000			-336.0000			
24.0332			-12.2623			-7.6049			4.1000			344.0000			112.0000			-333.0000			
27.3068			-12.2623			-12.7024			2.3000			330.0000			121.0000			-326.0000			
25.6700			-8.3411			-15.5344			1.7000			312.0000			126.0000			-318.0000			
25.6700			-6.6606			-16.1007			2.9000			290.0000			134.0000			-305.0000			
26.7612			-5.5402			-16.6671			4.5000			269.0000			140.0000			-293.0000			
25.6700			-4.4199			-18.3663			2.8000			247.0000			147.0000			-282.0000			
22.9420			-3.2995			-18.9327			0.7000			222.0000			152.0000			-269.0000			
20.2139			-1.6190			-18.3663			0.2000			196.0000			156.0000			-252.0000			
20.2139			0.0615			-18.9327			1.3000			166.0000			159.0000			-233.0000			
21.3052			1.1818			-20.6319			1.8000			134.0000			164.0000			-213.0000			
19.1227			6.2234			-24.0302			1.3000			103.0000			164.0000			-193.0000			
15.8491			12.9454			-25.7294			3.0000			70.0000			167.0000			-172.0000			
17.4859			11.8251			-26.8622			2.4000			37.0000			166.0000			-148.0000			
18.5771			7.9039			-21.7647			4.7000			4.0000			166.0000			-128.0000			
13.1211			9.0242			-20.6319			1.5000			-26.0000			162.0000			-107.0000			
12.5755			12.9454			-25.1630			0.3000			-54.0000			157.0000			-85.0000			
12.5755			16.3064			-27.9950			0.8000			-86.0000			150.0000			-60.0000			
7.6651			19.1073			-26.2958			0.4000			-115.0000			143.0000			-36.0000			
4.9370			19.1073			-21.1983			2.8000			-145.0000			136.0000			-11.0000			
4.3914			17.9869			-18.3663			4.0000			-175.0000			130.0000			11.0000			
1.1178			17.9869			-19.4991			-0.3000			-201.0000			120.0000			36.0000			
-2.7014			21.9081			-16.6671			2.5000			-229.0000			109.0000			60.0000			
-2.1558			21.9081			-16.1007			3.6000			-255.0000			96.0000			88.0000			
-3.7926			20.7878			-17.7999			-0.8000			-280.0000			85.0000			112.0000			
-9.2486			23.5886			-14.9680			-0.6000			-304.0000			72.0000			135.0000			
-14.1591			29.7505			-13.2688			2.3000			-326.0000			61.0000			158.0000			
-10.8855			26.3895			-12.1360			3.3000			-345.0000			49.0000			179.0000			
-8.1574			20.7878			-11.0032			1.6000			-363.0000			38.0000			195.0000			
-13.0679			23.0285			-10.4368			-0.4000			-377.0000			27.0000			209.0000			
-16.3415			27.5098			-9.3040			1.8000			-389.0000			12.0000			225.0000			
-16.8871			23.5886			-4.7729			1.9000			-399.0000			-2.0000			238.0000			
-17.4327			22.4683			-4.2065			0.8000			-407.0000			-15.0000			252.0000			
-17.4327			21.3479			-3.6401			0.2000			-414.0000			-29.0000			265.0000			
-18.5239			25.2691			-4.7729			1.9000			-420.0000			-42.0000			276.0000			
-17.9783			19.1073			1.4574			2.5000			-422.0000			-55.0000			287.0000			
-22.3431			17.9869			5.4222			1.0000			-422.0000			-70.0000			297.0000			
-23.9799			19.1073			5.9886			1.1000			-419.0000			-86.0000			305.0000			
-21.7975			17.4268			7.1213			2.7000			-413.0000			-99.0000			311.0000			
-25.0712			12.9454			13.3517			1.2000			-406.0000			-112.0000			317.0000			
-30.5272			14.6259			16.1836			0.2000			-395.0000			-126.0000			318.0000			
-26.1624			13.5056			13.3517			0.6000			-384.0000			-135.0000			317.0000			
-20.7063			11.8251			10.5197			1.6000			-371.0000			-144.0000			314.0000			
-22.8887			10.1445			12.2189			-0.5000			-355.0000			-150.0000			306.0000			
-28.8904			7.9039			19.5820			-1.4000			-338.0000			-156.0000			296.0000			
-28.3448			7.3437			22.9803			1.9000			-318.0000			-162.0000			284.0000			
-25.0712			5.6632			21.2812			1.8000			-295.0000			-168.0000			273.0000			
-21.7975			2.8623			18.4492			-0.4000			-273.0000			-174.0000			259.0000			
-21.7975			0.0615			20.7148			-1.0000			-249.0000			-180.0000			247.0000			
-21.2519			0.6217			21.8476			1.2000			-221.0000			-184.0000			229.0000			
-17.9783			-2.1792			20.7148			0.5000			-193.0000			-187.0000			210.0000			
-20.1607			-2.7394			23.5467			0.6000			-161.0000			-191.0000			191.0000			
-18.5239			-6.1004			24.6795			0.0000			-129.0000			-195.0000			172.0000			
-15.2503			-12.2623			28.0779			0.5000			-95.0000			-196.0000			150.0000			
-16.3415			-12.8224			29.2107			0.0000			-63.0000			-196.0000			127.0000			
-15.7959			-8.3411			24.1131			0.0000			-31.0000			-194.0000			107.0000			
-10.8855			-10.5817			22.9803			1.5000			-1.0000			-191.0000			86.0000			
-10.8855			-13.9428			26.3787			1.5000			30.0000			-183.0000			62.0000			
-10.8855			-14.5029			28.0779			2.6000			61.0000			-177.0000			37.0000			
-5.4294			-16.7436			25.8123			3.6000			91.0000			-170.0000			13.0000			
-3.2470			-18.4241			21.8476			0.1000			120.0000			-164.0000			-10.0000			
-3.7926			-17.8640			22.4139			0.7000			149.0000			-156.0000			-33.0000			
0.0266			-18.4241			21.2812			2.8000			177.0000			-146.0000			-58.0000			
3.8458			-20.1046			18.4492			2.1000			203.0000			-135.0000			-85.0000			
3.3002			-22.3453			21.2812			2.2000			228.0000			-124.0000			-110.0000			
6.0283			-22.9055			20.7148			3.8000			255.0000			-112.0000			-133.0000			
10.9387			-25.1462			16.1836			1.9000			277.0000			-103.0000			-158.0000			
14.2123			-27.3868			15.0508			1.8000			301.0000			-89.0000			-181.0000			
14.7579			-25.7063			13.9181			2.9000			319.0000			-77.0000			-200.0000			
12.0299			-24.0258			12.7853			0.7000			338.0000			-66.0000			-217.0000			
14.2123			-24.5860			10.5197			0.1000			352.0000			-55.0000			-232.0000			
18.0315			-27.9470			10.5197			0.6000			365.0000			-42.0000			-247.0000			
18.0315			-23.4657			7.1213			1.6000			374.0000			-27.0000			-261.0000			
20.2139			-23.4657			5.9886			2.7000			381.0000			-10.0000			-276.0000			
21.3052			-24.0258			5.4222			2.6000			389.0000			1.0000			-288.0000			
22.9420			-23.4657			1.4574			0.9000			394.0000			13.0000			-299.0000			
21.3052			-18.9843			-2.5073			-0.1000			396.0000			28.0000			-310.0000			
22.3964			-16.7436			-3.6401			2.0000			395.0000			43.0000			-319.0000			
25.6700			-18.4241			-3.0737			4.1000			390.0000			57.0000			-326.0000			
25.6700			-18.4241			-5.3393			1.9000			385.0000			72.0000			-332.0000			
27.8524			-14.5029			-12.7024			0.6000			377.0000			84.0000			-337.0000			
32.2172			-14.5029			-15.5344			2.1000			366.0000			96.0000			-338.0000			
26.2156			-13.3826			-11.0032			1.8000			356.0000			105.0000			-337.0000			
24.0332			-12.8224			-9.3040			1.9000			343.0000			113.0000			-332.0000			
26.7612			-12.2623			-14.4016			0.1000			328.0000			120.0000			-326.0000			
26.7612			-8.3411			-16.1007			2.3000			309.0000			127.0000			-317.0000			
25.6700			-6.6606			-16.6671			2.3000			289.0000			134.0000			-305.0000			
28.3980			-6.1004			-18.9327			3.3000			267.0000			140.0000			-293.0000			
24.0332			-4.4199			-19.4991			0.1000			244.0000			147.0000			-281.0000			
22.3964			-3.2995			-19.4991			-0.4000			219.0000			152.0000			-266.0000			
20.2139			-1.0589			-17.2335			1.9000			191.0000			157.0000			-250.0000			
20.2139			1.1818			-19.4991			1.8000			162.0000			161.0000			-230.0000			
21.8508			2.3022			-22.8975			1.2000			131.0000			163.0000			-210.0000			
18.5771			8.4640			-25.1630			1.8000			98.0000			166.0000			-190.0000			
15.3035			11.8251			-25.1630			1.9000			65.0000			167.0000			-168.0000			
16.9403			10.7047			-25.1630			2.4000			31.0000			167.0000			-145.0000			
16.9403			7.9039			-21.1983			3.6000			-1.0000			166.0000			-125.0000			
12.5755			10.7047			-21.7647			1.5000			-30.0000			163.0000			-106.0000			
12.5755			12.9454			-25.7294			-0.2000			-61.0000			157.0000			-83.0000			
10.9387			16.8666			-26.8622			0.9000			-90.0000			149.0000			-58.0000			
6.0283			19.1073			-23.4638			1.6000			-119.0000			141.0000			-33.0000			
4.9370			17.9869			-19.4991			3.4000			-148.0000			134.0000			-8.0000			
4.3914			16.8666			-20.0655			1.1000			-177.0000			127.0000			13.0000			
0.5722			20.2276			-20.6319			0.1000			-205.0000			118.0000			37.0000			
-1.6102			20.7878			-16.6671			2.5000			-231.0000			107.0000			64.0000			
-1.6102			20.2276			-17.7999			0.8000			-257.0000			94.0000			90.0000			
-4.3382			24.1488			-18.9327			0.8000			-282.0000			84.0000			116.0000			
-10.3399			25.8293			-14.9680			0.5000			-306.0000			72.0000			139.0000			
-13.6135			29.1903			-11.5696			4.0000			-328.0000			60.0000			161.0000			
-10.3399			24.1488			-12.1360			1.6000			-349.0000			49.0000			181.0000			
-8.7030			20.7878			-12.7024			-0.6000			-366.0000			37.0000			198.0000			
-13.6135			23.5886			-11.0032			-1.0000			-380.0000			25.0000			211.0000			
-15.2503			26.3895			-7.6049			3.5000			-391.0000			12.0000			227.0000			
-16.8871			22.4683			-5.9057			-0.3000			-401.0000			-4.0000			241.0000			
-19.0695			23.0285			-4.7729			-0.8000			-409.0000			-17.0000			255.0000			
-17.4327			24.1488			-6.4721			0.2000			-416.0000			-30.0000			267.0000			
-16.8871			22.4683			-2.5073			3.0000			-421.0000			-43.0000			279.0000			
-19.6151			16.8666			2.5902			-0.1000			-423.0000			-58.0000			290.0000			
-22.3431			17.4268			4.8558			0.0000			-422.0000			-73.0000			300.0000			
-22.8887			19.1073			5.4222			1.6000			-418.0000			-87.0000			307.0000			
-23.4343			16.3064			8.2541			1.1000			-413.0000			-101.0000			313.0000			
-28.8904			13.5056			14.4845			-0.9000			-405.0000			-114.0000			317.0000			
-29.9816			14.0657			16.1836			0.2000			-395.0000			-127.0000			318.0000			
-24.5255			14.0657			11.0861			0.6000			-383.0000			-137.0000			317.0000			
-21.7975			10.7047			9.9533			-1.1000			-371.0000			-145.0000			311.0000			
-27.7992			9.5844			16.7500			-1.4000			-355.0000			-150.0000			306.0000			
-29.4360			9.0242			21.8476			1.4000			-337.0000			-158.0000			294.0000			
-26.1624			6.7835			21.8476			2.4000			-316.0000			-163.0000			283.0000			
-23.4343			5.1030			17.8828			-0.4000			-294.0000			-170.0000			271.0000			
-22.8887			3.4225			18.4492			-1.0000			-272.0000			-175.0000			259.0000			
-22.3431			1.7420			20.7148			0.1000			-246.0000			-181.0000			244.0000			
-19.6151			0.6217			20.1484			1.1000			-219.0000			-185.0000			226.0000			
-18.5239			-1.6190			21.2812			1.1000			-188.0000			-188.0000			207.0000			
-21.2519			-1.0589			25.8123			3.4000			-157.0000			-191.0000			188.0000			
-18.5239			-4.9800			25.2459			1.7000			-126.0000			-195.0000			169.0000			
-15.7959			-10.5817			28.0779			1.6000			-92.0000			-194.0000			147.0000			
-16.8871			-10.0216			26.9451			0.0000			-60.0000			-194.0000			125.0000			
-14.7047			-7.2207			24.1131			2.1000			-29.0000			-193.0000			105.0000			
-10.8855			-10.5817			23.5467			2.0000			2.0000			-188.0000			84.0000			
-11.9767			-13.3826			26.3787			1.0000			31.0000			-182.0000			60.0000			
-10.8855			-13.3826			26.3787			2.1000			62.0000			-176.0000			35.0000			
-4.8838			-15.0631			23.5467			3.5000			92.0000			-170.0000			10.0000			
-4.3382			-17.3038			21.8476			0.2000			122.0000			-162.0000			-13.0000			
-4.8838			-17.3038			22.4139			0.2000			152.0000			-155.0000			-37.0000			
-0.5190			-17.8640			21.8476			3.4000			179.0000			-145.0000			-62.0000			
2.2090			-20.1046			19.5820			1.6000			205.0000			-134.0000			-88.0000			
3.3002			-21.7851			20.7148			2.2000			231.0000			-123.0000			-113.0000			
6.0283			-22.9055			19.5820			2.6000			256.0000			-112.0000			-136.0000			
10.3931			-25.1462			15.6172			0.8000			279.0000			-100.0000			-160.0000			
14.2123			-26.2665			13.3517			1.2000			303.0000			-88.0000			-182.0000			
13.1211			-25.1462			14.4845			2.4000			322.0000			-76.0000			-201.0000			
10.3931			-23.4657			12.7853			-0.2000			339.0000			-67.0000			-218.0000			
13.6667			-22.3453			10.5197			1.8000			355.0000			-54.0000			-232.0000			
16.3947			-26.2665			10.5197			0.6000			364.0000			-41.0000			-247.0000			
18.5771			-22.9055			7.6877			3.3000			373.0000			-26.0000			-261.0000			
20.7596			-23.4657			6.5550			3.8000			382.0000			-10.0000			-276.0000			
21.8508			-24.5860			4.2894			1.5000			388.0000			2.0000			-288.0000			
21.8508			-22.9055			-0.2418			-1.2000			394.0000			14.0000			-299.0000			
21.3052			-17.8640			-1.9409			1.5000			394.0000			28.0000			-310.0000			
22.9420			-16.7436			-1.9409			4.2000			393.0000			44.0000			-318.0000			
24.5788			-20.6648			-1.9409			1.9000			391.0000			59.0000			-325.0000			
25.6700			-17.8640			-7.0385			0.7000			384.0000			73.0000			-331.0000			
28.3980			-13.3826			-12.1360			2.8000			376.0000			85.0000			-336.0000			
30.0348			-14.5029			-13.8352			1.6000			366.0000			97.0000			-337.0000			
25.6700			-12.2623			-10.4368			2.9000			353.0000			106.0000			-336.0000			
25.1244			-12.8224			-10.4368			1.8000			341.0000			114.0000			-332.0000			
25.6700			-11.1419			-14.9680			-0.4000			326.0000			120.0000			-325.0000			
25.6700			-7.7809			-16.1007			1.7000			308.0000			128.0000			-315.0000			
27.3068			-6.6606			-17.7999			2.8000			286.0000			134.0000			-304.0000			
27.8524			-6.1004			-20.0655			1.6000			265.0000			141.0000			-291.0000			
23.4876			-4.9800			-19.4991			-0.9000			242.0000			147.0000			-279.0000			
21.3052			-2.1792			-18.9327			0.1000			216.0000			152.0000			-264.0000			
20.2139			0.0615			-18.9327			1.3000			191.0000			156.0000			-248.0000			
20.7596			1.1818			-21.1983			0.7000			159.0000			161.0000			-229.0000			
22.3964			3.9827			-25.1630			1.2000			129.0000			163.0000			-210.0000			
18.0315			8.4640			-25.1630			1.3000			98.0000			166.0000			-189.0000			
15.3035			11.2649			-24.5966			1.9000			64.0000			166.0000			-168.0000			
16.9403			10.1445			-24.0302			3.0000			31.0000			166.0000			-145.0000			
16.3947			7.3437			-22.3311			1.4000			-1.0000			165.0000			-126.0000			
12.5755			10.1445			-21.7647			0.9000			-29.0000			159.0000			-105.0000			
12.5755			12.9454			-25.1630			0.3000			-59.0000			156.0000			-81.0000			
9.8475			16.3064			-22.8975			3.2000			-89.0000			149.0000			-56.0000			
6.5739			16.3064			-20.0655			2.8000			-119.0000			141.0000			-31.0000			
6.0283			15.7462			-20.0655			1.7000			-149.0000			134.0000			-7.0000			
4.9370			16.8666			-21.1983			0.6000			-178.0000			128.0000			15.0000			
0.0266			19.6674			-20.0655			-0.3000			-206.0000			118.0000			40.0000			
0.0266			19.6674			-17.2335			2.4000			-232.0000			107.0000			65.0000			
-2.7014			20.2276			-19.4991			-1.9000			-259.0000			94.0000			91.0000			
-4.8838			24.1488			-20.6319			-1.3000			-284.0000			84.0000			117.0000			
-10.3399			25.2691			-13.2688			1.6000			-307.0000			72.0000			139.0000			
-13.0679			27.5098			-11.5696			2.8000			-330.0000			59.0000			162.0000			
-9.2486			23.0285			-12.7024			1.0000			-349.0000			47.0000			181.0000			
-9.2486			19.6674			-12.1360			-1.7000			-365.0000			37.0000			197.0000			
-14.1591			23.0285			-10.4368			-1.5000			-380.0000			24.0000			211.0000			
-15.2503			26.3895			-8.1712			2.9000			-392.0000			10.0000			224.0000			
-16.3415			22.4683			-6.4721			-0.3000			-401.0000			-5.0000			242.0000			
-19.0695			23.0285			-5.3393			-1.3000			-409.0000			-18.0000			255.0000			
-17.4327			23.5886			-5.3393			0.8000			-416.0000			-31.0000			265.0000			
-16.8871			20.7878			-0.8081			3.0000			-421.0000			-44.0000			279.0000			
-20.7063			16.8666			2.0238			-1.8000			-422.0000			-58.0000			287.0000			
-22.3431			17.4268			4.2894			-0.6000			-422.0000			-73.0000			299.0000			
-22.3431			18.5471			5.4222			1.6000			-418.0000			-88.0000			306.0000			
-22.8887			15.1861			8.8205			1.1000			-412.0000			-100.0000			311.0000			
-28.8904			13.5056			14.4845			-0.9000			-405.0000			-114.0000			314.0000			
-28.8904			15.1861			15.6172			1.9000			-393.0000			-128.0000			317.0000			
-23.4343			12.9454			11.0861			0.5000			-382.0000			-135.0000			315.0000			
