36.5503			29.8602			-67.1651			-0.7000			284.0000			-120.0000			-115.0000			
42.7884			22.3776			-67.1651			-1.9000			292.0000			-138.0000			-101.0000			
47.3252			13.7438			-61.7840			-0.7000			298.0000			-158.0000			-84.0000			
51.8620			9.7148			-62.3221			-0.7000			301.0000			-175.0000			-67.0000			
55.8317			7.9880			-64.4746			-0.6000			302.0000			-190.0000			-52.0000			
59.8013			6.2612			-66.6270			-0.5000			298.0000			-203.0000			-35.0000			
64.3381			1.6566			-67.1651			-1.1000			291.0000			-212.0000			-19.0000			
64.3381			-0.6458			-63.3983			0.2000			284.0000			-221.0000			-1.0000			
66.0394			-4.0993			-61.2459			0.6000			276.0000			-231.0000			14.0000			
66.0394			-11.5819			-55.8648			-1.3000			267.0000			-239.0000			30.0000			
65.4723			-18.4889			-46.7170			0.2000			258.0000			-248.0000			48.0000			
63.7710			-21.3668			-41.8740			0.5000			247.0000			-257.0000			64.0000			
62.0697			-24.2448			-38.6454			-0.8000			229.0000			-265.0000			87.0000			
63.7710			-27.6983			-36.4929			-0.4000			212.0000			-272.0000			105.0000			
66.0394			-33.4541			-32.7262			-0.1000			196.0000			-279.0000			124.0000			
63.7710			-36.3320			-24.6545			2.7000			180.0000			-281.0000			140.0000			
59.8013			-40.3611			-18.1972			1.2000			161.0000			-285.0000			155.0000			
60.9355			-47.2682			-13.8924			-0.2000			144.0000			-284.0000			168.0000			
62.0697			-51.2973			-11.7399			-0.9000			127.0000			-281.0000			177.0000			
63.7710			-56.4775			-6.8970			0.3000			109.0000			-277.0000			187.0000			
63.2039			-60.5066			-3.6683			-0.9000			86.0000			-268.0000			194.0000			
60.3684			-61.0822			1.7128			1.0000			63.0000			-260.0000			203.0000			
57.5329			-65.1113			9.7844			2.2000			44.0000			-253.0000			209.0000			
50.1607			-65.1113			15.1655			0.2000			23.0000			-244.0000			216.0000			
39.9529			-60.5066			20.0084			-0.5000			1.0000			-232.0000			222.0000			
33.1477			-57.6287			25.3895			0.9000			-27.0000			-215.0000			224.0000			
32.0135			-61.0822			29.6944			0.6000			-57.0000			-196.0000			225.0000			
31.4464			-62.2334			32.3849			1.6000			-84.0000			-180.0000			228.0000			
28.0438			-63.9601			37.2279			1.3000			-108.0000			-162.0000			230.0000			
18.9702			-61.6578			43.6852			1.0000			-131.0000			-146.0000			229.0000			
12.7321			-58.7799			49.0663			3.0000			-153.0000			-129.0000			227.0000			
11.0308			-64.5357			53.9093			0.4000			-169.0000			-114.0000			223.0000			
7.0611			-65.6869			59.8285			1.2000			-185.0000			-98.0000			215.0000			
2.5243			-65.6869			64.1333			0.9000			-198.0000			-79.0000			207.0000			
-2.5796			-63.3845			66.2858			0.3000			-214.0000			-61.0000			198.0000			
-8.2506			-56.4775			66.2858			1.5000			-229.0000			-41.0000			189.0000			
-14.4887			-53.0240			68.4382			0.9000			-243.0000			-23.0000			181.0000			
-21.2939			-44.9658			67.3620			1.0000			-257.0000			-3.0000			170.0000			
-24.1294			-38.0588			63.0571			0.8000			-272.0000			17.0000			158.0000			
-28.6662			-33.4541			63.5952			1.4000			-285.0000			43.0000			141.0000			
-32.0688			-34.0297			66.2858			0.1000			-295.0000			68.0000			124.0000			
-36.0385			-31.7274			68.9763			1.2000			-305.0000			90.0000			108.0000			
-44.5450			-24.2448			67.9001			-0.8000			-314.0000			111.0000			91.0000			
-49.0818			-15.0354			63.0571			-1.0000			-319.0000			130.0000			76.0000			
-51.3502			-10.4307			61.9809			0.2000			-323.0000			146.0000			59.0000			
-56.4541			-9.8551			66.2858			0.0000			-324.0000			162.0000			45.0000			
-60.4238			-6.9772			68.4382			1.0000			-321.0000			173.0000			29.0000			
-64.9606			-3.5237			68.4382			0.0000			-313.0000			184.0000			12.0000			
-64.9606			-0.0702			64.1333			-0.8000			-306.0000			195.0000			-5.0000			
-66.0948			4.5345			61.4428			-0.1000			-298.0000			204.0000			-22.0000			
-68.9303			12.0171			57.1379			0.2000			-289.0000			213.0000			-36.0000			
-67.7961			18.9241			48.5282			-0.3000			-280.0000			223.0000			-54.0000			
-63.8264			20.6509			43.6852			0.5000			-267.0000			231.0000			-73.0000			
-63.8264			22.9532			40.4566			-0.4000			-251.0000			240.0000			-94.0000			
-64.3935			26.9823			37.7660			0.3000			-234.0000			246.0000			-114.0000			
-66.0948			32.1626			32.9230			-1.0000			-217.0000			251.0000			-131.0000			
-64.3935			37.9184			25.3895			-1.0000			-201.0000			255.0000			-147.0000			
-58.1554			41.9475			16.7798			0.5000			-183.0000			258.0000			-163.0000			
-61.5580			49.4301			13.0130			0.8000			-166.0000			257.0000			-176.0000			
-64.3935			53.4592			10.3225			-0.6000			-148.0000			255.0000			-185.0000			
-65.5277			58.0639			7.0938			-0.3000			-128.0000			248.0000			-195.0000			
-64.3935			60.9418			3.3271			-0.1000			-107.0000			240.0000			-202.0000			
-61.5580			62.6686			-2.0540			-0.9000			-85.0000			231.0000			-210.0000			
-55.8870			64.3953			-9.5875			-1.0000			-65.0000			223.0000			-217.0000			
-49.6489			66.6977			-17.1210			0.0000			-45.0000			215.0000			-223.0000			
-40.0082			60.3662			-22.5021			-2.1000			-21.0000			202.0000			-228.0000			
-33.2030			59.2151			-26.2689			-0.2000			6.0000			185.0000			-230.0000			
-31.5017			60.9418			-30.5737			-1.1000			36.0000			167.0000			-233.0000			
-30.3675			63.2441			-33.8024			-0.9000			63.0000			148.0000			-233.0000			
-24.6965			62.6686			-38.6454			-0.6000			89.0000			132.0000			-236.0000			
-16.1900			60.3662			-44.0264			0.1000			111.0000			116.0000			-235.0000			
-11.6532			60.9418			-49.4075			-0.1000			132.0000			100.0000			-233.0000			
-11.0861			63.2441			-53.7124			-1.5000			148.0000			85.0000			-229.0000			
-8.8177			66.1221			-58.5554			-1.2000			163.0000			69.0000			-222.0000			
-2.5796			64.9709			-63.9364			-1.5000			176.0000			49.0000			-214.0000			
3.6585			60.3662			-64.4746			-0.4000			192.0000			31.0000			-204.0000			
9.8966			58.0639			-67.7032			0.2000			208.0000			11.0000			-194.0000			
16.7018			52.8836			-69.8556			-0.2000			221.0000			-9.0000			-186.0000			
21.2386			45.9766			-67.1651			0.0000			236.0000			-26.0000			-176.0000			
25.7754			39.6452			-64.4746			0.9000			251.0000			-47.0000			-163.0000			
29.7451			35.0405			-65.5508			-0.7000			263.0000			-73.0000			-147.0000			
34.2819			32.7381			-68.2413			-1.2000			274.0000			-99.0000			-129.0000			
39.3858			28.7091			-69.8556			-1.7000			286.0000			-122.0000			-114.0000			
45.6239			21.8020			-68.7794			-1.3000			294.0000			-142.0000			-97.0000			
50.1607			12.5927			-63.3983			-0.6000			300.0000			-161.0000			-81.0000			
54.1304			7.9880			-63.3983			-1.2000			303.0000			-178.0000			-65.0000			
57.5329			9.1392			-67.1651			-0.4000			305.0000			-193.0000			-49.0000			
61.5026			5.6857			-69.8556			-2.6000			300.0000			-204.0000			-34.0000			
66.6065			1.6566			-69.8556			-1.5000			293.0000			-214.0000			-16.0000			
67.7407			-1.7969			-66.0889			-0.1000			284.0000			-224.0000			1.0000			
69.4420			-6.9772			-62.3221			0.1000			275.0000			-232.0000			15.0000			
68.8749			-12.1575			-57.4791			-0.7000			268.0000			-240.0000			30.0000			
68.3078			-20.2157			-47.7932			0.3000			255.0000			-249.0000			49.0000			
63.7710			-21.9424			-41.3359			0.4000			246.0000			-257.0000			68.0000			
63.7710			-24.2448			-39.1835			0.3000			227.0000			-266.0000			88.0000			
64.9052			-30.5762			-34.8786			-0.5000			211.0000			-273.0000			109.0000			
67.7407			-35.1809			-31.1118			1.4000			194.0000			-279.0000			126.0000			
64.3381			-38.6344			-23.0402			2.6000			179.0000			-285.0000			143.0000			
60.9355			-44.3902			-16.5829			0.0000			161.0000			-286.0000			159.0000			
62.6368			-49.5705			-13.3543			-0.2000			144.0000			-286.0000			171.0000			
64.9052			-54.7508			-10.1256			0.0000			127.0000			-283.0000			181.0000			
65.4723			-60.5066			-5.8208			-0.8000			107.0000			-278.0000			190.0000			
66.0394			-63.9601			-2.0540			0.0000			86.0000			-269.0000			199.0000			
63.7710			-65.6869			3.8652			1.9000			63.0000			-261.0000			206.0000			
58.1000			-67.9892			10.3225			0.4000			42.0000			-252.0000			211.0000			
51.2949			-67.9892			16.7798			0.0000			22.0000			-243.0000			217.0000			
41.6542			-61.6578			20.5465			0.5000			-1.0000			-229.0000			221.0000			
33.7148			-59.9310			25.9276			-0.2000			-30.0000			-212.0000			224.0000			
32.0135			-62.2334			30.7706			0.5000			-59.0000			-192.0000			226.0000			
30.8793			-63.9601			33.9993			0.9000			-86.0000			-175.0000			228.0000			
27.4767			-65.1113			38.8422			1.2000			-111.0000			-158.0000			228.0000			
18.4031			-62.8089			44.7614			0.3000			-133.0000			-143.0000			228.0000			
12.7321			-61.0822			50.1425			1.7000			-153.0000			-127.0000			226.0000			
10.4637			-66.2625			56.0617			0.2000			-171.0000			-112.0000			221.0000			
8.7624			-67.9892			60.9047			1.6000			-186.0000			-95.0000			215.0000			
2.5243			-67.9892			65.7476			0.2000			-201.0000			-77.0000			207.0000			
-3.7138			-65.1113			67.9001			-0.9000			-216.0000			-58.0000			197.0000			
-8.8177			-58.2043			67.9001			0.8000			-232.0000			-38.0000			188.0000			
-16.1900			-54.1752			70.5906			0.2000			-245.0000			-21.0000			181.0000			
-21.8610			-46.6926			68.4382			-0.1000			-259.0000			-1.0000			170.0000			
-25.8307			-38.6344			65.2095			0.7000			-272.0000			22.0000			157.0000			
-30.9346			-32.8785			64.6714			0.8000			-286.0000			47.0000			139.0000			
-33.7701			-32.8785			66.2858			-0.3000			-297.0000			73.0000			122.0000			
-38.8740			-31.7274			68.9763			-1.6000			-308.0000			96.0000			106.0000			
-43.9779			-23.0936			66.8239			-0.2000			-316.0000			116.0000			91.0000			
-49.6489			-14.4598			63.0571			-1.0000			-322.0000			134.0000			73.0000			
-53.0515			-10.4307			63.5952			0.1000			-326.0000			152.0000			58.0000			
-57.5883			-8.7040			67.3620			1.0000			-326.0000			165.0000			43.0000			
-63.2593			-7.5528			70.0525			-0.7000			-321.0000			177.0000			27.0000			
-65.5277			-4.0993			70.0525			0.4000			-314.0000			186.0000			11.0000			
-66.0948			-0.6458			66.2858			-0.4000			-305.0000			196.0000			-5.0000			
-68.3632			4.5345			62.5190			-1.3000			-297.0000			205.0000			-22.0000			
-69.4974			11.4415			57.1379			-0.9000			-288.0000			214.0000			-38.0000			
-67.7961			17.7729			48.5282			-1.4000			-277.0000			222.0000			-57.0000			
-63.2593			20.6509			41.5328			-1.0000			-264.0000			231.0000			-76.0000			
-62.6922			22.9532			38.8422			-0.8000			-248.0000			238.0000			-96.0000			
-63.2593			25.2555			37.7660			-0.2000			-230.0000			246.0000			-115.0000			
-64.9606			31.5870			32.9230			-0.4000			-213.0000			252.0000			-134.0000			
-64.3935			37.9184			24.8514			-1.6000			-197.0000			255.0000			-151.0000			
-60.4238			43.0987			17.3179			0.0000			-181.0000			260.0000			-167.0000			
-62.6922			48.8545			13.0130			-0.8000			-164.0000			258.0000			-177.0000			
-64.9606			54.6104			10.8606			0.5000			-146.0000			255.0000			-187.0000			
-66.6619			59.2151			7.0938			-0.3000			-127.0000			248.0000			-195.0000			
-66.6619			62.0930			3.3271			-1.2000			-105.0000			240.0000			-203.0000			
-62.6922			62.0930			-0.9778			-1.5000			-83.0000			229.0000			-209.0000			
-55.8870			63.2441			-9.5875			-2.2000			-61.0000			221.0000			-215.0000			
-49.0818			64.3953			-16.5829			-1.2000			-41.0000			212.0000			-221.0000			
-38.8740			58.6395			-19.8116			0.0000			-17.0000			199.0000			-226.0000			
-30.9346			55.7615			-25.7308			-0.9000			12.0000			182.0000			-230.0000			
-29.8004			58.6395			-28.9594			-0.1000			41.0000			163.0000			-232.0000			
-30.3675			61.5174			-32.7262			-1.5000			68.0000			146.0000			-235.0000			
-25.2636			61.5174			-38.1073			-1.8000			93.0000			129.0000			-236.0000			
-16.1900			59.2151			-42.9502			0.0000			115.0000			113.0000			-236.0000			
-12.2203			60.9418			-49.9456			-1.2000			135.0000			98.0000			-234.0000			
-10.5190			63.2441			-53.7124			-0.9000			152.0000			83.0000			-230.0000			
-7.6835			64.9709			-58.5554			-1.2000			166.0000			66.0000			-222.0000			
-2.0125			63.8197			-63.3983			-1.5000			181.0000			48.0000			-212.0000			
3.0914			58.6395			-62.8602			-1.1000			196.0000			27.0000			-203.0000			
8.1953			56.9127			-65.5508			-0.4000			211.0000			9.0000			-194.0000			
15.0005			51.7324			-66.6270			0.1000			224.0000			-10.0000			-185.0000			
21.2386			43.6743			-65.0127			0.0000			238.0000			-29.0000			-175.0000			
25.2083			35.6161			-61.7840			-0.9000			252.0000			-51.0000			-161.0000			
29.7451			33.3137			-63.9364			-0.8000			266.0000			-77.0000			-143.0000			
33.7148			32.1626			-65.5508			0.3000			277.0000			-102.0000			-127.0000			
37.1174			28.1335			-68.2413			-2.9000			287.0000			-125.0000			-111.0000			
45.0568			20.6509			-67.1651			-1.4000			295.0000			-145.0000			-97.0000			
48.4594			12.5927			-62.8602			-1.8000			300.0000			-162.0000			-79.0000			
53.5633			9.1392			-62.8602			-0.1000			302.0000			-178.0000			-63.0000			
57.5329			7.4124			-65.5508			-0.6000			303.0000			-193.0000			-49.0000			
61.5026			6.8368			-68.7794			-0.4000			297.0000			-204.0000			-32.0000			
64.9052			2.8077			-68.7794			-1.0000			292.0000			-214.0000			-15.0000			
64.3381			-2.3725			-63.9364			-1.9000			282.0000			-225.0000			1.0000			
67.1736			-4.6749			-62.3221			0.1000			275.0000			-233.0000			17.0000			
67.1736			-12.1575			-56.4029			-1.3000			265.0000			-240.0000			33.0000			
66.0394			-18.4889			-46.1789			1.3000			255.0000			-249.0000			51.0000			
62.6368			-21.3668			-41.3359			0.0000			243.0000			-258.0000			70.0000			
62.0697			-24.8203			-39.1835			-1.9000			226.0000			-266.0000			92.0000			
64.9052			-27.6983			-35.9548			1.2000			207.0000			-274.0000			111.0000			
64.9052			-34.0297			-30.5737			0.3000			192.0000			-280.0000			130.0000			
61.5026			-36.9076			-24.1164			0.4000			175.0000			-283.0000			145.0000			
61.5026			-43.8146			-17.1210			0.5000			159.0000			-286.0000			160.0000			
62.0697			-48.9949			-13.3543			-0.2000			141.0000			-285.0000			172.0000			
63.7710			-51.8728			-11.2018			0.7000			125.0000			-281.0000			180.0000			
64.3381			-58.2043			-6.3589			-0.2000			105.0000			-275.0000			190.0000			
64.9052			-62.8089			-3.1302			-1.0000			83.0000			-268.0000			197.0000			
61.5026			-61.6578			2.2509			2.0000			61.0000			-259.0000			205.0000			
57.5329			-66.2625			9.7844			1.0000			40.0000			-250.0000			211.0000			
49.0265			-65.1113			15.7036			-0.3000			20.0000			-239.0000			217.0000			
38.8187			-59.3554			20.0084			-0.5000			-5.0000			-227.0000			221.0000			
33.1477			-57.6287			25.3895			0.9000			-33.0000			-209.0000			223.0000			
32.5806			-61.0822			28.0801			-0.4000			-62.0000			-191.0000			226.0000			
31.4464			-62.8089			33.4611			2.0000			-89.0000			-173.0000			227.0000			
26.3425			-63.3845			38.3041			1.2000			-113.0000			-157.0000			229.0000			
17.8360			-59.9310			43.1471			1.0000			-136.0000			-142.0000			229.0000			
12.1650			-60.5066			49.0663			0.7000			-155.0000			-126.0000			225.0000			
11.0308			-65.6869			54.4474			-0.2000			-173.0000			-111.0000			221.0000			
7.6282			-65.6869			59.2903			1.2000			-188.0000			-94.0000			215.0000			
2.5243			-65.6869			63.5952			0.4000			-202.0000			-75.0000			207.0000			
-3.1467			-62.8089			66.2858			0.3000			-217.0000			-56.0000			199.0000			
-8.8177			-57.0531			66.8239			0.9000			-233.0000			-36.0000			189.0000			
-15.6229			-53.0240			68.4382			-0.2000			-247.0000			-17.0000			178.0000			
-22.4281			-43.8146			65.7476			-0.4000			-260.0000			1.0000			169.0000			
-25.2636			-37.4832			64.1333			1.3000			-273.0000			23.0000			155.0000			
-30.3675			-32.8785			64.1333			0.8000			-287.0000			49.0000			137.0000			
-33.2030			-31.7274			65.7476			0.8000			-298.0000			74.0000			122.0000			
-38.3069			-30.5762			68.4382			-0.4000			-308.0000			97.0000			104.0000			
-42.8437			-21.9424			64.6714			-0.1000			-315.0000			116.0000			89.0000			
-47.3805			-15.0354			63.0571			0.6000			-321.0000			134.0000			73.0000			
-52.4844			-11.5819			63.5952			-0.4000			-324.0000			151.0000			57.0000			
-56.4541			-8.7040			65.2095			0.0000			-324.0000			165.0000			42.0000			
-60.9909			-6.9772			68.9763			1.0000			-320.0000			175.0000			27.0000			
-63.8264			-3.5237			67.3620			0.0000			-312.0000			187.0000			11.0000			
-64.9606			-0.0702			65.2095			0.1000			-305.0000			197.0000			-7.0000			
-66.0948			5.1101			59.8285			-1.1000			-295.0000			205.0000			-23.0000			
-66.6619			12.5927			53.9093			-0.1000			-288.0000			214.0000			-40.0000			
-66.6619			18.3485			46.3757			-1.9000			-277.0000			224.0000			-57.0000			
-62.1251			21.8020			39.9184			-0.4000			-264.0000			233.0000			-77.0000			
-62.6922			23.5288			38.3041			-0.8000			-247.0000			241.0000			-99.0000			
-63.8264			25.2555			37.7660			-0.8000			-230.0000			248.0000			-117.0000			
-63.8264			30.4358			32.9230			-0.4000			-213.0000			251.0000			-135.0000			
-61.5580			35.6161			24.8514			-1.0000			-196.0000			255.0000			-151.0000			
-59.2896			40.7963			17.8560			-0.6000			-178.0000			256.0000			-165.0000			
-59.8567			46.5522			13.5511			0.2000			-161.0000			255.0000			-177.0000			
-62.6922			51.7324			10.8606			0.0000			-143.0000			251.0000			-187.0000			
-64.9606			56.9127			7.0938			-0.9000			-124.0000			244.0000			-194.0000			
-63.8264			59.2151			3.3271			-1.2000			-103.0000			238.0000			-202.0000			
-59.8567			59.2151			-0.9778			-1.6000			-81.0000			228.0000			-209.0000			
-53.0515			61.5174			-9.5875			-1.1000			-61.0000			218.0000			-215.0000			
-46.2463			63.2441			-17.6591			-0.6000			-39.0000			211.0000			-222.0000			
-37.1727			57.4883			-20.3497			0.0000			-15.0000			199.0000			-228.0000			
-30.9346			55.1860			-25.7308			-1.4000			12.0000			182.0000			-231.0000			
-29.8004			58.0639			-28.9594			-0.6000			42.0000			163.0000			-234.0000			
-29.8004			61.5174			-32.1881			-0.4000			70.0000			145.0000			-236.0000			
-24.6965			60.3662			-37.5691			-1.9000			95.0000			130.0000			-236.0000			
-15.0558			57.4883			-42.4121			0.0000			117.0000			112.0000			-235.0000			
-11.6532			59.7906			-49.4075			-1.2000			136.0000			96.0000			-233.0000			
-9.9519			62.0930			-53.1743			-1.0000			151.0000			80.0000			-228.0000			
-7.6835			64.3953			-56.9410			-0.2000			166.0000			64.0000			-220.0000			
-2.0125			62.0930			-62.3221			-2.2000			180.0000			46.0000			-212.0000			
3.6585			56.3371			-62.3221			-2.3000			194.0000			27.0000			-201.0000			
8.7624			54.6104			-63.9364			-0.5000			209.0000			7.0000			-193.0000			
16.1347			49.4301			-66.6270			-1.0000			223.0000			-11.0000			-183.0000			
21.8057			42.5231			-65.0127			-0.6000			236.0000			-30.0000			-174.0000			
25.2083			36.7672			-62.3221			-0.3000			250.0000			-53.0000			-161.0000			
29.7451			34.4649			-63.3983			0.8000			265.0000			-78.0000			-144.0000			
31.4464			33.8893			-66.6270			-1.2000			277.0000			-103.0000			-128.0000			
38.2516			29.8602			-67.1651			0.9000			286.0000			-124.0000			-112.0000			
1.9572			-10.4307			6.0176			-2.4000			281.0000			-154.0000			-69.0000			
3.0914			-12.1575			4.9414			-4.1000			266.0000			-183.0000			-29.0000			
-15.6229			-26.5471			36.6898			-5.4000			244.0000			-213.0000			20.0000			
3.0914			14.3194			-23.5783			-6.1000			223.0000			-226.0000			46.0000			
72.2775			59.7906			-143.5765			-11.5000			224.0000			-207.0000			19.0000			
146.0005			60.9418			-211.3781			-4.4000			267.0000			-179.0000			-47.0000			
156.7754			23.5288			-180.7059			-0.4000			313.0000			-158.0000			-93.0000			
164.1477			-24.2448			-145.1908			-5.2000			308.0000			-167.0000			-75.0000			
163.5806			-32.3029			-139.2716			-7.9000			302.0000			-188.0000			-46.0000			
166.9832			-29.4250			-145.1908			-7.6000			292.0000			-212.0000			-15.0000			
176.6239			-25.3959			-160.2578			-9.0000			281.0000			-227.0000			8.0000			
207.2473			2.2321			-219.9878			-10.5000			272.0000			-219.0000			2.0000			
229.3641			-33.4541			-202.7684			-6.8000			254.0000			-202.0000			2.0000			
231.0654			-139.3617			-93.5324			-1.8000			230.0000			-236.0000			56.0000			
189.1001			-187.1353			-4.7445			-2.7000			208.0000			-305.0000			143.0000			
127.8533			-153.7514			21.0847			-4.8000			173.0000			-360.0000			228.0000			
101.7667			-127.8500			19.4703			-6.6000			137.0000			-392.0000			282.0000			
121.0481			-84.6812			-40.7978			-4.4000			108.0000			-383.0000			292.0000			
123.3165			-88.7103			-39.1835			-4.5000			83.0000			-346.0000			273.0000			
109.7061			-99.0708			-9.0494			1.5000			66.0000			-315.0000			254.0000			
83.6195			-105.9778			20.0084			-2.3000			52.0000			-291.0000			243.0000			
58.6671			-110.5825			49.0663			-2.8000			40.0000			-276.0000			238.0000			
43.3555			-108.2802			57.6760			-7.2000			18.0000			-257.0000			236.0000			
44.4897			-92.7394			42.6090			-5.6000			-13.0000			-235.0000			237.0000			
58.6671			-80.0765			15.7036			-5.7000			-48.0000			-206.0000			230.0000			
62.0697			-72.0183			6.5557			-3.3000			-70.0000			-174.0000			213.0000			
45.6239			-68.5648			19.4703			-3.4000			-81.0000			-147.0000			192.0000			
23.5070			-65.6869			39.3803			-2.8000			-93.0000			-127.0000			180.0000			
5.3598			-56.4775			45.8376			-5.2000			-106.0000			-114.0000			176.0000			
4.2256			-50.1461			41.5328			-4.3000			-124.0000			-105.0000			179.0000			
9.8966			-51.2973			35.0755			-6.3000			-145.0000			-97.0000			184.0000			
18.4031			-56.4775			34.5374			-3.5000			-163.0000			-86.0000			186.0000			
18.4031			-56.4775			33.9993			-4.0000			-180.0000			-71.0000			181.0000			
11.5979			-51.2973			35.6136			-4.0000			-193.0000			-53.0000			172.0000			
-16.7571			-56.4775			72.2049			-1.0000			-214.0000			-39.0000			175.0000			
-43.9779			-65.6869			107.1820			-2.4000			-242.0000			-30.0000			190.0000			
-54.1857			-70.8671			119.5585			-5.4000			-277.0000			-20.0000			203.0000			
-43.9779			-69.7160			108.2582			-5.4000			-305.0000			3.0000			198.0000			
-43.4108			-67.9892			108.2582			-3.1000			-324.0000			28.0000			185.0000			
-49.6489			-69.1404			116.3298			-2.4000			-332.0000			52.0000			166.0000			
-66.0948			-65.1113			126.5539			-4.6000			-333.0000			75.0000			143.0000			
-85.3762			-54.1752			134.6255			-4.9000			-334.0000			95.0000			124.0000			
-95.0169			-44.9658			135.7017			-4.2000			-336.0000			112.0000			106.0000			
-98.4195			-47.2682			138.9304			-6.7000			-337.0000			129.0000			88.0000			
-102.3891			-34.0297			133.0112			-3.4000			-338.0000			148.0000			69.0000			
-108.0601			-5.8260			110.4106			-3.4000			-339.0000			178.0000			39.0000			
-102.3891			21.8020			73.2812			-7.3000			-334.0000			211.0000			-1.0000			
-78.0039			26.9823			44.7614			-6.2000			-323.0000			233.0000			-34.0000			
-67.7961			28.1335			34.5374			-5.1000			-309.0000			249.0000			-61.0000			
-59.2896			7.9880			47.4520			-3.8000			-296.0000			267.0000			-86.0000			
-57.5883			2.8077			50.6806			-4.0000			-280.0000			271.0000			-105.0000			
-61.5580			7.4124			50.6806			-3.4000			-261.0000			265.0000			-115.0000			
-71.7658			20.0753			46.9139			-4.7000			-240.0000			260.0000			-127.0000			
-75.1684			32.7381			37.7660			-4.6000			-222.0000			255.0000			-133.0000			
-76.3026			44.2498			25.9276			-6.1000			-209.0000			251.0000			-141.0000			
-70.0645			51.7324			11.9368			-6.3000			-196.0000			254.0000			-151.0000			
-63.2593			49.4301			8.1701			-5.6000			-181.0000			254.0000			-163.0000			
-64.9606			47.7034			12.4749			-4.7000			-165.0000			250.0000			-171.0000			
-64.9606			44.2498			16.7798			-3.9000			-147.0000			241.0000			-176.0000			
-64.9606			41.3719			19.4703			-4.1000			-128.0000			230.0000			-179.0000			
-64.9606			43.0987			16.2417			-5.6000			-106.0000			216.0000			-180.0000			
-62.1251			50.5813			5.4795			-6.0000			-85.0000			203.0000			-183.0000			
-59.8567			58.6395			-5.2826			-6.4000			-65.0000			194.0000			-189.0000			
-58.1554			62.6686			-9.5875			-5.0000			-42.0000			188.0000			-197.0000			
-56.4541			62.6686			-11.2018			-4.9000			-22.0000			180.0000			-206.0000			
-51.3502			61.5174			-16.0448			-5.8000			3.0000			173.0000			-216.0000			
-42.2766			67.8488			-32.7262			-7.1000			31.0000			167.0000			-229.0000			
-33.7701			78.7849			-51.5600			-6.5000			60.0000			164.0000			-249.0000			
-26.9649			81.0873			-61.2459			-7.1000			91.0000			157.0000			-265.0000			
-22.4281			79.3605			-62.8602			-5.9000			119.0000			145.0000			-272.0000			
-24.6965			87.4187			-69.3175			-6.5000			142.0000			125.0000			-266.0000			
-22.9952			98.3548			-81.1559			-5.8000			161.0000			102.0000			-257.0000			
-19.0255			108.1398			-96.7611			-7.6000			175.0000			80.0000			-245.0000			
-7.1164			109.2909			-108.5994			-6.4000			191.0000			57.0000			-234.0000			
5.9269			102.3839			-112.3662			-4.0000			208.0000			35.0000			-224.0000			
13.2992			93.1746			-111.8281			-5.3000			223.0000			13.0000			-212.0000			
16.1347			83.9652			-105.9089			-5.8000			241.0000			-9.0000			-200.0000			
16.7018			71.3023			-91.9181			-3.9000			255.0000			-34.0000			-184.0000			
19.5373			54.0348			-80.0797			-6.5000			266.0000			-58.0000			-167.0000			
24.0741			39.6452			-69.3175			-5.6000			275.0000			-85.0000			-144.0000			
26.9096			30.4358			-63.3983			-6.0000			283.0000			-114.0000			-121.0000			
30.3122			21.8020			-59.0935			-6.9000			290.0000			-140.0000			-98.0000			
35.4161			20.0753			-60.1697			-4.6000			296.0000			-165.0000			-77.0000			
38.8187			17.1974			-62.8602			-6.8000			299.0000			-186.0000			-56.0000			
44.4897			16.0462			-66.0889			-5.5000			301.0000			-200.0000			-42.0000			
49.0265			16.0462			-69.3175			-4.2000			299.0000			-208.0000			-32.0000			
52.4291			12.5927			-69.3175			-4.2000			294.0000			-214.0000			-20.0000			
53.5633			5.1101			-64.4746			-5.7000			289.0000			-219.0000			-10.0000			
54.1304			-2.3725			-57.4791			-5.7000			281.0000			-225.0000			4.0000			
58.6671			-6.4016			-55.3267			-3.0000			274.0000			-232.0000			17.0000			
61.5026			-10.4307			-56.4029			-5.3000			265.0000			-240.0000			30.0000			
62.0697			-12.1575			-55.3267			-5.4000			257.0000			-248.0000			46.0000			
62.0697			-10.4307			-55.3267			-3.6000			246.0000			-255.0000			61.0000			
64.3381			-14.4598			-55.3267			-5.4000			232.0000			-262.0000			79.0000			
67.7407			-19.6401			-52.0981			-3.9000			219.0000			-266.0000			94.0000			
67.7407			-26.5471			-44.5646			-3.3000			205.0000			-270.0000			110.0000			
64.3381			-32.3029			-35.9548			-3.9000			187.0000			-273.0000			127.0000			
66.6065			-40.9367			-30.0356			-4.3000			169.0000			-276.0000			141.0000			
68.8749			-46.6926			-25.7308			-3.5000			153.0000			-278.0000			156.0000			
67.1736			-53.5996			-17.1210			-3.5000			131.0000			-279.0000			172.0000			
62.0697			-62.2334			-2.5921			-2.7000			107.0000			-280.0000			193.0000			
58.1000			-68.5648			7.0938			-3.3000			79.0000			-281.0000			215.0000			
55.2646			-65.6869			7.0938			-3.3000			50.0000			-280.0000			233.0000			
56.9659			-65.6869			6.5557			-2.1000			25.0000			-274.0000			244.0000			
54.6975			-62.2334			2.7890			-4.7000			3.0000			-262.0000			250.0000			
46.7581			-59.9310			9.2463			-3.9000			-20.0000			-245.0000			248.0000			
38.8187			-62.2334			21.6228			-1.7000			-45.0000			-225.0000			247.0000			
32.5806			-68.5648			32.9230			-3.0000			-69.0000			-204.0000			243.0000			
27.4767			-71.4427			41.5328			-2.4000			-93.0000			-185.0000			241.0000			
21.2386			-69.7160			44.7614			-3.7000			-118.0000			-164.0000			239.0000			
15.0005			-64.5357			45.2995			-4.2000			-142.0000			-145.0000			234.0000			
14.4334			-61.0822			44.7614			-1.8000			-163.0000			-124.0000			227.0000			
13.8663			-61.6578			44.7614			-3.0000			-178.0000			-104.0000			218.0000			
7.0611			-56.4775			46.9139			-2.5000			-192.0000			-82.0000			206.0000			
0.8230			-51.2973			47.4520			-3.0000			-205.0000			-63.0000			194.0000			
-5.9822			-46.6926			48.5282			-4.1000			-220.0000			-41.0000			182.0000			
-11.0861			-43.2391			52.2949			-2.0000			-235.0000			-18.0000			171.0000			
-14.4887			-44.3902			56.5998			-2.2000			-249.0000			2.0000			161.0000			
-20.1597			-43.8146			59.2903			-4.6000			-264.0000			20.0000			150.0000			
-23.5623			-42.6635			62.5190			-3.6000			-278.0000			40.0000			141.0000			
-28.6662			-37.4832			63.5952			-2.5000			-291.0000			58.0000			131.0000			
-33.7701			-32.8785			63.0571			-3.5000			-304.0000			75.0000			121.0000			
-40.0082			-26.5471			64.1333			-2.4000			-313.0000			91.0000			111.0000			
-45.1121			-19.0645			60.9047			-3.2000			-321.0000			109.0000			98.0000			
-51.3502			-15.0354			63.0571			-3.3000			-327.0000			126.0000			83.0000			
-57.5883			-15.6110			68.9763			-4.2000			-330.0000			143.0000			68.0000			
-63.2593			-15.6110			75.4336			-3.4000			-330.0000			155.0000			53.0000			
-69.4974			-13.8842			79.7385			-3.6000			-327.0000			168.0000			37.0000			
-73.4671			-7.5528			78.6622			-2.3000			-320.0000			179.0000			19.0000			
-76.8697			-1.2214			75.4336			-2.6000			-312.0000			192.0000			0.0000			
-76.8697			3.3833			69.5144			-3.9000			-305.0000			206.0000			-18.0000			
-76.3026			9.7148			62.5190			-4.0000			-296.0000			219.0000			-39.0000			
-72.3329			12.5927			56.0617			-3.6000			-287.0000			231.0000			-60.0000			
-68.9303			17.1974			48.5282			-3.1000			-273.0000			245.0000			-83.0000			
-69.4974			22.3776			43.1471			-3.9000			-257.0000			256.0000			-108.0000			
-67.7961			25.2555			39.3803			-3.1000			-238.0000			263.0000			-130.0000			
-67.2290			29.2846			33.9993			-3.9000			-221.0000			272.0000			-152.0000			
-64.9606			32.7381			26.4657			-5.7000			-199.0000			273.0000			-169.0000			
-65.5277			40.2208			20.5465			-4.7000			-178.0000			272.0000			-183.0000			
-67.2290			46.5522			16.7798			-3.8000			-159.0000			269.0000			-195.0000			
-68.9303			51.7324			11.3987			-5.7000			-139.0000			262.0000			-204.0000			
-68.9303			57.4883			6.5557			-4.8000			-117.0000			253.0000			-211.0000			
-67.7961			60.9418			2.7890			-4.0000			-95.0000			244.0000			-217.0000			
-62.1251			58.6395			-1.5159			-5.0000			-75.0000			232.0000			-221.0000			
-57.0212			58.6395			-6.8970			-5.2000			-53.0000			221.0000			-225.0000			
-50.7831			57.4883			-11.2018			-4.4000			-30.0000			207.0000			-228.0000			
-43.4108			53.4592			-13.8924			-3.8000			-8.0000			193.0000			-230.0000			
-36.6056			49.4301			-18.7354			-5.9000			18.0000			175.0000			-230.0000			
-36.0385			52.8836			-21.4259			-4.5000			45.0000			155.0000			-230.0000			
-36.6056			58.0639			-26.2689			-4.8000			70.0000			138.0000			-229.0000			
-31.5017			59.7906			-32.1881			-3.8000			92.0000			122.0000			-230.0000			
-25.2636			56.9127			-35.9548			-4.3000			113.0000			107.0000			-228.0000			
-20.1597			58.6395			-42.4121			-3.9000			132.0000			91.0000			-225.0000			
-16.7571			61.5174			-49.9456			-5.1000			147.0000			76.0000			-222.0000			
-12.7874			63.2441			-54.7886			-4.3000			164.0000			61.0000			-217.0000			
-7.6835			63.2441			-59.6316			-4.0000			180.0000			45.0000			-212.0000			
-2.5796			60.3662			-61.7840			-3.9000			198.0000			26.0000			-205.0000			
1.3901			58.6395			-65.0127			-4.9000			217.0000			6.0000			-200.0000			
8.7624			56.9127			-69.3175			-3.6000			233.0000			-12.0000			-192.0000			
14.4334			51.7324			-70.3937			-4.2000			248.0000			-32.0000			-184.0000			
21.2386			43.0987			-69.3175			-4.9000			263.0000			-53.0000			-172.0000			
27.4767			40.7963			-72.5462			-4.2000			278.0000			-78.0000			-156.0000			
32.0135			41.9475			-77.3892			-3.4000			290.0000			-100.0000			-140.0000			
34.8490			39.0696			-79.0035			-5.0000			297.0000			-123.0000			-123.0000			
41.6542			32.1626			-78.4654			-4.6000			304.0000			-144.0000			-106.0000			
45.6239			22.9532			-73.0843			-4.5000			307.0000			-162.0000			-87.0000			
50.7278			14.8950			-71.4700			-5.8000			308.0000			-179.0000			-69.0000			
54.1304			10.8659			-69.8556			-4.8000			306.0000			-196.0000			-50.0000			
57.5329			7.9880			-68.7794			-3.2000			301.0000			-212.0000			-28.0000			
56.3988			4.5345			-66.0889			-5.1000			295.0000			-227.0000			-8.0000			
54.6975			-0.0702			-58.0173			-3.3000			286.0000			-240.0000			11.0000			
57.5329			-2.3725			-59.0935			-3.9000			277.0000			-251.0000			31.0000			
59.8013			-8.7040			-55.8648			-4.7000			268.0000			-260.0000			49.0000			
60.9355			-15.0354			-49.4075			-3.5000			256.0000			-269.0000			65.0000			
59.2342			-16.1866			-46.7170			-3.6000			242.0000			-276.0000			84.0000			
58.6671			-17.9133			-45.1027			-4.3000			227.0000			-282.0000			102.0000			
59.8013			-22.5180			-42.4121			-5.1000			213.0000			-286.0000			118.0000			
59.2342			-27.6983			-34.8786			-3.3000			193.0000			-288.0000			133.0000			
55.8317			-34.0297			-25.7308			-3.9000			175.0000			-287.0000			145.0000			
57.5329			-40.9367			-18.7354			-2.1000			155.0000			-285.0000			158.0000			
59.8013			-45.5414			-17.1210			-2.8000			138.0000			-282.0000			169.0000			
60.3684			-48.4193			-14.4305			-2.4000			120.0000			-277.0000			178.0000			
62.0697			-51.2973			-12.2781			-1.5000			98.0000			-270.0000			187.0000			
62.0697			-53.0240			-10.1256			-1.0000			76.0000			-262.0000			193.0000			
55.2646			-54.1752			-3.1302			-2.0000			55.0000			-253.0000			199.0000			
51.2949			-58.7799			6.0176			-1.4000			35.0000			-245.0000			207.0000			
45.0568			-58.7799			12.4749			-1.2000			11.0000			-236.0000			214.0000			
36.5503			-55.3263			16.7798			-1.9000			-13.0000			-226.0000			220.0000			
33.7148			-55.9019			20.0084			-2.1000			-40.0000			-211.0000			228.0000			
34.2819			-60.5066			23.7752			-2.4000			-67.0000			-197.0000			231.0000			
33.1477			-65.6869			29.6944			-2.8000			-93.0000			-183.0000			235.0000			
27.4767			-67.4136			38.8422			-1.0000			-115.0000			-168.0000			237.0000			
17.2689			-64.5357			45.2995			-1.9000			-137.0000			-152.0000			235.0000			
11.0308			-67.4136			53.9093			-2.4000			-157.0000			-136.0000			233.0000			
8.1953			-71.4427			61.4428			-1.8000			-176.0000			-117.0000			229.0000			
3.0914			-73.7451			67.9001			-2.7000			-193.0000			-98.0000			221.0000			
-2.0125			-71.4427			71.6668			-1.7000			-212.0000			-77.0000			213.0000			
-8.2506			-68.5648			72.7430			-4.0000			-231.0000			-55.0000			203.0000			
-12.2203			-62.2334			73.2812			-1.1000			-247.0000			-33.0000			193.0000			
-19.0255			-55.3263			71.6668			-2.6000			-262.0000			-13.0000			182.0000			
-24.6965			-44.9658			67.3620			-2.3000			-276.0000			8.0000			170.0000			
-28.6662			-39.7856			64.6714			-3.7000			-289.0000			33.0000			154.0000			
-33.7701			-33.4541			64.6714			-2.5000			-300.0000			58.0000			135.0000			
-36.0385			-31.1518			63.5952			-3.5000			-310.0000			84.0000			117.0000			
-42.8437			-27.6983			66.8239			-3.7000			-318.0000			106.0000			99.0000			
-47.9476			-19.6401			65.2095			-2.3000			-324.0000			127.0000			83.0000			
-51.3502			-13.8842			62.5190			-2.7000			-327.0000			143.0000			66.0000			
-56.4541			-10.4307			64.1333			-2.7000			-329.0000			161.0000			50.0000			
-59.8567			-8.1284			65.2095			-2.7000			-329.0000			172.0000			35.0000			
-64.3935			-5.8260			67.3620			-2.8000			-324.0000			185.0000			18.0000			
-65.5277			-1.7969			64.6714			-2.6000			-317.0000			195.0000			2.0000			
-66.6619			0.5054			63.0571			-3.0000			-308.0000			203.0000			-15.0000			
-67.7961			7.9880			58.7522			-1.0000			-299.0000			211.0000			-29.0000			
-70.6316			12.5927			53.9093			-4.1000			-290.0000			219.0000			-44.0000			
-69.4974			16.6218			50.1425			-2.7000			-280.0000			228.0000			-61.0000			
-67.7961			20.0753			44.7614			-2.9000			-267.0000			236.0000			-81.0000			
-70.0645			21.8020			43.6852			-4.5000			-251.0000			243.0000			-100.0000			
-71.7658			25.8311			42.6090			-3.3000			-234.0000			248.0000			-118.0000			
-71.1987			29.8602			37.7660			-3.5000			-218.0000			252.0000			-134.0000			
-67.7961			34.4649			28.6182			-4.7000			-200.0000			255.0000			-150.0000			
-67.7961			43.0987			20.5465			-4.1000			-182.0000			255.0000			-165.0000			
-68.3632			47.1278			16.7798			-4.4000			-162.0000			254.0000			-177.0000			
-70.6316			55.1860			11.9368			-3.5000			-143.0000			251.0000			-189.0000			
-71.1987			60.3662			5.4795			-5.3000			-122.0000			246.0000			-200.0000			
-70.0645			63.2441			2.7890			-4.0000			-99.0000			240.0000			-212.0000			
-66.0948			64.9709			-2.0540			-3.1000			-76.0000			235.0000			-221.0000			
-60.9909			65.5465			-10.1256			-5.5000			-55.0000			228.0000			-231.0000			
-52.4844			64.9709			-16.5829			-4.0000			-33.0000			218.0000			-236.0000			
-46.2463			63.2441			-19.2735			-2.2000			-9.0000			205.0000			-241.0000			
-40.5753			61.5174			-25.7308			-4.7000			19.0000			188.0000			-243.0000			
-38.3069			65.5465			-32.1881			-4.9000			47.0000			170.0000			-245.0000			
-37.1727			69.5756			-37.0310			-4.6000			73.0000			153.0000			-247.0000			
-31.5017			68.4244			-40.7978			-3.8000			96.0000			134.0000			-246.0000			
-22.9952			63.8197			-46.1789			-5.3000			119.0000			116.0000			-242.0000			
-17.8913			64.3953			-49.9456			-3.4000			137.0000			98.0000			-236.0000			
-14.4887			63.2441			-54.2505			-5.4000			155.0000			79.0000			-228.0000			
-9.9519			64.3953			-56.9410			-2.4000			170.0000			60.0000			-220.0000			
-6.5493			61.5174			-59.0935			-4.1000			185.0000			39.0000			-210.0000			
0.2559			52.8836			-57.4791			-4.3000			202.0000			17.0000			-199.0000			
4.7927			50.0057			-59.6316			-4.8000			217.0000			-3.0000			-189.0000			
11.5979			47.1278			-62.3221			-3.5000			231.0000			-23.0000			-179.0000			
17.8360			43.0987			-65.0127			-4.0000			245.0000			-43.0000			-166.0000			
21.8057			38.4940			-65.0127			-4.7000			261.0000			-67.0000			-154.0000			
25.2083			36.1917			-66.0889			-4.6000			275.0000			-89.0000			-140.0000			
26.9096			36.7672			-67.7032			-4.0000			284.0000			-108.0000			-128.0000			
32.5806			32.1626			-69.3175			-4.5000			292.0000			-127.0000			-114.0000			
42.2213			21.8020			-68.2413			-4.2000			300.0000			-145.0000			-99.0000			
47.3252			14.3194			-67.1651			-5.5000			303.0000			-162.0000			-83.0000			
52.4291			12.5927			-69.3175			-4.2000			305.0000			-178.0000			-66.0000			
57.5329			11.4415			-72.5462			-3.5000			303.0000			-192.0000			-50.0000			
61.5026			10.2903			-75.2367			-3.4000			299.0000			-204.0000			-33.0000			
63.7710			7.4124			-75.2367			-4.0000			292.0000			-215.0000			-15.0000			
62.6368			2.8077			-69.8556			-4.4000			283.0000			-226.0000			2.0000			
66.0394			-2.9481			-66.0889			-2.9000			278.0000			-236.0000			19.0000			
68.3078			-9.8551			-61.7840			-3.3000			267.0000			-245.0000			36.0000			
64.9052			-14.4598			-53.7124			-3.2000			258.0000			-257.0000			55.0000			
62.6368			-16.7622			-48.3313			-2.4000			245.0000			-267.0000			77.0000			
63.7710			-20.7913			-46.7170			-3.7000			230.0000			-276.0000			97.0000			
66.0394			-24.2448			-44.5646			-2.7000			212.0000			-283.0000			117.0000			
65.4723			-29.4250			-39.1835			-3.1000			196.0000			-289.0000			135.0000			
60.9355			-34.0297			-30.0356			-3.1000			177.0000			-292.0000			151.0000			
60.9355			-42.0879			-21.4259			-2.5000			158.0000			-292.0000			166.0000			
62.0697			-48.4193			-17.1210			-3.4000			139.0000			-290.0000			178.0000			
63.7710			-54.1752			-11.7399			-2.1000			119.0000			-284.0000			188.0000			
63.7710			-58.2043			-7.4351			-1.8000			97.0000			-278.0000			198.0000			
62.6368			-59.9310			-4.2064			-1.5000			73.0000			-270.0000			207.0000			
59.2342			-59.9310			-0.4397			-1.1000			52.0000			-262.0000			215.0000			
54.1304			-63.3845			8.1701			-1.0000			30.0000			-253.0000			220.0000			
45.6239			-59.9310			13.5511			-0.7000			8.0000			-241.0000			224.0000			
37.1174			-55.3263			16.7798			-1.4000			-16.0000			-227.0000			227.0000			
33.1477			-55.3263			22.1609			0.0000			-43.0000			-209.0000			230.0000			
33.1477			-58.2043			23.7752			-1.2000			-70.0000			-191.0000			230.0000			
32.0135			-61.0822			28.0801			-0.9000			-94.0000			-172.0000			230.0000			
25.7754			-61.6578			37.2279			1.3000			-118.0000			-156.0000			228.0000			
16.1347			-58.7799			40.4566			-2.1000			-139.0000			-139.0000			225.0000			
11.0308			-60.5066			48.5282			-0.9000			-159.0000			-123.0000			223.0000			
9.3295			-62.8089			52.8330			-0.6000			-176.0000			-105.0000			219.0000			
4.7927			-62.8089			56.0617			-1.9000			-193.0000			-87.0000			210.0000			
0.2559			-61.0822			60.3666			-0.4000			-209.0000			-68.0000			203.0000			
-5.9822			-58.7799			60.9047			-3.8000			-226.0000			-48.0000			196.0000			
-11.6532			-54.7508			64.1333			-2.2000			-242.0000			-28.0000			187.0000			
-17.8913			-49.5705			65.2095			-2.2000			-258.0000			-11.0000			180.0000			
-24.1294			-42.0879			64.1333			-2.0000			-272.0000			10.0000			168.0000			
-28.0991			-38.0588			64.1333			-2.0000			-285.0000			32.0000			155.0000			
-30.9346			-36.9076			65.7476			-2.0000			-299.0000			56.0000			139.0000			
-36.0385			-35.1809			70.0525			-1.1000			-310.0000			79.0000			123.0000			
-42.2766			-32.3029			72.7430			-1.8000			-318.0000			100.0000			107.0000			
-47.3805			-22.5180			68.4382			-1.4000			-323.0000			118.0000			92.0000			
-54.1857			-15.0354			66.8239			-2.4000			-326.0000			136.0000			75.0000			
-57.5883			-12.7331			66.8239			-3.4000			-329.0000			151.0000			58.0000			
-62.1251			-8.1284			67.9001			-2.3000			-327.0000			166.0000			41.0000			
-67.2290			-5.8260			69.5144			-3.5000			-323.0000			182.0000			23.0000			
-67.7961			-2.3725			67.3620			-2.8000			-316.0000			194.0000			4.0000			
-67.7961			1.0810			64.1333			-2.5000			-309.0000			207.0000			-15.0000			
-67.7961			5.1101			60.3666			-2.3000			-302.0000			218.0000			-32.0000			
-67.7961			12.5927			52.8330			-2.3000			-292.0000			229.0000			-49.0000			
-67.2290			16.0462			47.4520			-3.7000			-281.0000			237.0000			-68.0000			
-65.5277			20.0753			43.6852			-1.7000			-267.0000			246.0000			-87.0000			
-68.9303			23.5288			42.0709			-3.3000			-250.0000			254.0000			-109.0000			
-70.0645			25.2555			40.9947			-3.8000			-233.0000			257.0000			-126.0000			
-68.9303			30.4358			34.5374			-3.9000			-216.0000			260.0000			-142.0000			
-64.3935			35.6161			23.7752			-5.0000			-197.0000			260.0000			-158.0000			
-63.2593			43.6743			17.3179			-2.2000			-179.0000			260.0000			-170.0000			
-65.5277			47.1278			14.6274			-3.7000			-160.0000			257.0000			-181.0000			
-66.6619			51.1569			11.3987			-4.0000			-141.0000			253.0000			-191.0000			
-67.2290			55.1860			7.6320			-4.4000			-119.0000			245.0000			-199.0000			
-66.6619			59.2151			4.4033			-3.0000			-97.0000			238.0000			-208.0000			
-63.8264			60.3662			-0.4397			-3.9000			-74.0000			228.0000			-215.0000			
-56.4541			62.0930			-9.5875			-3.9000			-54.0000			220.0000			-221.0000			
-47.9476			60.3662			-16.0448			-3.6000			-33.0000			210.0000			-227.0000			
-43.4108			58.6395			-18.7354			-3.5000			-7.0000			197.0000			-233.0000			
-38.3069			58.6395			-23.5783			-3.2000			20.0000			181.0000			-236.0000			
-37.7398			60.9418			-27.3451			-4.1000			49.0000			162.0000			-239.0000			
-37.1727			64.9709			-32.7262			-4.9000			74.0000			148.0000			-241.0000			
-29.8004			65.5465			-38.6454			-2.8000			98.0000			130.0000			-241.0000			
-22.9952			63.2441			-45.1027			-4.8000			118.0000			114.0000			-239.0000			
-16.1900			64.9709			-51.5600			-2.7000			136.0000			99.0000			-235.0000			
-12.2203			66.1221			-56.9410			-3.0000			154.0000			82.0000			-230.0000			
-8.8177			69.0000			-62.8602			-2.6000			171.0000			62.0000			-222.0000			
-3.7138			68.4244			-66.6270			-1.9000			189.0000			42.0000			-213.0000			
0.8230			63.2441			-68.7794			-4.7000			205.0000			22.0000			-203.0000			
5.9269			58.6395			-68.7794			-4.2000			221.0000			2.0000			-195.0000			
13.8663			52.8836			-68.7794			-2.0000			234.0000			-17.0000			-186.0000			
18.4031			45.9766			-67.1651			-2.7000			250.0000			-38.0000			-175.0000			
25.2083			37.3428			-66.0889			-3.5000			264.0000			-61.0000			-161.0000			
28.0438			35.6161			-67.7032			-4.0000			277.0000			-88.0000			-143.0000			
31.4464			36.7672			-71.4700			-3.2000			288.0000			-110.0000			-126.0000			
36.5503			34.4649			-72.5462			-1.5000			296.0000			-129.0000			-110.0000			
42.7884			26.4067			-70.3937			-1.1000			301.0000			-148.0000			-93.0000			
47.3252			16.6218			-67.7032			-3.7000			304.0000			-166.0000			-77.0000			
52.4291			11.4415			-68.2413			-4.3000			305.0000			-182.0000			-61.0000			
57.5329			8.5636			-69.3175			-3.2000			303.0000			-197.0000			-43.0000			
62.0697			7.4124			-70.3937			-0.9000			301.0000			-209.0000			-26.0000			
62.0697			4.5345			-69.3175			-2.7000			293.0000			-221.0000			-8.0000			
60.9355			1.0810			-65.5508			-3.5000			284.0000			-231.0000			10.0000			
63.7710			-3.5237			-61.2459			-1.0000			276.0000			-240.0000			26.0000			
66.0394			-10.4307			-56.4029			-0.7000			267.0000			-249.0000			41.0000			
64.9052			-17.9133			-50.4837			-3.4000			257.0000			-258.0000			59.0000			
62.6368			-18.4889			-46.1789			-2.0000			243.0000			-267.0000			79.0000			
65.4723			-20.7913			-44.5646			0.1000			227.0000			-274.0000			99.0000			
68.3078			-24.2448			-45.1027			-1.0000			211.0000			-281.0000			117.0000			
66.0394			-28.8494			-38.1073			-0.9000			194.0000			-284.0000			134.0000			
62.6368			-35.1809			-27.8832			-0.4000			174.0000			-286.0000			147.0000			
61.5026			-43.8146			-19.8116			-2.1000			157.0000			-288.0000			162.0000			
63.7710			-49.5705			-15.5067			-1.3000			139.0000			-285.0000			174.0000			
64.9052			-54.1752			-11.2018			-0.4000			119.0000			-281.0000			184.0000			
64.9052			-59.3554			-6.8970			-1.3000			98.0000			-274.0000			195.0000			
65.4723			-61.6578			-3.6683			0.1000			73.0000			-269.0000			205.0000			
60.3684			-61.0822			0.6365			0.0000			52.0000			-261.0000			213.0000			
55.8317			-65.1113			9.2463			0.0000			31.0000			-253.0000			221.0000			
45.6239			-63.9601			16.7798			-1.5000			9.0000			-243.0000			225.0000			
37.6845			-60.5066			21.0847			-1.7000			-16.0000			-229.0000			230.0000			
34.8490			-61.0822			27.0038			0.7000			-45.0000			-212.0000			234.0000			
34.2819			-65.1113			29.1563			-1.6000			-73.0000			-195.0000			235.0000			
33.7148			-67.9892			33.9993			-0.2000			-97.0000			-178.0000			236.0000			
27.4767			-67.9892			41.5328			1.0000			-119.0000			-162.0000			234.0000			
16.7018			-65.1113			46.3757			-2.0000			-140.0000			-144.0000			232.0000			
12.1650			-65.1113			52.8330			-0.1000			-159.0000			-128.0000			228.0000			
7.6282			-66.2625			58.2141			-0.4000			-177.0000			-110.0000			222.0000			
3.6585			-66.8380			63.0571			-0.1000			-193.0000			-90.0000			213.0000			
0.8230			-65.6869			64.6714			-0.1000			-210.0000			-70.0000			206.0000			
-6.5493			-61.0822			65.2095			-2.4000			-228.0000			-49.0000			196.0000			
-11.6532			-55.9019			66.8239			-0.7000			-243.0000			-28.0000			187.0000			
-19.0255			-49.5705			66.2858			-2.3000			-259.0000			-9.0000			177.0000			
-24.6965			-42.0879			64.6714			-2.1000			-273.0000			11.0000			165.0000			
-27.5320			-38.6344			64.1333			-2.0000			-287.0000			34.0000			151.0000			
-32.0688			-34.6053			65.2095			-1.4000			-299.0000			60.0000			135.0000			
-34.3372			-34.6053			68.4382			-0.5000			-310.0000			83.0000			118.0000			
-41.1424			-31.1518			69.5144			-2.7000			-318.0000			103.0000			103.0000			
-49.6489			-20.2157			67.3620			-2.5000			-323.0000			122.0000			87.0000			
-55.3199			-14.4598			66.8239			-2.9000			-328.0000			139.0000			71.0000			
-59.2896			-10.4307			67.9001			-1.8000			-329.0000			155.0000			56.0000			
-63.2593			-9.8551			70.5906			-2.5000			-327.0000			167.0000			40.0000			
-68.9303			-6.4016			73.2812			-2.0000			-323.0000			182.0000			22.0000			
-71.1987			-3.5237			72.7430			-1.9000			-315.0000			194.0000			5.0000			
-71.7658			-0.0702			68.9763			-2.8000			-308.0000			204.0000			-13.0000			
-72.3329			6.8368			64.1333			-1.3000			-301.0000			213.0000			-28.0000			
-72.3329			12.5927			56.0617			-3.6000			-292.0000			223.0000			-47.0000			
-69.4974			16.0462			50.6806			-2.7000			-279.0000			232.0000			-65.0000			
-68.9303			21.8020			45.2995			-1.8000			-264.0000			243.0000			-86.0000			
-70.6316			25.2555			44.2233			-1.1000			-247.0000			250.0000			-106.0000			
-72.3329			27.5579			43.1471			-1.6000			-230.0000			257.0000			-125.0000			
-71.1987			31.5870			36.6898			-2.9000			-213.0000			261.0000			-142.0000			
-65.5277			36.1917			25.9276			-3.4000			-194.0000			263.0000			-158.0000			
-66.6619			44.8254			18.9322			-2.9000			-177.0000			263.0000			-172.0000			
-67.2290			49.4301			15.1655			-2.6000			-158.0000			260.0000			-182.0000			
-67.7961			54.0348			10.3225			-3.4000			-138.0000			256.0000			-193.0000			
-67.7961			59.2151			6.5557			-2.0000			-116.0000			250.0000			-203.0000			
-67.7961			62.0930			3.8652			-1.8000			-93.0000			242.0000			-212.0000			
-63.2593			62.6686			-0.9778			-1.5000			-71.0000			232.0000			-219.0000			
-57.5883			63.2441			-9.5875			-3.9000			-49.0000			224.0000			-225.0000			
-48.5147			63.2441			-14.9686			-0.2000			-28.0000			213.0000			-229.0000			
-41.7095			59.2151			-19.8116			-2.3000			-3.0000			200.0000			-234.0000			
-37.7398			58.6395			-24.1164			-3.2000			24.0000			182.0000			-237.0000			
-35.4714			61.5174			-28.4213			-2.3000			53.0000			164.0000			-238.0000			
-34.9043			63.8197			-32.7262			-3.8000			79.0000			147.0000			-240.0000			
-29.2333			63.8197			-38.6454			-4.0000			101.0000			129.0000			-238.0000			
-20.7268			61.5174			-44.5646			-3.7000			121.0000			114.0000			-237.0000			
-17.3242			63.2441			-48.8694			-2.9000			140.0000			97.0000			-233.0000			
-13.3545			63.2441			-54.7886			-4.9000			156.0000			79.0000			-226.0000			
-8.2506			64.9709			-59.0935			-2.3000			173.0000			62.0000			-219.0000			
-3.7138			63.8197			-61.7840			-1.6000			189.0000			41.0000			-209.0000			
1.9572			59.2151			-63.9364			-2.7000			206.0000			20.0000			-199.0000			
7.0611			54.6104			-66.0889			-4.4000			222.0000			-1.0000			-191.0000			
15.0005			50.5813			-67.1651			-1.5000			236.0000			-19.0000			-181.0000			
20.6715			45.9766			-67.7032			-1.0000			251.0000			-39.0000			-170.0000			
25.2083			39.6452			-68.2413			-3.3000			266.0000			-62.0000			-155.0000			
30.8793			36.7672			-70.3937			-2.7000			277.0000			-86.0000			-140.0000			
33.7148			38.4940			-74.6986			-2.4000			290.0000			-108.0000			-126.0000			
38.8187			35.0405			-74.6986			-0.8000			296.0000			-129.0000			-111.0000			
46.1910			25.8311			-72.5462			-0.5000			303.0000			-147.0000			-94.0000			
50.1607			17.1974			-71.4700			-4.1000			308.0000			-165.0000			-78.0000			
54.6975			13.1683			-71.4700			-3.5000			307.0000			-181.0000			-62.0000			
59.2342			8.5636			-70.9319			-3.1000			304.0000			-195.0000			-45.0000			
63.2039			5.6857			-70.9319			-2.0000			300.0000			-207.0000			-26.0000			
64.9052			3.3833			-70.9319			-2.6000			293.0000			-220.0000			-7.0000			
63.2039			1.0810			-67.1651			-2.8000			285.0000			-232.0000			12.0000			
64.9052			-2.9481			-62.3221			-0.3000			276.0000			-241.0000			28.0000			
66.0394			-10.4307			-56.4029			-0.7000			268.0000			-251.0000			44.0000			
64.3381			-15.6110			-51.0219			-2.2000			257.0000			-260.0000			64.0000			
63.7710			-17.9133			-47.7932			-1.9000			242.0000			-268.0000			83.0000			
66.0394			-21.9424			-44.5646			-0.4000			225.0000			-277.0000			103.0000			
68.3078			-24.2448			-42.9502			1.1000			209.0000			-282.0000			121.0000			
66.6065			-28.8494			-37.0310			0.7000			193.0000			-286.0000			137.0000			
62.0697			-34.6053			-27.8832			-0.4000			175.0000			-287.0000			153.0000			
60.9355			-42.0879			-19.8116			-0.9000			154.0000			-289.0000			166.0000			
62.6368			-48.4193			-15.5067			-1.2000			137.0000			-286.0000			177.0000			
63.2039			-54.1752			-10.6637			-1.6000			117.0000			-280.0000			187.0000			
63.2039			-57.6287			-7.4351			-1.8000			94.0000			-275.0000			198.0000			
63.2039			-58.2043			-4.7445			0.2000			71.0000			-267.0000			206.0000			
59.8013			-58.7799			0.6365			1.6000			48.0000			-258.0000			213.0000			
52.9962			-61.0822			8.1701			0.0000			28.0000			-250.0000			219.0000			
43.9226			-61.0822			15.7036			-1.4000			6.0000			-239.0000			223.0000			
35.9832			-56.4775			19.4703			-1.0000			-20.0000			-226.0000			229.0000			
33.7148			-56.4775			24.3133			1.5000			-48.0000			-208.0000			232.0000			
34.2819			-61.6578			27.0038			-0.3000			-73.0000			-192.0000			233.0000			
33.1477			-64.5357			31.8468			0.4000			-98.0000			-175.0000			234.0000			
25.7754			-65.6869			39.9184			0.0000			-121.0000			-160.0000			234.0000			
16.7018			-61.0822			44.2233			-0.1000			-142.0000			-142.0000			231.0000			
11.5979			-63.3845			52.2949			0.5000			-162.0000			-125.0000			228.0000			
7.6282			-65.6869			57.1379			-0.9000			-179.0000			-109.0000			222.0000			
4.7927			-66.8380			61.9809			0.0000			-196.0000			-89.0000			214.0000			
-0.8783			-65.1113			64.6714			-1.3000			-213.0000			-69.0000			205.0000			
-4.8480			-61.0822			64.1333			-1.7000			-230.0000			-46.0000			196.0000			
-11.0861			-57.6287			66.8239			-1.8000			-246.0000			-27.0000			187.0000			
-18.4584			-51.2973			67.9001			-1.8000			-259.0000			-9.0000			177.0000			
-24.6965			-42.6635			66.2858			-1.0000			-273.0000			12.0000			165.0000			
-29.8004			-38.0588			66.8239			-1.0000			-288.0000			35.0000			152.0000			
-32.6359			-36.3320			68.4382			-0.5000			-300.0000			60.0000			135.0000			
-36.0385			-35.1809			70.5906			-0.6000			-310.0000			83.0000			119.0000			
-42.8437			-31.7274			72.2049			-2.3000			-319.0000			104.0000			104.0000			
-47.3805			-22.5180			69.5144			-0.3000			-324.0000			123.0000			87.0000			
-53.6186			-14.4598			66.8239			-1.2000			-327.0000			141.0000			73.0000			
-57.0212			-10.4307			66.8239			-0.6000			-329.0000			155.0000			55.0000			
-62.6922			-8.7040			68.4382			-2.9000			-327.0000			168.0000			38.0000			
-67.7961			-4.0993			69.5144			-2.3000			-321.0000			183.0000			20.0000			
-67.2290			-3.5237			68.4382			-2.3000			-315.0000			195.0000			2.0000			
-67.7961			0.5054			66.2858			-1.0000			-307.0000			206.0000			-15.0000			
-68.3632			5.1101			61.9809			-1.2000			-298.0000			218.0000			-31.0000			
-70.0645			12.5927			53.9093			-3.5000			-290.0000			226.0000			-49.0000			
-67.7961			16.6218			48.5282			-2.6000			-278.0000			235.0000			-67.0000			
-66.0948			19.4997			45.2995			-1.2000			-262.0000			242.0000			-87.0000			
-68.9303			24.1044			43.1471			-1.6000			-246.0000			251.0000			-107.0000			
-70.0645			26.4067			41.5328			-2.1000			-229.0000			254.0000			-125.0000			
-70.0645			31.5870			35.6136			-2.8000			-213.0000			259.0000			-141.0000			
-62.6922			35.6161			24.8514			-2.2000			-194.0000			260.0000			-157.0000			
-64.3935			43.0987			17.8560			-3.4000			-175.0000			262.0000			-171.0000			
-65.5277			48.8545			14.6274			-2.0000			-157.0000			258.0000			-182.0000			
-66.6619			52.8836			10.3225			-3.4000			-137.0000			255.0000			-193.0000			
-66.6619			56.9127			7.6320			-2.1000			-115.0000			246.0000			-202.0000			
-66.0948			60.9418			3.8652			-1.2000			-92.0000			240.0000			-212.0000			
-63.2593			62.0930			-2.5921			-3.7000			-71.0000			232.0000			-218.0000			
-56.4541			62.6686			-9.0494			-2.8000			-49.0000			223.0000			-225.0000			
-46.2463			61.5174			-15.5067			-0.2000			-27.0000			213.0000			-230.0000			
-42.2766			59.2151			-20.3497			-3.4000			-3.0000			199.0000			-234.0000			
-37.7398			60.3662			-24.1164			-1.4000			26.0000			182.0000			-237.0000			
-36.6056			61.5174			-28.9594			-4.0000			54.0000			163.0000			-240.0000			
-34.9043			65.5465			-33.2643			-2.6000			79.0000			147.0000			-240.0000			
-26.3978			65.5465			-40.7978			-1.6000			103.0000			130.0000			-239.0000			
-20.7268			62.0930			-45.1027			-3.7000			122.0000			112.0000			-238.0000			
-16.1900			63.2441			-49.9456			-2.8000			141.0000			96.0000			-233.0000			
-11.6532			64.3953			-55.8648			-3.1000			158.0000			79.0000			-226.0000			
-7.6835			66.1221			-60.1697			-1.7000			174.0000			60.0000			-219.0000			
-2.5796			63.8197			-61.7840			-0.5000			191.0000			41.0000			-210.0000			
2.5243			59.7906			-65.0127			-2.6000			208.0000			19.0000			-198.0000			
8.7624			54.6104			-66.0889			-2.7000			222.0000			-1.0000			-189.0000			
16.1347			49.4301			-67.1651			-1.5000			237.0000			-21.0000			-180.0000			
21.8057			44.8254			-67.1651			-0.5000			251.0000			-41.0000			-169.0000			
26.3425			37.9184			-68.2413			-3.9000			266.0000			-64.0000			-155.0000			
30.3122			35.6161			-69.3175			-3.3000			280.0000			-89.0000			-138.0000			
33.1477			36.1917			-72.5462			-3.2000			289.0000			-112.0000			-122.0000			
39.9529			32.1626			-73.0843			-0.9000			298.0000			-132.0000			-108.0000			
47.3252			24.1044			-70.3937			1.0000			302.0000			-150.0000			-91.0000			
51.2949			14.8950			-69.3175			-3.1000			307.0000			-167.0000			-75.0000			
55.8317			12.0171			-69.8556			-2.0000			308.0000			-183.0000			-59.0000			
59.2342			8.5636			-69.8556			-2.0000			305.0000			-197.0000			-42.0000			
63.7710			5.6857			-70.9319			-1.4000			298.0000			-209.0000			-25.0000			
65.4723			2.8077			-70.3937			-2.1000			293.0000			-221.0000			-6.0000			
64.9052			-0.0702			-66.6270			-1.7000			284.0000			-232.0000			11.0000			
65.4723			-5.2505			-61.2459			-1.0000			276.0000			-240.0000			28.0000			
67.1736			-10.4307			-55.3267			1.4000			267.0000			-249.0000			45.0000			
66.0394			-16.1866			-51.0219			-1.1000			256.0000			-259.0000			63.0000			
64.9052			-20.2157			-46.1789			-1.4000			241.0000			-268.0000			83.0000			
68.3078			-23.6692			-44.0264			0.6000			226.0000			-275.0000			104.0000			
69.4420			-27.6983			-41.8740			-0.1000			210.0000			-282.0000			122.0000			
67.7407			-32.3029			-35.4167			0.0000			191.0000			-287.0000			138.0000			
63.7710			-36.9076			-26.2689			0.5000			174.0000			-289.0000			153.0000			
62.0697			-43.8146			-19.2735			-1.0000			155.0000			-290.0000			168.0000			
63.7710			-50.7217			-14.4305			-1.3000			137.0000			-287.0000			180.0000			
65.4723			-56.4775			-9.5875			-0.5000			116.0000			-282.0000			190.0000			
64.3381			-60.5066			-4.7445			-0.9000			93.0000			-275.0000			200.0000			
64.3381			-62.2334			-3.1302			-1.0000			71.0000			-269.0000			209.0000			
60.9355			-62.2334			3.8652			2.5000			49.0000			-260.0000			216.0000			
54.1304			-63.9601			10.3225			0.4000			28.0000			-251.0000			222.0000			
45.0568			-62.8089			16.2417			-1.5000			6.0000			-240.0000			226.0000			
36.5503			-58.7799			22.1609			0.0000			-19.0000			-225.0000			230.0000			
34.8490			-59.3554			26.4657			1.9000			-47.0000			-209.0000			232.0000			
33.7148			-62.8089			29.6944			0.5000			-76.0000			-190.0000			234.0000			
33.1477			-67.4136			34.5374			0.2000			-100.0000			-174.0000			235.0000			
26.3425			-67.4136			41.5328			0.4000			-122.0000			-157.0000			235.0000			
16.1347			-62.8089			46.3757			-0.2000			-143.0000			-140.0000			231.0000			
13.2992			-64.5357			52.8330			1.5000			-162.0000			-124.0000			228.0000			
9.3295			-66.2625			58.2141			1.2000			-180.0000			-106.0000			221.0000			
3.6585			-66.2625			64.1333			1.5000			-197.0000			-86.0000			214.0000			
-0.3112			-65.1113			65.2095			-0.2000			-213.0000			-66.0000			206.0000			
-7.1164			-59.9310			65.7476			-1.2000			-231.0000			-45.0000			196.0000			
-11.6532			-57.6287			67.9001			-1.3000			-246.0000			-25.0000			186.0000			
-20.1597			-49.5705			67.9001			-1.8000			-260.0000			-7.0000			176.0000			
-25.8307			-42.6635			67.3620			-1.1000			-274.0000			14.0000			165.0000			
-29.2333			-39.2100			67.3620			-1.0000			-288.0000			39.0000			151.0000			
-34.3372			-36.3320			69.5144			-1.1000			-300.0000			62.0000			133.0000			
-36.6056			-36.9076			72.2049			-1.3000			-311.0000			86.0000			117.0000			
-42.2766			-32.3029			73.2812			-1.2000			-321.0000			105.0000			102.0000			
-49.6489			-21.3668			70.0525			-0.9000			-325.0000			124.0000			87.0000			
-54.1857			-15.0354			67.9001			-1.3000			-329.0000			141.0000			72.0000			
-59.2896			-10.4307			68.9763			-0.7000			-329.0000			156.0000			55.0000			
-63.8264			-9.2796			71.1287			-1.9000			-326.0000			171.0000			39.0000			
-68.3632			-6.4016			72.2049			-2.5000			-321.0000			183.0000			21.0000			
-69.4974			-2.3725			70.0525			-1.8000			-313.0000			196.0000			2.0000			
-70.0645			-0.0702			67.9001			-2.2000			-305.0000			207.0000			-16.0000			
-70.0645			5.6857			63.0571			-1.3000			-298.0000			216.0000			-32.0000			
-68.9303			14.3194			53.3712			-1.2000			-288.0000			226.0000			-50.0000			
-66.0948			14.8950			49.6044			-1.6000			-275.0000			235.0000			-69.0000			
-66.6619			21.2264			44.7614			-0.6000			-261.0000			245.0000			-91.0000			
-67.7961			22.9532			43.1471			-1.6000			-243.0000			251.0000			-110.0000			
-70.6316			26.4067			42.6090			-1.6000			-227.0000			258.0000			-127.0000			
-70.6316			32.7381			33.9993			-3.8000			-210.0000			261.0000			-144.0000			
-62.6922			35.0405			24.8514			-2.7000			-191.0000			261.0000			-159.0000			
-63.8264			43.6743			18.3941			-1.7000			-173.0000			262.0000			-172.0000			
-66.0948			47.7034			14.6274			-3.7000			-154.0000			258.0000			-183.0000			
-66.0948			51.7324			11.9368			-2.4000			-133.0000			253.0000			-193.0000			
-64.9606			55.7615			8.1701			-1.0000			-111.0000			246.0000			-202.0000			
-64.9606			58.0639			4.4033			-2.4000			-89.0000			239.0000			-211.0000			
-60.9909			59.7906			-0.9778			-2.1000			-67.0000			229.0000			-218.0000			
-54.1857			62.6686			-9.5875			-1.1000			-47.0000			221.0000			-225.0000			
-45.1121			59.2151			-15.5067			-1.4000			-25.0000			211.0000			-229.0000			
-39.4411			56.9127			-19.2735			-1.7000			1.0000			197.0000			-234.0000			
-37.7398			58.6395			-24.1164			-3.2000			30.0000			178.0000			-237.0000			
-36.0385			60.3662			-26.8070			-2.4000			58.0000			161.0000			-239.0000			
-33.2030			64.3953			-32.7262			-1.5000			83.0000			145.0000			-241.0000			
-25.2636			63.2441			-39.1835			-1.2000			105.0000			129.0000			-239.0000			
-19.0255			61.5174			-45.1027			-2.6000			125.0000			111.0000			-236.0000			
-15.0558			62.0930			-49.9456			-2.9000			143.0000			94.0000			-232.0000			
-11.0861			64.3953			-55.8648			-2.5000			160.0000			77.0000			-225.0000			
-7.1164			64.9709			-60.7078			-2.8000			176.0000			58.0000			-217.0000			
-2.0125			63.2441			-61.2459			0.0000			191.0000			37.0000			-207.0000			
3.0914			58.6395			-64.4746			-2.7000			210.0000			18.0000			-198.0000			
9.3295			54.6104			-67.1651			-3.2000			223.0000			-3.0000			-187.0000			
15.0005			49.4301			-67.1651			-2.7000			237.0000			-20.0000			-179.0000			
22.9399			43.0987			-67.1651			-1.1000			253.0000			-42.0000			-168.0000			
27.4767			37.9184			-67.7032			-2.3000			267.0000			-66.0000			-153.0000			
30.8793			36.1917			-70.3937			-3.3000			281.0000			-90.0000			-137.0000			
34.2819			36.7672			-72.5462			-1.4000			291.0000			-114.0000			-122.0000			
38.8187			33.3137			-73.0843			-0.9000			298.0000			-133.0000			-106.0000			
46.7581			22.3776			-70.3937			-1.2000			303.0000			-151.0000			-91.0000			
51.2949			16.0462			-68.2413			-0.9000			306.0000			-169.0000			-74.0000			
55.8317			12.5927			-69.3175			-0.8000			306.0000			-184.0000			-56.0000			
57.5329			7.9880			-67.7032			-2.1000			303.0000			-197.0000			-39.0000			
61.5026			5.6857			-68.7794			-1.5000			298.0000			-210.0000			-21.0000			
64.3381			3.3833			-68.2413			-0.5000			291.0000			-222.0000			-4.0000			
64.3381			-0.0702			-65.0127			-0.7000			283.0000			-234.0000			14.0000			
63.7710			-4.6749			-61.2459			-2.1000			275.0000			-244.0000			31.0000			
65.4723			-10.4307			-53.1743			1.8000			267.0000			-251.0000			47.0000			
64.3381			-15.0354			-49.4075			-0.1000			255.0000			-261.0000			66.0000			
63.7710			-19.6401			-46.1789			-2.0000			241.0000			-269.0000			85.0000			
66.6065			-23.6692			-44.0264			-1.0000			225.0000			-277.0000			106.0000			
69.4420			-26.5471			-42.4121			0.4000			207.0000			-282.0000			124.0000			
67.7407			-30.5762			-35.4167			1.7000			191.0000			-287.0000			139.0000			
62.6368			-35.7565			-25.7308			1.1000			173.0000			-287.0000			154.0000			
61.5026			-42.0879			-18.7354			0.6000			154.0000			-288.0000			167.0000			
63.7710			-48.9949			-14.9686			-0.1000			135.0000			-284.0000			179.0000			
63.7710			-55.3263			-9.5875			-1.1000			115.0000			-280.0000			189.0000			
63.7710			-58.7799			-4.7445			0.2000			91.0000			-273.0000			199.0000			
62.6368			-59.9310			-3.1302			-0.4000			69.0000			-266.0000			208.0000			
59.2342			-60.5066			2.7890			1.5000			46.0000			-258.0000			216.0000			
52.4291			-61.6578			9.7844			0.5000			26.0000			-249.0000			222.0000			
42.7884			-61.0822			16.7798			-1.5000			4.0000			-239.0000			227.0000			
35.9832			-57.6287			22.1609			0.5000			-22.0000			-225.0000			231.0000			
34.2819			-59.9310			25.3895			-0.2000			-51.0000			-207.0000			235.0000			
34.8490			-62.8089			28.6182			0.6000			-78.0000			-189.0000			235.0000			
33.1477			-66.2625			34.5374			1.4000			-101.0000			-173.0000			236.0000			
24.6412			-66.2625			41.5328			0.0000			-122.0000			-157.0000			234.0000			
17.2689			-61.6578			46.9139			2.5000			-143.0000			-140.0000			232.0000			
12.1650			-63.3845			52.8330			1.6000			-162.0000			-123.0000			227.0000			
8.1953			-65.6869			58.2141			0.7000			-180.0000			-105.0000			221.0000			
4.2256			-65.6869			64.1333			2.6000			-197.0000			-86.0000			213.0000			
-0.8783			-63.9601			64.6714			-0.1000			-213.0000			-66.0000			203.0000			
-6.5493			-59.9310			65.2095			-1.2000			-230.0000			-44.0000			195.0000			
-11.6532			-56.4775			67.9001			-0.2000			-246.0000			-24.0000			185.0000			
-19.5926			-48.9949			67.9001			-0.6000			-260.0000			-6.0000			177.0000			
-23.5623			-42.6635			65.2095			-1.0000			-273.0000			15.0000			164.0000			
-29.2333			-36.9076			66.8239			0.6000			-289.0000			39.0000			149.0000			
-32.6359			-36.9076			68.4382			-1.1000			-300.0000			63.0000			132.0000			
-34.9043			-36.9076			70.5906			-1.2000			-311.0000			85.0000			117.0000			
-42.2766			-31.1518			71.6668			-1.7000			-318.0000			106.0000			101.0000			
-48.5147			-21.9424			68.9763			-1.4000			-323.0000			125.0000			86.0000			
-53.0515			-13.3086			66.2858			0.0000			-326.0000			142.0000			70.0000			
-58.1554			-10.4307			67.9001			-0.6000			-327.0000			158.0000			54.0000			
-62.6922			-8.7040			70.0525			-1.3000			-325.0000			170.0000			37.0000			
-67.2290			-5.2505			70.0525			-2.4000			-319.0000			183.0000			18.0000			
-66.6619			-3.5237			68.4382			-1.7000			-312.0000			197.0000			-1.0000			
-68.9303			1.0810			66.8239			-1.0000			-305.0000			207.0000			-15.0000			
-70.0645			7.4124			61.4428			-1.2000			-297.0000			217.0000			-33.0000			
-68.9303			14.8950			53.9093			-0.1000			-288.0000			226.0000			-50.0000			
-66.6619			17.1974			48.5282			-0.9000			-276.0000			236.0000			-70.0000			
-66.6619			21.2264			44.7614			-0.6000			-261.0000			244.0000			-90.0000			
-68.3632			23.5288			43.6852			-1.1000			-243.0000			250.0000			-109.0000			
-70.6316			26.9823			41.5328			-2.1000			-226.0000			256.0000			-128.0000			
-69.4974			32.1626			35.0755			-2.2000			-210.0000			260.0000			-144.0000			
-62.6922			36.7672			23.7752			-2.1000			-190.0000			262.0000			-160.0000			
-63.2593			44.8254			16.7798			-1.6000			-173.0000			261.0000			-173.0000			
-66.0948			49.4301			14.0892			-2.5000			-153.0000			258.0000			-184.0000			
-65.5277			53.4592			10.3225			-1.7000			-133.0000			253.0000			-193.0000			
-65.5277			55.7615			7.6320			-2.1000			-109.0000			247.0000			-203.0000			
-63.8264			58.6395			3.8652			-1.3000			-87.0000			239.0000			-211.0000			
-60.9909			62.0930			-2.5921			-1.4000			-66.0000			229.0000			-219.0000			
-54.7528			63.8197			-10.1256			-1.0000			-46.0000			221.0000			-225.0000			
-44.5450			60.3662			-17.6591			-1.8000			-24.0000			210.0000			-230.0000			
-38.8740			58.6395			-21.9640			-2.1000			2.0000			197.0000			-233.0000			
-36.0385			60.3662			-25.7308			-1.4000			31.0000			177.0000			-237.0000			
-36.6056			62.6686			-29.4975			-3.4000			59.0000			163.0000			-239.0000			
-33.7701			64.3953			-32.1881			-1.5000			83.0000			144.0000			-241.0000			
-24.6965			63.8197			-41.3359			-2.2000			106.0000			128.0000			-238.0000			
-17.8913			61.5174			-46.1789			-2.5000			125.0000			110.0000			-237.0000			
-13.9216			62.0930			-51.0219			-2.8000			143.0000			93.0000			-231.0000			
-9.3848			63.8197			-58.0173			-3.5000			159.0000			75.0000			-223.0000			
-7.1164			64.9709			-60.7078			-2.8000			175.0000			56.0000			-216.0000			
-0.8783			63.2441			-62.3221			0.0000			194.0000			36.0000			-207.0000			
4.2256			59.7906			-65.0127			-0.9000			210.0000			15.0000			-197.0000			
11.0308			54.6104			-67.7032			-2.0000			226.0000			-3.0000			-189.0000			
18.4031			48.2789			-67.7032			-1.0000			239.0000			-23.0000			-178.0000			
22.3728			43.6743			-66.6270			-0.5000			254.0000			-43.0000			-167.0000			
27.4767			37.9184			-68.7794			-3.3000			268.0000			-66.0000			-153.0000			
30.8793			36.7672			-70.9319			-3.2000			281.0000			-92.0000			-135.0000			
33.7148			36.1917			-72.5462			-2.6000			290.0000			-113.0000			-121.0000			
41.0871			31.0114			-73.0843			-0.9000			299.0000			-134.0000			-105.0000			
46.7581			21.2264			-70.3937			-2.3000			303.0000			-153.0000			-89.0000			
53.5633			14.8950			-68.7794			-0.3000			308.0000			-170.0000			-73.0000			
58.1000			11.4415			-69.8556			-0.3000			307.0000			-185.0000			-56.0000			
59.2342			9.1392			-69.8556			-1.4000			305.0000			-198.0000			-40.0000			
63.7710			5.1101			-69.8556			-0.9000			298.0000			-211.0000			-20.0000			
66.0394			2.2321			-69.8556			-1.5000			291.0000			-223.0000			-2.0000			
66.0394			-0.6458			-66.0889			-0.6000			282.0000			-234.0000			15.0000			
66.6065			-6.4016			-61.2459			-1.0000			275.0000			-244.0000			31.0000			
66.6065			-12.1575			-53.1743			1.2000			266.0000			-253.0000			47.0000			
66.0394			-16.7622			-49.4075			-0.1000			255.0000			-263.0000			67.0000			
65.4723			-20.2157			-45.6408			-0.3000			241.0000			-271.0000			87.0000			
67.7407			-24.2448			-43.4883			0.0000			223.0000			-278.0000			107.0000			
70.5762			-28.8494			-40.7978			0.9000			208.0000			-284.0000			126.0000			
68.3078			-32.3029			-33.2643			2.7000			190.0000			-288.0000			141.0000			
63.7710			-37.4832			-24.6545			1.6000			172.0000			-289.0000			156.0000			
62.6368			-43.2391			-18.7354			0.6000			154.0000			-289.0000			168.0000			
62.6368			-49.5705			-13.8924			-0.8000			133.0000			-285.0000			180.0000			
63.7710			-56.4775			-9.5875			-2.2000			112.0000			-280.0000			190.0000			
64.3381			-59.9310			-5.8208			-1.4000			92.0000			-273.0000			201.0000			
62.6368			-61.6578			-1.5159			-0.5000			69.0000			-265.0000			209.0000			
59.8013			-63.3845			4.4033			0.8000			47.0000			-258.0000			215.0000			
52.4291			-62.8089			11.3987			1.0000			25.0000			-249.0000			222.0000			
42.7884			-61.0822			17.3179			-0.9000			3.0000			-238.0000			227.0000			
35.4161			-58.2043			22.1609			-0.6000			-24.0000			-223.0000			231.0000			
33.7148			-59.9310			27.0038			0.7000			-52.0000			-206.0000			233.0000			
35.4161			-63.3845			29.6944			1.7000			-78.0000			-188.0000			235.0000			
32.0135			-66.2625			35.6136			1.3000			-103.0000			-172.0000			235.0000			
24.0741			-66.2625			42.0709			-0.1000			-126.0000			-155.0000			233.0000			
16.1347			-62.2334			47.9901			1.8000			-145.0000			-138.0000			231.0000			
12.7321			-65.1113			53.3712			0.9000			-164.0000			-122.0000			226.0000			
8.7624			-66.8380			58.2141			0.1000			-181.0000			-105.0000			221.0000			
4.7927			-65.6869			63.5952			2.7000			-198.0000			-85.0000			213.0000			
0.2559			-64.5357			64.6714			0.3000			-214.0000			-65.0000			204.0000			
-7.6835			-59.9310			64.6714			-2.9000			-232.0000			-43.0000			193.0000			
-11.6532			-57.6287			68.4382			-0.8000			-247.0000			-24.0000			185.0000			
-19.0255			-50.7217			67.9001			-1.8000			-261.0000			-4.0000			176.0000			
-24.6965			-43.2391			66.8239			-1.1000			-275.0000			17.0000			163.0000			
-29.8004			-37.4832			67.3620			0.0000			-289.0000			40.0000			148.0000			
-33.7701			-37.4832			70.0525			-1.1000			-301.0000			66.0000			131.0000			
-36.0385			-35.1809			71.1287			0.0000			-312.0000			87.0000			116.0000			
-42.2766			-31.1518			72.2049			-1.2000			-319.0000			107.0000			101.0000			
-49.6489			-20.7913			68.4382			-1.9000			-324.0000			126.0000			84.0000			
-53.0515			-13.8842			66.8239			-0.1000			-328.0000			143.0000			69.0000			
-58.1554			-10.4307			68.4382			-0.1000			-329.0000			159.0000			53.0000			
-63.8264			-7.5528			70.0525			-1.3000			-326.0000			173.0000			35.0000			
-67.7961			-4.6749			69.5144			-2.9000			-321.0000			186.0000			18.0000			
-67.7961			-2.3725			68.4382			-1.7000			-312.0000			198.0000			-2.0000			
-68.9303			-0.0702			66.8239			-2.1000			-305.0000			208.0000			-18.0000			
-70.6316			6.8368			61.9809			-1.8000			-298.0000			218.0000			-35.0000			
-68.9303			14.8950			52.8330			-1.2000			-287.0000			228.0000			-52.0000			
-67.2290			16.6218			48.5282			-2.0000			-275.0000			237.0000			-71.0000			
-67.2290			21.2264			44.2233			-1.7000			-260.0000			245.0000			-91.0000			
-68.3632			24.6800			43.1471			-0.5000			-243.0000			251.0000			-111.0000			
-70.6316			26.9823			42.0709			-1.5000			-226.0000			257.0000			-128.0000			
-70.0645			33.8893			33.9993			-2.1000			-208.0000			261.0000			-145.0000			
-62.6922			36.7672			23.7752			-2.1000			-190.0000			261.0000			-160.0000			
-63.2593			45.4010			17.8560			0.0000			-172.0000			260.0000			-173.0000			
-65.5277			51.7324			13.5511			-0.2000			-153.0000			260.0000			-185.0000			
-66.0948			53.4592			10.8606			-1.7000			-132.0000			252.0000			-194.0000			
-64.9606			56.3371			8.1701			-0.4000			-107.0000			246.0000			-204.0000			
-63.2593			58.0639			3.3271			-1.8000			-86.0000			237.0000			-213.0000			
-59.8567			60.9418			-2.0540			-0.9000			-65.0000			228.0000			-219.0000			
-54.1857			63.2441			-10.6637			-1.6000			-44.0000			220.0000			-225.0000			
-45.1121			59.2151			-16.0448			-1.9000			-21.0000			209.0000			-230.0000			
-37.7398			58.0639			-20.3497			0.0000			4.0000			194.0000			-235.0000			
-36.0385			59.2151			-25.7308			-2.5000			32.0000			176.0000			-236.0000			
-36.0385			61.5174			-27.8832			-2.3000			60.0000			159.0000			-239.0000			
-32.6359			64.3953			-32.7262			-0.9000			86.0000			143.0000			-240.0000			
-24.1294			63.8197			-40.7978			-1.1000			109.0000			127.0000			-240.0000			
-18.4584			61.5174			-46.1789			-3.1000			127.0000			109.0000			-236.0000			
-14.4887			63.2441			-51.5600			-2.8000			146.0000			93.0000			-231.0000			
-11.0861			64.3953			-56.9410			-3.6000			161.0000			75.0000			-225.0000			
-5.4151			64.9709			-61.2459			-1.6000			177.0000			56.0000			-217.0000			
-1.4454			63.2441			-62.3221			-0.5000			195.0000			36.0000			-207.0000			
3.0914			59.7906			-63.9364			-1.0000			213.0000			15.0000			-197.0000			
11.0308			54.0348			-67.1651			-2.0000			227.0000			-6.0000			-189.0000			
17.8360			48.2789			-66.0889			0.0000			241.0000			-24.0000			-179.0000			
23.5070			41.3719			-66.6270			-1.7000			256.0000			-46.0000			-165.0000			
28.0438			38.4940			-67.1651			-0.6000			270.0000			-69.0000			-151.0000			
30.3122			37.9184			-69.3175			-1.0000			283.0000			-95.0000			-135.0000			
34.2819			35.6161			-72.5462			-2.6000			292.0000			-118.0000			-120.0000			
41.0871			30.4358			-72.0081			-0.4000			301.0000			-135.0000			-104.0000			
48.4594			20.0753			-69.3175			-0.7000			305.0000			-155.0000			-88.0000			
54.1304			13.7438			-67.7032			0.1000			307.0000			-170.0000			-72.0000			
56.9659			10.8659			-68.7794			-0.9000			307.0000			-185.0000			-56.0000			
59.8013			7.9880			-69.3175			-1.5000			303.0000			-200.0000			-38.0000			
63.7710			4.5345			-69.3175			-1.0000			297.0000			-211.0000			-18.0000			
65.4723			2.2321			-68.7794			-1.0000			290.0000			-225.0000			-1.0000			
66.0394			-1.7969			-66.0889			-1.8000			282.0000			-234.0000			16.0000			
67.1736			-6.4016			-61.2459			-0.4000			274.0000			-244.0000			33.0000			
66.6065			-13.3086			-52.6362			0.6000			266.0000			-253.0000			49.0000			
64.9052			-15.6110			-47.2551			2.0000			254.0000			-262.0000			68.0000			
64.9052			-19.6401			-46.1789			-0.9000			238.0000			-270.0000			88.0000			
67.7407			-25.3959			-43.4883			-1.1000			222.0000			-277.0000			108.0000			
70.0091			-28.8494			-40.7978			0.3000			206.0000			-283.0000			126.0000			
68.3078			-33.4541			-32.1881			2.6000			188.0000			-287.0000			142.0000			
63.7710			-37.4832			-24.6545			1.6000			171.0000			-289.0000			157.0000			
62.6368			-43.2391			-17.1210			2.2000			152.0000			-289.0000			170.0000			
63.7710			-48.9949			-13.3543			1.4000			133.0000			-285.0000			182.0000			
63.7710			-55.3263			-9.0494			-0.6000			111.0000			-280.0000			190.0000			
63.7710			-58.7799			-5.8208			-0.8000			89.0000			-273.0000			200.0000			
63.2039			-61.0822			-0.9778			1.1000			66.0000			-266.0000			210.0000			
59.8013			-62.8089			5.4795			2.4000			45.0000			-258.0000			217.0000			
51.8620			-62.8089			12.4749			1.5000			23.0000			-249.0000			222.0000			
42.2213			-61.0822			17.8560			-0.9000			-1.0000			-236.0000			228.0000			
35.4161			-58.7799			22.6990			-0.6000			-26.0000			-221.0000			231.0000			
35.4161			-61.0822			26.4657			0.8000			-54.0000			-204.0000			233.0000			
35.9832			-63.9601			29.6944			1.7000			-80.0000			-185.0000			235.0000			
32.0135			-65.6869			35.6136			1.9000			-104.0000			-170.0000			234.0000			
23.5070			-65.6869			43.1471			0.9000			-127.0000			-154.0000			234.0000			
16.1347			-62.8089			49.0663			2.3000			-146.0000			-137.0000			232.0000			
13.2992			-65.6869			54.4474			2.0000			-165.0000			-120.0000			227.0000			
8.1953			-65.6869			59.2903			1.7000			-182.0000			-102.0000			219.0000			
4.2256			-67.4136			64.1333			0.9000			-199.0000			-83.0000			211.0000			
-0.3112			-63.9601			66.2858			2.0000			-217.0000			-61.0000			204.0000			
-7.1164			-58.2043			64.6714			-0.6000			-234.0000			-39.0000			195.0000			
-12.7874			-56.4775			67.9001			-1.3000			-249.0000			-21.0000			185.0000			
-20.1597			-48.9949			68.9763			-0.1000			-264.0000			-2.0000			175.0000			
-24.1294			-42.0879			66.8239			0.6000			-277.0000			18.0000			163.0000			
-30.3675			-36.9076			67.3620			0.0000			-291.0000			43.0000			147.0000			
-33.2030			-36.3320			69.5144			0.0000			-303.0000			68.0000			131.0000			
-36.0385			-36.3320			72.2049			-0.1000			-313.0000			90.0000			115.0000			
-43.4108			-30.5762			72.7430			-1.2000			-321.0000			109.0000			98.0000			
-49.6489			-21.9424			69.5144			-2.0000			-325.0000			127.0000			85.0000			
-53.6186			-13.8842			66.8239			-0.6000			-328.0000			145.0000			68.0000			
-57.5883			-10.4307			68.9763			0.9000			-328.0000			161.0000			51.0000			
-63.2593			-6.9772			70.5906			0.3000			-325.0000			173.0000			34.0000			
-66.6619			-4.6749			71.1287			-0.2000			-319.0000			186.0000			15.0000			
-67.2290			-2.9481			67.9001			-2.2000			-312.0000			198.0000			-2.0000			
-67.7961			-0.0702			66.2858			-1.5000			-303.0000			209.0000			-20.0000			
-70.0645			7.4124			60.9047			-1.7000			-296.0000			218.0000			-36.0000			
-68.3632			14.3194			53.3712			-0.6000			-285.0000			227.0000			-53.0000			
-66.6619			18.3485			47.4520			-0.8000			-273.0000			238.0000			-73.0000			
-66.6619			21.8020			44.2233			-0.6000			-258.0000			245.0000			-93.0000			
-68.3632			23.5288			44.2233			-0.6000			-241.0000			252.0000			-112.0000			
-70.6316			27.5579			40.9947			-2.0000			-225.0000			256.0000			-130.0000			
-68.9303			32.1626			32.3849			-4.3000			-206.0000			260.0000			-147.0000			
-62.6922			36.1917			24.3133			-2.1000			-188.0000			260.0000			-161.0000			
-63.2593			44.8254			18.3941			0.0000			-169.0000			260.0000			-174.0000			
-65.5277			50.0057			14.6274			-0.8000			-150.0000			257.0000			-185.0000			
-65.5277			52.8836			10.3225			-2.3000			-128.0000			251.0000			-194.0000			
-64.3935			54.6104			7.6320			-2.1000			-107.0000			244.0000			-204.0000			
-62.6922			56.3371			3.8652			-2.4000			-85.0000			236.0000			-211.0000			
-58.1554			59.7906			-3.6683			-2.0000			-62.0000			227.0000			-219.0000			
-51.9173			62.0930			-10.6637			-0.4000			-41.0000			219.0000			-225.0000			
-42.8437			58.6395			-17.1210			-1.3000			-19.0000			207.0000			-231.0000			
-36.0385			56.3371			-21.4259			-1.1000			7.0000			193.0000			-235.0000			
-35.4714			58.6395			-25.1927			-2.0000			35.0000			175.0000			-238.0000			
-36.0385			61.5174			-27.8832			-2.3000			63.0000			158.0000			-240.0000			
-32.6359			62.6686			-32.7262			-2.6000			88.0000			140.0000			-241.0000			
-22.9952			62.0930			-38.1073			0.9000			109.0000			124.0000			-239.0000			
-16.7571			61.5174			-46.7170			-1.9000			129.0000			107.0000			-235.0000			
-13.9216			62.6686			-51.0219			-2.2000			146.0000			89.0000			-230.0000			
-9.3848			63.8197			-56.4029			-1.9000			162.0000			73.0000			-223.0000			
-5.4151			64.3953			-61.2459			-2.2000			179.0000			54.0000			-215.0000			
-0.3112			60.3662			-60.1697			-0.1000			195.0000			33.0000			-206.0000			
4.2256			59.2151			-63.3983			0.0000			212.0000			12.0000			-196.0000			
11.5979			55.1860			-66.0889			0.6000			227.0000			-8.0000			-187.0000			
18.9702			47.1278			-67.1651			-1.0000			241.0000			-26.0000			-177.0000			
24.6412			42.5231			-66.6270			0.5000			257.0000			-47.0000			-165.0000			
28.6109			39.0696			-67.7032			0.0000			269.0000			-72.0000			-150.0000			
31.4464			37.9184			-70.3937			-1.0000			283.0000			-95.0000			-135.0000			
34.2819			37.3428			-72.5462			-0.9000			293.0000			-118.0000			-119.0000			
41.0871			30.4358			-71.4700			0.0000			301.0000			-137.0000			-104.0000			
47.8923			20.0753			-68.7794			-0.8000			304.0000			-156.0000			-86.0000			
52.9962			13.7438			-67.1651			-0.4000			307.0000			-171.0000			-71.0000			
56.9659			10.8659			-68.2413			-0.4000			306.0000			-187.0000			-54.0000			
59.8013			7.9880			-68.7794			-0.9000			301.0000			-200.0000			-37.0000			
63.7710			3.3833			-68.7794			-1.6000			298.0000			-213.0000			-18.0000			
64.9052			1.0810			-65.0127			0.9000			290.0000			-225.0000			-1.0000			
65.4723			-1.2214			-65.0127			-0.7000			283.0000			-237.0000			17.0000			
67.7407			-7.5528			-61.2459			-1.0000			275.0000			-246.0000			33.0000			
67.1736			-13.3086			-52.0981			1.7000			265.0000			-255.0000			52.0000			
65.4723			-16.1866			-47.7932			1.4000			254.0000			-264.0000			69.0000			
66.0394			-20.2157			-45.6408			0.1000			239.0000			-271.0000			89.0000			
68.8749			-25.3959			-44.0264			-0.5000			222.0000			-280.0000			107.0000			
70.5762			-30.5762			-40.7978			-0.8000			206.0000			-285.0000			127.0000			
68.3078			-34.6053			-31.6500			2.0000			187.0000			-288.0000			143.0000			
63.7710			-38.0588			-24.1164			1.5000			169.0000			-289.0000			157.0000			
63.7710			-44.3902			-18.1972			1.1000			152.0000			-288.0000			169.0000			
64.3381			-47.8437			-13.8924			2.6000			132.0000			-284.0000			180.0000			
64.3381			-54.7508			-9.5875			0.0000			109.0000			-279.0000			191.0000			
63.7710			-58.2043			-6.3589			-0.7000			88.0000			-271.0000			200.0000			
62.0697			-59.9310			-1.5159			0.6000			65.0000			-265.0000			209.0000			
58.6671			-63.3845			5.4795			0.7000			44.0000			-257.0000			217.0000			
52.9962			-64.5357			13.0130			1.4000			24.0000			-249.0000			222.0000			
42.7884			-60.5066			17.8560			0.1000			-1.0000			-238.0000			229.0000			
35.4161			-58.2043			22.1609			-0.6000			-28.0000			-223.0000			233.0000			
35.4161			-61.0822			27.0038			1.3000			-54.0000			-205.0000			234.0000			
34.8490			-64.5357			30.2325			0.5000			-81.0000			-187.0000			235.0000			
30.8793			-66.2625			35.6136			0.2000			-106.0000			-172.0000			235.0000			
23.5070			-65.1113			42.6090			1.0000			-128.0000			-153.0000			233.0000			
16.1347			-62.8089			49.0663			2.3000			-148.0000			-137.0000			231.0000			
13.8663			-65.6869			54.9855			3.1000			-166.0000			-121.0000			225.0000			
9.3295			-66.8380			59.2903			1.7000			-182.0000			-102.0000			219.0000			
3.6585			-67.4136			64.1333			0.3000			-199.0000			-82.0000			210.0000			
-1.4454			-64.5357			66.2858			0.3000			-217.0000			-62.0000			203.0000			
-7.1164			-57.6287			65.2095			0.4000			-233.0000			-41.0000			193.0000			
-13.3545			-55.9019			69.5144			0.2000			-249.0000			-21.0000			184.0000			
-19.5926			-48.9949			69.5144			0.9000			-262.0000			-3.0000			175.0000			
-24.6965			-42.6635			66.8239			-0.5000			-277.0000			18.0000			162.0000			
-30.3675			-37.4832			67.9001			0.0000			-291.0000			43.0000			147.0000			
-32.6359			-35.7565			70.0525			1.6000			-303.0000			68.0000			130.0000			
-37.7398			-35.1809			72.7430			-0.1000			-312.0000			91.0000			114.0000			
-44.5450			-30.5762			72.7430			-2.3000			-320.0000			109.0000			99.0000			
-49.0818			-20.7913			68.9763			-0.8000			-325.0000			127.0000			82.0000			
-53.0515			-13.8842			66.8239			-0.1000			-327.0000			144.0000			66.0000			
-58.1554			-11.0063			68.4382			-0.7000			-328.0000			159.0000			51.0000			
-63.2593			-6.9772			69.5144			-0.7000			-324.0000			172.0000			33.0000			
-67.2290			-3.5237			69.5144			-1.2000			-317.0000			184.0000			15.0000			
-67.2290			-1.2214			67.9001			-0.5000			-311.0000			198.0000			-3.0000			
-68.3632			1.0810			65.2095			-2.0000			-304.0000			209.0000			-20.0000			
-70.6316			7.4124			61.4428			-1.7000			-295.0000			219.0000			-36.0000			
-68.3632			14.8950			53.3712			-0.1000			-285.0000			227.0000			-55.0000			
-66.0948			17.1974			47.9901			-0.9000			-273.0000			236.0000			-72.0000			
-67.2290			21.8020			44.7614			-0.6000			-258.0000			244.0000			-93.0000			
-68.9303			26.4067			43.1471			0.6000			-240.0000			251.0000			-113.0000			
-71.1987			28.7091			39.9184			-2.5000			-223.0000			255.0000			-130.0000			
-67.7961			33.8893			31.8468			-2.0000			-205.0000			259.0000			-146.0000			
-62.6922			37.3428			23.2371			-2.1000			-186.0000			261.0000			-162.0000			
-63.8264			45.4010			17.3179			-1.1000			-169.0000			260.0000			-174.0000			
-66.0948			52.3080			13.0130			-0.7000			-151.0000			257.0000			-185.0000			
-66.6619			55.7615			9.2463			-1.6000			-128.0000			251.0000			-197.0000			
-66.0948			57.4883			6.0176			-2.5000			-105.0000			245.0000			-205.0000			
-63.2593			59.2151			2.2509			-1.7000			-82.0000			236.0000			-214.0000			
-59.2896			61.5174			-4.7445			-2.5000			-62.0000			228.0000			-220.0000			
-53.0515			64.3953			-12.2781			-0.9000			-41.0000			220.0000			-226.0000			
-43.9779			60.9418			-18.1972			-1.2000			-19.0000			208.0000			-232.0000			
-37.1727			58.0639			-22.5021			-1.6000			8.0000			193.0000			-236.0000			
-33.7701			60.3662			-27.8832			-1.2000			37.0000			175.0000			-237.0000			
-35.4714			63.2441			-30.5737			-2.7000			64.0000			157.0000			-240.0000			
-31.5017			65.5465			-35.4167			-1.3000			88.0000			139.0000			-239.0000			
-22.4281			63.8197			-41.3359			0.0000			110.0000			123.0000			-238.0000			
-17.3242			62.6686			-47.2551			-1.9000			129.0000			107.0000			-236.0000			
-13.3545			63.8197			-52.6362			-2.1000			147.0000			90.0000			-230.0000			
-8.8177			66.6977			-58.0173			-0.1000			164.0000			72.0000			-223.0000			
-3.7138			64.9709			-62.3221			-1.0000			180.0000			52.0000			-214.0000			
1.3901			62.6686			-63.3983			0.6000			198.0000			32.0000			-206.0000			
4.7927			60.3662			-65.0127			0.1000			214.0000			10.0000			-196.0000			
12.7321			54.6104			-67.7032			-0.3000			230.0000			-8.0000			-187.0000			
19.5373			48.8545			-68.2413			0.1000			244.0000			-27.0000			-177.0000			
24.0741			43.0987			-67.7032			-0.5000			258.0000			-49.0000			-164.0000			
29.7451			38.4940			-68.7794			-0.5000			270.0000			-72.0000			-149.0000			
32.0135			37.9184			-71.4700			-1.5000			283.0000			-96.0000			-133.0000			
36.5503			36.1917			-73.6224			-0.8000			294.0000			-118.0000			-117.0000			
43.9226			28.7091			-72.5462			0.0000			302.0000			-138.0000			-102.0000			
49.0265			18.9241			-69.3175			-1.3000			306.0000			-157.0000			-86.0000			
54.6975			13.7438			-68.2413			0.2000			309.0000			-174.0000			-69.0000			
58.1000			10.2903			-68.7794			-0.3000			307.0000			-189.0000			-52.0000			
62.0697			6.8368			-70.9319			-2.0000			303.0000			-203.0000			-34.0000			
66.0394			4.5345			-70.9319			-0.3000			298.0000			-214.0000			-17.0000			
66.6065			2.2321			-68.2413			0.5000			291.0000			-227.0000			2.0000			
67.1736			-2.3725			-66.0889			-1.2000			283.0000			-237.0000			19.0000			
68.8749			-8.1284			-61.7840			-1.0000			275.0000			-246.0000			33.0000			
68.3078			-14.4598			-53.1743			0.6000			264.0000			-255.0000			51.0000			
66.0394			-16.7622			-46.1789			3.1000			253.0000			-265.0000			71.0000			
65.4723			-20.7913			-45.1027			-0.4000			236.0000			-271.0000			91.0000			
68.3078			-26.5471			-42.4121			-0.6000			221.0000			-279.0000			111.0000			
71.7104			-31.1518			-39.1835			1.3000			204.0000			-286.0000			129.0000			
68.8749			-35.1809			-31.1118			2.5000			187.0000			-289.0000			146.0000			
64.3381			-40.9367			-22.5021			0.9000			169.0000			-291.0000			160.0000			
64.9052			-47.2682			-16.0448			1.5000			151.0000			-290.0000			173.0000			
64.9052			-51.8728			-12.2781			0.7000			131.0000			-286.0000			184.0000			
65.4723			-57.0531			-7.4351			0.9000			109.0000			-281.0000			193.0000			
64.9052			-60.5066			-4.7445			-0.3000			86.0000			-273.0000			203.0000			
63.7710			-62.2334			-0.9778			0.5000			63.0000			-266.0000			213.0000			
59.2342			-64.5357			6.0176			0.7000			42.0000			-257.0000			218.0000			
52.4291			-63.3845			13.0130			2.0000			21.0000			-248.0000			224.0000			
41.6542			-59.9310			17.8560			-0.4000			-2.0000			-235.0000			227.0000			
35.4161			-58.7799			23.2371			-0.1000			-29.0000			-219.0000			231.0000			
35.4161			-61.0822			27.0038			1.3000			-56.0000			-202.0000			233.0000			
34.8490			-64.5357			31.8468			2.1000			-83.0000			-185.0000			234.0000			
30.8793			-66.2625			36.6898			1.3000			-106.0000			-168.0000			235.0000			
21.2386			-65.1113			43.6852			-0.1000			-129.0000			-152.0000			233.0000			
15.0005			-62.8089			50.1425			2.3000			-150.0000			-135.0000			231.0000			
12.7321			-66.8380			55.5236			1.4000			-168.0000			-119.0000			226.0000			
8.1953			-67.4136			60.9047			1.6000			-185.0000			-100.0000			218.0000			
3.0914			-68.5648			64.6714			-0.8000			-201.0000			-81.0000			210.0000			
-2.0125			-64.5357			66.8239			0.2000			-218.0000			-58.0000			203.0000			
-6.5493			-57.6287			66.8239			2.6000			-236.0000			-38.0000			191.0000			
-13.9216			-57.0531			70.0525			-0.9000			-251.0000			-19.0000			183.0000			
-20.7268			-49.5705			68.9763			-1.3000			-265.0000			-1.0000			174.0000			
-24.6965			-42.6635			67.3620			0.0000			-278.0000			22.0000			159.0000			
-29.2333			-37.4832			67.9001			1.1000			-292.0000			46.0000			143.0000			
-33.7701			-35.7565			70.5906			1.0000			-304.0000			70.0000			128.0000			
-37.7398			-35.1809			73.8193			0.9000			-313.0000			94.0000			112.0000			
-44.5450			-28.8494			71.1287			-2.2000			-321.0000			113.0000			98.0000			
-49.6489			-20.2157			68.9763			-0.8000			-325.0000			130.0000			82.0000			
-54.1857			-13.8842			67.9001			-0.1000			-327.0000			146.0000			65.0000			
-58.1554			-10.4307			68.9763			0.3000			-327.0000			162.0000			48.0000			
-62.6922			-8.1284			70.0525			-0.7000			-323.0000			174.0000			31.0000			
-67.2290			-2.9481			70.5906			0.4000			-317.0000			187.0000			12.0000			
-67.2290			-1.2214			67.9001			-0.5000			-309.0000			201.0000			-5.0000			
-67.2290			0.5054			64.6714			-2.0000			-302.0000			210.0000			-24.0000			
-67.7961			7.4124			59.8285			-0.5000			-294.0000			221.0000			-39.0000			
-66.6619			13.1683			51.7568			-1.7000			-283.0000			230.0000			-57.0000			
-64.3935			17.1974			46.3757			-0.8000			-270.0000			239.0000			-77.0000			
-65.5277			21.8020			43.6852			0.0000			-254.0000			246.0000			-96.0000			
-68.3632			24.1044			43.1471			-1.1000			-236.0000			253.0000			-116.0000			
-70.0645			29.2846			38.3041			-2.4000			-221.0000			258.0000			-133.0000			
-67.2290			34.4649			30.2325			-2.5000			-203.0000			262.0000			-150.0000			
-62.1251			38.4940			22.1609			-1.4000			-185.0000			262.0000			-165.0000			
-63.2593			45.9766			16.7798			-0.4000			-166.0000			261.0000			-177.0000			
-66.0948			52.3080			13.5511			-0.2000			-148.0000			259.0000			-187.0000			
-67.2290			57.4883			9.2463			-0.4000			-126.0000			252.0000			-197.0000			
-66.0948			58.6395			6.0176			-1.4000			-103.0000			245.0000			-207.0000			
-63.2593			59.2151			2.2509			-1.7000			-81.0000			235.0000			-214.0000			
-58.7225			60.3662			-4.7445			-3.0000			-59.0000			227.0000			-221.0000			
-51.9173			63.2441			-11.7399			-0.4000			-39.0000			217.0000			-226.0000			
-43.4108			59.2151			-16.0448			-0.2000			-15.0000			206.0000			-231.0000			
-35.4714			57.4883			-22.5021			-0.4000			11.0000			190.0000			-235.0000			
-34.3372			59.2151			-26.8070			-1.9000			40.0000			171.0000			-237.0000			
-34.9043			63.2441			-30.0356			-1.7000			67.0000			154.0000			-240.0000			
-31.5017			64.9709			-35.4167			-1.9000			90.0000			139.0000			-240.0000			
-22.4281			63.2441			-40.7978			0.0000			113.0000			121.0000			-238.0000			
-16.1900			63.2441			-47.7932			-0.7000			132.0000			107.0000			-235.0000			
-13.3545			63.2441			-52.0981			-2.2000			150.0000			88.0000			-230.0000			
-8.8177			66.1221			-57.4791			-0.1000			168.0000			70.0000			-222.0000			
-3.1467			65.5465			-62.8602			-0.4000			184.0000			50.0000			-214.0000			
0.8230			60.9418			-62.8602			-1.0000			201.0000			29.0000			-205.0000			
4.7927			59.2151			-63.9364			0.0000			217.0000			9.0000			-196.0000			
12.1650			55.1860			-66.0889			1.2000			231.0000			-10.0000			-187.0000			
18.4031			47.7034			-66.0889			0.0000			245.0000			-30.0000			-176.0000			
25.2083			39.6452			-65.0127			-0.1000			260.0000			-51.0000			-163.0000			
29.1780			37.9184			-66.6270			0.4000			274.0000			-76.0000			-147.0000			
32.5806			37.9184			-70.3937			0.1000			286.0000			-100.0000			-130.0000			
36.5503			36.1917			-73.6224			-0.8000			296.0000			-122.0000			-116.0000			
43.3555			29.2846			-71.4700			1.1000			303.0000			-141.0000			-100.0000			
49.0265			18.3485			-67.7032			-0.3000			307.0000			-160.0000			-83.0000			
52.9962			12.5927			-67.1651			-1.5000			310.0000			-174.0000			-68.0000			
58.6671			9.1392			-68.2413			-0.4000			309.0000			-190.0000			-51.0000			
62.6368			7.9880			-70.9319			-0.3000			303.0000			-203.0000			-33.0000			
64.9052			4.5345			-70.3937			-0.9000			296.0000			-214.0000			-14.0000			
64.9052			1.6566			-66.0889			0.4000			289.0000			-226.0000			4.0000			
66.0394			-1.2214			-65.0127			-0.1000			281.0000			-237.0000			22.0000			
68.3078			-8.1284			-60.1697			0.0000			272.0000			-246.0000			36.0000			
66.0394			-15.6110			-50.4837			0.0000			263.0000			-256.0000			54.0000			
63.2039			-17.3377			-46.1789			-0.3000			251.0000			-265.0000			73.0000			
65.4723			-20.2157			-44.5646			0.6000			235.0000			-273.0000			94.0000			
66.6065			-24.2448			-42.9502			-0.5000			218.0000			-279.0000			115.0000			
69.4420			-29.4250			-40.2597			-0.2000			202.0000			-286.0000			130.0000			
66.6065			-34.6053			-30.0356			1.9000			184.0000			-289.0000			146.0000			
63.7710			-39.7856			-21.9640			2.0000			166.0000			-288.0000			159.0000			
63.2039			-46.6926			-16.5829			0.0000			148.0000			-288.0000			172.0000			
63.7710			-50.1461			-11.7399			1.8000			128.0000			-283.0000			184.0000			
64.3381			-54.1752			-9.0494			1.1000			106.0000			-277.0000			192.0000			
64.3381			-57.0531			-5.2826			2.0000			84.0000			-272.0000			203.0000			
60.9355			-59.3554			-1.5159			0.0000			61.0000			-264.0000			210.0000			
57.5329			-61.6578			4.4033			0.2000			39.0000			-255.0000			218.0000			
49.0265			-61.0822			13.5511			1.4000			18.0000			-245.0000			223.0000			
39.9529			-57.6287			17.8560			0.1000			-6.0000			-234.0000			228.0000			
34.2819			-56.4775			22.1609			0.0000			-33.0000			-217.0000			231.0000			
35.9832			-59.9310			26.4657			2.5000			-60.0000			-199.0000			233.0000			
36.5503			-64.5357			29.6944			1.7000			-87.0000			-183.0000			236.0000			
30.3122			-65.1113			36.1517			1.3000			-110.0000			-166.0000			236.0000			
20.6715			-63.3845			43.6852			0.9000			-131.0000			-151.0000			235.0000			
14.4334			-62.8089			49.0663			0.6000			-151.0000			-134.0000			230.0000			
11.5979			-65.6869			55.5236			1.4000			-169.0000			-117.0000			226.0000			
9.3295			-66.8380			59.8285			2.3000			-185.0000			-98.0000			218.0000			
3.0914			-65.6869			63.0571			0.4000			-202.0000			-78.0000			209.0000			
-2.0125			-63.3845			65.7476			0.3000			-220.0000			-57.0000			200.0000			
-6.5493			-57.6287			66.2858			2.1000			-236.0000			-36.0000			191.0000			
-13.3545			-53.5996			68.4382			1.4000			-250.0000			-17.0000			182.0000			
-20.7268			-46.6926			67.3620			0.0000			-264.0000			1.0000			172.0000			
-24.6965			-39.7856			66.2858			1.8000			-279.0000			23.0000			159.0000			
-29.2333			-35.7565			66.2858			1.2000			-293.0000			48.0000			143.0000			
-31.5017			-36.3320			68.4382			0.6000			-305.0000			73.0000			127.0000			
-37.1727			-34.0297			72.7430			1.5000			-314.0000			95.0000			111.0000			
-42.8437			-28.8494			70.5906			-1.1000			-320.0000			112.0000			95.0000			
-49.0818			-19.6401			66.8239			-1.8000			-325.0000			131.0000			79.0000			
-53.6186			-12.7331			66.8239			0.4000			-327.0000			148.0000			63.0000			
-58.1554			-10.4307			68.4382			-0.1000			-326.0000			163.0000			47.0000			
-61.5580			-8.1284			69.5144			-0.1000			-322.0000			175.0000			29.0000			
-64.3935			-4.6749			69.5144			0.4000			-317.0000			189.0000			11.0000			
-65.5277			-1.7969			68.4382			1.1000			-310.0000			201.0000			-8.0000			
-66.0948			2.2321			63.0571			-0.8000			-302.0000			212.0000			-24.0000			
-66.6619			6.2612			58.2141			-2.1000			-294.0000			221.0000			-39.0000			
-65.5277			14.3194			51.2187			0.0000			-283.0000			229.0000			-58.0000			
-63.2593			17.7729			45.8376			0.3000			-271.0000			238.0000			-77.0000			
-65.5277			20.6509			44.7614			-0.1000			-253.0000			247.0000			-97.0000			
-68.3632			24.6800			43.6852			0.0000			-236.0000			254.0000			-117.0000			
-69.4974			28.1335			38.8422			-2.5000			-220.0000			258.0000			-135.0000			
-66.6619			34.4649			30.2325			-1.9000			-202.0000			261.0000			-149.0000			
-62.6922			38.4940			22.1609			-2.0000			-184.0000			260.0000			-164.0000			
-63.2593			44.8254			17.8560			-0.5000			-165.0000			260.0000			-177.0000			
-66.6619			51.7324			14.0892			-0.8000			-146.0000			255.0000			-186.0000			
-67.7961			56.9127			9.7844			-1.1000			-124.0000			250.0000			-197.0000			
-66.0948			58.0639			6.5557			-1.4000			-102.0000			243.0000			-206.0000			
-62.1251			58.0639			2.7890			-1.2000			-79.0000			234.0000			-214.0000			
-57.5883			58.6395			-4.2064			-3.1000			-58.0000			226.0000			-221.0000			
-50.2160			61.5174			-12.8162			-1.5000			-38.0000			216.0000			-226.0000			
-41.7095			58.0639			-15.5067			0.8000			-13.0000			205.0000			-233.0000			
-35.4714			55.7615			-20.8878			-0.5000			13.0000			190.0000			-236.0000			
-33.7701			58.6395			-26.2689			-1.3000			43.0000			171.0000			-239.0000			
-35.4714			62.0930			-29.4975			-2.8000			68.0000			154.0000			-240.0000			
-30.9346			63.2441			-34.8786			-2.5000			93.0000			137.0000			-241.0000			
-21.8610			62.0930			-40.7978			-0.5000			113.0000			120.0000			-238.0000			
-16.1900			61.5174			-46.1789			-0.8000			132.0000			104.0000			-234.0000			
-12.2203			63.2441			-52.0981			-1.0000			150.0000			86.0000			-229.0000			
-8.8177			65.5465			-57.4791			-0.7000			167.0000			69.0000			-222.0000			
-3.1467			64.3953			-61.2459			0.0000			184.0000			49.0000			-213.0000			
2.5243			58.6395			-61.7840			-0.6000			201.0000			28.0000			-204.0000			
4.7927			58.0639			-63.3983			-0.5000			218.0000			8.0000			-195.0000			
13.2992			52.8836			-65.0127			1.1000			231.0000			-11.0000			-185.0000			
19.5373			45.9766			-65.0127			0.5000			246.0000			-31.0000			-175.0000			
25.2083			38.4940			-64.4746			-0.7000			260.0000			-53.0000			-162.0000			
29.7451			35.6161			-65.0127			0.3000			273.0000			-77.0000			-147.0000			
32.0135			37.3428			-69.8556			-0.5000			286.0000			-100.0000			-130.0000			
36.5503			35.0405			-70.9319			0.6000			295.0000			-122.0000			-115.0000			
