133.9677			11.2038			-148.1189			-2.9000			75.0000			-1.0000			-141.0000			
141.4418			1.1997			-144.2680			-1.6000			78.0000			-10.0000			-135.0000			
144.6450			-7.6929			-137.1163			-0.1000			82.0000			-16.0000			-130.0000			
146.7805			-23.8107			-123.9132			-0.9000			88.0000			-22.0000			-123.0000			
145.1789			-34.9264			-111.2603			-1.0000			90.0000			-30.0000			-116.0000			
143.0434			-45.4863			-99.1574			-1.6000			94.0000			-39.0000			-108.0000			
145.7128			-53.2673			-94.2062			-1.7000			96.0000			-43.0000			-100.0000			
148.9160			-62.7157			-85.9543			0.2000			96.0000			-50.0000			-91.0000			
148.9160			-74.3872			-74.4016			0.1000			98.0000			-57.0000			-80.0000			
147.8482			-85.5029			-62.2988			0.0000			98.0000			-64.0000			-70.0000			
148.3821			-97.1744			-51.8463			-0.6000			97.0000			-70.0000			-58.0000			
152.1191			-108.8459			-43.5944			-0.3000			96.0000			-75.0000			-49.0000			
153.7207			-120.5174			-34.2422			-1.0000			95.0000			-81.0000			-37.0000			
157.4578			-131.0774			-25.9902			0.3000			94.0000			-85.0000			-26.0000			
157.4578			-141.6373			-14.9877			0.8000			91.0000			-89.0000			-17.0000			
152.6530			-147.1952			-5.0853			0.3000			87.0000			-92.0000			-5.0000			
145.1789			-151.0857			7.0175			1.1000			85.0000			-96.0000			7.0000			
130.7645			-150.5299			20.7707			1.0000			80.0000			-99.0000			18.0000			
116.3502			-147.7509			31.7733			0.3000			76.0000			-102.0000			29.0000			
103.5374			-143.8604			41.1255			0.8000			72.0000			-103.0000			38.0000			
96.0633			-146.6394			53.7785			3.2000			66.0000			-104.0000			49.0000			
85.3859			-150.5299			65.3312			0.1000			59.0000			-104.0000			58.0000			
71.5054			-147.7509			76.8839			0.6000			52.0000			-104.0000			67.0000			
60.2943			-144.4162			86.2361			2.1000			45.0000			-102.0000			77.0000			
52.8201			-146.6394			95.0382			1.2000			39.0000			-101.0000			86.0000			
43.7444			-148.8625			106.5909			1.4000			31.0000			-100.0000			95.0000			
34.1348			-151.0857			119.7940			2.8000			24.0000			-97.0000			101.0000			
22.9237			-151.6414			129.6963			0.9000			15.0000			-94.0000			106.0000			
10.6448			-147.7509			138.4983			1.4000			9.0000			-91.0000			113.0000			
0.5013			-143.3047			144.5498			1.7000			1.0000			-86.0000			119.0000			
-12.3115			-132.7447			146.7503			1.6000			-6.0000			-83.0000			122.0000			
-22.4549			-119.4059			143.4495			1.5000			-14.0000			-79.0000			126.0000			
-33.6661			-105.5112			139.5986			0.4000			-21.0000			-73.0000			130.0000			
-45.4111			-92.1724			139.5986			2.0000			-28.0000			-69.0000			133.0000			
-57.1562			-86.0587			145.0999			1.8000			-36.0000			-64.0000			133.0000			
-68.3674			-75.4988			146.2002			2.3000			-43.0000			-57.0000			134.0000			
-80.1124			-62.7157			143.9996			1.1000			-50.0000			-51.0000			132.0000			
-90.7897			-49.9326			142.3493			1.6000			-58.0000			-42.0000			130.0000			
-102.0009			-39.9285			142.3493			0.4000			-63.0000			-35.0000			128.0000			
-113.7459			-31.0359			147.8505			3.0000			-71.0000			-30.0000			126.0000			
-123.8894			-22.1433			147.8505			1.8000			-76.0000			-22.0000			121.0000			
-133.4990			-12.6950			147.8505			1.6000			-81.0000			-16.0000			116.0000			
-140.9731			-3.2466			144.5498			0.3000			-86.0000			-9.0000			111.0000			
-145.7779			9.5365			136.2978			0.0000			-90.0000			-1.0000			106.0000			
-148.4472			25.6543			123.6449			0.8000			-93.0000			6.0000			99.0000			
-145.7779			34.5468			111.5420			0.3000			-97.0000			13.0000			91.0000			
-142.0408			43.4394			98.8891			0.2000			-100.0000			20.0000			84.0000			
-145.2440			54.5551			92.2875			1.6000			-102.0000			27.0000			74.0000			
-150.0488			66.2266			85.1358			1.3000			-104.0000			34.0000			65.0000			
-150.0488			74.5634			76.3338			0.8000			-105.0000			40.0000			55.0000			
-148.4472			85.1234			63.6808			0.3000			-105.0000			47.0000			44.0000			
-148.4472			97.3507			52.1281			1.0000			-105.0000			52.0000			33.0000			
-151.6504			109.5779			43.3260			1.2000			-104.0000			57.0000			22.0000			
-154.3197			121.2494			33.9738			0.9000			-102.0000			63.0000			11.0000			
-158.5906			132.3652			26.2720			0.0000			-101.0000			66.0000			1.0000			
-158.0568			141.8135			15.2694			-0.9000			-97.0000			72.0000			-10.0000			
-153.2520			146.8156			5.9172			-0.5000			-94.0000			76.0000			-21.0000			
-143.6424			151.2619			-7.8360			-0.2000			-90.0000			79.0000			-32.0000			
-130.2958			152.3735			-22.1393			0.0000			-86.0000			81.0000			-42.0000			
-115.8814			147.9272			-31.4915			0.5000			-82.0000			83.0000			-53.0000			
-103.6025			142.9251			-40.2936			-0.9000			-77.0000			85.0000			-64.0000			
-95.5945			145.7040			-53.4967			-3.3000			-73.0000			86.0000			-74.0000			
-85.9849			151.2619			-65.5995			-0.3000			-65.0000			86.0000			-84.0000			
-73.7060			149.0387			-75.5019			-0.1000			-59.0000			86.0000			-94.0000			
-60.8932			145.1482			-85.4042			-1.1000			-53.0000			86.0000			-103.0000			
-53.4191			146.2598			-95.3065			-2.4000			-44.0000			84.0000			-111.0000			
-43.2757			148.4830			-106.8592			-1.6000			-37.0000			82.0000			-118.0000			
-34.7338			150.7061			-117.3117			-1.3000			-29.0000			81.0000			-126.0000			
-23.5226			151.2619			-129.4145			-1.6000			-22.0000			78.0000			-133.0000			
-10.7099			147.9272			-138.2166			-1.0000			-16.0000			74.0000			-137.0000			
-0.0326			141.8135			-142.6176			-0.8000			-7.0000			71.0000			-143.0000			
13.3141			131.8094			-145.3683			-0.2000			-1.0000			67.0000			-147.0000			
24.5253			117.9147			-143.7179			-1.2000			8.0000			63.0000			-152.0000			
33.6010			104.5759			-139.8670			-1.6000			16.0000			59.0000			-155.0000			
44.2783			92.9044			-137.6664			-0.4000			23.0000			52.0000			-157.0000			
59.2265			84.5676			-145.3683			-1.5000			31.0000			46.0000			-157.0000			
70.4377			74.0076			-147.5688			-3.1000			38.0000			40.0000			-157.0000			
81.1150			63.4477			-145.3683			-0.8000			44.0000			34.0000			-156.0000			
90.7246			49.5531			-143.7179			-3.4000			51.0000			27.0000			-154.0000			
102.4696			38.4373			-143.7179			-2.8000			59.0000			20.0000			-152.0000			
113.6808			30.6563			-148.6690			-4.3000			63.0000			12.0000			-148.0000			
124.3581			23.9869			-150.3194			-1.9000			71.0000			5.0000			-144.0000			
133.4339			13.4270			-151.4197			-4.5000			75.0000			-1.0000			-139.0000			
140.9080			2.3113			-148.1189			-4.8000			80.0000			-8.0000			-134.0000			
144.6450			-8.8045			-138.7667			-2.9000			84.0000			-15.0000			-128.0000			
147.3144			-24.3665			-126.1137			-3.1000			89.0000			-22.0000			-122.0000			
146.2466			-36.0380			-114.0109			-3.7000			91.0000			-30.0000			-113.0000			
144.6450			-42.7074			-102.4582			-0.5000			96.0000			-36.0000			-106.0000			
145.1789			-52.1558			-96.4068			-3.3000			97.0000			-43.0000			-97.0000			
148.3821			-64.3831			-85.4042			-1.4000			99.0000			-49.0000			-88.0000			
149.4498			-76.6103			-74.4016			-1.5000			99.0000			-55.0000			-77.0000			
148.9160			-86.0587			-64.4993			-1.6000			100.0000			-63.0000			-67.0000			
147.8482			-95.5071			-54.5970			-2.2000			99.0000			-69.0000			-56.0000			
150.5176			-108.2901			-43.0442			-0.8000			99.0000			-75.0000			-46.0000			
153.7207			-122.1848			-33.1419			-1.6000			95.0000			-79.0000			-34.0000			
157.4578			-132.1889			-26.5404			-1.2000			94.0000			-85.0000			-24.0000			
157.4578			-141.0815			-16.6381			-0.2000			91.0000			-88.0000			-14.0000			
152.6530			-146.6394			-6.1856			-0.1000			88.0000			-91.0000			-2.0000			
141.9757			-150.5299			8.6679			0.1000			85.0000			-96.0000			9.0000			
128.0952			-151.0857			21.8710			-1.1000			82.0000			-98.0000			20.0000			
114.2147			-147.7509			32.3234			-1.2000			75.0000			-101.0000			30.0000			
103.0035			-144.4162			40.0252			-1.3000			70.0000			-102.0000			40.0000			
94.4617			-146.0836			52.6782			1.0000			65.0000			-103.0000			50.0000			
84.3182			-148.8625			65.3312			0.7000			58.0000			-105.0000			59.0000			
70.9716			-147.7509			76.3338			-0.4000			52.0000			-104.0000			69.0000			
60.8281			-146.0836			85.6860			0.4000			45.0000			-102.0000			78.0000			
53.3540			-146.6394			93.9379			0.6000			37.0000			-100.0000			87.0000			
42.1428			-147.1952			104.9405			-0.1000			30.0000			-100.0000			94.0000			
32.5333			-149.4183			118.6937			1.8000			23.0000			-97.0000			101.0000			
21.8559			-151.6414			129.1462			-0.6000			15.0000			-94.0000			106.0000			
11.1786			-148.3067			136.8480			-0.2000			7.0000			-90.0000			113.0000			
-0.0326			-142.1931			142.3493			0.1000			-1.0000			-89.0000			118.0000			
-12.8453			-131.6332			144.5498			0.0000			-8.0000			-82.0000			122.0000			
-24.5904			-117.7385			142.3493			0.0000			-15.0000			-79.0000			126.0000			
-34.7338			-103.8439			139.0485			0.4000			-23.0000			-75.0000			131.0000			
-44.3434			-93.8397			139.0485			0.8000			-31.0000			-69.0000			132.0000			
-56.6223			-85.5029			143.9996			1.8000			-38.0000			-64.0000			133.0000			
-69.9689			-73.8314			144.5498			0.7000			-45.0000			-57.0000			133.0000			
-81.7140			-61.6041			143.9996			0.6000			-51.0000			-49.0000			131.0000			
-91.8574			-49.9326			142.8994			1.1000			-59.0000			-43.0000			130.0000			
-100.3993			-41.5958			142.8994			0.9000			-65.0000			-36.0000			127.0000			
-114.2798			-31.0359			146.2002			0.8000			-71.0000			-29.0000			125.0000			
-124.4232			-20.4760			147.8505			2.9000			-77.0000			-23.0000			121.0000			
-132.4312			-12.6950			148.4007			3.2000			-82.0000			-16.0000			116.0000			
-138.8376			-5.4697			145.6500			1.3000			-85.0000			-8.0000			109.0000			
-144.7101			8.4249			136.8480			0.5000			-90.0000			-1.0000			104.0000			
-146.3117			25.0985			123.6449			2.4000			-94.0000			7.0000			98.0000			
-144.1763			35.1026			109.8916			0.8000			-97.0000			14.0000			91.0000			
-142.0408			43.4394			99.9893			1.3000			-102.0000			21.0000			83.0000			
-145.7779			53.4436			93.9379			1.6000			-103.0000			27.0000			74.0000			
-148.9811			64.0035			85.6860			0.7000			-104.0000			35.0000			63.0000			
-148.9811			73.4519			74.6834			-0.8000			-105.0000			42.0000			55.0000			
-147.3795			85.1234			63.1307			0.8000			-105.0000			47.0000			43.0000			
-149.5149			96.7949			53.7785			1.0000			-104.0000			53.0000			33.0000			
-152.7181			107.9106			45.5265			0.7000			-104.0000			58.0000			22.0000			
-153.7859			119.5821			34.5240			0.3000			-102.0000			63.0000			12.0000			
-156.9890			131.2536			26.2720			0.5000			-100.0000			68.0000			0.0000			
-158.0568			140.7020			16.3697			-0.9000			-97.0000			72.0000			-10.0000			
-153.2520			145.1482			7.5676			-0.5000			-94.0000			74.0000			-22.0000			
-142.5747			147.9272			-7.2859			-1.9000			-91.0000			79.0000			-33.0000			
-128.1603			149.0387			-21.0391			-0.1000			-88.0000			81.0000			-44.0000			
-114.2798			147.3714			-32.0417			1.0000			-82.0000			84.0000			-55.0000			
-103.0686			142.9251			-39.7435			0.1000			-77.0000			85.0000			-65.0000			
-93.9929			145.1482			-52.9466			-1.7000			-71.0000			87.0000			-75.0000			
-84.9172			149.0387			-64.4993			-0.3000			-65.0000			87.0000			-84.0000			
-71.5705			146.2598			-74.9517			-0.2000			-59.0000			87.0000			-93.0000			
-59.2916			144.5925			-85.9543			-0.6000			-51.0000			86.0000			-103.0000			
-53.4191			146.8156			-94.7564			-1.3000			-43.0000			84.0000			-111.0000			
-44.8773			149.0387			-105.2088			-1.0000			-37.0000			83.0000			-119.0000			
-33.1322			150.1503			-117.3117			-0.2000			-29.0000			81.0000			-127.0000			
-20.3194			149.5945			-129.4145			-0.1000			-23.0000			77.0000			-133.0000			
-10.7099			147.9272			-138.2166			-1.0000			-14.0000			74.0000			-138.0000			
-1.1003			142.3693			-142.0675			-0.7000			-6.0000			70.0000			-144.0000			
12.7802			129.5862			-143.1677			-0.8000			1.0000			66.0000			-148.0000			
25.5930			116.2474			-142.6176			-0.7000			9.0000			62.0000			-151.0000			
35.2026			102.3527			-139.3168			-1.7000			15.0000			57.0000			-155.0000			
45.3460			92.3486			-138.7667			-1.0000			23.0000			52.0000			-158.0000			
58.1588			85.1234			-144.2680			-0.9000			30.0000			47.0000			-158.0000			
70.4377			74.5634			-145.9184			-0.9000			39.0000			39.0000			-157.0000			
81.6489			61.2246			-143.7179			-0.8000			45.0000			32.0000			-156.0000			
92.8601			47.8857			-142.0675			-1.3000			51.0000			25.0000			-155.0000			
103.0035			39.5489			-142.6176			0.0000			58.0000			19.0000			-152.0000			
114.7486			31.7679			-147.5688			-1.0000			63.0000			10.0000			-149.0000			
124.8920			21.2080			-146.4685			-0.3000			69.0000			5.0000			-145.0000			
135.0354			11.2038			-148.1189			-1.8000			74.0000			-3.0000			-141.0000			
140.9080			1.1997			-144.8181			-2.7000			79.0000			-10.0000			-136.0000			
144.6450			-8.8045			-137.1163			-1.2000			83.0000			-17.0000			-129.0000			
145.7128			-24.3665			-123.9132			-2.5000			87.0000			-25.0000			-124.0000			
144.6450			-36.0380			-111.2603			-2.6000			92.0000			-32.0000			-116.0000			
143.5773			-44.3748			-99.7075			-0.5000			94.0000			-39.0000			-108.0000			
146.7805			-53.2673			-94.7564			-1.2000			95.0000			-46.0000			-100.0000			
148.9160			-64.3831			-86.5044			-1.9000			97.0000			-53.0000			-90.0000			
148.9160			-74.3872			-76.6021			-2.0000			98.0000			-59.0000			-79.0000			
147.8482			-84.9471			-64.4993			-1.5000			98.0000			-66.0000			-69.0000			
147.8482			-97.7302			-52.3964			-2.2000			95.0000			-71.0000			-59.0000			
152.1191			-109.4017			-44.1445			-1.4000			97.0000			-77.0000			-49.0000			
154.2546			-119.9616			-35.3424			-1.0000			95.0000			-83.0000			-37.0000			
157.4578			-131.0774			-27.0905			-0.7000			92.0000			-86.0000			-26.0000			
155.8562			-141.6373			-15.5378			-1.3000			91.0000			-90.0000			-15.0000			
151.5853			-145.5278			-6.7357			-0.6000			87.0000			-92.0000			-4.0000			
142.5096			-148.8625			7.0175			0.6000			83.0000			-97.0000			7.0000			
127.5613			-148.8625			20.2206			-1.0000			80.0000			-99.0000			17.0000			
113.1470			-145.5278			30.6731			-1.7000			74.0000			-102.0000			28.0000			
102.4696			-143.3047			41.1255			0.2000			70.0000			-103.0000			38.0000			
94.4617			-146.6394			52.6782			0.5000			64.0000			-105.0000			48.0000			
83.7843			-148.3067			64.7811			0.2000			57.0000			-103.0000			58.0000			
70.4377			-146.0836			75.2335			-0.4000			52.0000			-104.0000			68.0000			
59.7604			-144.4162			85.1358			0.4000			46.0000			-102.0000			78.0000			
52.2863			-145.5278			93.9379			0.7000			37.0000			-100.0000			87.0000			
42.6767			-147.7509			105.4906			0.4000			30.0000			-100.0000			94.0000			
33.0671			-150.5299			117.5934			0.1000			23.0000			-97.0000			102.0000			
21.8559			-149.9741			127.4958			-0.6000			15.0000			-93.0000			107.0000			
9.0432			-146.0836			136.8480			-0.1000			7.0000			-91.0000			113.0000			
-0.5664			-141.6373			142.3493			0.1000			-1.0000			-85.0000			118.0000			
-13.3792			-131.0774			143.9996			-0.4000			-7.0000			-82.0000			124.0000			
-24.5904			-116.6269			141.2490			0.0000			-15.0000			-78.0000			127.0000			
-34.7338			-101.6207			137.9482			1.6000			-23.0000			-73.0000			130.0000			
-44.8773			-92.7281			138.4983			0.8000			-30.0000			-68.0000			133.0000			
-57.6900			-86.0587			144.5498			0.8000			-37.0000			-63.0000			132.0000			
-71.0367			-73.2756			144.5498			0.2000			-43.0000			-56.0000			133.0000			
-81.1801			-60.4926			142.8994			1.2000			-51.0000			-49.0000			132.0000			
-91.8574			-49.9326			141.7991			0.0000			-58.0000			-42.0000			131.0000			
-102.5348			-39.3727			143.4495			1.5000			-65.0000			-36.0000			127.0000			
-115.3475			-29.9243			146.7503			1.4000			-71.0000			-27.0000			125.0000			
-123.8894			-22.1433			147.3004			1.2000			-75.0000			-20.0000			123.0000			
-134.0328			-13.2507			148.4007			1.1000			-81.0000			-14.0000			117.0000			
-140.9731			-1.0235			143.9996			2.0000			-85.0000			-7.0000			112.0000			
-145.7779			11.2038			136.2978			1.7000			-89.0000			0.0000			106.0000			
-146.8456			25.6543			124.1950			3.0000			-93.0000			7.0000			99.0000			
-144.7101			34.5468			111.5420			1.3000			-97.0000			14.0000			92.0000			
-142.0408			45.1068			98.3389			1.4000			-100.0000			23.0000			84.0000			
-146.3117			54.5551			93.9379			2.1000			-103.0000			28.0000			75.0000			
-148.9811			64.5593			86.2361			1.8000			-104.0000			36.0000			65.0000			
-148.4472			74.0076			76.3338			1.8000			-104.0000			43.0000			55.0000			
-147.9133			85.1234			63.6808			0.8000			-104.0000			48.0000			45.0000			
-149.5149			97.3507			53.7785			1.6000			-104.0000			53.0000			34.0000			
-152.7181			109.0222			44.4263			0.7000			-103.0000			58.0000			23.0000			
-153.7859			121.2494			35.0741			2.5000			-101.0000			64.0000			12.0000			
-158.0568			131.8094			26.8221			0.5000			-98.0000			68.0000			1.0000			
-156.9890			140.1462			16.9198			0.0000			-97.0000			73.0000			-9.0000			
-151.1165			144.5925			7.5676			1.0000			-92.0000			75.0000			-19.0000			
-140.9731			149.0387			-6.7357			1.3000			-89.0000			79.0000			-32.0000			
-127.0926			148.4830			-20.4890			0.9000			-86.0000			82.0000			-43.0000			
-112.6782			144.5925			-29.8411			2.0000			-81.0000			84.0000			-54.0000			
-100.3993			140.7020			-39.7435			0.5000			-76.0000			86.0000			-65.0000			
-93.9929			146.2598			-52.3964			-0.1000			-70.0000			88.0000			-74.0000			
-84.9172			149.5945			-63.9492			0.7000			-64.0000			87.0000			-83.0000			
-71.0367			146.8156			-74.4016			1.3000			-56.0000			86.0000			-93.0000			
-59.8255			144.0367			-84.3039			0.0000			-51.0000			86.0000			-102.0000			
-52.3514			146.2598			-93.6561			0.2000			-43.0000			84.0000			-113.0000			
-42.7418			148.4830			-105.2088			0.5000			-37.0000			82.0000			-119.0000			
-32.5984			150.1503			-117.3117			0.2000			-28.0000			80.0000			-126.0000			
-21.9210			150.1503			-128.3143			0.0000			-21.0000			77.0000			-132.0000			
-10.1760			147.3714			-136.5662			0.6000			-14.0000			73.0000			-138.0000			
0.5013			141.2577			-142.0675			-0.3000			-7.0000			70.0000			-144.0000			
14.9157			128.4747			-144.2680			-0.8000			2.0000			65.0000			-148.0000			
25.5930			115.6916			-142.0675			-0.7000			9.0000			61.0000			-152.0000			
34.6687			102.3527			-138.2166			-1.1000			17.0000			56.0000			-154.0000			
45.8799			90.6812			-138.2166			-1.6000			24.0000			51.0000			-157.0000			
59.2265			82.9002			-143.1677			-1.0000			31.0000			45.0000			-158.0000			
70.9716			74.5634			-146.4685			-0.9000			38.0000			38.0000			-158.0000			
81.1150			60.6688			-143.7179			-1.9000			45.0000			32.0000			-156.0000			
92.8601			47.3299			-143.1677			-2.9000			51.0000			24.0000			-155.0000			
105.1390			40.1047			-172.3246			-27.0000			59.0000			18.0000			-153.0000			
80.0473			5.0902			-266.9468			-181.8000			70.0000			13.0000			-144.0000			
144.6450			47.3299			-248.2424			-56.2000			84.0000			13.0000			-130.0000			
145.7128			42.3278			-248.7925			-60.7000			97.0000			12.0000			-118.0000			
154.2546			18.4290			-231.7385			-59.0000			110.0000			13.0000			-105.0000			
169.2028			2.8670			-186.0778			-14.0000			120.0000			12.0000			-92.0000			
165.9997			-29.9243			-157.4711			-21.3000			127.0000			8.0000			-83.0000			
167.6013			-40.4843			-123.3631			3.7000			133.0000			3.0000			-75.0000			
153.1869			-53.2673			-94.7564			5.1000			134.0000			-5.0000			-69.0000			
132.3661			-78.8335			-86.5044			-32.9000			136.0000			-13.0000			-62.0000			
142.5096			-86.0587			-72.7512			-16.2000			136.0000			-22.0000			-54.0000			
148.3821			-89.3934			-65.0494			-6.0000			134.0000			-30.0000			-44.0000			
139.3064			-101.0649			-68.3502			-30.1000			131.0000			-38.0000			-34.0000			
145.1789			-101.6207			-60.0982			-16.5000			127.0000			-47.0000			-26.0000			
162.7965			-102.1765			-27.6406			32.9000			124.0000			-57.0000			-19.0000			
147.8482			-134.4121			-18.2884			-4.8000			116.0000			-65.0000			-13.0000			
146.2466			-147.7509			1.5162			0.0000			108.0000			-73.0000			-9.0000			
144.1112			-154.9762			12.5188			1.6000			99.0000			-82.0000			-4.0000			
133.9677			-159.9782			9.2180			-16.7000			90.0000			-90.0000			2.0000			
129.1629			-157.1993			17.4700			-10.5000			81.0000			-98.0000			8.0000			
117.9517			-157.7551			22.4211			-17.3000			72.0000			-106.0000			14.0000			
104.6051			-154.9762			29.5728			-20.7000			63.0000			-111.0000			20.0000			
96.0633			-150.5299			36.1743			-18.2000			54.0000			-117.0000			26.0000			
88.5891			-152.1972			46.0767			-17.5000			44.0000			-120.0000			33.0000			
80.5812			-153.3088			55.9790			-16.7000			35.0000			-123.0000			39.0000			
70.4377			-150.5299			68.0818			-12.0000			25.0000			-124.0000			45.0000			
57.0911			-147.7509			79.6345			-11.0000			15.0000			-126.0000			51.0000			
46.9476			-149.4183			91.7374			-10.7000			5.0000			-126.0000			57.0000			
35.2026			-149.9741			107.1410			-7.6000			-4.0000			-126.0000			61.0000			
24.5253			-152.1972			120.3441			-7.3000			-15.0000			-126.0000			66.0000			
14.3818			-150.5299			129.6963			-6.4000			-23.0000			-124.0000			71.0000			
6.3738			-147.1952			137.9482			-2.8000			-33.0000			-122.0000			74.0000			
-2.1680			-142.1931			142.8994			-1.4000			-41.0000			-120.0000			78.0000			
-14.9808			-131.0774			146.2002			0.1000			-49.0000			-116.0000			81.0000			
-26.1920			-115.5154			145.0999			3.3000			-59.0000			-112.0000			86.0000			
-35.8015			-101.6207			142.3493			4.9000			-66.0000			-108.0000			89.0000			
-44.3434			-90.5050			142.3493			7.5000			-73.0000			-103.0000			90.0000			
-57.6900			-81.0566			147.3004			8.5000			-81.0000			-97.0000			91.0000			
-70.5028			-68.2736			148.4007			9.6000			-88.0000			-90.0000			90.0000			
-79.0447			-56.6021			148.4007			12.7000			-92.0000			-82.0000			90.0000			
-89.7220			-44.9305			148.9508			14.3000			-98.0000			-75.0000			89.0000			
-99.8654			-34.3706			148.9508			14.7000			-103.0000			-66.0000			87.0000			
-112.1443			-22.6991			152.2516			17.4000			-107.0000			-58.0000			88.0000			
-121.7539			-14.3623			153.9020			17.7000			-111.0000			-49.0000			85.0000			
-130.2958			-6.0255			155.5524			19.2000			-112.0000			-41.0000			83.0000			
-137.7699			5.6460			152.2516			20.1000			-114.0000			-32.0000			79.0000			
-140.9731			18.9848			144.5498			22.5000			-115.0000			-23.0000			77.0000			
-143.1085			34.5468			131.8968			23.3000			-116.0000			-13.0000			72.0000			
-140.9731			45.6626			118.6937			23.3000			-116.0000			-2.0000			67.0000			
-137.2360			53.9993			107.6911			24.4000			-116.0000			7.0000			63.0000			
-140.4392			62.3361			101.6397			23.5000			-113.0000			16.0000			57.0000			
-142.0408			73.4519			92.8376			24.2000			-111.0000			26.0000			50.0000			
-141.5069			84.0118			81.2849			23.7000			-109.0000			35.0000			45.0000			
-140.9731			94.5717			69.7322			23.3000			-104.0000			43.0000			37.0000			
-143.6424			104.5759			60.9301			21.8000			-100.0000			53.0000			31.0000			
-146.3117			116.8032			51.5780			22.0000			-97.0000			62.0000			23.0000			
-147.9133			129.5862			40.0252			21.7000			-92.0000			68.0000			16.0000			
-152.1843			139.5904			33.4237			20.8000			-85.0000			76.0000			8.0000			
-151.6504			149.0387			23.5214			20.9000			-79.0000			82.0000			2.0000			
-147.3795			152.3735			13.0689			18.0000			-73.0000			88.0000			-6.0000			
-135.1006			154.5966			-1.7846			17.7000			-66.0000			94.0000			-14.0000			
-121.2200			154.0408			-16.6381			16.1000			-59.0000			100.0000			-22.0000			
-107.8734			151.2619			-26.5404			16.8000			-51.0000			104.0000			-30.0000			
-97.7300			147.3714			-36.4427			13.2000			-44.0000			108.0000			-37.0000			
-90.7897			151.2619			-49.6458			10.8000			-36.0000			111.0000			-46.0000			
-79.5785			151.8177			-61.7486			10.4000			-28.0000			113.0000			-53.0000			
-67.8335			147.9272			-73.3013			6.7000			-18.0000			114.0000			-60.0000			
-58.7578			147.3714			-84.3039			4.3000			-9.0000			114.0000			-67.0000			
-51.2837			149.0387			-93.6561			4.1000			-1.0000			112.0000			-75.0000			
-42.7418			148.4830			-104.6587			1.0000			6.0000			112.0000			-81.0000			
-32.0645			149.5945			-117.3117			0.2000			15.0000			111.0000			-87.0000			
-21.3872			150.1503			-130.5148			-1.7000			21.0000			108.0000			-93.0000			
-10.7099			146.8156			-139.3168			-3.2000			29.0000			105.0000			-99.0000			
-0.0326			139.0346			-143.7179			-4.7000			37.0000			102.0000			-104.0000			
11.7125			126.2515			-145.9184			-7.9000			44.0000			95.0000			-109.0000			
22.3898			111.8011			-145.3683			-11.1000			52.0000			92.0000			-114.0000			
33.0671			97.9064			-142.6176			-11.6000			57.0000			87.0000			-118.0000			
42.6767			87.3465			-143.1677			-13.1000			63.0000			79.0000			-121.0000			
55.4895			79.5655			-147.5688			-12.5000			68.0000			72.0000			-122.0000			
67.2345			67.8940			-149.7693			-14.6000			73.0000			63.0000			-123.0000			
77.3780			52.3320			-148.1189			-18.4000			78.0000			56.0000			-125.0000			
88.5891			40.6605			-147.0186			-17.7000			83.0000			46.0000			-125.0000			
98.1987			33.4353			-149.2192			-17.5000			86.0000			37.0000			-126.0000			
109.4099			22.8753			-153.0701			-20.7000			88.0000			28.0000			-124.0000			
120.0872			12.3154			-153.0701			-20.6000			90.0000			19.0000			-124.0000			
129.6968			3.4228			-153.6202			-20.4000			91.0000			10.0000			-122.0000			
135.0354			-5.4697			-151.4197			-21.8000			93.0000			-1.0000			-120.0000			
138.2386			-18.8086			-142.0675			-22.6000			95.0000			-11.0000			-118.0000			
140.3741			-34.3706			-128.8644			-22.8000			94.0000			-20.0000			-114.0000			
138.2386			-43.2632			-116.7615			-21.7000			95.0000			-31.0000			-109.0000			
137.1709			-52.1558			-105.2088			-20.1000			94.0000			-40.0000			-106.0000			
140.9080			-62.7157			-98.0572			-19.8000			92.0000			-49.0000			-101.0000			
143.0434			-72.7198			-90.9055			-20.5000			90.0000			-59.0000			-94.0000			
141.9757			-81.6124			-79.9029			-19.5000			86.0000			-68.0000			-88.0000			
141.4418			-93.2839			-66.6998			-18.5000			84.0000			-78.0000			-81.0000			
143.5773			-105.5112			-55.6972			-17.6000			79.0000			-85.0000			-72.0000			
148.3821			-117.1827			-46.3450			-15.1000			77.0000			-94.0000			-65.0000			
149.9837			-126.6311			-38.0931			-14.7000			72.0000			-101.0000			-58.0000			
153.7207			-137.7468			-27.6406			-11.6000			67.0000			-107.0000			-49.0000			
153.1869			-146.6394			-16.6381			-10.0000			61.0000			-114.0000			-41.0000			
148.3821			-151.0857			-6.7357			-9.4000			55.0000			-118.0000			-33.0000			
137.7048			-152.7530			8.1178			-6.9000			50.0000			-123.0000			-23.0000			
123.8243			-149.9741			21.3209			-4.8000			44.0000			-128.0000			-15.0000			
110.4776			-147.7509			32.3234			-4.9000			38.0000			-131.0000			-5.0000			
100.3342			-144.4162			42.2258			-1.8000			31.0000			-133.0000			4.0000			
92.8601			-147.1952			55.4289			1.0000			25.0000			-134.0000			11.0000			
83.2505			-149.4183			67.5317			1.3000			19.0000			-136.0000			21.0000			
69.9038			-146.0836			78.5343			2.3000			11.0000			-135.0000			30.0000			
59.7604			-142.1931			88.4366			6.0000			4.0000			-133.0000			39.0000			
52.8201			-144.9720			98.8891			6.7000			-3.0000			-132.0000			48.0000			
44.8122			-146.0836			111.5420			10.2000			-9.0000			-130.0000			56.0000			
35.2026			-148.3067			123.0947			9.9000			-17.0000			-127.0000			63.0000			
22.9237			-146.0836			134.6474			11.4000			-23.0000			-124.0000			69.0000			
11.7125			-141.0815			143.9996			14.6000			-28.0000			-118.0000			76.0000			
2.1029			-136.0794			148.9508			14.9000			-34.0000			-115.0000			83.0000			
-9.6421			-124.4079			150.6012			16.5000			-40.0000			-108.0000			90.0000			
-20.8533			-108.8459			148.4007			18.7000			-45.0000			-103.0000			96.0000			
-30.4629			-95.5071			145.6500			19.6000			-51.0000			-97.0000			101.0000			
-40.6063			-85.5029			146.2002			20.0000			-56.0000			-89.0000			106.0000			
-53.4191			-77.7219			152.2516			21.1000			-59.0000			-80.0000			109.0000			
-65.1642			-64.9388			152.2516			22.1000			-64.0000			-71.0000			111.0000			
-76.3753			-52.1558			150.0511			21.5000			-68.0000			-62.0000			113.0000			
-87.5865			-39.3727			148.4007			21.4000			-71.0000			-52.0000			114.0000			
-97.1961			-30.4801			150.6012			22.9000			-74.0000			-43.0000			115.0000			
-109.4750			-22.6991			155.0022			22.8000			-76.0000			-33.0000			115.0000			
-119.6185			-14.9181			155.5524			21.0000			-78.0000			-24.0000			115.0000			
-128.6942			-4.9140			155.0022			21.3000			-79.0000			-15.0000			114.0000			
-134.5667			6.7575			149.5009			21.6000			-81.0000			-4.0000			111.0000			
-139.9053			18.9848			141.2490			20.3000			-81.0000			6.0000			109.0000			
-140.4392			31.7679			128.0459			19.3000			-82.0000			15.0000			105.0000			
-138.3037			42.3278			114.8428			18.8000			-81.0000			26.0000			101.0000			
-136.7022			52.3320			104.3903			20.0000			-82.0000			35.0000			96.0000			
-142.0408			61.2246			98.3389			17.5000			-81.0000			43.0000			89.0000			
-145.7779			70.1171			89.5369			13.8000			-78.0000			53.0000			83.0000			
-144.7101			80.1213			79.6345			15.0000			-77.0000			61.0000			75.0000			
-144.1763			89.5696			66.4314			11.8000			-73.0000			70.0000			67.0000			
-145.7779			100.6854			55.4289			10.3000			-72.0000			79.0000			59.0000			
-150.0488			113.4684			46.0767			9.5000			-69.0000			85.0000			50.0000			
-152.7181			124.0284			36.7245			8.0000			-65.0000			91.0000			42.0000			
-156.4552			133.4767			28.4725			5.4000			-62.0000			97.0000			32.0000			
-154.8536			141.8135			17.4700			4.4000			-57.0000			101.0000			23.0000			
-150.5827			145.7040			5.9172			1.0000			-53.0000			105.0000			12.0000			
-139.9053			150.1503			-8.9362			1.3000			-49.0000			109.0000			4.0000			
-126.5587			147.3714			-22.1393			-1.3000			-45.0000			112.0000			-8.0000			
-113.2121			142.3693			-32.0417			-2.8000			-40.0000			114.0000			-19.0000			
-102.5348			140.1462			-41.3939			-3.7000			-35.0000			117.0000			-29.0000			
-96.1284			145.1482			-55.6972			-6.6000			-30.0000			118.0000			-37.0000			
-85.4511			146.2598			-67.8001			-6.9000			-26.0000			116.0000			-49.0000			
-72.6383			142.9251			-78.2525			-7.9000			-18.0000			115.0000			-59.0000			
-62.4948			140.7020			-89.2551			-11.0000			-13.0000			113.0000			-69.0000			
-55.5546			141.8135			-98.6073			-12.3000			-8.0000			111.0000			-80.0000			
-46.4789			142.9251			-109.0597			-12.6000			-2.0000			107.0000			-89.0000			
-37.9370			145.7040			-122.2628			-14.4000			4.0000			103.0000			-98.0000			
-26.1920			145.7040			-133.8155			-14.2000			8.0000			98.0000			-105.0000			
-14.9808			140.1462			-141.5174			-16.3000			12.0000			94.0000			-114.0000			
-3.2357			132.9209			-148.1189			-18.4000			18.0000			87.0000			-121.0000			
10.1109			121.8052			-149.7693			-17.8000			23.0000			80.0000			-128.0000			
20.2543			107.3548			-147.0186			-19.4000			27.0000			74.0000			-135.0000			
28.7962			93.4601			-141.5174			-19.2000			31.0000			67.0000			-141.0000			
40.0074			83.4560			-143.1677			-19.7000			36.0000			59.0000			-146.0000			
54.4217			76.7866			-149.2192			-18.0000			39.0000			51.0000			-150.0000			
65.6329			65.1151			-150.3194			-19.5000			43.0000			41.0000			-153.0000			
76.8441			51.7762			-147.5688			-18.9000			47.0000			31.0000			-155.0000			
87.5214			39.5489			-145.9184			-18.8000			51.0000			21.0000			-155.0000			
98.7326			30.6563			-147.0186			-17.6000			54.0000			12.0000			-158.0000			
111.0115			22.3195			-150.3194			-16.9000			55.0000			2.0000			-157.0000			
120.6211			13.9828			-150.8695			-16.2000			58.0000			-7.0000			-156.0000			
129.1629			6.7575			-151.9698			-16.0000			59.0000			-16.0000			-154.0000			
135.5693			-3.8024			-147.0186			-15.2000			61.0000			-26.0000			-151.0000			
139.8402			-17.6970			-136.0161			-13.8000			62.0000			-36.0000			-148.0000			
141.9757			-32.7033			-122.2628			-12.9000			65.0000			-45.0000			-145.0000			
139.3064			-40.4843			-110.7101			-11.8000			65.0000			-54.0000			-139.0000			
139.3064			-48.2653			-100.2577			-9.2000			66.0000			-63.0000			-133.0000			
143.5773			-58.2694			-92.5559			-7.2000			65.0000			-70.0000			-129.0000			
146.2466			-68.8293			-84.3039			-6.8000			65.0000			-79.0000			-119.0000			
146.7805			-78.2777			-73.8515			-5.3000			64.0000			-87.0000			-111.0000			
145.7128			-87.7261			-61.7486			-3.7000			64.0000			-93.0000			-101.0000			
147.3144			-98.2860			-50.1959			-1.1000			63.0000			-100.0000			-91.0000			
151.5853			-111.0691			-40.8437			-0.3000			60.0000			-106.0000			-82.0000			
154.7885			-122.1848			-30.9414			1.6000			59.0000			-112.0000			-72.0000			
159.0594			-132.1889			-22.6895			4.1000			55.0000			-116.0000			-60.0000			
156.9239			-140.5257			-11.6869			4.7000			54.0000			-120.0000			-50.0000			
151.5853			-142.7489			-1.2344			7.6000			50.0000			-123.0000			-39.0000			
140.9080			-145.5278			13.6190			9.0000			47.0000			-126.0000			-27.0000			
128.6291			-146.6394			27.9224			9.9000			43.0000			-128.0000			-16.0000			
114.7486			-141.6373			37.8247			10.9000			40.0000			-129.0000			-4.0000			
104.0712			-137.7468			45.5265			11.8000			39.0000			-130.0000			8.0000			
95.5294			-141.0815			59.2798			13.7000			34.0000			-129.0000			19.0000			
85.3859			-144.4162			73.0330			14.0000			30.0000			-126.0000			30.0000			
72.5732			-141.0815			84.5857			16.0000			26.0000			-124.0000			42.0000			
64.0313			-139.4142			92.8376			17.4000			19.0000			-122.0000			54.0000			
55.4895			-139.9699			102.7400			18.2000			15.0000			-119.0000			65.0000			
46.9476			-141.6373			114.2927			19.6000			11.0000			-114.0000			75.0000			
36.8042			-143.8604			125.8454			18.7000			6.0000			-110.0000			84.0000			
25.0591			-143.8604			136.8480			18.0000			4.0000			-104.0000			94.0000			
14.9157			-139.9699			144.5498			19.5000			-1.0000			-98.0000			102.0000			
3.1706			-132.7447			148.9508			19.3000			-6.0000			-92.0000			110.0000			
-10.1760			-119.9616			151.1513			21.0000			-12.0000			-85.0000			118.0000			
-22.4549			-107.1786			148.9508			19.3000			-16.0000			-78.0000			127.0000			
-29.9290			-95.5071			145.0999			19.6000			-19.0000			-71.0000			132.0000			
-40.0725			-84.9471			145.0999			20.0000			-24.0000			-63.0000			137.0000			
-55.0207			-77.1661			149.5009			17.3000			-28.0000			-55.0000			140.0000			
-67.2996			-64.9388			149.5009			17.2000			-32.0000			-46.0000			144.0000			
-77.9769			-53.2673			147.8505			16.6000			-36.0000			-35.0000			145.0000			
-88.6542			-42.1516			146.7503			15.9000			-40.0000			-27.0000			145.0000			
-99.8654			-32.7033			146.7503			14.1000			-43.0000			-17.0000			147.0000			
-113.2121			-23.8107			150.0511			13.0000			-47.0000			-9.0000			146.0000			
-123.3555			-16.5855			151.1513			11.2000			-50.0000			-1.0000			144.0000			
-131.8974			-7.6929			150.6012			11.0000			-53.0000			9.0000			141.0000			
-137.7699			1.7555			145.6500			9.6000			-55.0000			18.0000			137.0000			
-142.5747			15.6501			135.7477			8.8000			-57.0000			27.0000			134.0000			
-143.6424			30.1006			121.4443			7.9000			-60.0000			35.0000			128.0000			
-143.1085			40.1047			107.6911			4.6000			-63.0000			42.0000			123.0000			
-143.1085			47.8857			98.3389			3.1000			-65.0000			51.0000			116.0000			
-146.3117			55.6667			91.7374			1.0000			-65.0000			58.0000			107.0000			
-148.9811			65.6709			83.4854			0.1000			-66.0000			64.0000			98.0000			
-148.9811			76.2308			71.3826			-1.3000			-66.0000			71.0000			89.0000			
-149.5149			86.7907			59.8299			-2.8000			-67.0000			77.0000			78.0000			
-150.5827			95.6833			50.4777			-4.4000			-66.0000			83.0000			67.0000			
-153.7859			107.9106			39.4751			-6.3000			-66.0000			89.0000			55.0000			
-156.4552			119.5821			29.0227			-7.8000			-66.0000			92.0000			43.0000			
-160.7261			130.1420			22.4211			-8.1000			-65.0000			95.0000			31.0000			
-159.6584			137.3672			10.8684			-11.4000			-64.0000			98.0000			19.0000			
-153.7859			141.8135			1.5162			-10.4000			-61.0000			101.0000			7.0000			
-142.0408			144.5925			-14.9877			-12.4000			-60.0000			101.0000			-5.0000			
-128.1603			141.8135			-27.6406			-13.9000			-59.0000			103.0000			-19.0000			
-115.3475			138.4788			-36.9928			-13.8000			-56.0000			103.0000			-31.0000			
-105.7379			136.8115			-46.8951			-15.8000			-54.0000			103.0000			-44.0000			
-98.2638			140.7020			-58.9980			-16.5000			-51.0000			101.0000			-57.0000			
-85.4511			141.2577			-71.1008			-15.2000			-46.0000			99.0000			-69.0000			
-73.1721			138.4788			-82.6535			-17.3000			-44.0000			98.0000			-81.0000			
-65.1642			139.5904			-92.0057			-17.5000			-39.0000			94.0000			-93.0000			
-57.1562			140.7020			-100.8078			-17.2000			-34.0000			90.0000			-105.0000			
-47.0127			141.2577			-111.2603			-17.0000			-31.0000			86.0000			-116.0000			
-36.3354			144.0367			-124.4633			-16.7000			-26.0000			81.0000			-126.0000			
-25.1242			144.0367			-134.9158			-15.9000			-22.0000			76.0000			-135.0000			
-14.4469			140.1462			-142.6176			-16.9000			-18.0000			69.0000			-143.0000			
-2.7019			133.4767			-147.0186			-16.2000			-13.0000			63.0000			-150.0000			
10.6448			121.2494			-147.5688			-15.6000			-8.0000			56.0000			-158.0000			
22.9237			106.7990			-143.7179			-13.9000			-3.0000			50.0000			-165.0000			
33.0671			94.0159			-140.9672			-13.8000			-1.0000			43.0000			-171.0000			
43.7444			86.2349			-142.6176			-12.6000			7.0000			34.0000			-175.0000			
57.6249			79.0097			-147.0186			-10.3000			11.0000			27.0000			-178.0000			
69.3700			66.2266			-145.3683			-9.7000			15.0000			18.0000			-179.0000			
81.1150			52.8878			-142.6176			-8.6000			20.0000			9.0000			-182.0000			
91.7923			42.8836			-142.6176			-7.9000			24.0000			2.0000			-181.0000			
102.4696			36.2142			-143.1677			-4.4000			29.0000			-8.0000			-181.0000			
114.7486			26.7658			-144.8181			-3.3000			34.0000			-16.0000			-179.0000			
125.9597			16.7617			-146.4685			-3.7000			38.0000			-23.0000			-176.0000			
135.5693			8.4249			-145.9184			-1.9000			41.0000			-31.0000			-172.0000			
140.3741			0.0881			-141.5174			-1.0000			46.0000			-39.0000			-168.0000			
145.1789			-14.3623			-131.0649			-0.2000			49.0000			-47.0000			-162.0000			
145.1789			-27.7012			-116.2114			1.2000			53.0000			-54.0000			-155.0000			
143.5773			-37.7053			-103.0083			2.8000			57.0000			-62.0000			-147.0000			
143.5773			-45.4863			-93.1060			4.9000			60.0000			-68.0000			-140.0000			
148.3821			-54.9347			-87.0546			6.3000			63.0000			-76.0000			-131.0000			
149.9837			-63.8273			-78.8026			7.3000			64.0000			-81.0000			-121.0000			
149.4498			-72.7198			-67.2499			9.4000			67.0000			-87.0000			-110.0000			
149.4498			-84.9471			-53.4967			11.0000			69.0000			-92.0000			-98.0000			
152.1191			-96.0629			-44.1445			11.9000			69.0000			-96.0000			-86.0000			
156.3901			-107.1786			-35.8926			13.3000			70.0000			-100.0000			-73.0000			
157.9917			-118.2943			-25.9902			13.7000			70.0000			-104.0000			-60.0000			
161.1949			-129.9658			-16.6381			14.5000			70.0000			-106.0000			-49.0000			
159.0594			-138.8584			-5.6355			14.5000			70.0000			-108.0000			-34.0000			
154.7885			-141.0815			4.8170			18.5000			68.0000			-109.0000			-21.0000			
141.9757			-144.4162			18.5702			16.1000			67.0000			-111.0000			-7.0000			
128.0952			-142.7489			30.6731			16.0000			66.0000			-111.0000			6.0000			
115.2824			-138.3026			40.0252			17.0000			65.0000			-111.0000			20.0000			
104.6051			-136.0794			49.9276			18.4000			63.0000			-111.0000			33.0000			
96.5971			-141.6373			63.1307			18.0000			60.0000			-108.0000			46.0000			
85.3859			-142.7489			74.6834			17.3000			56.0000			-105.0000			59.0000			
71.5054			-138.8584			84.0356			16.6000			53.0000			-103.0000			70.0000			
62.4297			-138.8584			94.4880			18.0000			48.0000			-100.0000			83.0000			
53.8879			-142.1931			103.8402			15.5000			46.0000			-96.0000			94.0000			
45.3460			-143.3047			114.2927			16.3000			39.0000			-91.0000			104.0000			
34.1348			-143.8604			124.7451			15.0000			35.0000			-85.0000			114.0000			
21.3221			-143.8604			136.2978			13.7000			30.0000			-82.0000			124.0000			
10.6448			-141.6373			143.4495			12.4000			26.0000			-76.0000			131.0000			
-0.5664			-134.4121			147.8505			12.8000			22.0000			-71.0000			139.0000			
-12.3115			-123.2964			147.3004			11.6000			15.0000			-63.0000			145.0000			
-24.5904			-109.4017			144.5498			10.5000			9.0000			-57.0000			151.0000			
-35.2677			-96.6186			140.1487			8.2000			4.0000			-51.0000			156.0000			
-47.0127			-87.1703			141.2490			7.0000			-2.0000			-44.0000			160.0000			
-60.8932			-81.0566			146.7503			4.8000			-7.0000			-38.0000			162.0000			
-71.5705			-68.8293			144.5498			4.1000			-13.0000			-29.0000			165.0000			
-81.7140			-55.4905			141.7991			4.6000			-20.0000			-22.0000			163.0000			
-95.0606			-44.3748			140.6989			1.2000			-26.0000			-13.0000			162.0000			
-106.8057			-36.0380			142.3493			-0.4000			-32.0000			-7.0000			160.0000			
-117.4830			-28.8128			145.6500			-0.6000			-38.0000			-1.0000			158.0000			
-127.6264			-19.9202			145.6500			-1.8000			-43.0000			7.0000			154.0000			
-136.7022			-10.4718			143.4495			-3.7000			-48.0000			14.0000			150.0000			
-143.1085			-0.4677			138.4983			-5.0000			-53.0000			21.0000			143.0000			
-146.8456			12.8712			129.1462			-4.8000			-58.0000			28.0000			137.0000			
-147.3795			26.2101			115.3929			-5.7000			-62.0000			34.0000			128.0000			
-145.2440			35.6584			101.6397			-7.9000			-67.0000			41.0000			120.0000			
-145.7779			44.5510			91.7374			-9.4000			-72.0000			47.0000			110.0000			
-150.0488			53.9993			85.6860			-10.3000			-76.0000			52.0000			100.0000			
-153.7859			64.0035			76.8839			-12.8000			-79.0000			57.0000			88.0000			
-152.1843			72.3403			66.4314			-13.4000			-82.0000			62.0000			76.0000			
-151.6504			82.3444			55.4289			-13.8000			-83.0000			67.0000			63.0000			
-153.2520			94.0159			44.4263			-14.8000			-85.0000			69.0000			50.0000			
-156.9890			106.7990			35.0741			-15.1000			-88.0000			73.0000			36.0000			
-159.6584			117.9147			27.3723			-14.3000			-88.0000			76.0000			24.0000			
-162.3277			127.9189			19.1203			-15.2000			-87.0000			78.0000			9.0000			
-159.6584			136.8115			8.1178			-14.7000			-89.0000			79.0000			-3.0000			
-153.2520			140.7020			-2.8848			-15.4000			-88.0000			80.0000			-17.0000			
-141.5069			144.5925			-16.6381			-13.5000			-88.0000			81.0000			-32.0000			
-127.6264			140.7020			-27.0905			-14.0000			-87.0000			82.0000			-45.0000			
-114.8137			137.3672			-37.5430			-14.9000			-84.0000			82.0000			-59.0000			
-104.1363			136.8115			-47.4453			-14.7000			-82.0000			81.0000			-72.0000			
-95.5945			141.8135			-60.0982			-13.8000			-78.0000			80.0000			-84.0000			
-84.3833			143.4809			-71.6510			-12.5000			-75.0000			77.0000			-98.0000			
-70.5028			140.7020			-81.0032			-10.7000			-70.0000			74.0000			-110.0000			
-62.4948			140.1462			-90.3553			-12.6000			-66.0000			71.0000			-121.0000			
-52.8852			142.3693			-98.6073			-9.1000			-62.0000			68.0000			-132.0000			
-43.2757			144.5925			-110.7101			-9.3000			-57.0000			63.0000			-142.0000			
-33.1322			146.8156			-121.1626			-7.4000			-52.0000			61.0000			-152.0000			
-20.8533			146.2598			-131.6150			-6.1000			-47.0000			55.0000			-158.0000			
-9.1083			142.3693			-138.2166			-4.9000			-39.0000			51.0000			-166.0000			
3.1706			135.6999			-143.1677			-4.2000			-33.0000			47.0000			-173.0000			
15.9834			124.5842			-143.1677			-2.6000			-27.0000			41.0000			-179.0000			
26.1269			109.5779			-138.7667			-3.0000			-20.0000			35.0000			-184.0000			
36.8042			96.7949			-134.9158			-1.3000			-13.0000			29.0000			-188.0000			
49.0831			89.5696			-136.5662			2.0000			-7.0000			23.0000			-189.0000			
64.0313			81.2329			-141.5174			3.7000			0.0000			17.0000			-190.0000			
74.7086			69.0056			-141.5174			2.1000			8.0000			11.0000			-189.0000			
84.3182			56.7783			-137.6664			3.4000			15.0000			4.0000			-188.0000			
96.0633			45.6626			-136.0161			5.7000			22.0000			-3.0000			-186.0000			
107.2744			36.7700			-137.1163			6.9000			29.0000			-10.0000			-183.0000			
119.5533			27.8774			-139.3168			8.1000			36.0000			-16.0000			-180.0000			
129.6968			21.7638			-140.9672			10.4000			42.0000			-22.0000			-174.0000			
137.7048			13.4270			-140.9672			10.1000			47.0000			-28.0000			-167.0000			
143.5773			2.3113			-134.3657			11.5000			55.0000			-34.0000			-161.0000			
147.8482			-13.2507			-123.9132			10.6000			61.0000			-40.0000			-153.0000			
148.3821			-25.4780			-111.2603			11.6000			66.0000			-46.0000			-144.0000			
145.7128			-34.3706			-98.6073			12.7000			73.0000			-52.0000			-135.0000			
145.7128			-43.8190			-87.6047			14.2000			77.0000			-56.0000			-125.0000			
149.9837			-54.3789			-81.5533			14.0000			82.0000			-62.0000			-114.0000			
151.5853			-63.2715			-74.4016			13.9000			85.0000			-66.0000			-101.0000			
151.5853			-72.1641			-62.8489			16.5000			87.0000			-71.0000			-88.0000			
151.0514			-83.8356			-51.2962			15.9000			91.0000			-74.0000			-75.0000			
152.1191			-94.9513			-41.3939			15.7000			93.0000			-79.0000			-62.0000			
155.3223			-106.6228			-32.5918			16.1000			95.0000			-81.0000			-49.0000			
158.5255			-118.8501			-24.3399			15.3000			95.0000			-84.0000			-34.0000			
161.7287			-129.9658			-16.0879			15.6000			96.0000			-85.0000			-22.0000			
158.5255			-137.7468			-6.1856			14.6000			97.0000			-87.0000			-7.0000			
151.0514			-141.6373			4.2669			13.6000			95.0000			-89.0000			7.0000			
138.7725			-146.0836			19.6705			12.3000			95.0000			-89.0000			21.0000			
125.4259			-143.8604			30.6731			12.2000			93.0000			-89.0000			34.0000			
112.0792			-139.9699			38.9250			11.0000			90.0000			-90.0000			47.0000			
100.8680			-137.7468			48.2772			11.4000			88.0000			-90.0000			59.0000			
91.7923			-143.8604			61.4803			9.4000			84.0000			-89.0000			72.0000			
80.5812			-145.5278			72.4829			7.5000			79.0000			-86.0000			83.0000			
67.7684			-143.8604			81.8351			5.7000			75.0000			-84.0000			97.0000			
58.6927			-142.1931			90.6371			7.1000			70.0000			-82.0000			106.0000			
50.1508			-144.4162			99.9893			5.7000			64.0000			-79.0000			115.0000			
39.4735			-145.5278			110.9919			4.9000			58.0000			-76.0000			125.0000			
29.3301			-148.8625			122.5446			3.0000			51.0000			-73.0000			133.0000			
17.0511			-148.8625			132.4469			0.6000			44.0000			-68.0000			140.0000			
5.3061			-144.4162			139.0485			0.0000			37.0000			-65.0000			146.0000			
-6.9728			-138.3026			142.3493			-2.9000			30.0000			-60.0000			152.0000			
-19.7856			-126.0753			143.4495			-2.4000			22.0000			-57.0000			156.0000			
-29.9290			-113.8480			141.2490			-2.5000			15.0000			-52.0000			160.0000			
-40.0725			-99.9534			135.7477			-4.2000			7.0000			-47.0000			162.0000			
-51.2837			-91.0608			135.7477			-6.5000			-1.0000			-42.0000			164.0000			
-65.6980			-82.1682			140.6989			-7.1000			-10.0000			-36.0000			164.0000			
-77.4431			-71.0525			140.6989			-7.7000			-18.0000			-30.0000			161.0000			
-87.5865			-58.8252			136.8480			-9.5000			-27.0000			-24.0000			159.0000			
-98.2638			-47.7095			135.7477			-10.2000			-35.0000			-20.0000			156.0000			
-110.0089			-39.9285			138.4983			-11.4000			-43.0000			-14.0000			152.0000			
-121.7539			-29.9243			139.5986			-12.0000			-51.0000			-8.0000			148.0000			
-132.4312			-22.1433			141.2490			-13.3000			-57.0000			-2.0000			141.0000			
-140.4392			-14.3623			141.2490			-13.5000			-64.0000			3.0000			135.0000			
-144.7101			-4.3582			136.2978			-12.7000			-71.0000			8.0000			127.0000			
-148.9811			11.7596			124.7451			-12.4000			-78.0000			13.0000			119.0000			
-149.5149			24.5427			111.5420			-13.4000			-85.0000			19.0000			109.0000			
-148.4472			36.2142			98.8891			-13.3000			-90.0000			25.0000			99.0000			
-148.4472			44.5510			90.6371			-13.2000			-97.0000			29.0000			87.0000			
-151.1165			53.9993			84.5857			-12.5000			-101.0000			33.0000			77.0000			
-153.2520			63.4477			76.3338			-13.4000			-105.0000			38.0000			63.0000			
-152.1843			73.4519			64.7811			-13.9000			-107.0000			42.0000			51.0000			
-152.7181			85.6791			53.7785			-13.2000			-110.0000			46.0000			37.0000			
-153.2520			96.2391			44.9764			-12.0000			-112.0000			50.0000			23.0000			
-155.9213			107.9106			36.7245			-11.2000			-115.0000			54.0000			10.0000			
-158.0568			119.5821			27.3723			-11.1000			-114.0000			56.0000			-4.0000			
-161.2600			131.8094			19.1203			-10.3000			-115.0000			58.0000			-17.0000			
-158.0568			139.0346			9.7681			-9.2000			-114.0000			60.0000			-30.0000			
-150.5827			143.4809			0.4160			-6.6000			-114.0000			61.0000			-44.0000			
-137.7699			146.2598			-14.9877			-6.4000			-111.0000			63.0000			-56.0000			
-123.3555			145.1482			-27.0905			-5.2000			-109.0000			65.0000			-69.0000			
-110.5427			141.2577			-36.4427			-5.7000			-106.0000			65.0000			-81.0000			
-100.3993			141.2577			-44.6946			-3.8000			-101.0000			66.0000			-93.0000			
-91.3236			145.7040			-56.2473			-1.8000			-97.0000			65.0000			-105.0000			
-77.9769			145.7040			-67.8001			0.0000			-90.0000			64.0000			-115.0000			
-65.1642			144.5925			-79.3528			0.0000			-85.0000			63.0000			-125.0000			
-57.6900			145.1482			-87.6047			-0.1000			-79.0000			61.0000			-136.0000			
-48.0805			147.3714			-95.3065			3.9000			-71.0000			60.0000			-144.0000			
-38.4709			147.9272			-106.8592			2.5000			-65.0000			57.0000			-153.0000			
-26.7258			150.7061			-118.9621			5.0000			-57.0000			54.0000			-159.0000			
-14.4469			149.0387			-128.3143			6.2000			-49.0000			51.0000			-165.0000			
-4.3035			146.2598			-134.9158			7.0000			-41.0000			49.0000			-170.0000			
8.5093			140.1462			-139.3168			9.3000			-33.0000			45.0000			-174.0000			
21.3221			126.8073			-139.3168			8.8000			-23.0000			42.0000			-178.0000			
33.0671			111.2453			-134.9158			9.4000			-14.0000			38.0000			-181.0000			
42.6767			100.1296			-131.6150			11.2000			-5.0000			34.0000			-182.0000			
53.3540			92.9044			-133.8155			12.4000			3.0000			30.0000			-182.0000			
66.7006			84.0118			-138.7667			11.9000			12.0000			26.0000			-181.0000			
79.5134			70.6729			-136.5662			13.6000			22.0000			20.0000			-179.0000			
90.1907			57.8898			-134.3657			13.7000			31.0000			15.0000			-174.0000			
100.3342			48.4415			-134.3657			14.4000			40.0000			8.0000			-170.0000			
111.5454			40.1047			-136.5662			15.0000			49.0000			4.0000			-166.0000			
122.7565			30.6563			-137.6664			15.7000			56.0000			-1.0000			-161.0000			
132.9000			20.6522			-139.3168			14.2000			65.0000			-6.0000			-154.0000			
141.4418			12.3154			-138.2166			15.5000			72.0000			-12.0000			-146.0000			
145.1789			2.3113			-134.3657			13.1000			79.0000			-17.0000			-137.0000			
148.9160			-12.6950			-123.3631			12.8000			86.0000			-23.0000			-130.0000			
147.3144			-26.0338			-110.1600			11.1000			92.0000			-28.0000			-121.0000			
145.7128			-37.1495			-96.4068			12.1000			97.0000			-33.0000			-110.0000			
146.2466			-46.0421			-88.1548			12.0000			102.0000			-37.0000			-100.0000			
150.5176			-54.3789			-84.8541			11.2000			108.0000			-42.0000			-87.0000			
151.5853			-63.8273			-76.6021			11.1000			110.0000			-46.0000			-76.0000			
149.4498			-74.9430			-63.9492			10.5000			114.0000			-51.0000			-63.0000			
149.4498			-88.2819			-51.8463			9.3000			116.0000			-56.0000			-50.0000			
151.5853			-99.9534			-43.0442			8.5000			118.0000			-59.0000			-37.0000			
154.2546			-110.5133			-35.8926			7.8000			117.0000			-63.0000			-25.0000			
155.8562			-122.1848			-27.0905			6.5000			118.0000			-67.0000			-12.0000			
158.5255			-135.5237			-18.2884			4.7000			117.0000			-69.0000			1.0000			
154.7885			-143.8604			-7.8360			3.1000			115.0000			-71.0000			13.0000			
147.3144			-146.6394			2.0663			2.7000			114.0000			-74.0000			26.0000			
134.5016			-149.9741			15.2694			-0.2000			111.0000			-76.0000			38.0000			
120.6211			-146.6394			26.8221			0.8000			107.0000			-78.0000			51.0000			
106.7406			-143.3047			35.0741			-1.4000			103.0000			-80.0000			61.0000			
97.1310			-143.3047			44.9764			-1.1000			99.0000			-81.0000			72.0000			
88.5891			-148.8625			57.0792			-3.1000			94.0000			-81.0000			82.0000			
75.2425			-148.8625			68.0818			-5.5000			85.0000			-81.0000			92.0000			
62.4297			-144.9720			77.9842			-4.5000			79.0000			-80.0000			101.0000			
53.3540			-146.0836			87.3363			-5.3000			71.0000			-80.0000			110.0000			
45.3460			-149.4183			96.6885			-7.3000			63.0000			-78.0000			118.0000			
35.7364			-151.0857			107.1410			-8.2000			55.0000			-77.0000			124.0000			
23.9914			-152.1972			118.1436			-10.0000			45.0000			-75.0000			130.0000			
12.2464			-151.6414			129.1462			-10.2000			37.0000			-72.0000			134.0000			
0.5013			-147.7509			135.7477			-11.4000			29.0000			-71.0000			139.0000			
-11.2437			-139.9699			137.9482			-13.2000			18.0000			-67.0000			142.0000			
-22.4549			-128.2984			138.4983			-12.2000			8.0000			-65.0000			145.0000			
-34.2000			-114.4038			135.7477			-12.8000			-1.0000			-62.0000			147.0000			
-44.3434			-100.5091			131.8968			-12.9000			-10.0000			-60.0000			149.0000			
-55.5546			-92.7281			135.1976			-13.0000			-20.0000			-55.0000			147.0000			
-68.3674			-84.9471			140.1487			-13.1000			-30.0000			-50.0000			146.0000			
-79.0447			-72.1641			138.4983			-12.7000			-39.0000			-45.0000			142.0000			
-89.1881			-58.2694			133.5472			-13.9000			-49.0000			-41.0000			139.0000			
-100.9332			-46.5979			134.0973			-13.4000			-58.0000			-35.0000			135.0000			
-112.1443			-39.9285			138.4983			-13.5000			-67.0000			-30.0000			129.0000			
-121.7539			-31.5917			140.6989			-12.6000			-75.0000			-25.0000			125.0000			
-132.9651			-20.4760			141.2490			-12.1000			-82.0000			-21.0000			118.0000			
-140.9731			-10.4718			140.6989			-10.7000			-89.0000			-16.0000			109.0000			
-145.7779			-1.0235			135.1976			-11.6000			-98.0000			-9.0000			103.0000			
-148.4472			13.9828			124.1950			-10.2000			-103.0000			-5.0000			93.0000			
-147.9133			25.6543			112.0922			-10.1000			-110.0000			1.0000			83.0000			
-145.2440			36.7700			99.4392			-9.0000			-115.0000			6.0000			74.0000			
-145.2440			46.2183			90.6371			-8.3000			-119.0000			10.0000			63.0000			
-148.4472			56.7783			85.6860			-5.9000			-123.0000			16.0000			52.0000			
-150.5827			65.6709			79.0844			-5.8000			-126.0000			21.0000			39.0000			
-148.4472			75.1192			68.0818			-5.2000			-128.0000			27.0000			29.0000			
-147.9133			89.0139			55.9790			-2.9000			-129.0000			31.0000			17.0000			
-148.9811			100.6854			46.6268			-1.6000			-129.0000			36.0000			5.0000			
-152.7181			112.9127			38.3749			-1.4000			-129.0000			41.0000			-7.0000			
-154.8536			124.5842			31.7733			1.5000			-128.0000			45.0000			-20.0000			
-156.4552			135.6999			23.5214			2.7000			-126.0000			48.0000			-31.0000			
-153.2520			142.3693			12.5188			1.6000			-125.0000			51.0000			-43.0000			
-145.2440			147.9272			1.5162			4.2000			-120.0000			54.0000			-53.0000			
-132.4312			150.7061			-12.7871			5.4000			-116.0000			58.0000			-65.0000			
-119.0846			147.9272			-23.2396			5.6000			-113.0000			60.0000			-77.0000			
-104.6702			144.0367			-31.4915			7.8000			-107.0000			63.0000			-87.0000			
-95.0606			143.4809			-41.9440			6.4000			-102.0000			64.0000			-96.0000			
-86.5188			150.1503			-55.1471			8.4000			-95.0000			65.0000			-105.0000			
-73.7060			150.1503			-65.5995			10.8000			-87.0000			66.0000			-114.0000			
-61.4271			147.3714			-74.4016			11.5000			-78.0000			67.0000			-122.0000			
-51.8175			147.3714			-84.3039			11.2000			-69.0000			66.0000			-130.0000			
-43.2757			149.5945			-94.2062			12.1000			-62.0000			67.0000			-138.0000			
-34.2000			151.2619			-104.6587			12.4000			-52.0000			65.0000			-143.0000			
-24.0565			152.9292			-116.2114			12.6000			-43.0000			65.0000			-148.0000			
-11.7776			151.2619			-126.1137			13.3000			-33.0000			62.0000			-152.0000			
-1.1003			147.9272			-132.7153			14.1000			-24.0000			61.0000			-156.0000			
11.7125			140.7020			-138.2166			14.1000			-13.0000			58.0000			-159.0000			
23.9914			126.8073			-137.1163			13.6000			-4.0000			56.0000			-161.0000			
34.1348			112.9127			-133.8155			13.2000			7.0000			54.0000			-162.0000			
44.2783			100.1296			-129.9646			14.4000			16.0000			51.0000			-161.0000			
57.6249			91.7928			-133.8155			15.6000			26.0000			47.0000			-161.0000			
70.4377			82.9002			-139.8670			13.4000			35.0000			43.0000			-158.0000			
81.1150			70.1171			-138.7667			12.4000			46.0000			38.0000			-156.0000			
89.1230			57.3341			-135.4659			10.9000			55.0000			32.0000			-152.0000			
99.8003			45.1068			-134.3657			10.5000			63.0000			27.0000			-147.0000			
111.0115			37.3258			-138.7667			9.5000			72.0000			21.0000			-143.0000			
121.6888			27.8774			-139.8670			9.6000			80.0000			18.0000			-137.0000			
132.3661			19.5406			-142.0675			9.8000			87.0000			10.0000			-130.0000			
138.7725			10.6480			-140.9672			8.4000			94.0000			6.0000			-123.0000			
143.0434			-1.0235			-135.4659			6.5000			100.0000			0.0000			-116.0000			
147.3144			-17.6970			-124.4633			5.1000			107.0000			-5.0000			-108.0000			
146.2466			-31.0359			-111.8104			3.4000			112.0000			-12.0000			-99.0000			
142.5096			-39.3727			-99.7075			3.4000			117.0000			-18.0000			-91.0000			
142.5096			-48.2653			-92.5559			1.6000			120.0000			-24.0000			-82.0000			
146.7805			-58.8252			-85.9543			2.0000			122.0000			-30.0000			-71.0000			
147.8482			-69.9409			-78.2525			-0.3000			124.0000			-35.0000			-59.0000			
145.7128			-79.3893			-68.3502			-2.0000			126.0000			-42.0000			-49.0000			
144.1112			-89.3934			-56.2473			-1.5000			125.0000			-47.0000			-37.0000			
146.2466			-102.1765			-46.8951			-2.8000			125.0000			-53.0000			-25.0000			
149.4498			-116.6269			-38.6432			-5.8000			124.0000			-58.0000			-15.0000			
152.6530			-127.1869			-30.3913			-4.9000			122.0000			-63.0000			-4.0000			
154.7885			-138.3026			-21.5892			-5.1000			119.0000			-67.0000			6.0000			
150.5176			-146.0836			-11.6869			-7.2000			116.0000			-70.0000			17.0000			
141.9757			-149.9741			-1.7846			-9.7000			111.0000			-75.0000			26.0000			
130.2307			-153.3088			13.6190			-9.4000			106.0000			-79.0000			37.0000			
116.8840			-151.0857			24.0715			-10.1000			101.0000			-82.0000			47.0000			
103.0035			-146.6394			31.7733			-11.8000			95.0000			-85.0000			57.0000			
92.8601			-144.9720			41.6756			-10.4000			89.0000			-88.0000			65.0000			
83.7843			-151.6414			55.4289			-12.4000			81.0000			-89.0000			73.0000			
72.0393			-151.6414			66.4314			-13.1000			71.0000			-89.0000			81.0000			
59.7604			-149.4183			75.7836			-13.8000			63.0000			-90.0000			89.0000			
50.6847			-149.9741			85.1358			-14.1000			55.0000			-91.0000			97.0000			
41.6090			-150.5299			96.1384			-12.7000			45.0000			-91.0000			102.0000			
31.9994			-152.1972			107.6911			-12.5000			36.0000			-90.0000			109.0000			
21.8559			-153.8646			119.2438			-12.7000			25.0000			-90.0000			111.0000			
10.1109			-152.7530			128.5960			-14.0000			15.0000			-89.0000			115.0000			
-0.0326			-148.8625			135.1976			-13.6000			7.0000			-87.0000			119.0000			
-12.3115			-139.4142			139.0485			-12.6000			-3.0000			-84.0000			120.0000			
-24.5904			-127.7427			139.5986			-12.7000			-14.0000			-83.0000			124.0000			
-34.7338			-113.2922			136.8480			-11.1000			-25.0000			-79.0000			127.0000			
-44.3434			-99.9534			133.5472			-10.7000			-33.0000			-77.0000			126.0000			
-55.5546			-91.6166			136.8480			-10.3000			-43.0000			-73.0000			126.0000			
-69.4351			-82.7240			141.2490			-10.9000			-53.0000			-68.0000			123.0000			
-79.5785			-69.3851			140.6989			-8.2000			-61.0000			-63.0000			119.0000			
-89.7220			-56.0463			138.4983			-7.2000			-71.0000			-57.0000			118.0000			
-99.3316			-44.9305			137.3981			-6.8000			-79.0000			-52.0000			114.0000			
-110.5427			-36.0380			140.1487			-6.4000			-87.0000			-46.0000			109.0000			
-121.2200			-26.0338			142.3493			-4.9000			-95.0000			-42.0000			104.0000			
-131.3635			-17.1413			143.9996			-4.4000			-101.0000			-34.0000			99.0000			
-138.3037			-8.8045			143.9996			-3.1000			-106.0000			-29.0000			90.0000			
-141.5069			1.7555			138.4983			-1.2000			-113.0000			-23.0000			86.0000			
-145.2440			18.9848			126.3955			0.1000			-116.0000			-16.0000			77.0000			
-144.1763			31.7679			113.7425			1.3000			-122.0000			-10.0000			70.0000			
-142.0408			42.3278			102.1898			2.4000			-126.0000			-3.0000			62.0000			
-142.5747			51.2204			95.0382			3.6000			-128.0000			4.0000			53.0000			
-145.2440			60.6688			88.9867			4.4000			-129.0000			11.0000			45.0000			
-146.3117			70.6729			80.7348			5.1000			-130.0000			18.0000			34.0000			
-144.7101			81.7886			70.2823			7.3000			-130.0000			23.0000			23.0000			
-145.7779			92.9044			58.7296			5.8000			-129.0000			30.0000			12.0000			
-145.7779			104.5759			49.9276			8.7000			-129.0000			36.0000			2.0000			
-147.3795			116.8032			40.5754			10.0000			-127.0000			42.0000			-6.0000			
-151.1165			128.4747			33.9738			11.3000			-124.0000			47.0000			-16.0000			
-153.7859			140.1462			25.1718			11.5000			-119.0000			53.0000			-27.0000			
-150.5827			147.3714			14.7193			11.5000			-115.0000			56.0000			-37.0000			
-141.5069			151.2619			3.1666			12.9000			-111.0000			62.0000			-47.0000			
-127.6264			153.4850			-10.5866			15.2000			-105.0000			66.0000			-55.0000			
-114.8137			150.7061			-21.5892			14.3000			-99.0000			70.0000			-65.0000			
-102.0009			147.3714			-30.9414			14.4000			-92.0000			73.0000			-74.0000			
-92.9252			147.3714			-41.3939			13.0000			-85.0000			76.0000			-83.0000			
-83.8495			151.8177			-53.4967			14.4000			-76.0000			79.0000			-90.0000			
-71.0367			151.2619			-66.6998			13.5000			-68.0000			81.0000			-97.0000			
-59.2916			149.0387			-76.0520			13.7000			-57.0000			81.0000			-105.0000			
-52.3514			149.5945			-84.8541			12.3000			-49.0000			82.0000			-111.0000			
-43.8095			151.2619			-94.2062			13.2000			-40.0000			82.0000			-117.0000			
-33.1322			151.2619			-106.8592			11.2000			-31.0000			82.0000			-123.0000			
-22.4549			152.9292			-117.3117			13.1000			-21.0000			81.0000			-128.0000			
-9.6421			151.2619			-128.8644			12.7000			-10.0000			79.0000			-130.0000			
-0.5664			147.9272			-134.9158			12.4000			-2.0000			79.0000			-134.0000			
11.1786			139.0346			-139.3168			10.8000			9.0000			76.0000			-137.0000			
22.9237			125.1399			-140.4171			7.6000			19.0000			73.0000			-139.0000			
33.0671			110.6895			-136.0161			7.7000			28.0000			71.0000			-141.0000			
42.1428			99.0180			-133.2654			7.9000			37.0000			66.0000			-141.0000			
54.4217			90.1254			-137.1163			7.4000			46.0000			61.0000			-141.0000			
67.7684			80.1213			-142.6176			5.2000			55.0000			57.0000			-139.0000			
80.5812			66.2266			-141.5174			5.2000			63.0000			51.0000			-137.0000			
89.6569			52.8878			-139.3168			3.2000			72.0000			44.0000			-134.0000			
98.1987			42.3278			-138.7667			1.7000			79.0000			39.0000			-130.0000			
108.3422			34.5468			-142.6176			0.2000			87.0000			32.0000			-129.0000			
119.0195			22.8753			-142.6176			-0.7000			93.0000			25.0000			-123.0000			
129.6968			13.9828			-144.2680			-0.5000			98.0000			19.0000			-118.0000			
136.1032			5.6460			-144.8181			-3.0000			102.0000			13.0000			-113.0000			
139.3064			-4.3582			-140.4171			-5.4000			108.0000			6.0000			-107.0000			
143.0434			-20.4760			-127.7641			-5.1000			111.0000			-1.0000			-100.0000			
141.4418			-32.7033			-114.5610			-5.8000			114.0000			-9.0000			-94.0000			
139.3064			-43.2632			-102.4582			-6.4000			117.0000			-16.0000			-87.0000			
139.8402			-52.1558			-95.8566			-8.1000			119.0000			-25.0000			-79.0000			
144.1112			-61.6041			-90.9055			-8.3000			120.0000			-32.0000			-71.0000			
144.1112			-73.2756			-81.5533			-10.7000			119.0000			-38.0000			-61.0000			
143.0434			-83.8356			-68.9003			-9.6000			119.0000			-46.0000			-53.0000			
142.5096			-97.1744			-57.3476			-12.0000			117.0000			-54.0000			-42.0000			
144.6450			-107.1786			-49.0957			-11.6000			115.0000			-60.0000			-33.0000			
147.3144			-118.8501			-41.9440			-13.4000			113.0000			-67.0000			-23.0000			
150.5176			-129.4100			-33.6921			-12.5000			109.0000			-72.0000			-15.0000			
151.5853			-142.1931			-23.2396			-13.8000			103.0000			-77.0000			-5.0000			
148.3821			-148.8625			-13.3373			-13.8000			99.0000			-83.0000			3.0000			
140.9080			-151.6414			-2.3347			-13.0000			93.0000			-87.0000			13.0000			
127.5613			-153.3088			12.5188			-13.2000			89.0000			-93.0000			21.0000			
113.6808			-151.0857			23.5214			-13.8000			81.0000			-97.0000			31.0000			
100.8680			-146.6394			32.3234			-13.4000			75.0000			-99.0000			38.0000			
91.7923			-148.3067			44.4263			-12.0000			67.0000			-103.0000			47.0000			
83.7843			-152.1972			56.5291			-11.8000			59.0000			-105.0000			55.0000			
70.4377			-150.5299			66.4314			-13.6000			50.0000			-106.0000			61.0000			
59.2265			-146.6394			76.3338			-11.0000			41.0000			-107.0000			69.0000			
51.2185			-147.7509			86.2361			-10.2000			31.0000			-107.0000			76.0000			
42.6767			-150.5299			97.2387			-10.6000			23.0000			-108.0000			82.0000			
31.9994			-151.0857			109.3415			-9.7000			13.0000			-107.0000			87.0000			
21.3221			-151.6414			121.9945			-8.3000			4.0000			-106.0000			92.0000			
9.5770			-149.9741			132.4469			-7.9000			-5.0000			-104.0000			95.0000			
0.5013			-146.6394			138.4983			-7.6000			-13.0000			-102.0000			99.0000			
-9.6421			-138.3026			142.3493			-5.5000			-24.0000			-99.0000			104.0000			
-21.3872			-124.9637			141.7991			-4.5000			-31.0000			-95.0000			107.0000			
-31.5306			-109.9575			137.9482			-3.5000			-41.0000			-92.0000			109.0000			
-42.7418			-95.5071			136.2978			-1.9000			-49.0000			-87.0000			111.0000			
-54.4868			-87.7261			140.1487			-2.0000			-57.0000			-83.0000			111.0000			
-67.8335			-77.7219			145.0999			-0.4000			-66.0000			-77.0000			111.0000			
-77.4431			-64.3831			143.4495			1.6000			-72.0000			-71.0000			110.0000			
-87.0526			-51.6000			141.2490			2.6000			-80.0000			-65.0000			107.0000			
-97.1961			-39.9285			140.6989			3.5000			-86.0000			-57.0000			106.0000			
-108.4073			-33.2590			145.6500			3.9000			-93.0000			-50.0000			103.0000			
-118.0169			-22.6991			146.7503			6.0000			-99.0000			-44.0000			99.0000			
-128.1603			-13.2507			147.8505			6.4000			-103.0000			-36.0000			95.0000			
-135.1006			-2.1350			146.7503			9.5000			-106.0000			-29.0000			90.0000			
-139.9053			7.8691			141.2490			9.2000			-110.0000			-21.0000			84.0000			
-142.0408			22.3195			129.6963			9.9000			-113.0000			-13.0000			79.0000			
-140.9731			34.5468			117.0433			10.6000			-115.0000			-5.0000			73.0000			
-138.3037			44.5510			104.9405			11.1000			-118.0000			3.0000			67.0000			
-140.4392			54.5551			97.2387			11.3000			-119.0000			11.0000			61.0000			
-143.6424			65.6709			90.0870			12.1000			-119.0000			19.0000			51.0000			
-144.7101			74.5634			82.9353			12.7000			-118.0000			27.0000			43.0000			
-143.1085			83.4560			71.9327			12.2000			-117.0000			34.0000			35.0000			
-142.5747			96.2391			59.2798			12.9000			-115.0000			41.0000			27.0000			
-144.1763			107.3548			50.4777			13.6000			-111.0000			48.0000			18.0000			
-148.4472			119.5821			42.2258			13.3000			-109.0000			55.0000			8.0000			
-151.1165			129.5862			35.0741			13.5000			-104.0000			61.0000			-2.0000			
-152.7181			141.2577			24.6216			13.1000			-100.0000			68.0000			-10.0000			
-148.9811			149.0387			12.5188			12.5000			-95.0000			72.0000			-19.0000			
-141.5069			152.9292			1.5162			12.9000			-89.0000			77.0000			-28.0000			
-128.6942			154.0408			-11.6869			13.6000			-83.0000			83.0000			-37.0000			
-115.3475			150.1503			-22.1393			12.6000			-78.0000			86.0000			-46.0000			
-102.5348			144.0367			-30.3913			11.1000			-71.0000			90.0000			-54.0000			
-92.9252			146.2598			-43.0442			10.3000			-63.0000			93.0000			-63.0000			
-83.3156			150.1503			-56.7975			10.0000			-55.0000			95.0000			-69.0000			
-71.5705			150.7061			-69.4504			9.6000			-46.0000			96.0000			-78.0000			
-59.2916			146.8156			-78.8026			8.7000			-38.0000			96.0000			-85.0000			
-53.4191			146.8156			-87.0546			6.3000			-30.0000			96.0000			-94.0000			
-44.3434			147.9272			-98.6073			4.9000			-20.0000			97.0000			-100.0000			
-34.7338			150.1503			-110.1600			5.2000			-12.0000			96.0000			-106.0000			
-25.6581			151.8177			-121.7127			4.4000			-3.0000			94.0000			-111.0000			
-12.3115			147.9272			-131.0649			4.5000			6.0000			91.0000			-116.0000			
-2.1680			142.9251			-138.7667			1.9000			13.0000			88.0000			-119.0000			
10.6448			134.5883			-143.7179			1.5000			21.0000			86.0000			-124.0000			
21.3221			121.2494			-142.6176			0.0000			29.0000			81.0000			-128.0000			
30.9317			106.2432			-139.3168			-2.1000			38.0000			76.0000			-130.0000			
41.6090			92.9044			-136.5662			-2.0000			45.0000			72.0000			-133.0000			
53.8879			84.5676			-141.5174			-3.0000			52.0000			66.0000			-133.0000			
66.1668			75.6750			-145.9184			-4.0000			60.0000			59.0000			-134.0000			
76.3102			62.8919			-144.2680			-5.0000			66.0000			53.0000			-133.0000			
85.9198			49.5531			-142.0675			-6.5000			73.0000			45.0000			-132.0000			
94.9955			37.8816			-140.9672			-8.0000			79.0000			37.0000			-131.0000			
105.6728			30.6563			-143.7179			-7.3000			84.0000			30.0000			-129.0000			
116.8840			20.0964			-145.9184			-8.9000			88.0000			23.0000			-126.0000			
127.5613			11.7596			-148.1189			-8.7000			92.0000			14.0000			-122.0000			
134.5016			1.7555			-147.5688			-11.3000			95.0000			6.0000			-118.0000			
139.3064			-10.4718			-141.5174			-12.6000			98.0000			-1.0000			-114.0000			
141.9757			-24.3665			-129.9646			-12.3000			102.0000			-10.0000			-109.0000			
140.3741			-34.9264			-117.3117			-11.8000			103.0000			-20.0000			-104.0000			
136.6370			-43.8190			-105.2088			-12.3000			105.0000			-27.0000			-98.0000			
138.7725			-53.2673			-96.9569			-11.4000			105.0000			-35.0000			-92.0000			
141.9757			-64.9388			-89.8052			-12.7000			105.0000			-44.0000			-84.0000			
143.5773			-76.0546			-80.4530			-12.9000			104.0000			-52.0000			-76.0000			
141.4418			-86.0587			-69.4504			-14.0000			101.0000			-60.0000			-68.0000			
141.4418			-96.6186			-57.3476			-12.5000			99.0000			-68.0000			-59.0000			
145.1789			-107.1786			-49.6458			-11.6000			96.0000			-74.0000			-50.0000			
147.3144			-119.9616			-39.7435			-12.3000			93.0000			-82.0000			-41.0000			
152.1191			-130.5216			-31.4915			-9.8000			89.0000			-88.0000			-33.0000			
153.1869			-141.6373			-22.6895			-11.1000			84.0000			-94.0000			-23.0000			
149.4498			-147.7509			-12.7871			-11.0000			79.0000			-98.0000			-14.0000			
140.9080			-152.1972			0.9661			-10.3000			75.0000			-103.0000			-5.0000			
128.0952			-153.8646			15.2694			-10.4000			69.0000			-108.0000			4.0000			
115.8163			-149.4183			25.7219			-7.8000			63.0000			-111.0000			14.0000			
103.0035			-144.4162			32.8736			-8.5000			57.0000			-114.0000			23.0000			
92.8601			-144.4162			46.0767			-5.4000			51.0000			-116.0000			30.0000			
84.8521			-149.4183			59.8299			-4.7000			43.0000			-118.0000			39.0000			
72.5732			-148.3067			70.8325			-4.9000			35.0000			-119.0000			48.0000			
60.8281			-145.5278			80.1847			-4.5000			27.0000			-118.0000			55.0000			
53.8879			-146.6394			88.9867			-3.7000			18.0000			-118.0000			63.0000			
44.2783			-146.6394			100.5394			-1.8000			11.0000			-117.0000			71.0000			
35.2026			-147.1952			112.0922			0.0000			3.0000			-115.0000			78.0000			
26.1269			-148.3067			124.1950			2.0000			-5.0000			-112.0000			84.0000			
14.9157			-146.6394			133.5472			1.8000			-11.0000			-109.0000			88.0000			
3.7045			-142.1931			140.6989			2.2000			-18.0000			-106.0000			93.0000			
-9.6421			-132.1889			145.0999			3.2000			-27.0000			-101.0000			99.0000			
-20.3194			-119.4059			145.0999			5.3000			-33.0000			-97.0000			104.0000			
-28.8613			-105.5112			140.6989			6.3000			-41.0000			-93.0000			107.0000			
-37.9370			-93.2839			137.3981			6.1000			-49.0000			-87.0000			111.0000			
-51.2837			-84.3913			142.3493			6.6000			-56.0000			-81.0000			113.0000			
-64.6303			-73.8314			147.3004			8.8000			-61.0000			-74.0000			113.0000			
-76.3753			-59.9368			145.6500			9.3000			-68.0000			-66.0000			113.0000			
-85.4511			-48.8210			143.9996			9.7000			-73.0000			-59.0000			113.0000			
-93.9929			-37.7053			142.8994			11.2000			-79.0000			-51.0000			113.0000			
-105.7379			-30.4801			146.7503			10.5000			-83.0000			-43.0000			112.0000			
-116.4153			-19.3644			147.3004			11.5000			-87.0000			-34.0000			110.0000			
-127.0926			-10.4718			149.5009			11.9000			-90.0000			-26.0000			106.0000			
-133.4990			-2.1350			148.4007			12.7000			-92.0000			-17.0000			103.0000			
-136.7022			8.4249			142.3493			14.0000			-94.0000			-9.0000			98.0000			
-140.9731			25.0985			129.1462			13.2000			-97.0000			-1.0000			95.0000			
-140.9731			37.8816			116.4932			13.4000			-99.0000			9.0000			90.0000			
-138.3037			46.2183			104.9405			12.8000			-99.0000			17.0000			82.0000			
-139.3715			53.4436			97.2387			11.3000			-101.0000			26.0000			77.0000			
-142.0408			63.4477			89.5369			10.9000			-99.0000			34.0000			68.0000			
-143.1085			74.0076			80.7348			11.6000			-98.0000			42.0000			61.0000			
-140.9731			82.9002			70.2823			12.2000			-97.0000			49.0000			53.0000			
-142.0408			95.1275			57.6294			10.7000			-95.0000			57.0000			44.0000			
-145.2440			107.9106			48.2772			10.9000			-92.0000			63.0000			35.0000			
-149.5149			119.0263			39.4751			8.9000			-89.0000			71.0000			25.0000			
-152.7181			129.5862			32.3234			9.1000			-86.0000			76.0000			15.0000			
-153.7859			140.7020			21.8710			8.7000			-81.0000			82.0000			6.0000			
-150.5827			145.7040			11.9687			7.0000			-76.0000			85.0000			-2.0000			
-141.5069			149.0387			-0.1342			7.4000			-73.0000			91.0000			-13.0000			
-129.2280			150.1503			-15.5378			5.3000			-68.0000			95.0000			-23.0000			
-116.4153			148.4830			-27.0905			4.9000			-62.0000			97.0000			-32.0000			
-104.1363			144.0367			-35.3424			4.5000			-57.0000			101.0000			-41.0000			
-94.5268			142.9251			-46.8951			1.5000			-50.0000			103.0000			-51.0000			
-84.9172			146.8156			-60.0982			1.7000			-43.0000			103.0000			-59.0000			
-72.6383			145.1482			-72.7512			-0.2000			-38.0000			103.0000			-69.0000			
-61.4271			143.4809			-82.6535			-0.5000			-29.0000			102.0000			-79.0000			
-55.5546			144.5925			-90.9055			-1.8000			-21.0000			102.0000			-87.0000			
-47.0127			145.7040			-103.0083			-4.3000			-15.0000			99.0000			-96.0000			
-37.9370			147.3714			-114.5610			-5.1000			-7.0000			98.0000			-102.0000			
-26.7258			147.9272			-125.5636			-4.3000			-1.0000			95.0000			-109.0000			
-14.9808			146.2598			-136.0161			-4.7000			5.0000			91.0000			-115.0000			
-6.4389			140.7020			-141.5174			-7.2000			11.0000			87.0000			-121.0000			
7.4416			130.6978			-145.3683			-7.2000			19.0000			83.0000			-126.0000			
19.7205			116.8032			-144.8181			-8.2000			26.0000			78.0000			-132.0000			
30.3978			102.9085			-142.0675			-8.7000			31.0000			71.0000			-137.0000			
39.4735			90.6812			-140.4171			-10.2000			38.0000			65.0000			-139.0000			
50.6847			83.4560			-143.1677			-9.0000			44.0000			58.0000			-142.0000			
62.9636			72.8961			-147.0186			-11.1000			51.0000			51.0000			-144.0000			
76.3102			59.0014			-145.3683			-10.0000			55.0000			43.0000			-145.0000			
86.4537			46.2183			-143.7179			-11.0000			61.0000			35.0000			-144.0000			
96.0633			35.6584			-143.1677			-11.4000			64.0000			26.0000			-144.0000			
106.7406			28.4332			-147.5688			-12.3000			70.0000			19.0000			-144.0000			
117.4179			19.5406			-148.1189			-11.1000			74.0000			9.0000			-141.0000			
127.5613			10.0923			-148.6690			-11.0000			77.0000			-1.0000			-138.0000			
133.9677			0.0881			-147.0186			-12.9000			79.0000			-8.0000			-135.0000			
137.7048			-9.3602			-141.5174			-13.1000			80.0000			-17.0000			-131.0000			
140.9080			-24.3665			-128.8644			-12.3000			83.0000			-25.0000			-125.0000			
139.8402			-36.5938			-115.6613			-12.4000			84.0000			-34.0000			-121.0000			
137.7048			-45.4863			-104.6587			-12.4000			87.0000			-43.0000			-116.0000			
139.8402			-53.2673			-97.5070			-10.9000			87.0000			-50.0000			-109.0000			
143.5773			-63.8273			-89.8052			-10.0000			87.0000			-58.0000			-102.0000			
143.0434			-74.3872			-78.2525			-9.5000			86.0000			-66.0000			-93.0000			
141.9757			-84.3913			-66.1497			-8.5000			85.0000			-73.0000			-84.0000			
143.0434			-95.5071			-55.1471			-7.6000			83.0000			-82.0000			-75.0000			
146.7805			-106.0670			-46.8951			-6.1000			81.0000			-88.0000			-66.0000			
149.4498			-117.7385			-37.5430			-5.8000			79.0000			-94.0000			-55.0000			
153.1869			-128.2984			-29.2910			-4.3000			75.0000			-99.0000			-47.0000			
154.7885			-138.3026			-19.9388			-3.4000			73.0000			-103.0000			-36.0000			
151.0514			-144.4162			-8.3861			-1.7000			68.0000			-107.0000			-25.0000			
142.5096			-148.3067			4.8170			-0.9000			64.0000			-112.0000			-15.0000			
129.6968			-148.8625			18.5702			-0.5000			60.0000			-114.0000			-4.0000			
116.3502			-146.0836			29.5728			-0.1000			55.0000			-118.0000			6.0000			
104.6051			-142.1931			38.9250			1.3000			51.0000			-121.0000			17.0000			
95.5294			-142.7489			50.4777			3.2000			46.0000			-121.0000			26.0000			
86.9875			-147.1952			62.5805			2.3000			39.0000			-121.0000			34.0000			
73.6409			-143.8604			73.5831			3.3000			34.0000			-121.0000			45.0000			
62.4297			-141.6373			84.0356			4.8000			27.0000			-119.0000			55.0000			
54.9556			-143.3047			93.9379			5.5000			20.0000			-117.0000			65.0000			
46.9476			-144.9720			105.4906			7.4000			14.0000			-115.0000			73.0000			
37.3380			-146.6394			117.0433			7.7000			7.0000			-112.0000			81.0000			
26.6607			-147.7509			128.5960			7.5000			1.0000			-109.0000			88.0000			
14.9157			-143.8604			137.9482			9.0000			-6.0000			-105.0000			95.0000			
5.8400			-139.4142			142.8994			9.3000			-11.0000			-99.0000			101.0000			
-5.9051			-131.0774			146.7503			9.7000			-17.0000			-95.0000			109.0000			
-18.1840			-116.0711			145.6500			11.4000			-24.0000			-89.0000			113.0000			
-29.3952			-102.1765			142.3493			10.7000			-31.0000			-84.0000			119.0000			
-39.5386			-89.9492			140.6989			11.2000			-36.0000			-78.0000			122.0000			
-51.2837			-82.7240			145.0999			11.0000			-41.0000			-70.0000			126.0000			
-64.0964			-72.1641			148.9508			12.6000			-46.0000			-63.0000			127.0000			
-75.8415			-58.2694			146.7503			12.6000			-53.0000			-54.0000			128.0000			
-85.4511			-46.5979			142.8994			10.8000			-58.0000			-45.0000			128.0000			
-95.5945			-36.0380			143.9996			12.3000			-62.0000			-37.0000			129.0000			
-108.4073			-29.3685			148.4007			10.6000			-66.0000			-29.0000			127.0000			
-118.5507			-19.9202			148.9508			10.4000			-70.0000			-21.0000			126.0000			
-128.6942			-10.4718			148.9508			9.7000			-73.0000			-12.0000			123.0000			
-135.1006			-0.4677			146.7503			11.1000			-75.0000			-3.0000			119.0000			
-140.4392			9.5365			140.1487			9.2000			-78.0000			5.0000			115.0000			
-142.5747			24.5427			128.0459			10.0000			-81.0000			13.0000			110.0000			
-140.9731			35.6584			115.3929			10.0000			-83.0000			21.0000			105.0000			
-138.8376			43.9952			102.7400			7.8000			-84.0000			31.0000			99.0000			
-141.5069			52.8878			95.5883			6.9000			-85.0000			37.0000			91.0000			
-145.2440			63.4477			88.9867			7.1000			-86.0000			45.0000			82.0000			
-146.3117			72.3403			78.5343			4.5000			-84.0000			53.0000			74.0000			
-143.6424			82.9002			65.3312			4.5000			-85.0000			60.0000			63.0000			
-145.2440			95.1275			53.7785			3.6000			-84.0000			66.0000			54.0000			
-148.9811			106.7990			44.9764			2.8000			-83.0000			73.0000			44.0000			
-152.1843			116.8032			36.7245			1.3000			-82.0000			79.0000			33.0000			
-156.4552			126.8073			30.1229			0.4000			-78.0000			82.0000			23.0000			
-157.5229			137.9230			19.1203			-0.4000			-76.0000			87.0000			13.0000			
-153.2520			143.4809			7.0175			-2.7000			-73.0000			90.0000			-1.0000			
-144.1763			147.9272			-6.1856			-2.4000			-69.0000			94.0000			-9.0000			
-131.8974			149.0387			-19.3887			-2.2000			-66.0000			96.0000			-21.0000			
-118.0169			145.7040			-30.3913			-2.7000			-62.0000			100.0000			-31.0000			
-105.2041			140.1462			-39.7435			-4.7000			-56.0000			99.0000			-43.0000			
-96.6622			141.8135			-51.8463			-6.6000			-53.0000			101.0000			-53.0000			
-87.5865			146.8156			-65.0494			-5.8000			-49.0000			101.0000			-63.0000			
-74.7737			144.0367			-76.0520			-6.7000			-42.0000			100.0000			-75.0000			
-63.5626			140.7020			-85.4042			-8.2000			-36.0000			98.0000			-85.0000			
-56.0884			142.9251			-94.2062			-7.3000			-30.0000			95.0000			-95.0000			
-47.5466			144.5925			-106.3091			-9.2000			-25.0000			93.0000			-103.0000			
-38.4709			146.8156			-118.4119			-10.0000			-18.0000			90.0000			-113.0000			
-28.8613			147.9272			-129.4145			-10.3000			-13.0000			86.0000			-120.0000			
-16.5824			144.5925			-138.7667			-10.7000			-6.0000			82.0000			-127.0000			
-4.3035			139.0346			-144.8181			-10.0000			-1.0000			76.0000			-134.0000			
9.0432			129.5862			-147.5688			-8.9000			5.0000			72.0000			-140.0000			
19.1866			115.6916			-147.0186			-12.1000			11.0000			65.0000			-146.0000			
28.7962			101.7969			-142.6176			-12.0000			17.0000			60.0000			-151.0000			
41.0751			89.0139			-139.8670			-9.7000			23.0000			53.0000			-155.0000			
53.3540			81.7886			-145.3683			-10.2000			27.0000			46.0000			-158.0000			
65.0991			72.8961			-148.1189			-10.1000			33.0000			38.0000			-160.0000			
76.3102			59.5572			-145.9184			-10.0000			39.0000			29.0000			-161.0000			
86.4537			46.7741			-143.1677			-9.9000			43.0000			21.0000			-161.0000			
97.1310			35.6584			-142.6176			-9.8000			49.0000			13.0000			-160.0000			
109.9438			28.4332			-147.0186			-8.6000			53.0000			4.0000			-159.0000			
121.1549			18.4290			-147.0186			-7.4000			57.0000			-4.0000			-157.0000			
130.2307			11.7596			-148.6690			-6.6000			61.0000			-12.0000			-153.0000			
137.1709			2.3113			-146.4685			-6.9000			64.0000			-20.0000			-149.0000			
141.9757			-9.3602			-138.7667			-6.1000			68.0000			-28.0000			-145.0000			
145.1789			-25.4780			-126.1137			-6.4000			71.0000			-36.0000			-139.0000			
143.5773			-35.4822			-114.0109			-5.9000			74.0000			-43.0000			-133.0000			
140.9080			-43.8190			-101.3579			-4.2000			74.0000			-52.0000			-127.0000			
143.0434			-52.7116			-93.1060			-2.7000			77.0000			-60.0000			-118.0000			
147.3144			-63.2715			-85.9543			-1.9000			77.0000			-67.0000			-110.0000			
147.3144			-73.2756			-75.5019			-1.4000			78.0000			-73.0000			-101.0000			
145.7128			-82.1682			-63.9492			-0.4000			78.0000			-79.0000			-90.0000			
147.3144			-94.9513			-52.3964			0.0000			79.0000			-87.0000			-80.0000			
151.0514			-104.9554			-43.5944			2.5000			78.0000			-91.0000			-69.0000			
153.7207			-117.7385			-33.6921			2.2000			76.0000			-97.0000			-58.0000			
157.4578			-128.8542			-25.9902			2.6000			74.0000			-101.0000			-47.0000			
157.9917			-137.7468			-16.0879			4.1000			72.0000			-104.0000			-35.0000			
154.2546			-143.3047			-5.0853			5.8000			70.0000			-107.0000			-24.0000			
144.1112			-147.7509			8.6679			5.0000			67.0000			-110.0000			-12.0000			
132.3661			-148.8625			22.9712			6.4000			64.0000			-111.0000			-2.0000			
119.0195			-144.9720			32.8736			6.9000			61.0000			-113.0000			10.0000			
106.7406			-140.5257			41.1255			7.3000			57.0000			-114.0000			22.0000			
96.5971			-140.5257			53.2283			9.3000			52.0000			-115.0000			32.0000			
87.5214			-144.9720			66.4314			8.9000			48.0000			-113.0000			44.0000			
75.2425			-144.9720			77.9842			8.2000			43.0000			-113.0000			56.0000			
64.0313			-141.0815			87.3363			10.2000			38.0000			-110.0000			66.0000			
56.5572			-141.6373			96.1384			11.0000			31.0000			-108.0000			76.0000			
47.4815			-143.8604			106.5909			10.2000			27.0000			-105.0000			87.0000			
37.8719			-146.0836			118.6937			10.4000			21.0000			-100.0000			94.0000			
26.6607			-147.7509			130.2464			9.1000			15.0000			-98.0000			102.0000			
15.9834			-144.4162			139.0485			10.6000			10.0000			-92.0000			110.0000			
5.8400			-139.9699			143.4495			9.3000			3.0000			-87.0000			117.0000			
-8.5744			-129.9658			146.7503			8.2000			-1.0000			-83.0000			123.0000			
-20.8533			-114.9596			145.6500			9.8000			-9.0000			-76.0000			130.0000			
-29.9290			-102.1765			142.3493			10.2000			-14.0000			-71.0000			136.0000			
-39.5386			-92.1724			140.1487			8.4000			-20.0000			-65.0000			138.0000			
-52.8852			-83.8356			143.4495			6.7000			-26.0000			-57.0000			141.0000			
-66.2319			-71.6083			146.7503			8.9000			-31.0000			-49.0000			143.0000			
-76.9092			-59.9368			145.0999			8.2000			-37.0000			-41.0000			143.0000			
-87.5865			-48.2653			141.7991			5.9000			-44.0000			-33.0000			143.0000			
-98.2638			-37.7053			141.2490			5.2000			-49.0000			-26.0000			143.0000			
-111.0766			-30.4801			145.6500			4.0000			-54.0000			-18.0000			140.0000			
-120.6862			-21.0318			145.6500			3.9000			-59.0000			-10.0000			138.0000			
-130.8296			-12.1392			147.3004			4.3000			-62.0000			-2.0000			135.0000			
-137.7699			-3.2466			145.0999			4.0000			-65.0000			5.0000			129.0000			
-142.0408			6.7575			137.3981			2.1000			-69.0000			13.0000			125.0000			
-144.1763			23.4311			123.6449			2.9000			-73.0000			20.0000			119.0000			
-144.1763			34.5468			110.4418			0.8000			-77.0000			28.0000			112.0000			
-141.5069			42.3278			98.8891			-0.2000			-81.0000			35.0000			105.0000			
-144.1763			50.1088			92.8376			-1.2000			-81.0000			41.0000			95.0000			
-146.8456			61.7804			84.0356			-1.0000			-83.0000			48.0000			86.0000			
-147.9133			72.3403			73.5831			-1.9000			-85.0000			56.0000			76.0000			
-146.3117			81.2329			62.0304			-3.0000			-85.0000			61.0000			64.0000			
-147.9133			92.3486			52.1281			-3.4000			-85.0000			66.0000			54.0000			
-150.5827			104.5759			42.7759			-3.2000			-85.0000			72.0000			41.0000			
-153.7859			115.6916			32.8736			-5.2000			-85.0000			76.0000			30.0000			
-158.0568			126.8073			25.1718			-6.0000			-83.0000			79.0000			19.0000			
-158.0568			137.3672			14.1692			-6.5000			-83.0000			84.0000			6.0000			
-153.7859			141.8135			4.8170			-7.1000			-81.0000			85.0000			-4.0000			
-144.1763			145.1482			-7.2859			-6.3000			-78.0000			89.0000			-17.0000			
-132.4312			146.8156			-22.6895			-8.3000			-75.0000			90.0000			-30.0000			
-117.4830			144.0367			-33.6921			-7.1000			-73.0000			91.0000			-41.0000			
-106.2718			139.5904			-40.8437			-7.5000			-69.0000			93.0000			-53.0000			
-97.1961			140.7020			-52.9466			-9.4000			-65.0000			91.0000			-65.0000			
-87.5865			144.0367			-65.5995			-9.1000			-62.0000			91.0000			-77.0000			
-73.1721			141.8135			-77.1522			-8.5000			-55.0000			88.0000			-88.0000			
-63.5626			140.1462			-86.5044			-9.9000			-50.0000			86.0000			-98.0000			
-56.6223			142.9251			-95.3065			-9.0000			-44.0000			84.0000			-109.0000			
-46.4789			144.5925			-106.3091			-8.1000			-39.0000			82.0000			-119.0000			
-37.9370			146.2598			-117.8618			-9.5000			-34.0000			79.0000			-128.0000			
-26.7258			147.3714			-128.8644			-8.2000			-29.0000			73.0000			-134.0000			
-14.4469			144.5925			-138.2166			-8.0000			-22.0000			69.0000			-142.0000			
-4.3035			139.5904			-143.7179			-8.4000			-16.0000			64.0000			-149.0000			
8.5093			128.4747			-144.8181			-7.8000			-9.0000			58.0000			-155.0000			
21.3221			115.6916			-143.7179			-6.7000			-3.0000			54.0000			-161.0000			
31.9994			102.3527			-141.5174			-7.1000			3.0000			49.0000			-166.0000			
41.6090			91.2370			-138.2166			-5.3000			9.0000			42.0000			-169.0000			
54.4217			83.4560			-142.0675			-4.1000			16.0000			35.0000			-170.0000			
66.7006			72.8961			-144.2680			-4.6000			22.0000			28.0000			-172.0000			
78.9796			59.5572			-142.6176			-4.0000			27.0000			21.0000			-172.0000			
89.6569			46.7741			-139.3168			-2.8000			35.0000			13.0000			-172.0000			
99.8003			38.4373			-139.8670			-1.6000			39.0000			5.0000			-170.0000			
111.5454			31.2121			-143.7179			-0.9000			47.0000			-3.0000			-167.0000			
122.2227			21.7638			-143.7179			0.2000			51.0000			-11.0000			-163.0000			
132.3661			12.3154			-144.8181			-0.1000			55.0000			-18.0000			-159.0000			
138.2386			3.4228			-141.5174			0.1000			60.0000			-25.0000			-155.0000			
143.0434			-7.6929			-134.9158			0.4000			65.0000			-32.0000			-148.0000			
145.7128			-22.6991			-122.2628			0.7000			71.0000			-39.0000			-141.0000			
144.1112			-33.2590			-108.5096			2.3000			72.0000			-46.0000			-134.0000			
142.5096			-41.5958			-97.5070			3.4000			77.0000			-53.0000			-127.0000			
145.7128			-50.4884			-90.9055			4.3000			78.0000			-60.0000			-117.0000			
147.8482			-60.4926			-83.7538			3.6000			81.0000			-65.0000			-107.0000			
147.8482			-71.0525			-72.2011			4.5000			82.0000			-70.0000			-97.0000			
146.2466			-81.6124			-58.9980			5.6000			84.0000			-77.0000			-86.0000			
148.3821			-93.2839			-49.0957			6.0000			85.0000			-82.0000			-73.0000			
152.1191			-103.8439			-41.3939			6.8000			86.0000			-87.0000			-61.0000			
154.2546			-114.9596			-31.4915			7.8000			85.0000			-90.0000			-49.0000			
157.9917			-126.6311			-23.7897			7.5000			83.0000			-94.0000			-37.0000			
158.5255			-136.6352			-13.8874			8.0000			83.0000			-97.0000			-26.0000			
153.7207			-141.6373			-3.9851			8.1000			81.0000			-99.0000			-13.0000			
143.5773			-146.0836			9.2180			6.7000			79.0000			-102.0000			-1.0000			
130.2307			-145.5278			23.5214			8.2000			77.0000			-103.0000			12.0000			
116.8840			-142.7489			33.9738			8.1000			74.0000			-103.0000			23.0000			
105.1390			-138.8584			41.6756			7.9000			71.0000			-104.0000			35.0000			
96.5971			-140.5257			53.7785			9.8000			66.0000			-105.0000			47.0000			
86.9875			-144.4162			65.8813			8.4000			62.0000			-103.0000			59.0000			
73.1070			-142.1931			76.3338			7.2000			57.0000			-100.0000			71.0000			
60.8281			-139.9699			86.2361			7.1000			51.0000			-99.0000			81.0000			
54.4217			-142.1931			95.0382			7.2000			45.0000			-97.0000			91.0000			
47.4815			-144.9720			104.9405			7.4000			40.0000			-94.0000			100.0000			
37.3380			-146.6394			116.4932			7.1000			35.0000			-90.0000			109.0000			
24.5253			-146.0836			128.0459			6.4000			29.0000			-85.0000			115.0000			
12.7802			-143.8604			136.8480			5.7000			21.0000			-81.0000			122.0000			
3.1706			-139.9699			142.3493			5.5000			14.0000			-77.0000			130.0000			
-10.7099			-129.9658			143.4495			2.7000			9.0000			-72.0000			136.0000			
-21.3872			-115.5154			141.2490			4.3000			1.0000			-68.0000			140.0000			
-32.5984			-102.1765			137.3981			2.6000			-6.0000			-60.0000			144.0000			
-42.2079			-91.6166			136.2978			2.4000			-13.0000			-57.0000			148.0000			
-55.0207			-84.3913			140.6989			1.2000			-19.0000			-50.0000			149.0000			
-66.7658			-73.2756			141.7991			1.7000			-26.0000			-43.0000			149.0000			
-77.9769			-61.0483			139.5986			0.5000			-32.0000			-37.0000			150.0000			
-89.7220			-47.7095			136.8480			-0.5000			-39.0000			-29.0000			148.0000			
-100.3993			-38.8169			136.8480			-2.3000			-46.0000			-22.0000			146.0000			
-112.1443			-32.7033			142.8994			-1.9000			-52.0000			-15.0000			143.0000			
-121.7539			-23.8107			143.4495			-2.1000			-57.0000			-8.0000			139.0000			
-132.4312			-13.8065			143.9996			-2.2000			-62.0000			-1.0000			134.0000			
-139.3715			-3.8024			139.0485			-4.1000			-67.0000			6.0000			129.0000			
-143.6424			6.2018			133.5472			-3.8000			-72.0000			12.0000			122.0000			
-145.7779			21.7638			120.3441			-3.6000			-78.0000			19.0000			115.0000			
-144.7101			32.8795			107.1410			-4.6000			-83.0000			25.0000			107.0000			
-142.0408			40.1047			95.5883			-6.3000			-86.0000			31.0000			99.0000			
-144.7101			48.9973			89.5369			-6.1000			-89.0000			38.0000			88.0000			
-147.3795			60.6688			81.2849			-5.4000			-91.0000			44.0000			78.0000			
-148.4472			69.5614			71.9327			-6.9000			-94.0000			49.0000			67.0000			
-145.7779			78.4539			59.8299			-7.4000			-96.0000			55.0000			55.0000			
-146.8456			91.2370			48.8273			-6.7000			-97.0000			59.0000			42.0000			
-151.1165			105.1317			40.0252			-5.9000			-98.0000			63.0000			31.0000			
-154.8536			115.6916			32.3234			-6.8000			-97.0000			67.0000			18.0000			
-158.0568			125.6957			25.7219			-6.6000			-97.0000			71.0000			6.0000			
-158.0568			135.6999			14.7193			-7.6000			-96.0000			73.0000			-7.0000			
-152.7181			140.7020			3.7167			-8.2000			-94.0000			75.0000			-19.0000			
-143.6424			145.7040			-8.9362			-6.8000			-92.0000			78.0000			-32.0000			
-129.7619			145.7040			-21.5892			-5.6000			-89.0000			79.0000			-43.0000			
-115.3475			141.8135			-32.0417			-5.5000			-87.0000			81.0000			-56.0000			
-104.1363			137.9230			-40.8437			-7.0000			-83.0000			81.0000			-69.0000			
-95.5945			141.2577			-52.9466			-7.2000			-79.0000			81.0000			-80.0000			
-85.4511			144.5925			-65.0494			-5.9000			-74.0000			80.0000			-91.0000			
-72.6383			142.3693			-74.9517			-5.2000			-68.0000			79.0000			-101.0000			
-61.9610			140.7020			-85.4042			-6.6000			-61.0000			76.0000			-112.0000			
-53.4191			142.3693			-93.6561			-4.6000			-56.0000			75.0000			-122.0000			
-45.4111			145.7040			-105.2088			-4.9000			-50.0000			72.0000			-131.0000			
-36.8693			148.4830			-115.6613			-4.0000			-44.0000			69.0000			-139.0000			
-25.6581			149.0387			-125.5636			-2.1000			-38.0000			67.0000			-145.0000			
-11.7776			145.7040			-134.9158			-0.9000			-30.0000			63.0000			-153.0000			
-0.0326			139.5904			-140.4171			-0.8000			-23.0000			58.0000			-158.0000			
12.2464			129.5862			-142.0675			-0.2000			-16.0000			54.0000			-164.0000			
22.3898			117.3589			-139.8670			-0.1000			-9.0000			49.0000			-167.0000			
33.0671			102.3527			-136.0161			-0.5000			-1.0000			43.0000			-171.0000			
44.2783			91.7928			-133.8155			2.2000			6.0000			38.0000			-174.0000			
57.6249			84.0118			-139.3168			2.3000			13.0000			31.0000			-174.0000			
69.9038			73.4519			-140.9672			2.3000			20.0000			25.0000			-174.0000			
80.5812			61.2246			-139.3168			2.4000			28.0000			19.0000			-174.0000			
90.1907			48.9973			-135.4659			3.7000			36.0000			13.0000			-172.0000			
101.4019			38.4373			-136.0161			3.8000			43.0000			7.0000			-168.0000			
114.2147			30.6563			-139.8670			4.9000			49.0000			-1.0000			-165.0000			
122.7565			23.4311			-142.0675			4.1000			55.0000			-7.0000			-159.0000			
132.3661			15.6501			-143.7179			4.3000			61.0000			-14.0000			-155.0000			
139.8402			4.5344			-138.7667			5.6000			66.0000			-20.0000			-148.0000			
144.1112			-8.2487			-131.0649			4.8000			72.0000			-27.0000			-142.0000			
146.2466			-22.1433			-118.9621			5.1000			77.0000			-33.0000			-133.0000			
144.1112			-30.4801			-106.8592			6.7000			83.0000			-39.0000			-126.0000			
141.4418			-39.9285			-95.8566			5.6000			85.0000			-47.0000			-117.0000			
145.1789			-49.9326			-88.7050			6.5000			89.0000			-51.0000			-108.0000			
147.8482			-61.0483			-80.4530			6.3000			91.0000			-57.0000			-97.0000			
147.8482			-72.1641			-70.0006			5.6000			94.0000			-63.0000			-85.0000			
145.7128			-81.0566			-58.9980			5.6000			95.0000			-67.0000			-73.0000			
147.3144			-91.6166			-49.6458			6.0000			97.0000			-72.0000			-61.0000			
150.5176			-103.2881			-40.2936			6.9000			97.0000			-76.0000			-49.0000			
153.1869			-115.5154			-30.3913			7.2000			97.0000			-80.0000			-36.0000			
157.9917			-126.6311			-23.7897			7.5000			97.0000			-83.0000			-24.0000			
156.9239			-136.6352			-14.9877			5.2000			95.0000			-86.0000			-12.0000			
152.6530			-141.0815			-3.9851			7.5000			94.0000			-88.0000			1.0000			
141.4418			-146.0836			10.8684			6.2000			92.0000			-92.0000			12.0000			
129.1629			-147.1952			23.5214			5.4000			90.0000			-92.0000			25.0000			
115.2824			-143.3047			32.3234			4.2000			85.0000			-95.0000			38.0000			
103.5374			-138.8584			39.4751			4.1000			82.0000			-93.0000			49.0000			
93.9278			-141.6373			52.6782			4.9000			77.0000			-94.0000			59.0000			
83.7843			-146.0836			65.3312			3.0000			72.0000			-94.0000			71.0000			
69.9038			-143.3047			76.3338			2.9000			66.0000			-93.0000			81.0000			
59.7604			-141.6373			84.5857			2.7000			60.0000			-91.0000			91.0000			
53.8879			-143.8604			92.2875			2.3000			53.0000			-89.0000			101.0000			
44.8122			-144.9720			103.2901			3.1000			46.0000			-87.0000			108.0000			
33.6010			-147.7509			115.3929			1.2000			39.0000			-84.0000			116.0000			
22.3898			-149.4183			126.9456			0.0000			34.0000			-82.0000			123.0000			
11.1786			-147.1952			134.6474			-1.3000			25.0000			-77.0000			130.0000			
-0.0326			-141.0815			138.4983			-2.6000			17.0000			-74.0000			134.0000			
-13.9131			-129.9658			141.7991			-2.0000			9.0000			-70.0000			139.0000			
-25.6581			-117.1827			140.1487			-2.6000			2.0000			-67.0000			142.0000			
-33.1322			-103.8439			135.1976			-1.7000			-6.0000			-62.0000			146.0000			
-43.2757			-93.2839			132.9971			-3.5000			-15.0000			-56.0000			148.0000			
-58.2239			-84.9471			137.9482			-5.2000			-22.0000			-51.0000			148.0000			
-71.5705			-72.7198			139.5986			-4.6000			-29.0000			-44.0000			148.0000			
-81.7140			-60.4926			137.9482			-4.2000			-39.0000			-38.0000			147.0000			
-92.3913			-49.9326			135.7477			-6.5000			-46.0000			-31.0000			143.0000			
-100.9332			-40.4843			136.2978			-5.1000			-53.0000			-26.0000			140.0000			
-114.2798			-32.7033			140.1487			-6.8000			-60.0000			-20.0000			137.0000			
-124.9571			-22.6991			141.2490			-6.4000			-66.0000			-14.0000			132.0000			
-135.6344			-14.3623			142.8994			-7.0000			-73.0000			-8.0000			126.0000			
-140.4392			-4.9140			139.0485			-6.3000			-78.0000			-1.0000			120.0000			
-144.1763			6.7575			131.3467			-6.0000			-83.0000			4.0000			113.0000			
-147.3795			23.9869			117.5934			-5.8000			-89.0000			11.0000			105.0000			
-145.7779			33.4353			106.5909			-5.7000			-93.0000			16.0000			95.0000			
-142.0408			40.1047			96.6885			-5.2000			-99.0000			23.0000			87.0000			
-144.1763			49.5531			88.9867			-5.6000			-101.0000			28.0000			77.0000			
-147.9133			61.7804			79.6345			-6.4000			-105.0000			34.0000			67.0000			
-148.4472			72.8961			68.6320			-6.9000			-106.0000			39.0000			54.0000			
-146.3117			82.9002			58.1795			-5.2000			-108.0000			46.0000			42.0000			
-147.3795			93.4601			48.8273			-5.0000			-109.0000			50.0000			30.0000			
-152.1843			105.1317			41.1255			-5.9000			-109.0000			54.0000			18.0000			
-153.2520			116.2474			32.3234			-4.6000			-110.0000			58.0000			5.0000			
-156.4552			127.3631			25.1718			-3.9000			-109.0000			61.0000			-7.0000			
-155.9213			137.3672			13.6190			-4.9000			-107.0000			63.0000			-19.0000			
-151.6504			141.8135			5.3671			-4.4000			-104.0000			68.0000			-30.0000			
-140.4392			146.2598			-8.3861			-2.5000			-102.0000			69.0000			-43.0000			
-126.0248			146.8156			-22.1393			-1.3000			-98.0000			72.0000			-54.0000			
-113.2121			144.0367			-33.1419			-2.3000			-95.0000			73.0000			-66.0000			
-101.4670			140.7020			-40.2936			-1.0000			-91.0000			76.0000			-77.0000			
-92.3913			143.4809			-52.3964			-1.3000			-85.0000			74.0000			-88.0000			
-80.1124			146.2598			-65.5995			0.5000			-80.0000			75.0000			-98.0000			
-68.3674			145.7040			-76.6021			0.7000			-74.0000			73.0000			-108.0000			
-57.6900			144.5925			-85.4042			1.5000			-66.0000			74.0000			-117.0000			
-51.2837			145.7040			-93.1060			1.3000			-59.0000			71.0000			-127.0000			
-43.2757			147.9272			-103.0083			1.6000			-52.0000			70.0000			-135.0000			
-33.1322			150.7061			-115.6613			1.9000			-44.0000			68.0000			-142.0000			
-20.8533			151.2619			-127.2140			3.2000			-37.0000			65.0000			-148.0000			
-8.5744			147.3714			-134.9158			3.8000			-29.0000			62.0000			-153.0000			
2.1029			141.8135			-139.3168			4.5000			-22.0000			59.0000			-158.0000			
15.9834			130.6978			-141.5174			5.1000			-13.0000			54.0000			-162.0000			
27.7285			116.8032			-140.4171			4.1000			-5.0000			51.0000			-165.0000			
37.3380			102.9085			-136.0161			4.2000			4.0000			47.0000			-169.0000			
46.9476			93.4601			-134.9158			5.5000			11.0000			42.0000			-169.0000			
60.2943			85.1234			-139.8670			5.5000			20.0000			37.0000			-169.0000			
71.5054			73.4519			-139.3168			5.6000			28.0000			31.0000			-169.0000			
83.2505			60.1130			-137.1163			6.2000			36.0000			24.0000			-167.0000			
94.9955			48.4415			-136.5662			6.8000			44.0000			18.0000			-163.0000			
105.6728			37.8816			-137.1163			6.4000			52.0000			11.0000			-160.0000			
117.4179			31.2121			-141.5174			7.1000			59.0000			6.0000			-157.0000			
127.5613			22.8753			-142.6176			7.8000			66.0000			-1.0000			-150.0000			
135.5693			13.9828			-143.7179			5.8000			73.0000			-6.0000			-143.0000			
