1.3091			-75.2614			72.9874			-0.9000			15.0000			-134.0000			79.0000			
8.6924			-80.2966			70.2374			-1.3000			25.0000			-137.0000			77.0000			
13.8039			-81.9750			66.9375			-1.2000			34.0000			-141.0000			72.0000			
18.3475			-81.9750			61.9876			-1.6000			43.0000			-143.0000			65.0000			
25.7308			-81.9750			55.3878			-0.8000			51.0000			-143.0000			59.0000			
31.9783			-83.0939			50.9879			-0.1000			60.0000			-143.0000			53.0000			
36.5218			-83.0939			46.0380			-0.5000			69.0000			-142.0000			45.0000			
39.3616			-80.8560			40.5381			-0.9000			75.0000			-141.0000			37.0000			
43.9052			-80.2966			35.5882			-0.8000			82.0000			-139.0000			29.0000			
49.0167			-79.1776			30.6383			0.4000			88.0000			-136.0000			23.0000			
55.2641			-80.8560			26.2384			0.6000			93.0000			-132.0000			14.0000			
59.8077			-78.6182			18.5386			-0.2000			97.0000			-127.0000			8.0000			
64.3513			-75.8209			10.8388			-0.6000			102.0000			-124.0000			-1.0000			
68.8949			-71.9046			3.1390			0.1000			107.0000			-119.0000			-8.0000			
74.0064			-69.6668			-4.5609			-0.2000			110.0000			-113.0000			-16.0000			
77.4141			-66.8695			-11.1607			-0.6000			114.0000			-107.0000			-24.0000			
79.1180			-61.2748			-17.2106			0.6000			116.0000			-101.0000			-33.0000			
77.9821			-54.5613			-22.7105			0.7000			116.0000			-92.0000			-40.0000			
77.9821			-47.2883			-29.8603			0.8000			116.0000			-84.0000			-46.0000			
79.6859			-43.3720			-35.3602			0.9000			115.0000			-74.0000			-55.0000			
79.6859			-39.4558			-40.3101			0.0000			114.0000			-65.0000			-61.0000			
79.6859			-33.3017			-44.7100			1.6000			111.0000			-54.0000			-69.0000			
78.5500			-28.2665			-49.1099			1.1000			109.0000			-45.0000			-74.0000			
78.5500			-23.7908			-54.6097			0.1000			104.0000			-35.0000			-81.0000			
81.3897			-19.8746			-60.6596			0.8000			101.0000			-26.0000			-86.0000			
80.2538			-15.3989			-63.9595			0.8000			97.0000			-15.0000			-91.0000			
77.9821			-8.1259			-68.3594			1.5000			91.0000			-6.0000			-95.0000			
74.0064			1.9445			-73.3093			2.6000			87.0000			3.0000			-99.0000			
70.0308			10.3364			-78.8092			1.5000			79.0000			16.0000			-105.0000			
65.4872			16.4905			-80.4592			1.5000			73.0000			26.0000			-106.0000			
61.5116			20.9662			-82.1091			0.3000			66.0000			35.0000			-110.0000			
58.1039			24.8825			-81.0092			1.9000			58.0000			45.0000			-111.0000			
52.4244			29.3582			-81.0092			0.7000			47.0000			54.0000			-112.0000			
47.3129			34.9528			-81.0092			1.2000			39.0000			63.0000			-112.0000			
41.0654			40.5474			-81.0092			0.6000			29.0000			71.0000			-111.0000			
37.6577			44.4637			-81.5591			0.5000			20.0000			78.0000			-111.0000			
31.9783			50.0583			-81.0092			1.0000			11.0000			86.0000			-109.0000			
27.4347			55.6529			-82.1091			0.9000			1.0000			92.0000			-108.0000			
22.8911			61.2475			-83.2091			0.9000			-8.0000			99.0000			-106.0000			
16.0757			65.7232			-81.5591			0.2000			-18.0000			104.0000			-102.0000			
8.1244			70.1989			-77.7092			0.6000			-27.0000			111.0000			-99.0000			
-0.9627			75.2341			-73.3093			0.9000			-37.0000			115.0000			-94.0000			
-9.4820			79.7098			-69.4594			0.7000			-46.0000			119.0000			-91.0000			
-14.0255			81.9477			-67.2595			0.6000			-55.0000			121.0000			-86.0000			
-19.1371			83.6261			-62.3096			2.1000			-64.0000			123.0000			-80.0000			
-24.8166			81.3882			-56.2597			0.3000			-72.0000			125.0000			-73.0000			
-31.6319			82.5071			-50.2098			0.6000			-81.0000			124.0000			-67.0000			
-37.3114			83.0666			-45.8099			0.0000			-89.0000			124.0000			-60.0000			
-41.2871			81.9477			-40.3101			0.3000			-96.0000			122.0000			-52.0000			
-45.2627			81.3882			-35.9102			0.2000			-103.0000			120.0000			-45.0000			
-49.2383			79.7098			-30.9603			-0.4000			-110.0000			117.0000			-37.0000			
-54.3499			79.7098			-24.3604			0.9000			-114.0000			114.0000			-30.0000			
-61.7332			78.0314			-17.2106			-0.9000			-120.0000			110.0000			-21.0000			
-65.1409			76.3530			-11.7107			-0.5000			-123.0000			104.0000			-13.0000			
-70.2524			72.4368			-4.0109			-1.8000			-127.0000			99.0000			-6.0000			
-73.6601			68.5206			4.7889			-0.3000			-131.0000			94.0000			2.0000			
-77.6357			64.6043			12.4887			-0.5000			-133.0000			89.0000			9.0000			
-79.9075			61.2475			18.5386			-0.1000			-135.0000			81.0000			18.0000			
-78.7716			55.0934			22.9385			-0.7000			-135.0000			74.0000			26.0000			
-79.3396			48.3799			30.6383			-0.3000			-136.0000			64.0000			33.0000			
-79.9075			43.3447			35.5882			-0.9000			-134.0000			55.0000			41.0000			
-79.9075			37.7501			41.6381			-0.5000			-133.0000			46.0000			47.0000			
-79.3396			33.2744			46.0380			0.0000			-131.0000			37.0000			55.0000			
-79.9075			29.3582			49.8879			-0.6000			-127.0000			26.0000			61.0000			
-79.3396			23.7635			54.8378			-0.7000			-125.0000			16.0000			67.0000			
-80.4755			19.2878			60.3377			-0.8000			-120.0000			7.0000			71.0000			
-79.3396			13.6932			64.7376			-0.9000			-116.0000			-3.0000			76.0000			
-78.7716			7.5391			69.1375			-2.1000			-110.0000			-14.0000			81.0000			
-73.6601			-0.8528			72.9874			-1.5000			-104.0000			-24.0000			85.0000			
-68.5486			-10.3637			77.3873			-1.5000			-99.0000			-33.0000			90.0000			
-64.5729			-17.0773			80.6872			-0.9000			-91.0000			-44.0000			93.0000			
-61.1652			-20.9935			81.7872			-0.3000			-84.0000			-54.0000			96.0000			
-56.6217			-24.3503			81.2372			0.2000			-77.0000			-64.0000			97.0000			
-52.6460			-27.7071			79.5872			-0.7000			-67.0000			-74.0000			98.0000			
-46.3986			-34.4206			79.5872			-1.2000			-57.0000			-82.0000			97.0000			
-40.7191			-40.5747			80.1372			-1.1000			-49.0000			-90.0000			97.0000			
-36.1755			-45.0504			81.2372			0.0000			-39.0000			-98.0000			95.0000			
-31.6319			-49.5261			80.1372			-1.0000			-29.0000			-106.0000			94.0000			
-27.6563			-54.5613			81.7872			-0.4000			-20.0000			-113.0000			93.0000			
-21.4089			-60.7154			81.2372			-0.8000			-11.0000			-118.0000			90.0000			
-14.5935			-66.3100			80.1372			-0.7000			-2.0000			-124.0000			86.0000			
-6.6422			-70.7857			77.9373			0.5000			8.0000			-129.0000			85.0000			
1.3091			-74.7019			72.9874			-0.4000			17.0000			-134.0000			80.0000			
9.2603			-78.6182			69.1375			-0.2000			27.0000			-137.0000			76.0000			
15.5078			-81.9750			66.9375			0.4000			35.0000			-141.0000			71.0000			
20.0513			-82.5344			62.5376			0.0000			44.0000			-142.0000			65.0000			
25.1629			-81.4155			55.9378			-0.3000			52.0000			-143.0000			59.0000			
31.9783			-82.5344			50.9879			0.4000			61.0000			-143.0000			52.0000			
37.0898			-81.9750			44.3880			-0.5000			67.0000			-142.0000			45.0000			
41.6334			-81.4155			39.4381			-0.3000			77.0000			-142.0000			37.0000			
46.7449			-81.9750			36.1382			0.9000			82.0000			-139.0000			29.0000			
50.1526			-80.2966			31.1883			1.0000			88.0000			-135.0000			21.0000			
55.2641			-79.1776			24.5885			0.6000			93.0000			-132.0000			14.0000			
60.9436			-76.9398			16.3387			0.3000			98.0000			-128.0000			7.0000			
67.1910			-75.8209			9.7388			1.0000			102.0000			-124.0000			-2.0000			
71.1667			-73.0236			2.5890			0.7000			107.0000			-118.0000			-10.0000			
74.0064			-68.5478			-2.9109			2.5000			110.0000			-113.0000			-17.0000			
76.8462			-64.0721			-11.1607			1.6000			113.0000			-107.0000			-25.0000			
80.8218			-61.2748			-18.8606			0.6000			115.0000			-99.0000			-33.0000			
79.6859			-54.5613			-24.9104			0.2000			115.0000			-91.0000			-41.0000			
79.6859			-47.8477			-29.8603			1.9000			116.0000			-84.0000			-49.0000			
80.8218			-43.9315			-34.8102			2.0000			114.0000			-73.0000			-56.0000			
79.6859			-37.2179			-41.4100			1.0000			112.0000			-65.0000			-63.0000			
79.6859			-32.1828			-46.9099			0.5000			110.0000			-55.0000			-70.0000			
80.2538			-28.2665			-50.2098			1.7000			108.0000			-46.0000			-77.0000			
80.2538			-24.9097			-54.6097			0.7000			104.0000			-35.0000			-83.0000			
81.3897			-20.9935			-59.5596			0.8000			100.0000			-26.0000			-87.0000			
79.6859			-12.6016			-64.5095			2.5000			94.0000			-15.0000			-92.0000			
77.9821			-7.0069			-69.4594			1.5000			90.0000			-5.0000			-97.0000			
75.1423			1.3850			-74.4093			2.1000			83.0000			5.0000			-100.0000			
69.4628			9.7770			-77.7092			1.5000			79.0000			15.0000			-103.0000			
65.4872			15.9310			-79.9092			1.5000			72.0000			25.0000			-108.0000			
60.9436			21.5257			-81.5591			0.9000			63.0000			35.0000			-109.0000			
57.5359			26.5608			-81.5591			2.5000			55.0000			45.0000			-112.0000			
53.5603			28.7987			-80.4592			1.8000			46.0000			54.0000			-113.0000			
47.8808			33.8339			-80.4592			1.2000			37.0000			62.0000			-112.0000			
39.9295			40.5474			-79.9092			0.5000			29.0000			72.0000			-112.0000			
36.5218			45.5826			-80.4592			1.6000			19.0000			79.0000			-111.0000			
32.5462			50.6177			-81.5591			1.6000			9.0000			86.0000			-110.0000			
28.5706			55.6529			-83.2091			1.0000			-1.0000			93.0000			-108.0000			
22.3231			61.2475			-82.1091			1.4000			-9.0000			99.0000			-105.0000			
15.5078			65.7232			-79.9092			1.3000			-18.0000			105.0000			-102.0000			
6.9885			71.8773			-77.7092			1.1000			-27.0000			110.0000			-99.0000			
-1.5307			75.7936			-73.8593			0.4000			-37.0000			115.0000			-94.0000			
-7.7781			78.0314			-69.4594			0.8000			-47.0000			119.0000			-90.0000			
-14.0255			81.3882			-66.1595			1.2000			-57.0000			123.0000			-85.0000			
-20.2730			82.5071			-61.2096			1.0000			-65.0000			124.0000			-80.0000			
-25.9525			81.9477			-55.7097			0.2000			-73.0000			125.0000			-73.0000			
-30.4960			83.6261			-51.3098			1.8000			-81.0000			125.0000			-65.0000			
-36.1755			81.9477			-44.7100			1.0000			-89.0000			124.0000			-58.0000			
-41.2871			79.7098			-38.6601			-0.2000			-97.0000			122.0000			-51.0000			
-45.8306			81.3882			-34.8102			0.7000			-103.0000			120.0000			-44.0000			
-49.8063			80.8287			-31.5103			-0.4000			-110.0000			118.0000			-36.0000			
-55.4858			80.2693			-24.3604			0.4000			-114.0000			114.0000			-28.0000			
-60.5973			76.9125			-16.1106			0.2000			-119.0000			110.0000			-21.0000			
-65.7088			75.2341			-8.4108			1.1000			-123.0000			106.0000			-12.0000			
-70.2524			72.9963			-1.8109			0.9000			-127.0000			101.0000			-4.0000			
-74.7960			69.6395			5.3389			0.1000			-130.0000			95.0000			4.0000			
-76.4998			64.6043			11.9388			0.0000			-133.0000			89.0000			12.0000			
-78.7716			60.6881			17.9886			-0.1000			-135.0000			82.0000			19.0000			
-79.9075			52.8556			24.5885			-2.4000			-135.0000			74.0000			27.0000			
-81.6114			47.8204			31.7383			-2.0000			-134.0000			65.0000			34.0000			
-81.6114			45.5826			36.1382			0.1000			-133.0000			56.0000			42.0000			
-81.6114			38.3096			40.5381			-2.7000			-132.0000			47.0000			49.0000			
-81.0434			31.5960			47.1380			-2.3000			-129.0000			36.0000			56.0000			
-81.6114			27.1203			52.0879			-2.4000			-126.0000			26.0000			62.0000			
-83.8832			25.4419			55.3878			-3.0000			-123.0000			17.0000			68.0000			
-85.5870			20.4067			60.3377			-4.8000			-119.0000			6.0000			74.0000			
-82.1793			14.2527			64.7376			-3.1000			-113.0000			-3.0000			79.0000			
-81.0434			7.5391			69.6875			-3.8000			-108.0000			-13.0000			84.0000			
-78.7716			-0.2934			75.1873			-3.8000			-102.0000			-23.0000			88.0000			
-73.6601			-9.8042			79.0373			-4.4000			-94.0000			-33.0000			91.0000			
-67.9806			-14.2799			81.2372			-1.0000			-89.0000			-42.0000			95.0000			
-63.4370			-20.4340			80.1372			-3.7000			-81.0000			-53.0000			98.0000			
-57.1896			-24.9097			80.6872			-1.4000			-73.0000			-62.0000			99.0000			
-52.6460			-29.3854			81.7872			-0.2000			-64.0000			-71.0000			100.0000			
-48.6704			-33.8611			81.7872			-0.7000			-55.0000			-80.0000			100.0000			
-41.8550			-39.4558			80.1372			-1.1000			-45.0000			-89.0000			101.0000			
-36.1755			-43.9315			79.0373			-1.0000			-36.0000			-99.0000			99.0000			
-31.6319			-50.0856			80.1372			-1.5000			-27.0000			-105.0000			97.0000			
-28.7922			-54.5613			82.8872			-0.4000			-18.0000			-112.0000			95.0000			
-23.6807			-59.5964			82.8872			-0.3000			-9.0000			-118.0000			91.0000			
-15.1614			-65.1911			79.5872			-0.7000			1.0000			-123.0000			89.0000			
-6.6422			-69.1073			76.8373			1.0000			10.0000			-127.0000			85.0000			
1.3091			-75.2614			73.5374			-0.4000			19.0000			-133.0000			81.0000			
8.6924			-79.1776			69.6875			-0.7000			28.0000			-137.0000			76.0000			
13.8039			-81.9750			66.9375			-1.2000			37.0000			-141.0000			71.0000			
18.9154			-80.2966			60.8877			-0.4000			45.0000			-142.0000			65.0000			
25.7308			-80.8560			54.8378			-0.2000			53.0000			-142.0000			58.0000			
31.9783			-83.0939			50.9879			-0.1000			61.0000			-143.0000			50.0000			
36.5218			-82.5344			45.4880			-0.5000			68.0000			-143.0000			42.0000			
39.3616			-79.7371			39.9881			-0.3000			76.0000			-142.0000			36.0000			
43.9052			-78.6182			35.0382			0.3000			82.0000			-139.0000			28.0000			
50.1526			-79.1776			30.0883			1.0000			87.0000			-137.0000			20.0000			
55.2641			-79.7371			25.1385			0.6000			94.0000			-132.0000			12.0000			
59.8077			-78.6182			17.4386			-1.3000			97.0000			-128.0000			5.0000			
64.9192			-74.7019			9.7388			0.0000			100.0000			-124.0000			-2.0000			
70.5987			-70.7857			0.9390			0.7000			105.0000			-119.0000			-11.0000			
73.4385			-67.9884			-5.1109			0.3000			111.0000			-114.0000			-19.0000			
77.4141			-64.6316			-11.1607			1.6000			112.0000			-106.0000			-28.0000			
79.1180			-60.1559			-17.7606			1.1000			114.0000			-100.0000			-34.0000			
77.9821			-53.4424			-23.2605			1.2000			114.0000			-93.0000			-42.0000			
79.1180			-47.2883			-30.9603			0.8000			113.0000			-83.0000			-50.0000			
81.3897			-43.9315			-36.4602			0.9000			113.0000			-74.0000			-58.0000			
80.8218			-37.7774			-41.4100			1.6000			111.0000			-65.0000			-65.0000			
79.6859			-33.3017			-44.7100			1.6000			109.0000			-54.0000			-72.0000			
79.1180			-27.7071			-50.2098			1.2000			107.0000			-46.0000			-78.0000			
79.6859			-23.2314			-55.7097			0.7000			103.0000			-35.0000			-84.0000			
82.5256			-19.8746			-60.6596			1.9000			98.0000			-25.0000			-90.0000			
79.6859			-14.8394			-64.5095			0.3000			94.0000			-15.0000			-92.0000			
77.4141			-7.5664			-68.3594			1.4000			89.0000			-5.0000			-97.0000			
74.0064			2.5039			-73.8593			2.6000			84.0000			5.0000			-101.0000			
70.5987			9.7770			-78.2592			2.1000			77.0000			15.0000			-105.0000			
65.4872			14.8121			-81.0092			-0.7000			71.0000			26.0000			-108.0000			
61.5116			19.8473			-80.4592			0.9000			63.0000			35.0000			-111.0000			
58.1039			24.3230			-80.4592			1.9000			53.0000			45.0000			-113.0000			
52.9923			28.2392			-79.9092			1.3000			46.0000			54.0000			-113.0000			
46.7449			35.5122			-81.0092			1.2000			37.0000			63.0000			-113.0000			
43.3372			39.9880			-80.4592			2.8000			27.0000			72.0000			-112.0000			
39.3616			43.3447			-80.4592			2.2000			17.0000			80.0000			-112.0000			
32.5462			48.3799			-79.9092			1.0000			9.0000			87.0000			-111.0000			
29.1385			54.5340			-81.5591			2.1000			-1.0000			94.0000			-108.0000			
23.4590			59.5692			-82.1091			0.9000			-10.0000			99.0000			-105.0000			
16.6437			64.6043			-80.4592			0.7000			-20.0000			105.0000			-102.0000			
8.6924			69.0800			-76.6093			1.1000			-29.0000			109.0000			-99.0000			
-0.9627			73.5557			-72.7593			-0.1000			-38.0000			114.0000			-94.0000			
-8.3461			78.0314			-69.4594			0.2000			-47.0000			119.0000			-90.0000			
-13.4576			81.3882			-66.7095			1.2000			-57.0000			121.0000			-85.0000			
-18.5691			80.8287			-61.7596			0.4000			-65.0000			124.0000			-79.0000			
-24.2486			80.2693			-55.1597			0.8000			-74.0000			124.0000			-73.0000			
-30.4960			81.9477			-50.2098			1.2000			-81.0000			123.0000			-65.0000			
-36.7435			81.9477			-43.6100			1.5000			-90.0000			123.0000			-58.0000			
-40.7191			80.2693			-40.3101			-0.7000			-97.0000			122.0000			-51.0000			
-42.9909			79.7098			-35.9102			0.8000			-103.0000			120.0000			-42.0000			
-47.5345			79.1504			-30.4103			1.2000			-110.0000			116.0000			-36.0000			
-54.9178			79.1504			-23.2605			0.9000			-114.0000			113.0000			-27.0000			
-61.1652			76.9125			-16.6606			-0.9000			-119.0000			109.0000			-21.0000			
-64.0050			75.2341			-10.0607			1.1000			-123.0000			104.0000			-12.0000			
-68.5486			71.3179			-2.3609			0.4000			-128.0000			99.0000			-5.0000			
-72.5242			66.8422			6.4389			0.7000			-132.0000			94.0000			4.0000			
-75.9319			64.0449			13.0387			1.1000			-133.0000			86.0000			11.0000			
-78.7716			60.1286			19.0886			0.4000			-135.0000			81.0000			19.0000			
-78.2037			53.4151			24.5885			-0.2000			-135.0000			72.0000			26.0000			
-78.7716			47.2610			30.0883			-1.4000			-136.0000			63.0000			34.0000			
-79.3396			43.3447			36.1382			0.1000			-134.0000			53.0000			41.0000			
-79.3396			37.1906			42.1881			0.0000			-133.0000			44.0000			48.0000			
-79.3396			32.7149			47.1380			0.5000			-130.0000			35.0000			55.0000			
-78.7716			29.9176			50.4379			1.5000			-128.0000			25.0000			61.0000			
-79.3396			23.7635			55.3878			-0.1000			-124.0000			15.0000			66.0000			
-80.4755			18.1689			61.9876			-0.3000			-120.0000			4.0000			71.0000			
-79.9075			13.6932			65.8375			-0.3000			-115.0000			-5.0000			77.0000			
-78.7716			8.6580			69.1375			-0.9000			-110.0000			-16.0000			81.0000			
-73.0922			-0.8528			74.0874			0.1000			-105.0000			-25.0000			86.0000			
-69.1165			-9.2448			77.9373			-0.4000			-98.0000			-35.0000			90.0000			
-65.7088			-15.3989			81.2372			0.1000			-91.0000			-47.0000			92.0000			
-61.1652			-19.3151			81.2372			0.7000			-83.0000			-56.0000			95.0000			
-57.1896			-23.7908			80.6872			-0.3000			-74.0000			-67.0000			97.0000			
-52.0781			-27.7071			80.1372			0.3000			-66.0000			-75.0000			96.0000			
-46.3986			-33.8611			80.1372			-0.1000			-57.0000			-84.0000			96.0000			
-40.7191			-40.0152			80.6872			0.0000			-48.0000			-93.0000			97.0000			
-37.3114			-45.0504			80.6872			-1.6000			-38.0000			-101.0000			95.0000			
-32.1999			-48.4072			80.1372			-0.4000			-29.0000			-107.0000			94.0000			
-27.6563			-53.4424			81.2372			0.1000			-20.0000			-114.0000			92.0000			
-21.9768			-60.1559			81.2372			-0.8000			-11.0000			-120.0000			89.0000			
-14.5935			-64.6316			79.5872			0.3000			-1.0000			-125.0000			85.0000			
-7.2102			-68.5478			76.8373			1.0000			9.0000			-130.0000			83.0000			
0.7411			-73.5830			72.4374			-0.4000			18.0000			-135.0000			80.0000			
9.2603			-77.4993			68.0375			-0.2000			28.0000			-138.0000			75.0000			
14.3719			-81.4155			65.8375			-1.2000			36.0000			-141.0000			70.0000			
19.4834			-80.2966			61.4376			0.6000			45.0000			-143.0000			64.0000			
25.1629			-80.8560			54.2878			-1.4000			53.0000			-143.0000			57.0000			
31.4103			-80.8560			50.4379			0.9000			61.0000			-144.0000			50.0000			
36.5218			-80.2966			44.3880			0.6000			68.0000			-142.0000			43.0000			
40.4975			-79.1776			38.3382			-0.3000			76.0000			-141.0000			36.0000			
44.4731			-79.7371			35.5882			0.3000			83.0000			-138.0000			27.0000			
49.0167			-78.6182			31.1883			1.5000			88.0000			-135.0000			20.0000			
54.1282			-78.0587			24.0385			0.0000			94.0000			-132.0000			12.0000			
60.9436			-75.8209			15.2387			0.3000			98.0000			-126.0000			4.0000			
66.0551			-75.2614			9.1888			0.0000			103.0000			-122.0000			-3.0000			
70.0308			-71.3452			2.0390			0.7000			108.0000			-117.0000			-10.0000			
71.7346			-66.8695			-4.5609			0.2000			111.0000			-112.0000			-18.0000			
75.7103			-62.3938			-12.8107			0.4000			113.0000			-105.0000			-27.0000			
79.6859			-58.4775			-19.4105			1.7000			116.0000			-98.0000			-34.0000			
78.5500			-52.8829			-24.3604			1.3000			115.0000			-90.0000			-42.0000			
78.5500			-47.2883			-29.8603			1.4000			116.0000			-82.0000			-49.0000			
79.6859			-43.3720			-35.9102			0.4000			116.0000			-73.0000			-57.0000			
79.1180			-36.0990			-41.4100			1.6000			112.0000			-62.0000			-64.0000			
79.6859			-31.6233			-45.2600			2.8000			111.0000			-52.0000			-71.0000			
79.6859			-28.2665			-50.2098			1.2000			107.0000			-43.0000			-77.0000			
80.2538			-23.7908			-55.1597			1.3000			104.0000			-34.0000			-82.0000			
80.8218			-19.3151			-59.5596			1.9000			101.0000			-23.0000			-88.0000			
78.5500			-12.6016			-64.5095			1.4000			95.0000			-13.0000			-92.0000			
77.9821			-6.4475			-70.0094			1.5000			90.0000			-3.0000			-96.0000			
75.1423			1.9445			-73.8593			3.2000			85.0000			7.0000			-101.0000			
69.4628			10.3364			-77.1592			2.6000			78.0000			18.0000			-103.0000			
64.3513			16.4905			-79.3592			1.4000			71.0000			27.0000			-108.0000			
61.5116			21.5257			-81.0092			2.0000			64.0000			38.0000			-111.0000			
58.1039			25.4419			-81.0092			2.5000			55.0000			47.0000			-112.0000			
53.5603			27.6798			-79.9092			1.3000			46.0000			56.0000			-112.0000			
47.3129			34.3933			-79.3592			2.3000			37.0000			63.0000			-113.0000			
40.4975			39.9880			-79.9092			0.5000			27.0000			73.0000			-112.0000			
37.6577			44.4637			-80.4592			1.6000			18.0000			81.0000			-111.0000			
33.6821			48.9394			-80.4592			2.1000			8.0000			88.0000			-109.0000			
29.7065			53.9745			-81.5591			2.1000			-1.0000			95.0000			-107.0000			
22.3231			59.5692			-81.5591			0.3000			-10.0000			99.0000			-105.0000			
16.0757			65.1638			-79.9092			1.3000			-19.0000			105.0000			-102.0000			
6.9885			70.7584			-77.1592			0.5000			-29.0000			111.0000			-98.0000			
-0.3948			74.1152			-71.6594			2.0000			-39.0000			115.0000			-94.0000			
-6.6422			76.9125			-69.4594			0.8000			-48.0000			119.0000			-89.0000			
-14.0255			80.2693			-65.0595			1.1000			-57.0000			122.0000			-85.0000			
-20.2730			80.8287			-60.1096			0.4000			-65.0000			124.0000			-78.0000			
-24.2486			80.8287			-55.7097			0.8000			-74.0000			123.0000			-72.0000			
-30.4960			81.9477			-50.2098			1.2000			-82.0000			124.0000			-65.0000			
-36.1755			80.2693			-43.6100			0.4000			-90.0000			124.0000			-57.0000			
-40.7191			79.7098			-38.1101			0.8000			-97.0000			121.0000			-50.0000			
-44.6948			79.7098			-34.8102			0.2000			-104.0000			119.0000			-42.0000			
-49.8063			80.8287			-30.4103			0.6000			-111.0000			117.0000			-35.0000			
-54.3499			78.5909			-23.8104			0.4000			-115.0000			113.0000			-27.0000			
-58.8935			75.7936			-15.5606			1.3000			-120.0000			108.0000			-20.0000			
-65.1409			74.1152			-8.4108			0.5000			-124.0000			103.0000			-12.0000			
-69.6845			71.8773			-0.7110			1.4000			-128.0000			99.0000			-4.0000			
-73.0922			68.5206			5.8889			1.3000			-132.0000			93.0000			4.0000			
-74.2281			62.9259			11.9388			0.6000			-134.0000			87.0000			12.0000			
-78.2037			58.4502			19.6386			-0.1000			-137.0000			80.0000			19.0000			
-77.6357			53.4151			26.7884			2.5000			-135.0000			71.0000			27.0000			
-79.3396			47.8204			31.7383			0.2000			-136.0000			63.0000			35.0000			
-79.3396			43.3447			36.1382			0.1000			-134.0000			53.0000			42.0000			
-83.3152			37.1906			41.6381			-4.4000			-132.0000			43.0000			49.0000			
-131.0229			27.1203			44.3880			-59.5000			-127.0000			34.0000			58.0000			
-223.0305			-8.6853			10.8388			-220.8000			-111.0000			31.0000			71.0000			
-211.6715			39.4285			63.6376			-108.6000			-101.0000			26.0000			85.0000			
-208.2638			29.3582			66.3875			-112.5000			-88.0000			26.0000			100.0000			
-158.8523			20.9662			73.5374			-64.3000			-76.0000			28.0000			115.0000			
-122.5036			11.4553			78.4873			-32.5000			-66.0000			27.0000			128.0000			
-90.1306			0.2661			88.3870			-1.4000			-54.0000			23.0000			137.0000			
-63.4370			-7.5664			92.2370			21.2000			-47.0000			17.0000			143.0000			
-43.5589			-17.0773			88.9370			28.2000			-40.0000			6.0000			146.0000			
-49.2383			-34.9801			74.6373			-9.5000			-33.0000			-5.0000			149.0000			
-40.7191			-32.1828			80.6872			7.7000			-26.0000			-18.0000			146.0000			
-41.8550			-33.8611			81.2372			5.5000			-18.0000			-31.0000			143.0000			
-49.2383			-36.0990			80.6872			-4.6000			-9.0000			-42.0000			141.0000			
-42.9909			-37.2179			81.2372			1.0000			-3.0000			-55.0000			136.0000			
-3.8025			-34.4206			92.2370			54.0000			-1.0000			-69.0000			130.0000			
8.6924			-52.3234			79.5872			35.9000			2.0000			-81.0000			122.0000			
13.2360			-56.7991			80.1372			36.5000			4.0000			-95.0000			113.0000			
9.2603			-61.2748			78.4873			26.4000			5.0000			-108.0000			103.0000			
9.2603			-67.9884			74.0874			15.3000			8.0000			-119.0000			91.0000			
10.3962			-73.0236			71.8874			9.2000			11.0000			-132.0000			81.0000			
12.1001			-77.4993			68.0375			2.6000			14.0000			-143.0000			70.0000			
13.8039			-81.9750			68.5875			0.4000			17.0000			-152.0000			60.0000			
14.9398			-83.0939			66.3875			-1.7000			20.0000			-161.0000			50.0000			
17.2116			-80.8560			61.4376			-2.2000			24.0000			-166.0000			39.0000			
20.0513			-81.9750			54.8378			-7.0000			27.0000			-171.0000			28.0000			
30.8424			-81.4155			52.0879			1.5000			31.0000			-174.0000			17.0000			
37.0898			-81.9750			43.8380			-1.0000			34.0000			-176.0000			5.0000			
43.9052			-80.2966			36.1382			-0.2000			37.0000			-178.0000			-5.0000			
49.0167			-80.8560			31.7383			-0.1000			40.0000			-179.0000			-15.0000			
53.5603			-81.4155			27.8884			0.0000			41.0000			-179.0000			-25.0000			
57.5359			-80.2966			22.3885			-0.3000			45.0000			-177.0000			-36.0000			
63.2154			-76.9398			14.6887			0.9000			45.0000			-175.0000			-45.0000			
67.1910			-74.1425			8.0888			1.1000			48.0000			-173.0000			-54.0000			
71.1667			-70.2262			0.3890			1.3000			50.0000			-168.0000			-64.0000			
75.1423			-67.9884			-6.7608			0.3000			54.0000			-164.0000			-73.0000			
78.5500			-64.0721			-12.2607			2.2000			55.0000			-158.0000			-81.0000			
79.6859			-59.0370			-18.3106			2.3000			57.0000			-150.0000			-89.0000			
80.2538			-52.3234			-26.0104			1.9000			57.0000			-141.0000			-97.0000			
81.3897			-45.6099			-32.6102			3.1000			58.0000			-133.0000			-102.0000			
83.6615			-42.2531			-37.5601			3.8000			57.0000			-122.0000			-108.0000			
81.9577			-37.2179			-42.5100			2.2000			58.0000			-111.0000			-114.0000			
80.8218			-31.0638			-45.8099			3.9000			57.0000			-100.0000			-119.0000			
80.8218			-26.0287			-50.7598			4.0000			56.0000			-88.0000			-122.0000			
81.3897			-21.5530			-55.7097			4.1000			55.0000			-75.0000			-125.0000			
82.5256			-18.1962			-60.6596			3.6000			54.0000			-63.0000			-128.0000			
80.2538			-12.0421			-63.4096			4.8000			52.0000			-49.0000			-129.0000			
79.1180			-4.7691			-68.9094			5.4000			49.0000			-36.0000			-129.0000			
75.1423			4.1823			-74.4093			4.9000			49.0000			-23.0000			-129.0000			
71.1667			12.0148			-78.8092			4.3000			47.0000			-8.0000			-130.0000			
68.3269			17.6094			-81.0092			4.9000			45.0000			7.0000			-127.0000			
63.2154			21.5257			-80.4592			4.2000			41.0000			20.0000			-126.0000			
58.6718			26.0014			-79.9092			4.7000			37.0000			34.0000			-123.0000			
52.9923			31.0365			-78.8092			5.2000			32.0000			47.0000			-118.0000			
48.4487			36.6312			-80.4592			4.6000			28.0000			60.0000			-114.0000			
43.3372			42.2258			-80.4592			5.1000			24.0000			74.0000			-109.0000			
39.3616			45.5826			-79.9092			5.0000			20.0000			87.0000			-104.0000			
32.5462			50.6177			-79.9092			3.2000			14.0000			98.0000			-97.0000			
29.7065			56.7718			-82.6591			3.8000			10.0000			108.0000			-92.0000			
24.0270			62.3665			-82.1091			4.2000			5.0000			118.0000			-84.0000			
16.6437			67.4016			-79.9092			4.1000			0.0000			129.0000			-76.0000			
7.5565			71.3179			-76.6093			2.2000			-3.0000			137.0000			-70.0000			
-0.9627			76.3530			-71.6594			3.7000			-8.0000			145.0000			-61.0000			
-8.9140			80.2693			-68.3594			2.9000			-14.0000			153.0000			-53.0000			
-13.4576			82.5071			-65.6095			3.4000			-19.0000			159.0000			-45.0000			
-18.5691			81.9477			-60.1096			3.2000			-25.0000			162.0000			-37.0000			
-24.2486			81.3882			-54.6097			2.5000			-31.0000			167.0000			-26.0000			
-31.0640			81.9477			-48.5599			2.3000			-35.0000			168.0000			-17.0000			
-36.1755			81.9477			-43.0600			2.7000			-41.0000			169.0000			-8.0000			
-40.1512			80.2693			-39.2101			0.9000			-46.0000			170.0000			2.0000			
-42.9909			80.2693			-34.8102			2.4000			-51.0000			169.0000			10.0000			
-49.2383			80.8287			-29.3103			2.2000			-56.0000			167.0000			18.0000			
-54.9178			79.1504			-23.2605			0.9000			-60.0000			163.0000			25.0000			
-60.0294			77.4720			-15.5606			1.8000			-65.0000			159.0000			34.0000			
-64.5729			75.2341			-8.9608			1.6000			-68.0000			154.0000			41.0000			
-69.1165			71.3179			-1.2609			0.9000			-73.0000			149.0000			48.0000			
-73.0922			66.2827			7.5389			0.7000			-77.0000			142.0000			55.0000			
-76.4998			63.4854			14.1387			1.1000			-81.0000			134.0000			62.0000			
-78.7716			58.4502			19.6386			-0.6000			-84.0000			126.0000			68.0000			
-78.2037			52.8556			25.1385			-0.2000			-85.0000			115.0000			72.0000			
-78.7716			46.7015			31.7383			-0.3000			-88.0000			103.0000			77.0000			
-78.7716			41.6663			37.7882			0.6000			-91.0000			92.0000			81.0000			
-78.7716			36.0717			42.7381			0.0000			-91.0000			79.0000			85.0000			
-79.9075			32.1555			46.5880			-1.1000			-92.0000			65.0000			88.0000			
-79.3396			27.6798			50.9879			-0.6000			-93.0000			52.0000			91.0000			
-78.7716			22.0851			55.9378			-0.7000			-94.0000			39.0000			92.0000			
-79.9075			16.4905			61.9876			-1.4000			-94.0000			25.0000			94.0000			
-79.3396			11.4553			65.2876			-2.6000			-93.0000			10.0000			94.0000			
-77.0678			5.8607			69.6875			-1.5000			-92.0000			-4.0000			95.0000			
-71.9563			-3.6502			74.6373			-0.9000			-91.0000			-18.0000			94.0000			
-69.1165			-12.0421			78.4873			-2.6000			-91.0000			-32.0000			94.0000			
-65.7088			-17.0773			81.2372			-1.5000			-88.0000			-47.0000			93.0000			
-61.1652			-21.5530			81.2372			-1.4000			-85.0000			-61.0000			89.0000			
-56.6217			-25.4692			80.6872			-1.4000			-81.0000			-75.0000			86.0000			
-50.3742			-29.9449			79.5872			-0.7000			-76.0000			-89.0000			82.0000			
-44.6948			-36.0990			80.1372			-0.6000			-72.0000			-103.0000			79.0000			
-39.0153			-42.2531			80.1372			-1.1000			-67.0000			-114.0000			74.0000			
-36.1755			-46.1693			80.6872			-1.6000			-61.0000			-126.0000			70.0000			
-31.0640			-49.5261			79.5872			-1.0000			-57.0000			-137.0000			63.0000			
-25.9525			-55.1207			80.6872			-0.3000			-51.0000			-146.0000			58.0000			
-19.7050			-61.2748			80.6872			-0.2000			-45.0000			-156.0000			54.0000			
-12.8897			-66.8695			79.5872			-0.1000			-40.0000			-164.0000			47.0000			
-5.5063			-70.7857			77.3873			1.0000			-33.0000			-170.0000			40.0000			
3.5808			-75.2614			72.4374			0.7000			-27.0000			-178.0000			34.0000			
10.9642			-78.6182			68.5875			0.9000			-19.0000			-184.0000			28.0000			
16.6437			-82.5344			65.8375			0.0000			-12.0000			-188.0000			21.0000			
21.7552			-81.9750			60.8877			0.6000			-5.0000			-192.0000			14.0000			
27.4347			-80.2966			54.8378			1.9000			1.0000			-192.0000			6.0000			
34.2500			-81.9750			48.7879			1.0000			9.0000			-191.0000			-1.0000			
38.7936			-80.2966			43.2881			1.7000			16.0000			-191.0000			-8.0000			
42.7693			-79.7371			37.7882			0.8000			23.0000			-190.0000			-16.0000			
46.1770			-80.2966			35.0382			0.9000			31.0000			-188.0000			-23.0000			
51.2885			-79.7371			30.6383			2.1000			36.0000			-182.0000			-28.0000			
57.5359			-78.6182			22.9385			1.8000			42.0000			-177.0000			-35.0000			
63.7833			-76.3803			15.2387			2.6000			49.0000			-171.0000			-41.0000			
67.7590			-74.1425			9.1888			2.7000			55.0000			-164.0000			-46.0000			
72.3026			-71.3452			2.5890			3.5000			63.0000			-156.0000			-53.0000			
74.5744			-66.3100			-5.6608			2.5000			68.0000			-148.0000			-56.0000			
78.5500			-61.8343			-12.2607			4.4000			74.0000			-139.0000			-61.0000			
80.8218			-57.9181			-18.8606			4.0000			79.0000			-129.0000			-67.0000			
80.8218			-51.7640			-24.3604			4.7000			83.0000			-117.0000			-70.0000			
80.2538			-46.1693			-29.8603			4.2000			86.0000			-105.0000			-75.0000			
80.8218			-42.2531			-35.3602			3.2000			89.0000			-92.0000			-77.0000			
79.6859			-34.9801			-40.8601			3.8000			91.0000			-77.0000			-81.0000			
80.2538			-30.5044			-46.9099			2.8000			94.0000			-65.0000			-83.0000			
80.2538			-27.1476			-50.2098			2.9000			95.0000			-50.0000			-85.0000			
81.9577			-23.2314			-55.1597			3.5000			95.0000			-36.0000			-86.0000			
81.9577			-17.6367			-59.5596			4.7000			95.0000			-23.0000			-87.0000			
79.6859			-10.3637			-64.5095			4.8000			97.0000			-8.0000			-86.0000			
78.5500			-4.7691			-70.0094			3.7000			95.0000			8.0000			-87.0000			
74.5744			3.6229			-73.3093			4.8000			95.0000			20.0000			-86.0000			
69.4628			10.8959			-75.5093			4.8000			93.0000			35.0000			-87.0000			
65.4872			17.6094			-79.9092			3.1000			91.0000			49.0000			-85.0000			
62.0795			22.0851			-80.4592			3.7000			87.0000			63.0000			-84.0000			
58.1039			25.4419			-79.9092			3.6000			82.0000			75.0000			-81.0000			
54.1282			29.3582			-79.3592			4.1000			77.0000			88.0000			-78.0000			
47.3129			35.5122			-78.2592			4.5000			71.0000			99.0000			-76.0000			
41.0654			41.1069			-79.3592			2.8000			66.0000			110.0000			-73.0000			
38.2257			45.5826			-81.0092			2.8000			59.0000			122.0000			-69.0000			
33.1141			49.4988			-80.4592			2.1000			51.0000			131.0000			-65.0000			
29.7065			54.5340			-82.1091			2.1000			43.0000			138.0000			-61.0000			
22.3231			60.1286			-81.5591			0.8000			36.0000			145.0000			-57.0000			
15.5078			66.8422			-79.3592			2.9000			29.0000			152.0000			-53.0000			
6.9885			71.3179			-76.0593			2.2000			20.0000			158.0000			-47.0000			
-0.9627			74.6746			-72.2094			1.5000			12.0000			163.0000			-45.0000			
-7.7781			76.9125			-68.3594			0.7000			3.0000			168.0000			-40.0000			
-14.0255			80.2693			-65.0595			1.1000			-6.0000			171.0000			-34.0000			
-20.2730			80.8287			-59.5596			0.9000			-15.0000			170.0000			-29.0000			
-24.8166			79.7098			-55.7097			-0.8000			-24.0000			170.0000			-22.0000			
-29.9281			80.8287			-50.2098			0.6000			-34.0000			169.0000			-18.0000			
-35.0396			78.5909			-42.5100			1.0000			-43.0000			166.0000			-13.0000			
-40.1512			78.5909			-38.6601			-0.2000			-53.0000			164.0000			-7.0000			
-44.6948			79.7098			-34.8102			0.2000			-61.0000			159.0000			-1.0000			
-49.8063			79.7098			-30.9603			-1.0000			-69.0000			153.0000			3.0000			
-54.3499			78.5909			-23.8104			0.4000			-77.0000			146.0000			7.0000			
-58.8935			75.7936			-16.1106			0.7000			-85.0000			140.0000			12.0000			
-65.1409			73.5557			-8.4108			0.0000			-93.0000			131.0000			17.0000			
-69.6845			70.1989			-0.7110			-0.2000			-101.0000			122.0000			21.0000			
-73.0922			65.7232			4.7889			-2.5000			-107.0000			113.0000			26.0000			
-74.7960			61.8070			12.4887			-0.5000			-114.0000			104.0000			29.0000			
-77.0678			56.2124			19.0886			-1.7000			-120.0000			91.0000			32.0000			
-78.2037			51.1772			26.7884			-0.2000			-124.0000			79.0000			37.0000			
-79.3396			46.7015			30.6383			-2.0000			-128.0000			66.0000			40.0000			
-78.7716			42.7853			34.4883			-1.5000			-131.0000			53.0000			43.0000			
-76.4998			34.9528			41.6381			0.0000			-134.0000			39.0000			45.0000			
-77.0678			29.9176			46.0380			-1.1000			-135.0000			24.0000			48.0000			
-79.3396			27.6798			50.4379			-1.2000			-137.0000			11.0000			49.0000			
-79.3396			22.6446			55.3878			-1.3000			-138.0000			-3.0000			52.0000			
-79.3396			18.1689			61.4376			0.2000			-137.0000			-17.0000			52.0000			
-77.6357			12.0148			64.1876			-1.4000			-137.0000			-30.0000			53.0000			
-74.7960			5.8607			69.1375			0.1000			-135.0000			-44.0000			54.0000			
-70.8204			-4.2096			75.1873			0.1000			-133.0000			-57.0000			56.0000			
-67.4127			-10.3637			77.3873			-0.3000			-130.0000			-70.0000			56.0000			
-64.0050			-15.3989			79.0373			-0.3000			-127.0000			-82.0000			57.0000			
-58.8935			-20.9935			79.5872			-0.3000			-122.0000			-96.0000			57.0000			
-53.7819			-26.0287			80.1372			0.3000			-115.0000			-108.0000			55.0000			
-51.5101			-29.9449			80.1372			-1.3000			-110.0000			-118.0000			53.0000			
-44.6948			-34.9801			79.5872			0.0000			-102.0000			-129.0000			53.0000			
-37.3114			-40.0152			77.9373			0.6000			-94.0000			-138.0000			51.0000			
-33.9037			-45.0504			79.5872			0.6000			-85.0000			-146.0000			50.0000			
-29.9281			-49.5261			79.5872			0.1000			-76.0000			-155.0000			47.0000			
-25.9525			-54.5613			81.7872			1.2000			-68.0000			-161.0000			44.0000			
-19.7050			-59.5964			80.1372			0.8000			-58.0000			-166.0000			42.0000			
-12.8897			-64.6316			78.4873			0.9000			-49.0000			-172.0000			39.0000			
-3.2345			-70.2262			75.1873			1.7000			-39.0000			-175.0000			38.0000			
4.7167			-74.7019			71.8874			1.8000			-29.0000			-178.0000			35.0000			
11.5321			-77.4993			68.0375			2.0000			-18.0000			-181.0000			32.0000			
16.0757			-79.1776			64.7376			1.6000			-7.0000			-182.0000			29.0000			
21.7552			-79.1776			58.6877			1.2000			4.0000			-180.0000			25.0000			
28.0026			-79.7371			53.1878			1.4000			16.0000			-178.0000			19.0000			
34.2500			-81.9750			49.8879			2.1000			24.0000			-176.0000			16.0000			
38.2257			-79.7371			44.9380			3.4000			37.0000			-171.0000			12.0000			
42.2013			-77.4993			38.3382			3.0000			47.0000			-167.0000			8.0000			
46.7449			-78.0587			33.3883			2.0000			56.0000			-161.0000			4.0000			
51.2885			-79.1776			30.6383			2.7000			65.0000			-155.0000			-1.0000			
56.9680			-76.9398			23.4885			3.5000			74.0000			-146.0000			-4.0000			
62.0795			-75.2614			15.7887			2.5000			83.0000			-139.0000			-8.0000			
66.6231			-73.5830			9.1888			2.2000			92.0000			-130.0000			-13.0000			
71.7346			-69.6668			1.4890			3.5000			99.0000			-121.0000			-16.0000			
75.1423			-66.3100			-6.7608			2.0000			108.0000			-111.0000			-20.0000			
77.4141			-62.3938			-11.7107			3.3000			115.0000			-100.0000			-23.0000			
78.5500			-57.3586			-17.7606			3.4000			121.0000			-90.0000			-27.0000			
77.9821			-50.0856			-23.8104			4.0000			126.0000			-78.0000			-31.0000			
79.6859			-44.4909			-31.5103			3.6000			128.0000			-65.0000			-34.0000			
81.3897			-42.2531			-35.9102			3.2000			131.0000			-52.0000			-36.0000			
79.6859			-35.5395			-40.3101			3.8000			134.0000			-39.0000			-41.0000			
78.5500			-28.8260			-44.7100			5.0000			136.0000			-26.0000			-45.0000			
79.1180			-24.9097			-50.2098			3.9000			136.0000			-12.0000			-47.0000			
80.2538			-22.1124			-55.1597			2.9000			135.0000			0.0000			-49.0000			
80.2538			-18.1962			-60.1096			1.9000			134.0000			13.0000			-53.0000			
78.5500			-12.6016			-63.9595			1.9000			133.0000			25.0000			-55.0000			
76.8462			-5.3285			-68.3594			3.1000			130.0000			37.0000			-57.0000			
72.3026			4.1823			-73.3093			3.1000			126.0000			50.0000			-59.0000			
68.3269			11.4553			-77.7092			2.0000			122.0000			61.0000			-61.0000			
66.0551			17.0500			-80.4592			2.6000			117.0000			74.0000			-64.0000			
61.5116			19.8473			-79.9092			1.4000			109.0000			83.0000			-65.0000			
55.8321			25.4419			-78.8092			2.4000			102.0000			92.0000			-65.0000			
51.2885			30.4771			-79.3592			2.4000			93.0000			103.0000			-66.0000			
46.7449			35.5122			-79.9092			2.3000			83.0000			111.0000			-66.0000			
41.0654			39.9880			-79.3592			1.6000			74.0000			120.0000			-65.0000			
35.3859			44.4637			-78.8092			1.0000			65.0000			127.0000			-66.0000			
30.2744			49.4988			-78.8092			0.9000			53.0000			132.0000			-65.0000			
28.0026			54.5340			-81.5591			0.9000			43.0000			138.0000			-65.0000			
21.7552			59.5692			-81.5591			-0.2000			31.0000			140.0000			-64.0000			
14.9398			65.1638			-79.3592			0.7000			20.0000			144.0000			-63.0000			
5.2847			70.1989			-75.5093			0.0000			8.0000			148.0000			-61.0000			
-2.0986			73.5557			-71.1094			0.3000			-4.0000			149.0000			-60.0000			
-10.6179			78.0314			-67.8095			-0.3000			-15.0000			150.0000			-59.0000			
-15.7294			79.7098			-64.5095			-0.5000			-28.0000			150.0000			-57.0000			
-20.2730			78.5909			-59.0097			-0.6000			-40.0000			148.0000			-54.0000			
-24.8166			77.4720			-53.5098			-0.8000			-53.0000			144.0000			-51.0000			
-33.3358			79.1504			-48.0099			-2.1000			-65.0000			140.0000			-47.0000			
-37.8794			79.7098			-43.6100			-1.7000			-75.0000			136.0000			-44.0000			
-40.7191			79.1504			-39.2101			-0.7000			-87.0000			131.0000			-39.0000			
-42.9909			76.9125			-33.7102			0.2000			-98.0000			125.0000			-37.0000			
-50.9422			77.4720			-28.7603			-2.2000			-107.0000			117.0000			-33.0000			
-56.0537			77.4720			-22.1605			-0.7000			-117.0000			110.0000			-29.0000			
-61.1652			75.7936			-15.5606			-0.9000			-125.0000			102.0000			-25.0000			
-65.1409			72.9963			-8.4108			-0.5000			-133.0000			93.0000			-21.0000			
-68.5486			68.5206			-0.1610			-0.1000			-142.0000			84.0000			-17.0000			
-73.0922			65.1638			6.4389			-1.4000			-149.0000			75.0000			-12.0000			
-75.3640			60.6881			14.1387			-0.5000			-156.0000			64.0000			-8.0000			
-77.0678			57.3313			20.1886			0.4000			-161.0000			54.0000			-3.0000			
-76.4998			51.1772			24.5885			-0.7000			-164.0000			43.0000			1.0000			
-77.0678			44.4637			31.1883			-1.4000			-166.0000			31.0000			5.0000			
-77.6357			39.9880			37.2382			-0.4000			-167.0000			19.0000			10.0000			
-77.6357			34.3933			42.7381			-0.5000			-169.0000			7.0000			14.0000			
-78.7716			31.5960			46.0380			-1.1000			-168.0000			-6.0000			19.0000			
-76.4998			26.0014			49.3379			-1.1000			-168.0000			-17.0000			23.0000			
-77.0678			21.5257			55.9378			0.3000			-166.0000			-29.0000			27.0000			
-79.3396			17.6094			61.4376			-0.3000			-162.0000			-39.0000			31.0000			
-77.6357			12.5743			64.7376			-0.3000			-159.0000			-50.0000			35.0000			
-73.6601			5.3013			69.1375			0.7000			-155.0000			-61.0000			39.0000			
-69.6845			-4.2096			74.0874			0.1000			-149.0000			-71.0000			44.0000			
-65.1409			-12.6016			77.9373			0.1000			-143.0000			-82.0000			46.0000			
-62.3011			-16.5178			79.5872			0.7000			-135.0000			-91.0000			51.0000			
-58.8935			-20.4340			79.5872			0.2000			-127.0000			-101.0000			54.0000			
-54.3499			-24.9097			79.5872			0.3000			-117.0000			-109.0000			55.0000			
-48.6704			-29.3854			79.5872			1.5000			-107.0000			-117.0000			58.0000			
-41.8550			-35.5395			78.4873			1.0000			-98.0000			-124.0000			60.0000			
-36.7435			-41.1342			79.5872			1.7000			-86.0000			-131.0000			60.0000			
-33.9037			-45.0504			79.5872			0.6000			-73.0000			-136.0000			63.0000			
-29.9281			-48.4072			79.0373			0.7000			-63.0000			-141.0000			63.0000			
-24.2486			-55.1207			79.5872			0.2000			-50.0000			-145.0000			64.0000			
-17.4332			-60.7154			80.1372			1.9000			-37.0000			-147.0000			63.0000			
-11.1858			-65.7505			79.0373			2.0000			-25.0000			-149.0000			64.0000			
-3.2345			-70.2262			75.1873			1.7000			-11.0000			-151.0000			63.0000			
6.4206			-74.1425			70.2374			2.5000			2.0000			-152.0000			63.0000			
12.6680			-78.6182			66.9375			0.9000			14.0000			-153.0000			63.0000			
18.3475			-80.8560			63.6376			1.1000			27.0000			-151.0000			61.0000			
22.8911			-79.7371			58.6877			1.8000			40.0000			-149.0000			58.0000			
27.4347			-79.7371			53.7378			1.4000			53.0000			-144.0000			55.0000			
34.2500			-79.1776			48.2379			3.3000			65.0000			-140.0000			53.0000			
39.3616			-78.6182			41.6381			2.3000			76.0000			-136.0000			49.0000			
43.3372			-78.6182			37.7882			2.5000			86.0000			-130.0000			45.0000			
46.1770			-78.0587			35.0382			3.1000			98.0000			-125.0000			42.0000			
51.2885			-78.0587			29.5384			2.7000			106.0000			-119.0000			37.0000			
57.5359			-75.2614			20.7386			3.0000			115.0000			-110.0000			33.0000			
62.6475			-74.1425			14.6887			3.1000			123.0000			-103.0000			28.0000			
66.6231			-72.4641			8.6388			2.7000			130.0000			-95.0000			23.0000			
70.0308			-68.5478			0.9390			2.4000			138.0000			-87.0000			16.0000			
73.4385			-65.1911			-6.7608			1.4000			146.0000			-77.0000			12.0000			
76.8462			-61.8343			-13.9107			1.0000			150.0000			-70.0000			7.0000			
78.5500			-56.2397			-19.4105			2.8000			153.0000			-59.0000			1.0000			
76.8462			-50.0856			-24.9104			1.8000			156.0000			-49.0000			-5.0000			
78.5500			-45.6099			-31.5103			1.4000			156.0000			-39.0000			-11.0000			
78.5500			-40.5747			-35.9102			2.0000			156.0000			-29.0000			-17.0000			
77.4141			-32.7422			-41.9600			2.7000			157.0000			-19.0000			-23.0000			
77.9821			-29.3854			-46.9099			1.6000			154.0000			-7.0000			-30.0000			
78.5500			-26.0287			-50.7598			1.7000			154.0000			3.0000			-36.0000			
79.6859			-22.6719			-54.6097			2.4000			149.0000			12.0000			-41.0000			
77.4141			-15.9583			-60.1096			1.3000			144.0000			21.0000			-46.0000			
76.8462			-9.8042			-65.6095			1.4000			140.0000			31.0000			-52.0000			
74.5744			-3.6502			-68.9094			2.0000			132.0000			41.0000			-57.0000			
70.5987			4.7418			-73.3093			2.0000			126.0000			50.0000			-62.0000			
66.0551			12.5743			-76.0593			2.5000			119.0000			59.0000			-68.0000			
63.2154			17.0500			-79.9092			0.3000			110.0000			66.0000			-72.0000			
59.2398			21.5257			-80.4592			0.3000			99.0000			74.0000			-76.0000			
54.6962			25.4419			-79.3592			0.7000			88.0000			80.0000			-80.0000			
50.1526			29.9176			-79.3592			0.7000			76.0000			88.0000			-84.0000			
43.9052			36.0717			-78.8092			1.1000			63.0000			94.0000			-86.0000			
38.2257			39.9880			-78.2592			0.0000			51.0000			98.0000			-89.0000			
34.2500			46.1420			-79.3592			1.0000			38.0000			104.0000			-92.0000			
31.4103			49.4988			-80.4592			0.4000			24.0000			106.0000			-92.0000			
27.4347			53.9745			-81.5591			-0.1000			12.0000			110.0000			-94.0000			
19.4834			60.6881			-79.9092			0.2000			-1.0000			112.0000			-94.0000			
11.5321			66.8422			-77.7092			0.6000			-13.0000			111.0000			-94.0000			
4.1488			70.7584			-75.5093			-0.6000			-28.0000			115.0000			-94.0000			
-2.0986			74.1152			-71.6594			0.3000			-41.0000			115.0000			-94.0000			
-10.0499			76.9125			-67.2595			-0.3000			-54.0000			116.0000			-94.0000			
-16.8653			79.1504			-63.4096			-1.1000			-67.0000			114.0000			-92.0000			
-21.4089			79.7098			-59.0097			-0.7000			-79.0000			112.0000			-89.0000			
-25.9525			79.1504			-52.9598			0.2000			-92.0000			109.0000			-85.0000			
-32.1999			79.1504			-47.4599			-0.5000			-102.0000			105.0000			-83.0000			
-36.7435			77.4720			-41.4100			-0.6000			-114.0000			102.0000			-77.0000			
-40.7191			77.4720			-37.5601			-0.8000			-124.0000			97.0000			-73.0000			
-44.6948			77.4720			-33.7102			-0.9000			-134.0000			91.0000			-68.0000			
-49.8063			79.1504			-29.8603			-0.5000			-143.0000			85.0000			-64.0000			
-54.3499			76.3530			-23.2605			-1.2000			-150.0000			79.0000			-58.0000			
-60.0294			74.6746			-14.4607			0.1000			-157.0000			72.0000			-52.0000			
-65.1409			71.8773			-6.7608			0.0000			-162.0000			66.0000			-46.0000			
-70.2524			68.5206			0.3890			-1.3000			-170.0000			59.0000			-39.0000			
-71.9563			65.7232			6.9889			0.7000			-174.0000			52.0000			-32.0000			
-74.2281			60.1286			14.1387			0.0000			-177.0000			46.0000			-25.0000			
-75.9319			55.0934			20.1886			-0.6000			-180.0000			37.0000			-19.0000			
-77.0678			50.0583			26.2384			-0.7000			-180.0000			27.0000			-10.0000			
-77.0678			45.5826			31.7383			0.2000			-179.0000			18.0000			-3.0000			
-76.4998			39.4285			36.6882			-0.3000			-179.0000			8.0000			4.0000			
-75.3640			33.2744			42.1881			0.0000			-176.0000			-1.0000			12.0000			
-75.9319			29.3582			47.1380			0.5000			-172.0000			-9.0000			20.0000			
-76.4998			26.0014			50.9879			0.4000			-168.0000			-17.0000			27.0000			
-77.6357			22.6446			55.9378			0.9000			-163.0000			-25.0000			33.0000			
-76.4998			17.0500			59.7877			0.3000			-156.0000			-36.0000			39.0000			
-74.2281			10.3364			64.1876			0.2000			-149.0000			-43.0000			47.0000			
-73.0922			2.5039			70.7874			0.1000			-142.0000			-50.0000			53.0000			
-68.5486			-5.3285			74.6373			0.7000			-133.0000			-58.0000			60.0000			
-64.5729			-10.9232			76.2873			0.7000			-125.0000			-66.0000			67.0000			
-61.7332			-17.0773			78.4873			-0.3000			-115.0000			-73.0000			73.0000			
-56.6217			-22.6719			79.5872			0.2000			-103.0000			-80.0000			78.0000			
-52.0781			-26.5881			79.5872			0.9000			-91.0000			-86.0000			82.0000			
-47.5345			-30.5044			79.5872			1.5000			-79.0000			-93.0000			86.0000			
-40.1512			-35.5395			79.0373			3.3000			-66.0000			-97.0000			89.0000			
-35.6076			-40.5747			77.9373			1.7000			-52.0000			-103.0000			92.0000			
-32.7678			-45.0504			78.4873			0.6000			-41.0000			-107.0000			94.0000			
-27.6563			-50.0856			79.5872			1.8000			-26.0000			-109.0000			96.0000			
-24.2486			-55.1207			81.2372			1.8000			-13.0000			-113.0000			98.0000			
-18.0012			-60.7154			79.5872			0.8000			-1.0000			-115.0000			98.0000			
-10.0499			-65.7505			76.8373			1.0000			12.0000			-118.0000			98.0000			
-1.5307			-71.3452			73.5374			0.6000			26.0000			-118.0000			97.0000			
5.8526			-74.7019			70.7874			1.9000			39.0000			-120.0000			97.0000			
11.5321			-78.6182			67.4875			0.4000			52.0000			-122.0000			97.0000			
17.2116			-79.7371			63.0876			0.5000			63.0000			-120.0000			93.0000			
22.8911			-79.7371			57.0377			0.1000			75.0000			-118.0000			89.0000			
28.5706			-80.2966			53.1878			1.4000			87.0000			-116.0000			86.0000			
34.2500			-81.9750			48.2379			0.5000			96.0000			-112.0000			82.0000			
37.6577			-78.6182			41.6381			0.6000			107.0000			-110.0000			75.0000			
42.2013			-78.0587			36.6882			0.8000			116.0000			-106.0000			70.0000			
45.6090			-78.0587			32.2883			-0.1000			124.0000			-102.0000			62.0000			
51.2885			-78.6182			28.4384			1.1000			130.0000			-97.0000			57.0000			
56.9680			-76.9398			21.2885			1.3000			136.0000			-91.0000			50.0000			
61.5116			-75.8209			14.1387			-0.1000			141.0000			-86.0000			43.0000			
65.4872			-71.9046			6.9889			0.5000			147.0000			-82.0000			36.0000			
70.5987			-68.5478			-0.7110			1.3000			151.0000			-75.0000			28.0000			
74.5744			-66.3100			-7.8608			0.3000			154.0000			-71.0000			21.0000			
76.2782			-62.3938			-13.9107			0.0000			157.0000			-65.0000			10.0000			
75.7103			-55.6802			-18.8606			1.1000			158.0000			-57.0000			3.0000			
76.2782			-48.9666			-26.0104			1.3000			156.0000			-49.0000			-7.0000			
77.9821			-44.4909			-32.6102			0.8000			155.0000			-41.0000			-16.0000			
78.5500			-41.1342			-37.0101			0.4000			152.0000			-34.0000			-25.0000			
77.4141			-33.8611			-41.9600			1.5000			149.0000			-26.0000			-34.0000			
76.2782			-28.8260			-46.3599			1.0000			144.0000			-18.0000			-43.0000			
77.4141			-25.4692			-51.3098			0.6000			137.0000			-11.0000			-52.0000			
78.5500			-21.5530			-56.8097			0.1000			132.0000			-4.0000			-59.0000			
78.5500			-17.6367			-59.5596			1.3000			125.0000			4.0000			-66.0000			
75.7103			-10.3637			-63.9595			1.3000			116.0000			11.0000			-74.0000			
74.5744			-3.6502			-69.4594			1.4000			109.0000			18.0000			-82.0000			
68.8949			6.4202			-74.4093			0.9000			98.0000			26.0000			-89.0000			
65.4872			13.1337			-77.7092			0.9000			89.0000			32.0000			-96.0000			
63.2154			17.6094			-78.8092			2.0000			78.0000			39.0000			-102.0000			
58.6718			22.0851			-79.3592			1.4000			66.0000			46.0000			-107.0000			
51.8564			26.0014			-78.2592			-0.3000			54.0000			50.0000			-111.0000			
49.5846			31.5960			-79.9092			1.2000			42.0000			57.0000			-116.0000			
44.4731			36.6312			-79.3592			1.7000			28.0000			62.0000			-119.0000			
38.7936			40.5474			-78.2592			1.0000			15.0000			67.0000			-121.0000			
34.2500			45.0231			-78.2592			1.0000			2.0000			72.0000			-123.0000			
29.7065			50.0583			-79.3592			0.4000			-11.0000			75.0000			-126.0000			
26.2988			56.2124			-81.5591			0.9000			-24.0000			78.0000			-125.0000			
18.9154			61.8070			-81.0092			-0.2000			-36.0000			81.0000			-125.0000			
12.1001			65.7232			-77.1592			0.6000			-49.0000			83.0000			-125.0000			
3.5808			70.7584			-73.8593			0.4000			-61.0000			87.0000			-124.0000			
-4.9384			75.2341			-70.0094			0.2000			-71.0000			88.0000			-121.0000			
-11.1858			78.5909			-67.2595			0.1000			-84.0000			89.0000			-119.0000			
-15.7294			80.2693			-63.4096			1.1000			-95.0000			91.0000			-116.0000			
-20.8409			79.1504			-56.8097			1.4000			-106.0000			90.0000			-111.0000			
-27.0884			79.1504			-51.3098			0.7000			-115.0000			90.0000			-105.0000			
-32.7678			80.8287			-46.3599			1.7000			-125.0000			87.0000			-99.0000			
-37.8794			79.7098			-41.4100			0.4000			-133.0000			85.0000			-91.0000			
-40.7191			78.0314			-37.5601			-0.2000			-141.0000			83.0000			-84.0000			
-43.5589			76.3530			-32.0603			0.7000			-147.0000			81.0000			-77.0000			
-50.9422			78.0314			-27.1104			0.0000			-153.0000			77.0000			-70.0000			
-56.6217			76.9125			-20.5105			-0.2000			-158.0000			74.0000			-61.0000			
-61.1652			75.7936			-14.4607			0.1000			-161.0000			71.0000			-54.0000			
-65.1409			71.8773			-7.3108			-0.5000			-165.0000			67.0000			-44.0000			
-69.1165			67.9611			1.4890			0.3000			-168.0000			62.0000			-34.0000			
-71.9563			64.6043			8.6388			1.2000			-169.0000			57.0000			-24.0000			
-75.3640			61.2475			15.7887			1.6000			-170.0000			54.0000			-16.0000			
-75.9319			56.7718			20.1886			1.0000			-169.0000			46.0000			-4.0000			
-74.7960			48.9394			26.7884			0.9000			-166.0000			41.0000			4.0000			
-75.9319			43.3447			32.8383			0.2000			-163.0000			34.0000			14.0000			
-77.0678			38.8690			38.3382			0.1000			-160.0000			26.0000			25.0000			
-75.9319			34.9528			42.7381			1.7000			-154.0000			20.0000			34.0000			
-75.9319			30.4771			47.1380			1.6000			-149.0000			12.0000			43.0000			
-75.9319			25.4419			50.9879			0.4000			-143.0000			6.0000			53.0000			
-76.4998			20.9662			57.5877			2.0000			-134.0000			-1.0000			61.0000			
-76.4998			15.9310			61.9876			1.4000			-127.0000			-8.0000			70.0000			
-75.3640			10.8959			65.2876			0.8000			-118.0000			-16.0000			77.0000			
-72.5242			3.0634			69.6875			0.2000			-109.0000			-22.0000			85.0000			
-67.4127			-6.4475			74.6373			0.7000			-100.0000			-29.0000			93.0000			
-62.8691			-13.1610			77.3873			1.3000			-91.0000			-36.0000			101.0000			
-61.1652			-18.1962			79.5872			0.2000			-79.0000			-42.0000			106.0000			
-57.7576			-22.6719			80.1372			-0.2000			-68.0000			-49.0000			110.0000			
-52.6460			-25.4692			79.0373			0.9000			-56.0000			-57.0000			115.0000			
-46.9665			-31.0638			78.4873			0.4000			-44.0000			-62.0000			118.0000			
-40.7191			-37.7774			79.0373			0.5000			-32.0000			-68.0000			121.0000			
-36.1755			-42.8126			79.5872			0.5000			-19.0000			-73.0000			123.0000			
-33.3358			-45.6099			79.0373			0.0000			-6.0000			-78.0000			124.0000			
-28.2243			-51.2045			79.0373			-0.3000			6.0000			-83.0000			124.0000			
-23.1127			-56.7991			79.5872			-0.3000			17.0000			-87.0000			123.0000			
-16.8653			-62.9532			79.5872			-0.2000			27.0000			-92.0000			122.0000			
-9.4820			-66.8695			77.3873			1.0000			39.0000			-96.0000			121.0000			
-2.0986			-70.7857			73.5374			0.6000			49.0000			-98.0000			118.0000			
5.8526			-75.8209			69.1375			-0.8000			59.0000			-101.0000			115.0000			
12.6680			-78.6182			65.8375			-0.1000			72.0000			-104.0000			111.0000			
18.3475			-81.4155			63.0876			0.0000			81.0000			-106.0000			106.0000			
22.8911			-80.8560			57.0377			-0.9000			89.0000			-107.0000			101.0000			
27.4347			-80.2966			52.6378			-0.2000			97.0000			-107.0000			93.0000			
34.2500			-79.7371			46.0380			0.5000			105.0000			-107.0000			84.0000			
38.7936			-79.1776			39.4381			-0.9000			112.0000			-107.0000			77.0000			
42.2013			-79.7371			36.1382			-1.4000			118.0000			-105.0000			68.0000			
45.6090			-78.0587			32.8383			0.3000			124.0000			-104.0000			60.0000			
50.1526			-78.0587			27.8884			0.0000			128.0000			-102.0000			51.0000			
56.9680			-75.8209			19.0886			0.2000			130.0000			-99.0000			41.0000			
62.6475			-75.2614			12.4887			-0.1000			133.0000			-97.0000			31.0000			
66.0551			-72.4641			6.9889			0.5000			135.0000			-93.0000			21.0000			
69.4628			-68.5478			-0.7110			0.2000			137.0000			-91.0000			10.0000			
72.8705			-65.1911			-8.4108			-0.7000			139.0000			-87.0000			1.0000			
76.2782			-61.2748			-15.5606			-0.5000			137.0000			-82.0000			-10.0000			
75.7103			-55.1207			-21.6105			-1.0000			134.0000			-77.0000			-21.0000			
77.4141			-49.5261			-26.0104			1.8000			132.0000			-72.0000			-30.0000			
76.8462			-45.0504			-32.0603			-0.2000			128.0000			-65.0000			-41.0000			
77.4141			-38.8963			-37.5601			0.9000			124.0000			-59.0000			-51.0000			
76.2782			-32.7422			-43.0600			0.4000			119.0000			-53.0000			-63.0000			
76.2782			-29.3854			-47.4599			-0.5000			115.0000			-46.0000			-73.0000			
77.4141			-26.0287			-51.3098			0.0000			106.0000			-38.0000			-81.0000			
77.9821			-22.6719			-55.7097			-0.3000			100.0000			-32.0000			-90.0000			
76.2782			-15.3989			-61.2096			-0.3000			91.0000			-25.0000			-98.0000			
75.7103			-9.8042			-66.1595			-0.2000			83.0000			-18.0000			-105.0000			
74.5744			-2.5312			-70.5594			1.4000			74.0000			-11.0000			-113.0000			
69.4628			6.4202			-73.8593			2.0000			65.0000			-4.0000			-119.0000			
63.7833			13.6932			-76.6093			0.8000			57.0000			5.0000			-126.0000			
62.0795			18.7284			-79.9092			0.8000			47.0000			11.0000			-131.0000			
58.6718			23.2041			-80.4592			1.4000			35.0000			19.0000			-135.0000			
54.1282			26.5608			-78.8092			1.8000			23.0000			27.0000			-138.0000			
49.0167			31.0365			-78.8092			1.2000			12.0000			34.0000			-140.0000			
42.2013			36.6312			-77.7092			1.1000			1.0000			40.0000			-141.0000			
37.0898			42.2258			-78.2592			1.0000			-10.0000			47.0000			-142.0000			
34.2500			46.7015			-79.3592			1.5000			-21.0000			53.0000			-142.0000			
30.2744			51.1772			-80.4592			0.9000			-33.0000			59.0000			-141.0000			
26.2988			56.2124			-80.4592			2.0000			-43.0000			63.0000			-140.0000			
18.3475			62.3665			-79.3592			1.3000			-52.0000			68.0000			-137.0000			
10.3962			67.9611			-77.1592			1.1000			-63.0000			73.0000			-134.0000			
3.5808			72.4368			-73.8593			2.1000			-72.0000			78.0000			-130.0000			
-3.8025			75.2341			-69.4594			1.9000			-81.0000			84.0000			-126.0000			
-11.1858			78.5909			-66.1595			1.2000			-90.0000			87.0000			-120.0000			
-17.4332			80.2693			-61.7596			1.0000			-99.0000			91.0000			-115.0000			
-22.5448			80.8287			-56.8097			1.4000			-105.0000			92.0000			-106.0000			
-26.5204			80.2693			-52.4098			1.3000			-112.0000			94.0000			-99.0000			
-33.3358			80.2693			-46.3599			0.5000			-119.0000			94.0000			-89.0000			
-36.7435			78.5909			-39.7601			2.0000			-125.0000			94.0000			-81.0000			
-41.8550			79.7098			-35.9102			1.9000			-130.0000			95.0000			-71.0000			
-44.1268			79.7098			-31.5103			4.0000			-134.0000			95.0000			-61.0000			
-50.9422			79.1504			-27.1104			1.0000			-136.0000			94.0000			-51.0000			
-55.4858			76.3530			-19.9605			0.9000			-139.0000			93.0000			-41.0000			
-61.1652			74.6746			-12.2607			1.2000			-140.0000			90.0000			-31.0000			
-65.7088			71.8773			-4.5609			1.5000			-143.0000			87.0000			-21.0000			
-69.6845			68.5206			2.0390			0.8000			-143.0000			86.0000			-8.0000			
-72.5242			65.1638			9.1888			1.8000			-143.0000			82.0000			3.0000			
-74.7960			61.2475			15.2387			1.6000			-143.0000			78.0000			13.0000			
-76.4998			54.5340			22.3885			0.4000			-140.0000			73.0000			23.0000			
-76.4998			50.0583			28.4384			1.9000			-136.0000			68.0000			34.0000			
-77.0678			45.0231			33.3883			1.3000			-132.0000			63.0000			44.0000			
-77.0678			38.8690			38.3382			0.1000			-127.0000			56.0000			55.0000			
-74.7960			32.7149			42.7381			0.6000			-123.0000			49.0000			64.0000			
-75.9319			28.7987			47.6880			0.5000			-118.0000			41.0000			73.0000			
-77.0678			24.8825			53.1878			1.0000			-110.0000			34.0000			83.0000			
-78.7716			22.0851			57.5877			0.8000			-103.0000			26.0000			89.0000			
-77.6357			16.4905			60.8877			-0.2000			-95.0000			19.0000			97.0000			
-74.2281			9.2175			65.8375			0.8000			-87.0000			11.0000			105.0000			
-72.5242			0.2661			71.8874			-0.3000			-81.0000			3.0000			111.0000			
-69.1165			-6.4475			75.1873			-0.3000			-73.0000			-4.0000			117.0000			
-64.5729			-12.6016			76.8373			-0.3000			-63.0000			-14.0000			122.0000			
-60.5973			-19.3151			77.9373			-1.9000			-55.0000			-23.0000			127.0000			
-56.6217			-23.7908			80.1372			-0.2000			-45.0000			-30.0000			130.0000			
-53.2140			-27.1476			79.0373			-1.3000			-35.0000			-38.0000			131.0000			
-48.6704			-31.6233			79.0373			-1.2000			-25.0000			-47.0000			131.0000			
-41.2871			-37.2179			77.3873			-1.1000			-15.0000			-56.0000			134.0000			
-36.1755			-42.8126			77.3873			-1.6000			-6.0000			-63.0000			131.0000			
-31.6319			-46.7288			78.4873			0.1000			4.0000			-71.0000			132.0000			
-27.6563			-52.8829			79.5872			-0.9000			14.0000			-77.0000			130.0000			
-24.2486			-59.0370			80.1372			-3.1000			23.0000			-85.0000			126.0000			
-18.0012			-62.3938			79.5872			-0.8000			32.0000			-92.0000			122.0000			
-8.9140			-67.9884			76.2873			-0.6000			39.0000			-97.0000			118.0000			
0.1732			-73.5830			71.8874			-1.5000			48.0000			-103.0000			113.0000			
6.9885			-76.9398			69.1375			-0.8000			57.0000			-108.0000			109.0000			
12.1001			-80.2966			65.8375			-2.3000			63.0000			-114.0000			101.0000			
17.2116			-80.2966			60.8877			-2.1000			70.0000			-117.0000			94.0000			
24.5949			-80.2966			54.8378			-0.8000			78.0000			-120.0000			86.0000			
29.7065			-81.4155			51.5379			-0.1000			81.0000			-122.0000			76.0000			
34.2500			-81.9750			46.5880			-1.1000			88.0000			-123.0000			66.0000			
38.2257			-78.6182			38.3382			-2.0000			94.0000			-124.0000			56.0000			
42.2013			-79.1776			35.0382			-1.9000			97.0000			-125.0000			46.0000			
46.1770			-79.1776			31.7383			-1.2000			100.0000			-125.0000			36.0000			
51.8564			-79.7371			26.2384			-1.6000			102.0000			-125.0000			26.0000			
57.5359			-77.4993			18.5386			-1.4000			104.0000			-124.0000			15.0000			
62.0795			-75.2614			11.9388			-1.2000			106.0000			-121.0000			3.0000			
66.0551			-71.9046			4.7889			-1.0000			106.0000			-119.0000			-6.0000			
71.7346			-68.5478			-4.0109			-0.8000			108.0000			-117.0000			-18.0000			
75.1423			-66.3100			-10.0607			-1.2000			108.0000			-113.0000			-29.0000			
77.4141			-62.3938			-15.5606			-0.5000			106.0000			-110.0000			-40.0000			
75.7103			-54.5613			-21.0605			0.0000			105.0000			-105.0000			-49.0000			
76.2782			-47.8477			-28.2103			0.2000			101.0000			-98.0000			-60.0000			
79.1180			-43.9315			-34.2602			0.9000			98.0000			-93.0000			-69.0000			
78.5500			-40.0152			-38.1101			0.4000			95.0000			-85.0000			-81.0000			
76.2782			-32.1828			-43.6100			0.4000			90.0000			-78.0000			-89.0000			
77.4141			-27.7071			-49.1099			0.6000			84.0000			-70.0000			-99.0000			
77.9821			-24.3503			-51.8598			1.7000			79.0000			-61.0000			-105.0000			
79.1180			-19.8746			-57.9097			1.3000			74.0000			-54.0000			-113.0000			
78.5500			-14.8394			-61.2096			2.4000			67.0000			-46.0000			-118.0000			
76.2782			-9.2448			-66.1595			0.8000			60.0000			-36.0000			-124.0000			
73.4385			-0.2934			-70.0094			3.1000			55.0000			-28.0000			-129.0000			
68.8949			8.6580			-76.6093			0.9000			47.0000			-17.0000			-134.0000			
64.9192			14.8121			-78.8092			0.9000			39.0000			-9.0000			-138.0000			
62.6475			19.2878			-79.9092			2.0000			31.0000			2.0000			-142.0000			
58.1039			24.3230			-78.8092			3.6000			24.0000			11.0000			-143.0000			
52.4244			28.2392			-79.3592			1.3000			15.0000			20.0000			-144.0000			
48.4487			33.2744			-79.9092			1.8000			5.0000			30.0000			-144.0000			
43.3372			37.7501			-78.2592			2.8000			-2.0000			39.0000			-142.0000			
37.6577			42.7853			-78.2592			2.1000			-12.0000			48.0000			-141.0000			
33.6821			48.3799			-78.8092			3.2000			-20.0000			56.0000			-138.0000			
29.7065			53.4151			-79.9092			3.2000			-28.0000			64.0000			-136.0000			
25.1629			59.0097			-81.0092			3.1000			-36.0000			72.0000			-132.0000			
17.7795			64.0449			-79.9092			1.9000			-44.0000			79.0000			-127.0000			
10.3962			69.0800			-76.6093			2.8000			-51.0000			87.0000			-121.0000			
2.4449			72.9963			-72.2094			3.2000			-57.0000			94.0000			-115.0000			
-5.5063			77.4720			-68.9094			3.0000			-66.0000			99.0000			-109.0000			
-11.7538			80.8287			-66.7095			2.3000			-73.0000			105.0000			-101.0000			
-16.8653			81.3882			-62.8596			1.6000			-78.0000			110.0000			-94.0000			
-22.5448			79.7098			-54.6097			2.5000			-84.0000			114.0000			-85.0000			
-29.9281			80.8287			-50.2098			0.6000			-90.0000			117.0000			-75.0000			
-35.0396			82.5071			-45.2600			2.2000			-94.0000			119.0000			-65.0000			
-38.4473			80.2693			-40.3101			1.5000			-99.0000			122.0000			-55.0000			
-41.2871			78.5909			-35.3602			1.9000			-103.0000			121.0000			-44.0000			
-46.3986			78.5909			-30.4103			1.7000			-106.0000			121.0000			-34.0000			
-51.5101			79.1504			-26.0104			1.6000			-109.0000			120.0000			-23.0000			
-57.1896			77.4720			-19.4105			0.8000			-111.0000			118.0000			-14.0000			
-62.8691			74.6746			-11.7107			0.0000			-112.0000			116.0000			-2.0000			
-65.7088			71.8773			-4.5609			1.5000			-114.0000			115.0000			8.0000			
-70.8204			67.9611			3.1390			0.2000			-115.0000			111.0000			18.0000			
-74.7960			64.6043			10.2888			0.0000			-115.0000			108.0000			28.0000			
-76.4998			61.2475			16.3387			1.0000			-114.0000			103.0000			38.0000			
-76.4998			55.0934			21.2885			-0.1000			-113.0000			97.0000			47.0000			
-75.9319			48.3799			27.3384			-0.2000			-110.0000			90.0000			56.0000			
-77.6357			42.7853			35.0382			0.1000			-109.0000			83.0000			67.0000			
-79.3396			38.3096			40.5381			-0.5000			-105.0000			74.0000			75.0000			
-77.6357			33.2744			44.3880			0.0000			-101.0000			67.0000			83.0000			
-77.0678			29.3582			48.2379			0.5000			-97.0000			57.0000			91.0000			
-75.9319			23.7635			52.0879			0.0000			-93.0000			49.0000			98.0000			
-78.7716			20.4067			58.1377			-0.2000			-87.0000			38.0000			102.0000			
-77.6357			14.8121			61.9876			-0.8000			-82.0000			29.0000			109.0000			
-77.0678			8.6580			66.3875			-2.0000			-77.0000			19.0000			114.0000			
-73.6601			0.8255			70.7874			-2.0000			-72.0000			9.0000			118.0000			
-68.5486			-8.6853			74.6373			-2.5000			-66.0000			-1.0000			121.0000			
-64.0050			-15.3989			77.9373			-1.4000			-60.0000			-13.0000			125.0000			
-60.5973			-19.3151			78.4873			-1.4000			-53.0000			-22.0000			125.0000			
-58.3255			-23.2314			79.0373			-2.5000			-46.0000			-33.0000			126.0000			
-52.0781			-27.1476			77.9373			-1.2000			-38.0000			-44.0000			126.0000			
-46.9665			-32.7422			77.9373			-1.7000			-31.0000			-55.0000			125.0000			
-40.1512			-40.5747			78.4873			-2.2000			-24.0000			-65.0000			124.0000			
-36.7435			-43.9315			78.4873			-2.1000			-16.0000			-75.0000			119.0000			
-32.7678			-47.8477			78.4873			-2.1000			-8.0000			-85.0000			117.0000			
-27.6563			-52.8829			79.0373			-1.5000			-2.0000			-94.0000			113.0000			
-21.9768			-58.4775			79.5872			-0.8000			7.0000			-101.0000			107.0000			
-16.8653			-64.6316			79.0373			-2.4000			13.0000			-110.0000			102.0000			
-8.9140			-69.6668			76.8373			-1.7000			19.0000			-116.0000			97.0000			
-0.3948			-73.0236			72.4374			-0.9000			26.0000			-124.0000			91.0000			
6.9885			-76.9398			68.5875			-1.3000			33.0000			-131.0000			84.0000			
13.8039			-80.8560			65.2876			-1.7000			39.0000			-138.0000			76.0000			
18.9154			-82.5344			61.4376			-2.1000			44.0000			-142.0000			68.0000			
24.0270			-80.8560			55.9378			-0.8000			50.0000			-145.0000			58.0000			
28.5706			-80.8560			50.9879			-1.3000			54.0000			-148.0000			49.0000			
34.2500			-80.2966			44.9380			-1.1000			60.0000			-149.0000			39.0000			
39.3616			-79.1776			38.8882			-0.9000			64.0000			-151.0000			30.0000			
43.3372			-79.7371			35.5882			-0.8000			69.0000			-151.0000			19.0000			
46.7449			-78.0587			31.1883			-0.1000			72.0000			-151.0000			9.0000			
52.4244			-78.6182			26.2384			0.0000			75.0000			-149.0000			-1.0000			
57.5359			-76.3803			16.8886			-1.9000			78.0000			-148.0000			-10.0000			
63.7833			-74.7019			11.3888			0.4000			79.0000			-144.0000			-21.0000			
67.1910			-73.0236			5.3389			-0.5000			82.0000			-141.0000			-30.0000			
70.5987			-68.5478			-2.3609			-0.3000			84.0000			-138.0000			-40.0000			
74.5744			-64.0721			-8.4108			2.0000			85.0000			-132.0000			-49.0000			
77.4141			-60.1559			-16.1106			1.1000			86.0000			-128.0000			-58.0000			
76.2782			-54.0018			-22.1605			0.1000			84.0000			-120.0000			-67.0000			
76.8462			-47.8477			-28.7603			0.2000			84.0000			-113.0000			-75.0000			
77.9821			-42.8126			-33.7102			1.4000			82.0000			-104.0000			-83.0000			
77.4141			-37.2179			-39.2101			0.9000			81.0000			-96.0000			-90.0000			
77.4141			-31.0638			-45.2600			1.0000			78.0000			-85.0000			-97.0000			
79.6859			-29.3854			-48.0099			2.2000			76.0000			-75.0000			-104.0000			
79.6859			-25.4692			-51.3098			2.9000			74.0000			-66.0000			-109.0000			
78.5500			-19.8746			-56.8097			1.8000			69.0000			-54.0000			-114.0000			
77.9821			-12.6016			-61.7596			3.6000			65.0000			-45.0000			-118.0000			
76.8462			-7.5664			-67.2595			2.0000			61.0000			-34.0000			-122.0000			
75.1423			0.2661			-72.2094			3.2000			55.0000			-22.0000			-125.0000			
70.5987			9.7770			-76.6093			3.7000			52.0000			-11.0000			-126.0000			
64.9192			16.4905			-78.8092			2.5000			47.0000			1.0000			-129.0000			
62.6475			20.9662			-79.3592			4.2000			41.0000			12.0000			-131.0000			
58.1039			25.4419			-79.9092			3.6000			35.0000			23.0000			-130.0000			
52.9923			28.7987			-78.8092			2.9000			28.0000			34.0000			-129.0000			
49.0167			33.2744			-78.8092			3.4000			21.0000			45.0000			-127.0000			
42.2013			38.3096			-78.2592			2.2000			14.0000			58.0000			-125.0000			
37.6577			44.4637			-78.8092			3.3000			9.0000			68.0000			-121.0000			
33.6821			48.9394			-80.4592			2.1000			2.0000			77.0000			-118.0000			
30.8424			52.8556			-80.4592			3.2000			-5.0000			87.0000			-113.0000			
25.7308			59.0097			-80.4592			4.2000			-13.0000			95.0000			-108.0000			
16.6437			65.7232			-78.8092			3.5000			-19.0000			103.0000			-101.0000			
9.8283			70.1989			-77.1592			2.8000			-25.0000			111.0000			-96.0000			
1.8770			74.1152			-73.8593			2.1000			-32.0000			119.0000			-89.0000			
-4.9384			76.9125			-69.4594			2.5000			-39.0000			125.0000			-83.0000			
-11.1858			79.7098			-65.6095			2.9000			-46.0000			132.0000			-76.0000			
-17.4332			81.3882			-61.2096			2.7000			-52.0000			135.0000			-68.0000			
-23.6807			80.2693			-55.7097			0.8000			-57.0000			137.0000			-58.0000			
-28.2243			81.3882			-51.3098			1.8000			-63.0000			139.0000			-48.0000			
-33.9037			80.2693			-45.8099			0.5000			-69.0000			143.0000			-40.0000			
-39.0153			78.5909			-39.2101			0.3000			-74.0000			142.0000			-31.0000			
-42.4230			79.1504			-34.8102			1.9000			-78.0000			142.0000			-21.0000			
-47.5345			79.1504			-32.0603			-0.4000			-83.0000			142.0000			-12.0000			
-50.9422			79.1504			-28.2103			0.0000			-87.0000			138.0000			-2.0000			
-56.6217			75.7936			-19.4105			-0.2000			-90.0000			136.0000			5.0000			
-63.4370			73.5557			-10.6107			-0.4000			-93.0000			133.0000			15.0000			
-67.9806			72.4368			-4.0109			0.4000			-97.0000			130.0000			23.0000			
-72.5242			69.6395			2.5890			-0.3000			-99.0000			124.0000			32.0000			
-74.2281			64.0449			9.7388			-0.4000			-101.0000			119.0000			41.0000			
-76.4998			59.0097			16.3387			-1.1000			-103.0000			111.0000			48.0000			
-76.4998			53.4151			22.3885			-0.7000			-104.0000			103.0000			56.0000			
-75.9319			47.2610			28.9884			0.3000			-103.0000			93.0000			63.0000			
-77.6357			43.3447			33.3883			-0.9000			-103.0000			84.0000			69.0000			
-78.2037			38.3096			38.3382			-1.5000			-103.0000			75.0000			77.0000			
-76.4998			32.1555			43.8380			-0.5000			-101.0000			64.0000			81.0000			
-75.9319			27.1203			48.2379			-0.5000			-99.0000			53.0000			87.0000			
-77.6357			23.7635			52.0879			-1.7000			-97.0000			42.0000			91.0000			
-79.9075			20.9662			57.0377			-1.9000			-94.0000			30.0000			96.0000			
-77.6357			13.6932			60.8877			-3.0000			-92.0000			19.0000			98.0000			
-75.9319			5.8607			66.9375			-3.1000			-88.0000			7.0000			102.0000			
-73.6601			-1.4123			72.4374			-2.6000			-84.0000			-4.0000			104.0000			
-70.2524			-8.1259			75.7373			-2.6000			-80.0000			-17.0000			106.0000			
-65.1409			-14.2799			76.8373			-2.5000			-76.0000			-29.0000			108.0000			
-60.5973			-19.8746			77.9373			-2.5000			-71.0000			-43.0000			108.0000			
-56.0537			-24.3503			79.0373			-1.3000			-66.0000			-54.0000			107.0000			
-52.0781			-28.8260			78.4873			-2.4000			-59.0000			-65.0000			106.0000			
-46.3986			-33.8611			77.9373			-2.3000			-53.0000			-78.0000			103.0000			
-41.2871			-38.3369			77.3873			-2.2000			-47.0000			-88.0000			99.0000			
-37.3114			-43.3720			77.9373			-2.7000			-41.0000			-100.0000			97.0000			
-31.6319			-48.4072			78.4873			-1.5000			-33.0000			-109.0000			92.0000			
-28.7922			-52.8829			80.1372			-1.5000			-27.0000			-118.0000			89.0000			
-24.2486			-58.4775			80.6872			-2.0000			-20.0000			-126.0000			83.0000			
-16.2973			-63.5127			78.4873			-1.3000			-13.0000			-134.0000			78.0000			
-7.2102			-69.6668			75.1873			-1.6000			-6.0000			-141.0000			72.0000			
0.7411			-74.1425			72.9874			-0.4000			1.0000			-148.0000			67.0000			
6.9885			-77.4993			69.6875			-0.8000			8.0000			-154.0000			60.0000			
12.1001			-79.7371			65.8375			-1.8000			15.0000			-159.0000			54.0000			
18.3475			-79.7371			60.8877			-0.5000			22.0000			-162.0000			46.0000			
24.0270			-80.8560			55.3878			-1.4000			27.0000			-165.0000			38.0000			
29.7065			-81.4155			50.4379			-1.2000			34.0000			-166.0000			30.0000			
34.2500			-79.7371			44.9380			-0.5000			42.0000			-167.0000			21.0000			
38.7936			-79.1776			38.8882			-1.4000			47.0000			-166.0000			12.0000			
43.3372			-79.1776			35.5882			-0.2000			51.0000			-166.0000			5.0000			
46.7449			-78.0587			31.1883			-0.1000			59.0000			-163.0000			-4.0000			
52.4244			-78.6182			26.7884			0.5000			63.0000			-160.0000			-12.0000			
57.5359			-76.9398			19.0886			-0.3000			66.0000			-157.0000			-21.0000			
62.0795			-73.0236			11.9388			0.9000			71.0000			-151.0000			-28.0000			
68.3269			-70.2262			3.1390			1.2000			74.0000			-146.0000			-35.0000			
73.4385			-67.4289			-4.5609			1.4000			79.0000			-139.0000			-43.0000			
75.7103			-65.1911			-8.4108			2.0000			83.0000			-134.0000			-49.0000			
76.8462			-59.5964			-15.0106			2.2000			84.0000			-126.0000			-58.0000			
75.7103			-51.7640			-21.6105			2.3000			88.0000			-118.0000			-64.0000			
75.7103			-46.1693			-28.7603			0.7000			88.0000			-108.0000			-71.0000			
78.5500			-42.8126			-33.7102			2.0000			89.0000			-97.0000			-77.0000			
77.9821			-36.0990			-39.2101			2.6000			89.0000			-86.0000			-82.0000			
77.4141			-31.0638			-43.6100			2.7000			88.0000			-74.0000			-87.0000			
77.4141			-27.7071			-47.4599			2.2000			88.0000			-63.0000			-92.0000			
77.9821			-23.7908			-52.4098			1.7000			87.0000			-52.0000			-95.0000			
79.6859			-18.7557			-57.3597			3.5000			84.0000			-40.0000			-99.0000			
78.5500			-14.2799			-61.2096			3.0000			82.0000			-27.0000			-101.0000			
76.8462			-7.0069			-65.6095			4.2000			80.0000			-17.0000			-104.0000			
73.4385			3.0634			-72.2094			4.2000			77.0000			-3.0000			-106.0000			
68.8949			11.4553			-77.7092			2.6000			74.0000			10.0000			-107.0000			
66.0551			16.4905			-79.3592			3.1000			70.0000			23.0000			-108.0000			
62.0795			20.4067			-78.8092			3.6000			65.0000			36.0000			-108.0000			
56.9680			25.4419			-78.2592			4.1000			59.0000			47.0000			-106.0000			
51.8564			28.7987			-78.2592			2.3000			52.0000			58.0000			-105.0000			
48.4487			33.2744			-78.8092			2.9000			46.0000			69.0000			-103.0000			
41.0654			38.8690			-77.1592			2.7000			39.0000			80.0000			-101.0000			
37.6577			43.9042			-78.8092			2.7000			33.0000			91.0000			-97.0000			
33.6821			49.4988			-79.3592			3.8000			25.0000			100.0000			-93.0000			
29.7065			54.5340			-80.4592			3.7000			17.0000			109.0000			-90.0000			
24.5949			59.5692			-81.0092			3.1000			10.0000			117.0000			-85.0000			
17.7795			64.0449			-79.3592			2.4000			3.0000			123.0000			-79.0000			
9.8283			68.5206			-77.1592			1.1000			-4.0000			131.0000			-75.0000			
0.1732			73.5557			-72.2094			1.5000			-12.0000			136.0000			-70.0000			
-7.7781			78.0314			-69.4594			0.8000			-20.0000			142.0000			-65.0000			
-11.1858			80.2693			-67.2595			1.8000			-28.0000			147.0000			-59.0000			
-16.8653			79.1504			-62.3096			0.0000			-34.0000			149.0000			-52.0000			
-23.6807			79.1504			-54.6097			0.8000			-43.0000			151.0000			-46.0000			
-29.3601			80.2693			-50.2098			0.6000			-50.0000			151.0000			-37.0000			
-35.0396			81.9477			-45.2600			1.6000			-58.0000			150.0000			-30.0000			
-39.0153			79.1504			-39.2101			0.9000			-65.0000			150.0000			-23.0000			
-42.4230			78.0314			-35.9102			-0.2000			-73.0000			149.0000			-14.0000			
-46.3986			78.0314			-32.0603			-0.4000			-79.0000			145.0000			-9.0000			
-52.6460			78.0314			-26.0104			-0.6000			-83.0000			141.0000			-2.0000			
-57.7576			76.9125			-18.8606			0.2000			-89.0000			135.0000			5.0000			
-62.8691			74.6746			-12.8107			-1.0000			-95.0000			130.0000			14.0000			
-67.4127			71.3179			-4.5609			-0.6000			-100.0000			124.0000			20.0000			
-71.9563			67.4016			4.2389			-0.3000			-105.0000			118.0000			26.0000			
-75.9319			63.4854			11.3888			-1.0000			-109.0000			110.0000			33.0000			
-78.2037			60.1286			16.8886			-1.1000			-112.0000			102.0000			39.0000			
-77.0678			53.4151			21.8385			-1.8000			-115.0000			92.0000			44.0000			
-75.3640			45.5826			28.4384			-1.3000			-117.0000			81.0000			49.0000			
-77.6357			42.2258			34.4883			-0.9000			-117.0000			69.0000			55.0000			
-78.2037			37.1906			38.8882			-2.1000			-118.0000			58.0000			61.0000			
-77.6357			31.0365			44.9380			-1.6000			-119.0000			46.0000			65.0000			
-77.6357			27.6798			48.7879			-1.1000			-118.0000			34.0000			70.0000			
-77.6357			23.2041			53.1878			-1.2000			-117.0000			21.0000			72.0000			
-79.9075			19.8473			58.1377			-1.9000			-115.0000			10.0000			76.0000			
-78.2037			13.6932			61.9876			-2.5000			-114.0000			-2.0000			78.0000			
-77.0678			7.5391			67.4875			-2.0000			-111.0000			-15.0000			80.0000			
-73.6601			-1.4123			71.3374			-3.7000			-108.0000			-28.0000			82.0000			
-68.5486			-9.2448			75.7373			-2.0000			-105.0000			-40.0000			84.0000			
-64.0050			-15.9583			78.4873			-1.4000			-101.0000			-52.0000			85.0000			
-60.5973			-20.4340			79.0373			-1.9000			-95.0000			-64.0000			85.0000			
-56.6217			-24.3503			78.4873			-2.4000			-88.0000			-77.0000			85.0000			
-49.8063			-28.8260			76.8373			-1.7000			-82.0000			-87.0000			83.0000			
-44.6948			-34.9801			77.3873			-2.2000			-76.0000			-97.0000			82.0000			
-40.7191			-40.5747			77.9373			-3.3000			-69.0000			-108.0000			79.0000			
-36.1755			-43.3720			79.0373			-0.5000			-61.0000			-119.0000			77.0000			
-32.1999			-48.4072			79.5872			-1.0000			-52.0000			-127.0000			75.0000			
-28.2243			-53.4424			80.1372			-1.5000			-45.0000			-135.0000			72.0000			
-22.5448			-59.0370			80.6872			-0.8000			-38.0000			-141.0000			68.0000			
-15.1614			-64.6316			79.0373			-0.7000			-29.0000			-148.0000			63.0000			
-8.9140			-69.1073			76.8373			-1.1000			-20.0000			-154.0000			59.0000			
1.3091			-74.1425			72.9874			0.1000			-11.0000			-159.0000			56.0000			
8.1244			-77.4993			68.5875			-0.7000			-2.0000			-164.0000			51.0000			
14.9398			-80.8560			66.3875			0.4000			7.0000			-167.0000			46.0000			
19.4834			-80.8560			61.9876			0.6000			15.0000			-169.0000			40.0000			
24.5949			-79.1776			54.8378			0.2000			23.0000			-169.0000			35.0000			
29.7065			-79.1776			49.3379			-0.1000			31.0000			-168.0000			27.0000			
35.3859			-79.1776			43.8380			0.0000			40.0000			-166.0000			20.0000			
40.4975			-79.1776			38.8882			0.2000			47.0000			-165.0000			15.0000			
44.4731			-79.7371			36.1382			0.8000			55.0000			-162.0000			8.0000			
47.3129			-78.0587			31.1883			0.4000			62.0000			-157.0000			2.0000			
54.6962			-77.4993			25.1385			2.3000			69.0000			-152.0000			-4.0000			
59.2398			-76.3803			17.9886			0.8000			75.0000			-146.0000			-11.0000			
64.3513			-74.1425			11.3888			1.5000			81.0000			-142.0000			-17.0000			
68.3269			-70.7857			4.7889			2.3000			87.0000			-134.0000			-24.0000			
72.3026			-67.9884			-2.9109			1.4000			92.0000			-128.0000			-28.0000			
75.1423			-63.5127			-10.6107			1.0000			99.0000			-118.0000			-35.0000			
78.5500			-58.4775			-17.2106			2.8000			102.0000			-110.0000			-40.0000			
77.9821			-52.3234			-22.7105			2.9000			105.0000			-99.0000			-45.0000			
77.4141			-46.1693			-28.7603			2.4000			109.0000			-87.0000			-51.0000			
77.9821			-41.1342			-33.7102			3.1000			110.0000			-77.0000			-58.0000			
76.8462			-35.5395			-40.3101			0.9000			111.0000			-66.0000			-62.0000			
77.4141			-31.0638			-44.7100			1.6000			111.0000			-54.0000			-66.0000			
78.5500			-28.2665			-48.0099			2.2000			110.0000			-41.0000			-71.0000			
78.5500			-24.3503			-52.4098			1.7000			110.0000			-29.0000			-75.0000			
78.5500			-17.6367			-57.3597			3.5000			107.0000			-18.0000			-77.0000			
77.9821			-11.4826			-62.8596			3.6000			106.0000			-6.0000			-79.0000			
77.4141			-5.8880			-68.3594			3.1000			103.0000			6.0000			-81.0000			
74.5744			1.9445			-72.7593			3.7000			99.0000			19.0000			-84.0000			
69.4628			10.3364			-76.6093			3.1000			96.0000			31.0000			-87.0000			
65.4872			17.0500			-79.3592			3.1000			91.0000			43.0000			-88.0000			
60.9436			20.9662			-79.9092			2.0000			85.0000			54.0000			-89.0000			
57.5359			25.4419			-79.3592			3.6000			78.0000			65.0000			-89.0000			
52.4244			28.2392			-78.8092			1.8000			71.0000			76.0000			-89.0000			
46.7449			33.8339			-79.3592			1.2000			63.0000			86.0000			-88.0000			
39.9295			41.1069			-78.8092			2.2000			55.0000			95.0000			-87.0000			
36.5218			45.5826			-79.3592			2.7000			46.0000			103.0000			-85.0000			
33.1141			49.4988			-81.5591			1.0000			36.0000			113.0000			-82.0000			
29.7065			53.4151			-81.5591			1.5000			29.0000			119.0000			-80.0000			
23.4590			59.5692			-81.0092			2.0000			19.0000			126.0000			-77.0000			
14.9398			65.7232			-79.9092			0.7000			11.0000			131.0000			-74.0000			
7.5565			70.7584			-77.7092			0.6000			2.0000			136.0000			-72.0000			
-0.3948			74.6746			-73.3093			0.9000			-8.0000			141.0000			-68.0000			
-8.3461			78.0314			-70.0094			-0.3000			-18.0000			144.0000			-65.0000			
-14.5935			81.3882			-67.2595			-0.4000			-29.0000			146.0000			-61.0000			
-19.1371			80.8287			-61.7596			0.0000			-39.0000			146.0000			-57.0000			
-25.9525			80.2693			-55.1597			-0.8000			-49.0000			146.0000			-50.0000			
-30.4960			80.8287			-50.7598			-0.4000			-56.0000			145.0000			-44.0000			
-35.0396			80.2693			-45.8099			-0.5000			-66.0000			143.0000			-39.0000			
-40.1512			79.1504			-39.2101			-0.2000			-75.0000			139.0000			-33.0000			
-45.8306			79.1504			-34.8102			-1.4000			-83.0000			137.0000			-27.0000			
-48.6704			79.7098			-31.5103			-0.4000			-91.0000			132.0000			-21.0000			
-53.2140			79.1504			-26.0104			0.0000			-99.0000			127.0000			-16.0000			
-59.4614			75.7936			-18.3106			-1.9000			-106.0000			119.0000			-10.0000			
-64.5729			73.5557			-10.0607			-1.0000			-111.0000			114.0000			-5.0000			
-70.2524			71.8773			-2.9109			-1.2000			-119.0000			107.0000			2.0000			
-73.6601			68.5206			3.6889			-1.4000			-124.0000			99.0000			8.0000			
-74.7960			63.4854			10.8388			-0.4000			-129.0000			91.0000			13.0000			
-78.7716			58.4502			17.4386			-2.8000			-134.0000			82.0000			19.0000			
-77.6357			51.7367			24.0385			-1.8000			-136.0000			71.0000			23.0000			
-78.2037			46.1420			30.0883			-1.9000			-139.0000			59.0000			29.0000			
-79.3396			42.2258			35.0382			-2.0000			-140.0000			48.0000			34.0000			
-78.7716			36.0717			38.8882			-3.8000			-141.0000			37.0000			40.0000			
-75.9319			29.9176			44.9380			-1.0000			-141.0000			26.0000			45.0000			
-77.0678			26.0014			50.4379			-0.6000			-140.0000			14.0000			48.0000			
-79.3396			23.7635			53.7378			-1.8000			-138.0000			2.0000			53.0000			
-80.4755			18.7284			58.6877			-3.0000			-137.0000			-9.0000			55.0000			
-77.6357			12.0148			63.6376			-1.9000			-133.0000			-21.0000			59.0000			
-76.4998			4.7418			69.1375			-2.6000			-130.0000			-33.0000			63.0000			
-74.2281			-2.5312			74.0874			-2.6000			-126.0000			-45.0000			65.0000			
-69.6845			-10.3637			76.8373			-3.2000			-121.0000			-56.0000			68.0000			
-64.0050			-16.5178			79.0373			-1.4000			-116.0000			-67.0000			70.0000			
-58.8935			-20.9935			79.5872			-0.3000			-109.0000			-79.0000			72.0000			
-55.4858			-26.0287			80.1372			-1.3000			-102.0000			-88.0000			73.0000			
-52.0781			-29.9449			79.5872			-2.4000			-94.0000			-98.0000			73.0000			
-45.8306			-34.9801			79.0373			-1.7000			-85.0000			-107.0000			73.0000			
-39.5832			-40.0152			78.4873			-1.1000			-76.0000			-116.0000			73.0000			
-36.7435			-45.0504			79.0373			-2.7000			-66.0000			-124.0000			72.0000			
-29.9281			-50.6450			80.1372			-0.4000			-57.0000			-131.0000			71.0000			
-27.0884			-55.1207			82.3372			0.1000			-47.0000			-136.0000			69.0000			
-23.1127			-59.5964			81.7872			-0.9000			-37.0000			-141.0000			68.0000			
-14.5935			-65.1911			79.0373			-0.7000			-28.0000			-146.0000			65.0000			
-4.9384			-70.7857			76.2873			0.5000			-17.0000			-151.0000			63.0000			
2.4449			-76.3803			72.9874			-0.9000			-6.0000			-154.0000			59.0000			
8.1244			-78.6182			70.2374			-0.2000			3.0000			-157.0000			57.0000			
14.3719			-80.2966			66.3875			0.4000			14.0000			-159.0000			54.0000			
20.6193			-80.8560			61.4376			1.1000			25.0000			-160.0000			50.0000			
25.7308			-80.2966			55.3878			0.8000			35.0000			-157.0000			45.0000			
31.9783			-81.4155			49.8879			0.4000			44.0000			-155.0000			39.0000			
36.5218			-80.8560			44.3880			0.0000			54.0000			-154.0000			34.0000			
39.9295			-79.7371			39.4381			-0.3000			63.0000			-150.0000			28.0000			
44.4731			-78.6182			36.1382			1.9000			72.0000			-146.0000			24.0000			
49.0167			-79.7371			30.6383			0.0000			80.0000			-141.0000			18.0000			
54.1282			-79.1776			26.2384			1.1000			88.0000			-135.0000			12.0000			
58.6718			-76.9398			18.5386			0.2000			95.0000			-129.0000			7.0000			
63.7833			-74.1425			11.3888			1.0000			100.0000			-122.0000			2.0000			
69.4628			-71.9046			2.0390			-0.4000			107.0000			-115.0000			-4.0000			
74.0064			-68.5478			-4.5609			0.8000			113.0000			-107.0000			-11.0000			
75.7103			-64.6316			-10.0607			1.0000			119.0000			-99.0000			-17.0000			
77.4141			-58.4775			-17.7606			1.1000			124.0000			-90.0000			-22.0000			
76.2782			-51.7640			-23.2605			1.2000			127.0000			-79.0000			-28.0000			
77.4141			-46.1693			-29.3103			1.9000			128.0000			-69.0000			-33.0000			
78.5500			-42.2531			-34.2602			2.0000			129.0000			-57.0000			-39.0000			
77.4141			-36.0990			-40.3101			1.0000			130.0000			-47.0000			-45.0000			
76.2782			-32.1828			-43.6100			0.4000			129.0000			-35.0000			-51.0000			
77.4141			-27.7071			-48.5599			1.1000			127.0000			-24.0000			-57.0000			
76.8462			-22.1124			-53.5098			1.2000			126.0000			-13.0000			-60.0000			
79.6859			-18.7557			-59.0097			1.9000			123.0000			-2.0000			-65.0000			
78.5500			-13.7205			-62.8596			1.9000			120.0000			8.0000			-69.0000			
75.7103			-6.4475			-67.2595			2.0000			115.0000			19.0000			-72.0000			
72.3026			3.6229			-73.3093			2.6000			110.0000			29.0000			-76.0000			
69.4628			10.8959			-78.2592			2.1000			104.0000			39.0000			-79.0000			
64.9192			16.4905			-80.4592			0.9000			99.0000			51.0000			-83.0000			
59.2398			19.8473			-78.8092			0.2000			90.0000			61.0000			-85.0000			
55.2641			24.3230			-78.2592			1.3000			81.0000			70.0000			-87.0000			
50.7205			28.7987			-78.8092			0.7000			74.0000			79.0000			-88.0000			
46.1770			34.3933			-78.8092			1.7000			63.0000			87.0000			-88.0000			
39.3616			39.9880			-78.2592			1.0000			53.0000			95.0000			-88.0000			
35.9539			43.3447			-78.2592			1.0000			44.0000			101.0000			-88.0000			
31.9783			48.3799			-80.4592			-0.1000			33.0000			109.0000			-87.0000			
28.0026			53.9745			-81.5591			0.4000			22.0000			114.0000			-86.0000			
22.8911			59.0097			-81.5591			0.3000			11.0000			118.0000			-85.0000			
16.0757			64.6043			-80.4592			0.2000			1.0000			123.0000			-83.0000			
7.5565			68.5206			-77.1592			-1.0000			-11.0000			126.0000			-82.0000			
-0.9627			74.6746			-72.7593			0.9000			-21.0000			127.0000			-80.0000			
-8.9140			79.1504			-70.0094			0.2000			-33.0000			130.0000			-77.0000			
-13.4576			80.2693			-66.7095			0.1000			-44.0000			132.0000			-75.0000			
-17.4332			78.0314			-61.2096			-0.6000			-54.0000			132.0000			-71.0000			
-24.8166			79.1504			-54.0598			0.2000			-65.0000			131.0000			-66.0000			
-30.4960			79.7098			-50.7598			-1.5000			-75.0000			130.0000			-61.0000			
-36.1755			79.7098			-45.2600			-1.7000			-84.0000			127.0000			-56.0000			
-39.5832			78.0314			-39.2101			-0.7000			-95.0000			123.0000			-51.0000			
-44.1268			78.0314			-35.9102			-1.9000			-104.0000			119.0000			-45.0000			
-46.9665			78.0314			-32.0603			-0.9000			-112.0000			114.0000			-39.0000			
-54.3499			77.4720			-25.4604			-2.3000			-120.0000			109.0000			-35.0000			
-59.4614			76.9125			-17.7606			-0.3000			-127.0000			102.0000			-28.0000			
-63.4370			74.1152			-11.1607			-0.4000			-132.0000			95.0000			-23.0000			
-67.9806			70.1989			-3.4609			-1.2000			-138.0000			88.0000			-16.0000			
-71.9563			66.2827			5.3389			-0.3000			-144.0000			81.0000			-10.0000			
-75.9319			62.9259			10.8388			-2.1000			-149.0000			74.0000			-3.0000			
-77.6357			59.0097			16.3387			-2.2000			-152.0000			65.0000			2.0000			
-75.3640			51.1772			22.9385			-1.2000			-154.0000			55.0000			8.0000			
-74.7960			45.0231			29.5384			-0.2000			-155.0000			45.0000			14.0000			
-77.0678			41.6663			35.0382			-0.3000			-157.0000			34.0000			22.0000			
-77.0678			35.5122			38.8882			-2.6000			-155.0000			24.0000			27.0000			
-75.9319			29.9176			44.9380			-1.0000			-154.0000			12.0000			34.0000			
-76.4998			26.0014			48.7879			-1.7000			-151.0000			2.0000			40.0000			
-77.0678			22.6446			53.1878			-1.2000			-149.0000			-8.0000			45.0000			
-78.7716			18.7284			58.1377			-1.9000			-144.0000			-18.0000			50.0000			
-77.0678			12.5743			63.6376			-0.8000			-140.0000			-29.0000			54.0000			
-75.9319			6.4202			68.0375			-1.4000			-135.0000			-37.0000			59.0000			
-71.3883			-3.0907			72.4374			-2.0000			-129.0000			-47.0000			63.0000			
-66.2768			-11.4826			76.8373			-0.9000			-122.0000			-59.0000			69.0000			
-63.4370			-16.5178			79.5872			-0.3000			-115.0000			-67.0000			73.0000			
-58.8935			-20.4340			78.4873			-0.8000			-107.0000			-77.0000			74.0000			
-54.3499			-23.7908			77.9373			-0.2000			-98.0000			-86.0000			78.0000			
-48.6704			-28.8260			76.8373			-0.6000			-89.0000			-94.0000			80.0000			
-44.6948			-34.9801			77.9373			-1.7000			-79.0000			-101.0000			81.0000			
-38.4473			-39.4558			78.4873			0.5000			-68.0000			-109.0000			81.0000			
-35.0396			-43.3720			78.4873			0.0000			-58.0000			-116.0000			82.0000			
-30.4960			-48.4072			77.9373			-0.9000			-46.0000			-121.0000			82.0000			
-27.0884			-52.8829			80.6872			0.7000			-34.0000			-127.0000			81.0000			
-21.9768			-59.0370			80.1372			-0.8000			-23.0000			-130.0000			80.0000			
-14.5935			-65.1911			79.0373			-0.7000			-11.0000			-134.0000			80.0000			
-6.0743			-70.2262			76.2873			0.0000			-1.0000			-137.0000			78.0000			
2.4449			-74.1425			71.8874			0.1000			11.0000			-139.0000			76.0000			
8.6924			-77.4993			68.5875			-0.2000			22.0000			-143.0000			75.0000			
14.3719			-80.2966			65.8375			0.0000			33.0000			-142.0000			71.0000			
18.3475			-79.7371			61.4376			0.0000			44.0000			-142.0000			68.0000			
24.0270			-78.0587			54.8378			0.7000			55.0000			-140.0000			63.0000			
30.2744			-79.1776			49.3379			0.4000			65.0000			-140.0000			58.0000			
35.9539			-79.1776			43.2881			0.0000			75.0000			-135.0000			53.0000			
39.3616			-78.6182			39.4381			0.1000			85.0000			-131.0000			47.0000			
42.2013			-78.0587			36.1382			0.2000			93.0000			-128.0000			40.0000			
47.8808			-78.0587			31.7383			1.5000			101.0000			-122.0000			35.0000			
53.5603			-76.9398			24.5885			1.1000			108.0000			-119.0000			30.0000			
58.6718			-75.2614			16.8886			0.2000			113.0000			-112.0000			22.0000			
63.7833			-74.1425			10.8388			0.4000			119.0000			-105.0000			17.0000			
68.3269			-70.7857			3.1390			0.6000			126.0000			-100.0000			9.0000			
71.7346			-66.8695			-4.0109			0.8000			130.0000			-93.0000			3.0000			
74.0064			-61.8343			-11.1607			1.0000			134.0000			-85.0000			-5.0000			
77.4141			-57.3586			-17.7606			2.2000			136.0000			-77.0000			-11.0000			
76.2782			-51.7640			-22.7105			1.8000			138.0000			-69.0000			-19.0000			
75.1423			-46.1693			-28.2103			0.7000			138.0000			-60.0000			-25.0000			
75.7103			-41.1342			-32.6102			1.9000			139.0000			-51.0000			-33.0000			
75.7103			-34.9801			-39.7601			0.9000			136.0000			-41.0000			-40.0000			
75.7103			-30.5044			-44.7100			0.4000			135.0000			-31.0000			-46.0000			
77.4141			-28.2665			-48.0099			1.1000			131.0000			-22.0000			-54.0000			
76.8462			-23.2314			-52.4098			1.2000			128.0000			-11.0000			-58.0000			
76.8462			-18.1962			-57.9097			0.7000			123.0000			-1.0000			-65.0000			
76.2782			-12.0421			-62.8596			1.3000			119.0000			8.0000			-70.0000			
75.1423			-6.4475			-67.2595			1.4000			113.0000			17.0000			-75.0000			
71.7346			1.9445			-71.6594			2.0000			106.0000			26.0000			-81.0000			
67.7590			10.3364			-76.0593			2.0000			98.0000			34.0000			-85.0000			
63.7833			15.9310			-78.8092			0.9000			91.0000			45.0000			-89.0000			
58.1039			20.4067			-78.8092			-0.2000			82.0000			53.0000			-95.0000			
55.2641			24.3230			-78.8092			0.7000			72.0000			61.0000			-96.0000			
51.8564			28.2392			-77.1592			2.9000			62.0000			68.0000			-98.0000			
45.6090			32.7149			-77.1592			1.1000			51.0000			76.0000			-99.0000			
38.2257			39.4285			-77.1592			0.4000			40.0000			83.0000			-101.0000			
35.9539			43.9042			-79.3592			0.5000			28.0000			88.0000			-101.0000			
32.5462			47.8204			-79.9092			0.4000			16.0000			95.0000			-103.0000			
29.1385			52.2961			-81.0092			0.4000			5.0000			98.0000			-102.0000			
22.8911			57.8908			-79.9092			0.8000			-6.0000			102.0000			-102.0000			
16.0757			64.0449			-79.3592			0.7000			-17.0000			106.0000			-101.0000			
6.9885			69.0800			-76.6093			-0.5000			-29.0000			109.0000			-98.0000			
-0.3948			72.9963			-72.2094			0.3000			-40.0000			112.0000			-97.0000			
-7.7781			76.3530			-68.9094			-0.3000			-52.0000			114.0000			-95.0000			
-12.8897			78.5909			-65.6095			0.0000			-63.0000			116.0000			-91.0000			
-18.5691			78.0314			-60.1096			-0.6000			-73.0000			115.0000			-87.0000			
-24.2486			78.0314			-53.5098			0.2000			-85.0000			115.0000			-82.0000			
-29.3601			78.5909			-50.2098			-0.9000			-93.0000			113.0000			-75.0000			
-33.3358			77.4720			-43.6100			0.5000			-103.0000			110.0000			-71.0000			
-38.4473			77.4720			-38.1101			0.9000			-114.0000			107.0000			-65.0000			
-42.9909			78.0314			-35.3602			-0.3000			-120.0000			104.0000			-58.0000			
-46.3986			79.1504			-32.0603			0.6000			-127.0000			99.0000			-51.0000			
-50.9422			76.9125			-25.4604			0.5000			-134.0000			95.0000			-45.0000			
-57.1896			74.6746			-17.2106			0.2000			-140.0000			90.0000			-39.0000			
-63.4370			72.4368			-10.0607			-1.0000			-145.0000			84.0000			-33.0000			
-67.9806			70.1989			-2.3609			-0.1000			-150.0000			79.0000			-25.0000			
-71.3883			67.4016			4.7889			0.8000			-153.0000			72.0000			-17.0000			
-73.0922			62.3665			11.3888			0.6000			-157.0000			67.0000			-9.0000			
-75.3640			56.7718			17.9886			-0.6000			-159.0000			59.0000			-1.0000			
-74.7960			50.6177			24.5885			0.4000			-159.0000			50.0000			7.0000			
-74.7960			45.5826			30.0883			0.8000			-159.0000			43.0000			15.0000			
-76.4998			42.7853			33.3883			-0.3000			-157.0000			33.0000			22.0000			
-75.9319			35.5122			38.8882			-1.5000			-155.0000			22.0000			30.0000			
-74.2281			29.3582			44.3880			-0.4000			-152.0000			15.0000			38.0000			
-76.4998			26.5608			49.3379			-0.6000			-149.0000			5.0000			44.0000			
-78.2037			24.3230			53.1878			-0.6000			-144.0000			-4.0000			51.0000			
-78.2037			18.1689			57.5877			-2.4000			-138.0000			-14.0000			56.0000			
-74.7960			11.4553			63.0876			-0.2000			-133.0000			-23.0000			63.0000			
-74.7960			5.8607			68.0375			-0.9000			-126.0000			-30.0000			68.0000			
-71.3883			-2.5312			72.9874			-0.9000			-119.0000			-39.0000			74.0000			
-66.8447			-9.8042			75.1873			-1.4000			-112.0000			-48.0000			79.0000			
-62.8691			-15.3989			78.4873			0.2000			-103.0000			-55.0000			84.0000			
-58.3255			-19.8746			77.3873			-0.8000			-94.0000			-65.0000			89.0000			
-53.2140			-24.9097			77.3873			-0.7000			-84.0000			-73.0000			92.0000			
-47.5345			-29.3854			76.8373			0.0000			-73.0000			-81.0000			94.0000			
-44.1268			-33.3017			77.9373			0.5000			-61.0000			-87.0000			96.0000			
-39.5832			-38.8963			76.8373			-1.6000			-50.0000			-94.0000			98.0000			
-33.9037			-43.3720			76.8373			-0.4000			-39.0000			-102.0000			98.0000			
-29.9281			-48.9666			78.4873			-0.4000			-27.0000			-106.0000			99.0000			
-27.6563			-52.8829			80.6872			0.1000			-17.0000			-110.0000			98.0000			
-21.4089			-57.9181			79.5872			0.2000			-4.0000			-115.0000			97.0000			
-12.8897			-64.0721			77.3873			0.4000			6.0000			-117.0000			95.0000			
-4.9384			-70.7857			75.1873			-0.5000			18.0000			-122.0000			95.0000			
2.4449			-74.7019			71.8874			-0.3000			30.0000			-124.0000			92.0000			
