4.7322			-36.6466			28.2162			-3.6000			-41.0000			-227.0000			170.0000			
6.4466			-40.0848			30.4495			-3.1000			-22.0000			-237.0000			163.0000			
13.3044			-42.3770			28.2162			-0.8000			-1.0000			-246.0000			154.0000			
20.7337			-41.2309			19.2829			-1.2000			20.0000			-255.0000			146.0000			
25.8771			-44.0961			15.3745			-2.8000			40.0000			-259.0000			136.0000			
29.8774			-44.6691			12.5829			-2.2000			60.0000			-265.0000			124.0000			
29.3060			-45.2422			14.8162			-1.1000			81.0000			-270.0000			113.0000			
25.8771			-45.8152			18.1662			-1.7000			99.0000			-274.0000			99.0000			
26.4485			-44.6691			16.4912			-1.7000			118.0000			-277.0000			90.0000			
31.5919			-44.6691			11.4662			-1.6000			133.0000			-278.0000			78.0000			
37.8782			-41.8039			3.0913			-0.8000			148.0000			-278.0000			67.0000			
41.3071			-39.5118			-3.6087			-1.8000			164.0000			-276.0000			53.0000			
44.7360			-35.5005			-8.6337			0.6000			177.0000			-273.0000			38.0000			
44.1645			-36.6466			-9.1920			-1.6000			190.0000			-265.0000			22.0000			
41.3071			-37.7926			-5.8421			-2.3000			201.0000			-258.0000			6.0000			
41.8786			-35.5005			-8.0754			-1.6000			210.0000			-248.0000			-10.0000			
43.0216			-28.6240			-15.3337			-0.9000			218.0000			-238.0000			-27.0000			
44.1645			-25.7588			-21.4753			-3.0000			222.0000			-225.0000			-42.0000			
47.0220			-21.7475			-26.5003			-1.2000			227.0000			-210.0000			-59.0000			
47.5934			-20.0284			-28.1753			-0.6000			230.0000			-195.0000			-76.0000			
45.8790			-22.3206			-26.5003			-2.9000			233.0000			-180.0000			-93.0000			
43.5931			-21.7475			-24.8253			-2.9000			236.0000			-167.0000			-108.0000			
42.4501			-17.7363			-27.6170			-2.9000			235.0000			-152.0000			-121.0000			
40.7356			-11.4328			-31.5253			-2.2000			234.0000			-137.0000			-134.0000			
39.0212			-3.9833			-35.9920			-0.9000			230.0000			-120.0000			-147.0000			
36.7353			1.1740			-38.7836			-0.8000			227.0000			-102.0000			-161.0000			
36.1638			2.8931			-39.9003			-0.8000			219.0000			-82.0000			-174.0000			
36.1638			0.0280			-37.1086			-0.9000			212.0000			-62.0000			-185.0000			
33.3063			1.1740			-35.9920			-1.5000			201.0000			-42.0000			-194.0000			
27.5915			8.6235			-37.1086			-0.8000			189.0000			-23.0000			-202.0000			
21.3052			15.5000			-38.2253			-1.4000			176.0000			-4.0000			-210.0000			
20.1622			19.5113			-41.5753			-1.9000			161.0000			16.0000			-214.0000			
20.1622			21.8034			-42.6919			-0.7000			145.0000			37.0000			-220.0000			
17.8763			21.8034			-40.4586			-0.7000			128.0000			59.0000			-225.0000			
17.8763			22.3765			-42.1336			-1.8000			112.0000			77.0000			-229.0000			
16.1618			24.0956			-41.0169			-0.7000			95.0000			95.0000			-233.0000			
12.1615			28.1069			-39.9003			0.3000			78.0000			111.0000			-234.0000			
5.3036			34.4103			-37.6670			2.0000			62.0000			127.0000			-235.0000			
-0.9827			37.2755			-35.4336			0.8000			42.0000			143.0000			-234.0000			
-6.6975			38.9946			-31.5253			0.7000			22.0000			158.0000			-232.0000			
-8.9834			38.9946			-29.2920			0.7000			-1.0000			174.0000			-228.0000			
-6.1260			37.8485			-29.2920			2.4000			-19.0000			186.0000			-223.0000			
-7.8405			40.7137			-29.8503			3.0000			-39.0000			195.0000			-216.0000			
-15.8412			43.0059			-25.9420			1.2000			-60.0000			204.0000			-208.0000			
-19.8416			42.4329			-20.3587			2.2000			-79.0000			211.0000			-200.0000			
-24.9850			44.7250			-17.5670			2.1000			-99.0000			219.0000			-188.0000			
-29.5569			45.2981			-15.3337			0.4000			-121.0000			224.0000			-176.0000			
-29.5569			45.8711			-15.3337			0.9000			-140.0000			230.0000			-165.0000			
-26.1280			46.4441			-17.5670			2.7000			-159.0000			232.0000			-151.0000			
-26.6994			45.2981			-15.8920			2.7000			-177.0000			234.0000			-141.0000			
-31.2713			45.2981			-12.5420			1.4000			-193.0000			236.0000			-131.0000			
-36.4147			42.4329			-4.7254			1.2000			-207.0000			236.0000			-118.0000			
-42.1295			40.1407			3.0913			1.1000			-223.0000			233.0000			-104.0000			
-44.9869			36.1294			9.7912			0.9000			-238.0000			229.0000			-89.0000			
-43.2725			36.1294			9.2329			2.0000			-250.0000			223.0000			-73.0000			
-39.8436			36.1294			6.4412			2.7000			-260.0000			214.0000			-57.0000			
-41.5580			34.4103			9.7912			2.6000			-269.0000			205.0000			-41.0000			
-42.7010			29.8260			14.8162			1.9000			-277.0000			193.0000			-25.0000			
-45.5584			25.8147			19.8412			0.0000			-283.0000			181.0000			-8.0000			
-46.7014			24.0956			24.3078			1.7000			-286.0000			166.0000			8.0000			
-46.7014			20.0843			27.6578			1.0000			-291.0000			151.0000			25.0000			
-46.1299			20.6574			28.2162			2.7000			-294.0000			138.0000			41.0000			
-43.8440			20.0843			25.9828			2.2000			-295.0000			124.0000			56.0000			
-43.2725			16.6461			26.5412			0.0000			-296.0000			108.0000			71.0000			
-41.5580			12.6348			30.4495			1.5000			-295.0000			94.0000			83.0000			
-38.7006			4.6123			36.0328			1.9000			-290.0000			78.0000			96.0000			
-35.8432			-2.2642			41.0578			2.9000			-285.0000			58.0000			109.0000			
-35.2717			-3.9833			42.1745			2.9000			-279.0000			38.0000			122.0000			
-35.8432			0.0280			37.7078			1.8000			-271.0000			18.0000			133.0000			
-34.1287			-1.6912			36.0328			0.2000			-261.0000			-1.0000			143.0000			
-27.8424			-10.2868			37.7078			-0.4000			-250.0000			-19.0000			151.0000			
-23.8420			-14.8711			38.2661			-0.4000			-235.0000			-38.0000			157.0000			
-22.1276			-18.8823			42.1745			1.1000			-220.0000			-60.0000			163.0000			
-16.4127			-22.3206			41.6161			2.8000			-204.0000			-80.0000			169.0000			
-15.8412			-23.4667			41.6161			2.3000			-187.0000			-99.0000			172.0000			
-18.1272			-24.0397			42.7328			0.5000			-170.0000			-120.0000			177.0000			
-18.6987			-24.0397			41.0578			-1.6000			-153.0000			-137.0000			179.0000			
-12.9838			-26.9049			39.3828			-0.5000			-136.0000			-154.0000			182.0000			
-3.2686			-32.6353			37.1495			1.2000			-119.0000			-170.0000			181.0000			
3.5892			-37.7926			36.0328			1.8000			-101.0000			-185.0000			182.0000			
7.5896			-40.6578			32.1245			-0.9000			-80.0000			-201.0000			179.0000			
7.0181			-40.0848			29.3328			-3.7000			-58.0000			-216.0000			174.0000			
5.3036			-38.3657			29.3328			-3.7000			-38.0000			-228.0000			169.0000			
7.0181			-40.6578			29.8912			-3.7000			-18.0000			-238.0000			163.0000			
12.1615			-42.9500			26.5412			-4.2000			2.0000			-248.0000			154.0000			
21.3052			-42.9500			19.2829			-2.3000			21.0000			-254.0000			146.0000			
27.0200			-45.2422			16.4912			-1.7000			42.0000			-260.0000			135.0000			
30.4489			-44.6691			12.5829			-1.6000			63.0000			-266.0000			123.0000			
28.7345			-44.6691			13.1412			-2.7000			82.0000			-271.0000			111.0000			
25.8771			-46.3882			18.1662			-2.3000			102.0000			-274.0000			99.0000			
27.0200			-45.8152			17.6079			-1.1000			119.0000			-278.0000			87.0000			
32.7349			-44.6691			11.4662			-0.4000			134.0000			-278.0000			76.0000			
38.4497			-40.6578			1.9746			-0.2000			150.0000			-278.0000			63.0000			
42.4501			-38.9387			-5.2837			-1.7000			165.0000			-276.0000			52.0000			
45.3075			-35.5005			-10.3087			-0.5000			179.0000			-271.0000			36.0000			
43.5931			-36.6466			-8.6337			-1.6000			191.0000			-265.0000			20.0000			
41.3071			-38.3657			-5.2837			-2.3000			203.0000			-257.0000			3.0000			
41.3071			-34.9274			-8.6337			-2.2000			211.0000			-247.0000			-11.0000			
43.0216			-28.0510			-15.8920			-0.9000			219.0000			-236.0000			-29.0000			
45.8790			-25.7588			-22.5920			-2.4000			223.0000			-222.0000			-44.0000			
46.4505			-21.7475			-27.6170			-2.9000			227.0000			-209.0000			-61.0000			
46.4505			-18.8823			-29.2920			-1.7000			230.0000			-193.0000			-78.0000			
46.4505			-20.6015			-27.0587			-1.2000			232.0000			-179.0000			-95.0000			
44.7360			-22.8936			-22.5920			-0.7000			235.0000			-165.0000			-109.0000			
41.8786			-18.8823			-24.8253			-1.8000			236.0000			-150.0000			-125.0000			
40.1642			-10.2868			-31.5253			-1.6000			235.0000			-134.0000			-137.0000			
38.4497			-2.8372			-37.6670			-2.0000			230.0000			-119.0000			-150.0000			
36.7353			2.3201			-41.0169			-1.9000			226.0000			-99.0000			-162.0000			
35.5923			3.4662			-39.9003			-0.8000			219.0000			-80.0000			-175.0000			
35.5923			-1.1181			-35.9920			-1.5000			209.0000			-59.0000			-185.0000			
33.3063			1.1740			-35.4336			-0.9000			200.0000			-41.0000			-196.0000			
26.4485			8.6235			-37.1086			-2.0000			189.0000			-21.0000			-203.0000			
20.7337			16.0731			-37.6670			-0.8000			175.0000			-1.0000			-210.0000			
19.0193			20.0843			-41.5753			-2.4000			158.0000			18.0000			-215.0000			
16.7333			23.5226			-42.1336			-1.8000			143.0000			39.0000			-221.0000			
17.8763			24.0956			-39.9003			2.0000			126.0000			59.0000			-226.0000			
20.1622			22.3765			-42.1336			0.4000			110.0000			79.0000			-230.0000			
17.3048			21.8034			-41.5753			-2.4000			93.0000			97.0000			-233.0000			
9.8755			27.5338			-39.3419			-1.9000			75.0000			113.0000			-234.0000			
3.0177			34.4103			-37.1086			0.3000			59.0000			130.0000			-235.0000			
-2.6971			37.8485			-34.3170			0.8000			40.0000			145.0000			-235.0000			
-6.6975			40.1407			-30.4086			3.0000			20.0000			160.0000			-232.0000			
-7.8405			38.4216			-28.7336			1.8000			-1.0000			175.0000			-228.0000			
-5.5545			36.7025			-30.4086			0.7000			-22.0000			186.0000			-222.0000			
-8.4120			40.1407			-30.9670			0.7000			-41.0000			196.0000			-216.0000			
-15.2698			42.4329			-25.9420			1.2000			-62.0000			206.0000			-208.0000			
-23.2705			41.8598			-19.2420			-0.6000			-82.0000			213.0000			-198.0000			
-27.2709			45.2981			-15.8920			2.1000			-102.0000			219.0000			-187.0000			
-28.9854			44.7250			-14.2170			1.5000			-123.0000			225.0000			-175.0000			
-27.8424			44.7250			-15.3337			1.5000			-142.0000			230.0000			-163.0000			
-26.6994			46.4441			-19.8003			0.0000			-161.0000			232.0000			-151.0000			
-27.8424			45.8711			-16.4504			1.5000			-179.0000			235.0000			-140.0000			
-31.8428			43.5789			-10.3087			1.4000			-195.0000			237.0000			-129.0000			
-36.9861			41.2868			-3.0504			1.2000			-209.0000			234.0000			-117.0000			
-42.1295			38.9946			4.2079			1.0000			-225.0000			233.0000			-103.0000			
-44.9869			36.1294			9.7912			0.9000			-239.0000			228.0000			-86.0000			
-43.2725			35.5564			8.1162			0.3000			-252.0000			222.0000			-71.0000			
-41.5580			37.2755			5.3246			1.0000			-263.0000			213.0000			-55.0000			
-41.5580			34.9834			8.6746			2.0000			-271.0000			203.0000			-39.0000			
-42.1295			26.9608			17.0495			1.8000			-277.0000			191.0000			-23.0000			
-46.1299			24.6686			21.5162			0.0000			-283.0000			179.0000			-6.0000			
-47.2729			23.5226			24.8662			1.1000			-287.0000			164.0000			10.0000			
-46.1299			20.6574			26.5412			1.0000			-290.0000			150.0000			27.0000			
-44.9869			20.6574			25.9828			1.6000			-293.0000			135.0000			44.0000			
-43.8440			21.2304			25.9828			3.3000			-295.0000			121.0000			57.0000			
-41.5580			16.0731			28.2162			2.7000			-296.0000			107.0000			72.0000			
-40.9865			9.1966			32.1245			0.3000			-294.0000			91.0000			85.0000			
-38.1291			2.3201			36.5911			0.7000			-291.0000			74.0000			97.0000			
-36.4147			-2.2642			39.9411			1.2000			-285.0000			55.0000			111.0000			
-35.2717			-3.4103			40.4995			1.8000			-278.0000			35.0000			123.0000			
-34.7002			0.0280			37.1495			2.4000			-269.0000			16.0000			134.0000			
-32.4143			-2.2642			36.5911			1.9000			-260.0000			-1.0000			143.0000			
-25.5565			-10.2868			37.7078			1.8000			-247.0000			-22.0000			151.0000			
-22.1276			-14.8711			38.8245			1.8000			-233.0000			-42.0000			158.0000			
-22.6991			-20.0284			41.6161			-1.1000			-219.0000			-62.0000			162.0000			
-18.6987			-21.7475			41.6161			1.1000			-202.0000			-82.0000			169.0000			
-16.4127			-22.8936			41.0578			1.7000			-185.0000			-102.0000			172.0000			
-16.9842			-22.8936			42.1745			2.2000			-168.0000			-122.0000			177.0000			
-16.9842			-24.6127			41.0578			-0.5000			-152.0000			-140.0000			179.0000			
-12.4123			-29.1971			40.4995			-1.1000			-134.0000			-156.0000			180.0000			
-4.4116			-34.3544			37.1495			-1.6000			-117.0000			-171.0000			180.0000			
2.4462			-37.7926			34.9161			-0.4000			-99.0000			-188.0000			181.0000			
7.5896			-39.5118			31.0078			-0.9000			-77.0000			-203.0000			178.0000			
7.0181			-38.9387			28.7745			-3.1000			-57.0000			-217.0000			174.0000			
4.1607			-37.7926			30.4495			-3.1000			-35.0000			-229.0000			168.0000			
8.7325			-41.8039			31.0078			-2.0000			-17.0000			-239.0000			162.0000			
13.8759			-42.9500			25.9828			-3.0000			3.0000			-248.0000			153.0000			
21.3052			-41.8039			18.7245			-1.7000			24.0000			-256.0000			143.0000			
26.4485			-45.8152			17.0495			-2.3000			44.0000			-262.0000			133.0000			
29.3060			-45.2422			13.6995			-2.2000			64.0000			-267.0000			121.0000			
29.3060			-44.0961			14.2579			-0.5000			87.0000			-272.0000			109.0000			
27.5915			-46.3882			15.9329			-2.8000			103.0000			-275.0000			97.0000			
26.4485			-45.8152			16.4912			-2.8000			121.0000			-277.0000			87.0000			
31.5919			-45.2422			11.4662			-2.1000			136.0000			-278.0000			76.0000			
38.4497			-42.3770			2.5329			-1.3000			151.0000			-277.0000			63.0000			
43.0216			-38.3657			-5.8421			-1.1000			166.0000			-275.0000			48.0000			
44.1645			-35.5005			-11.4254			-2.7000			180.0000			-269.0000			35.0000			
43.0216			-36.0735			-9.1920			-2.2000			194.0000			-264.0000			18.0000			
43.0216			-37.2196			-6.9587			-1.1000			203.0000			-256.0000			2.0000			
41.3071			-34.9274			-9.7504			-3.3000			212.0000			-246.0000			-15.0000			
41.8786			-28.0510			-16.4504			-2.6000			219.0000			-234.0000			-31.0000			
45.8790			-25.1858			-21.4753			-0.7000			224.0000			-221.0000			-46.0000			
47.5934			-22.8936			-26.5003			-1.8000			228.0000			-207.0000			-65.0000			
46.4505			-20.6015			-28.7336			-2.8000			232.0000			-192.0000			-81.0000			
45.3075			-20.0284			-27.6170			-2.3000			234.0000			-177.0000			-97.0000			
44.7360			-21.1745			-25.3837			-1.8000			235.0000			-163.0000			-111.0000			
42.4501			-18.8823			-25.3837			-1.8000			235.0000			-149.0000			-125.0000			
39.5927			-11.4328			-30.4086			-2.2000			234.0000			-132.0000			-139.0000			
38.4497			-1.6912			-37.6670			-0.9000			231.0000			-115.0000			-150.0000			
37.3067			2.8931			-42.1336			-1.9000			225.0000			-97.0000			-164.0000			
36.1638			2.8931			-41.0169			-1.9000			217.0000			-77.0000			-175.0000			
33.3063			-0.5451			-37.1086			-4.3000			209.0000			-57.0000			-187.0000			
32.1634			1.7471			-36.5503			-2.6000			198.0000			-37.0000			-197.0000			
27.0200			8.6235			-37.1086			-1.4000			187.0000			-19.0000			-204.0000			
21.3052			16.6461			-38.7836			-0.8000			172.0000			1.0000			-210.0000			
19.5907			20.6574			-41.5753			-1.3000			158.0000			22.0000			-216.0000			
16.1618			22.9495			-42.6919			-3.5000			141.0000			42.0000			-222.0000			
15.5904			24.0956			-42.1336			-2.4000			125.0000			62.0000			-226.0000			
18.4478			24.6686			-42.1336			0.9000			107.0000			81.0000			-229.0000			
17.8763			23.5226			-41.5753			-0.1000			91.0000			99.0000			-233.0000			
11.0185			27.5338			-40.4586			-1.9000			75.0000			117.0000			-235.0000			
1.8747			34.9834			-37.6670			-0.8000			56.0000			132.0000			-234.0000			
-4.9831			38.9946			-34.8753			-0.8000			38.0000			147.0000			-234.0000			
-7.8405			41.2868			-30.9670			2.4000			17.0000			162.0000			-233.0000			
-7.2690			37.8485			-28.7336			1.8000			-4.0000			177.0000			-228.0000			
-6.1260			38.4216			-28.7336			3.5000			-23.0000			189.0000			-222.0000			
-9.5549			41.2868			-29.8503			1.8000			-45.0000			198.0000			-215.0000			
-15.8412			43.0059			-25.9420			1.2000			-65.0000			207.0000			-206.0000			
-22.6991			42.4329			-19.2420			0.4000			-84.0000			214.0000			-196.0000			
-28.9854			44.7250			-15.8920			-0.1000			-105.0000			219.0000			-185.0000			
-30.1283			45.2981			-13.1004			2.0000			-126.0000			225.0000			-173.0000			
-28.4139			44.7250			-13.6587			2.6000			-145.0000			230.0000			-163.0000			
-26.6994			45.2981			-18.1253			0.4000			-163.0000			232.0000			-151.0000			
-27.8424			44.7250			-15.8920			0.9000			-180.0000			235.0000			-139.0000			
-33.5572			44.1520			-9.7504			0.8000			-196.0000			236.0000			-127.0000			
-39.2721			40.7137			-0.8171			0.6000			-212.0000			235.0000			-116.0000			
-43.2725			38.9946			5.8829			1.5000			-226.0000			232.0000			-100.0000			
-44.4154			36.1294			9.7912			1.5000			-241.0000			229.0000			-85.0000			
-43.2725			36.1294			7.5579			0.4000			-252.0000			221.0000			-69.0000			
-41.5580			36.1294			6.4412			1.0000			-263.0000			213.0000			-53.0000			
-42.1295			33.8373			9.2329			0.9000			-272.0000			202.0000			-37.0000			
-42.7010			28.6799			15.9329			1.9000			-278.0000			191.0000			-20.0000			
-46.1299			25.2417			23.1912			2.3000			-283.0000			177.0000			-4.0000			
-47.2729			21.8034			27.6578			2.1000			-288.0000			163.0000			12.0000			
-46.7014			20.0843			28.2162			1.6000			-291.0000			148.0000			29.0000			
-46.1299			20.0843			25.4245			-0.6000			-295.0000			135.0000			44.0000			
-44.4154			21.2304			24.3078			1.1000			-295.0000			120.0000			59.0000			
-42.1295			16.0731			28.2162			2.1000			-294.0000			104.0000			73.0000			
-39.8436			8.0505			33.7995			2.0000			-294.0000			89.0000			87.0000			
-37.5576			0.0280			38.2661			0.7000			-289.0000			73.0000			98.0000			
-36.9861			-3.4103			41.0578			0.6000			-284.0000			53.0000			112.0000			
-35.8432			-2.8372			39.3828			0.6000			-276.0000			33.0000			124.0000			
-31.8428			2.3201			38.8245			9.2000			-268.0000			15.0000			136.0000			
-34.1287			1.1740			36.5911			3.6000			-256.0000			-4.0000			145.0000			
-27.2709			-7.9946			39.3828			4.1000			-245.0000			-24.0000			152.0000			
-21.5561			-14.8711			39.9411			3.5000			-230.0000			-44.0000			158.0000			
-20.9846			-20.6015			42.1745			0.5000			-216.0000			-63.0000			165.0000			
-18.6987			-24.0397			41.0578			-1.6000			-198.0000			-84.0000			171.0000			
-17.5557			-23.4667			42.1745			1.1000			-182.0000			-104.0000			174.0000			
-18.6987			-24.0397			42.1745			-0.5000			-165.0000			-123.0000			178.0000			
-15.8412			-24.0397			41.0578			1.1000			-149.0000			-140.0000			181.0000			
-9.5549			-29.7701			40.4995			1.1000			-131.0000			-157.0000			183.0000			
-2.6971			-37.2196			36.5911			-3.3000			-113.0000			-173.0000			183.0000			
3.0177			-40.6578			34.3578			-3.2000			-95.0000			-189.0000			182.0000			
8.7325			-40.0848			30.4495			-0.9000			-74.0000			-204.0000			180.0000			
5.8751			-37.7926			28.7745			-3.1000			-53.0000			-219.0000			174.0000			
5.8751			-38.3657			29.8912			-2.6000			-33.0000			-229.0000			170.0000			
9.8755			-41.8039			29.8912			-2.0000			-13.0000			-240.0000			161.0000			
16.7333			-43.5230			25.9828			-0.8000			7.0000			-249.0000			152.0000			
21.3052			-42.3770			18.7245			-2.3000			28.0000			-256.0000			143.0000			
27.5915			-46.3882			16.4912			-2.3000			47.0000			-261.0000			130.0000			
29.8774			-46.3882			14.8162			-1.6000			67.0000			-267.0000			119.0000			
30.4489			-45.8152			15.9329			0.5000			87.0000			-271.0000			108.0000			
81.3110			-44.0961			19.2829			56.4000			97.0000			-277.0000			94.0000			
108.7422			-42.3770			18.7245			85.0000			101.0000			-289.0000			71.0000			
105.3133			-60.1412			-6.4004			38.7000			99.0000			-305.0000			46.0000			
80.7395			-38.9387			-4.7254			37.0000			99.0000			-324.0000			12.0000			
49.8794			-38.9387			-12.5420			-1.5000			100.0000			-337.0000			-18.0000			
40.1642			-36.6466			-10.3087			-6.7000			103.0000			-338.0000			-46.0000			
40.1642			-39.5118			0.8579			1.5000			107.0000			-336.0000			-66.0000			
40.7356			-43.5230			-2.4921			-5.2000			113.0000			-328.0000			-84.0000			
48.7364			-34.3544			-7.5170			6.8000			119.0000			-319.0000			-100.0000			
49.8794			-27.4779			-20.3587			2.0000			124.0000			-308.0000			-114.0000			
52.1653			-18.3093			-26.5003			7.3000			128.0000			-294.0000			-131.0000			
58.4516			-19.4554			-27.6170			11.3000			132.0000			-279.0000			-147.0000			
63.5950			-24.6127			-27.6170			11.3000			136.0000			-262.0000			-163.0000			
67.0239			-22.3206			-23.7087			20.9000			137.0000			-248.0000			-179.0000			
60.7376			-20.0284			-22.5920			18.1000			139.0000			-235.0000			-194.0000			
56.1657			-14.8711			-24.8253			16.4000			140.0000			-221.0000			-208.0000			
53.8798			-7.4216			-29.2920			17.1000			137.0000			-206.0000			-222.0000			
51.5938			-1.1181			-37.1086			13.3000			134.0000			-187.0000			-232.0000			
49.8794			5.7583			-41.0169			14.6000			131.0000			-167.0000			-245.0000			
48.7364			2.3201			-39.9003			11.1000			127.0000			-145.0000			-254.0000			
47.5934			0.0280			-35.4336			12.1000			122.0000			-124.0000			-261.0000			
43.0216			3.4662			-33.2003			13.2000			116.0000			-101.0000			-267.0000			
34.4493			11.4887			-34.8753			11.0000			108.0000			-78.0000			-269.0000			
29.3060			21.2304			-37.6670			12.8000			100.0000			-52.0000			-270.0000			
28.1630			22.9495			-40.4586			10.6000			91.0000			-27.0000			-269.0000			
25.8771			24.6686			-39.9003			10.6000			82.0000			-1.0000			-267.0000			
27.0200			23.5226			-40.4586			10.0000			75.0000			27.0000			-265.0000			
29.3060			23.5226			-40.4586			12.3000			66.0000			52.0000			-262.0000			
31.0204			25.2417			-38.7836			17.4000			60.0000			76.0000			-257.0000			
24.7341			30.3990			-37.1086			18.0000			51.0000			98.0000			-251.0000			
15.5904			34.9834			-35.9920			14.5000			41.0000			122.0000			-245.0000			
5.8751			40.1407			-33.2003			12.8000			30.0000			143.0000			-237.0000			
0.1603			40.7137			-29.8503			11.0000			20.0000			165.0000			-227.0000			
-0.4112			38.9946			-27.0587			11.5000			7.0000			186.0000			-216.0000			
0.1603			40.1407			-28.7336			11.5000			-2.0000			205.0000			-201.0000			
-3.8401			43.0059			-27.6170			11.5000			-12.0000			222.0000			-187.0000			
-9.5549			42.4329			-22.5920			10.2000			-22.0000			238.0000			-171.0000			
-16.9842			44.1520			-17.5670			9.5000			-33.0000			254.0000			-152.0000			
-24.9850			45.8711			-15.3337			5.5000			-44.0000			267.0000			-132.0000			
-26.6994			44.7250			-13.6587			4.3000			-56.0000			279.0000			-113.0000			
-26.1280			45.8711			-14.2170			5.5000			-66.0000			291.0000			-94.0000			
-23.2705			45.2981			-16.4504			5.5000			-75.0000			301.0000			-73.0000			
-24.4135			45.8711			-15.3337			6.1000			-83.0000			310.0000			-55.0000			
-30.1283			44.1520			-8.6337			5.3000			-91.0000			317.0000			-38.0000			
-35.8432			40.1407			-0.2587			4.0000			-99.0000			321.0000			-19.0000			
-42.1295			36.7025			6.9996			1.5000			-106.0000			324.0000			-1.0000			
-43.8440			34.4103			10.9079			1.4000			-114.0000			322.0000			21.0000			
-42.7010			36.1294			6.9996			0.4000			-121.0000			319.0000			41.0000			
-43.2725			36.7025			4.7662			-1.8000			-126.0000			316.0000			62.0000			
-45.5584			32.1182			9.2329			-4.2000			-130.0000			309.0000			82.0000			
-44.9869			26.3878			15.9329			-2.6000			-132.0000			299.0000			102.0000			
-47.8443			25.2417			21.5162			-1.0000			-135.0000			287.0000			120.0000			
-48.4158			21.8034			27.0995			0.4000			-137.0000			276.0000			138.0000			
-48.9873			19.5113			27.0995			-2.3000			-138.0000			262.0000			156.0000			
-48.9873			19.5113			25.4245			-4.0000			-141.0000			247.0000			171.0000			
-46.7014			19.5113			22.6329			-4.5000			-143.0000			231.0000			185.0000			
-44.9869			16.6461			24.8662			-3.4000			-145.0000			216.0000			198.0000			
-42.1295			7.4775			31.5662			-3.0000			-146.0000			198.0000			207.0000			
-40.4150			-1.1181			38.2661			-3.2000			-145.0000			179.0000			218.0000			
-38.7006			-5.7024			39.9411			-4.4000			-145.0000			156.0000			226.0000			
-38.7006			-3.9833			37.1495			-5.5000			-143.0000			132.0000			234.0000			
-38.7006			-1.6912			33.7995			-6.5000			-141.0000			109.0000			238.0000			
-35.8432			-3.9833			34.9161			-4.9000			-138.0000			84.0000			240.0000			
-28.9854			-12.0059			34.9161			-6.0000			-133.0000			59.0000			241.0000			
-24.9850			-16.5902			37.7078			-3.8000			-128.0000			31.0000			239.0000			
-22.6991			-21.7475			40.4995			-3.9000			-122.0000			5.0000			237.0000			
-18.6987			-24.6127			40.4995			-2.8000			-116.0000			-24.0000			234.0000			
-21.5561			-25.7588			39.9411			-7.3000			-109.0000			-50.0000			229.0000			
-24.9850			-24.0397			41.0578			-7.9000			-104.0000			-79.0000			224.0000			
-21.5561			-24.0397			39.3828			-6.2000			-98.0000			-104.0000			217.0000			
-11.8409			-30.3431			37.7078			-4.4000			-94.0000			-129.0000			210.0000			
-3.2686			-36.0735			34.9161			-4.4000			-88.0000			-154.0000			200.0000			
1.3033			-40.6578			32.1245			-7.2000			-80.0000			-180.0000			189.0000			
3.5892			-40.6578			27.6578			-9.4000			-71.0000			-204.0000			176.0000			
3.0177			-38.3657			25.9828			-9.3000			-62.0000			-226.0000			163.0000			
1.3033			-37.7926			28.7745			-7.7000			-54.0000			-246.0000			148.0000			
6.4466			-41.2309			29.3328			-5.4000			-45.0000			-266.0000			130.0000			
13.3044			-41.8039			24.3078			-4.1000			-39.0000			-283.0000			114.0000			
18.4478			-42.9500			18.7245			-5.7000			-27.0000			-298.0000			94.0000			
25.8771			-46.3882			14.8162			-5.6000			-17.0000			-311.0000			75.0000			
26.4485			-44.6691			12.5829			-5.6000			-6.0000			-325.0000			56.0000			
24.1626			-45.2422			15.9329			-5.1000			3.0000			-336.0000			37.0000			
23.0196			-45.2422			17.6079			-4.6000			14.0000			-346.0000			18.0000			
25.8771			-44.0961			15.3745			-2.8000			22.0000			-354.0000			2.0000			
31.5919			-41.8039			8.1162			-2.0000			31.0000			-360.0000			-16.0000			
37.3067			-39.5118			-0.2587			-2.4000			40.0000			-364.0000			-33.0000			
41.3071			-37.2196			-5.8421			-1.7000			51.0000			-364.0000			-51.0000			
43.5931			-34.3544			-9.7504			-0.5000			59.0000			-362.0000			-70.0000			
40.1642			-36.0735			-4.7254			-0.6000			68.0000			-358.0000			-89.0000			
39.5927			-36.6466			-4.1671			-1.2000			75.0000			-350.0000			-107.0000			
40.7356			-32.6353			-8.6337			-0.5000			81.0000			-341.0000			-124.0000			
41.8786			-26.9049			-15.3337			-0.3000			88.0000			-329.0000			-140.0000			
45.8790			-24.0397			-22.0337			-0.1000			94.0000			-314.0000			-155.0000			
46.4505			-21.1745			-25.9420			-0.6000			99.0000			-300.0000			-170.0000			
47.0220			-20.6015			-24.8253			1.5000			106.0000			-282.0000			-184.0000			
44.1645			-22.3206			-22.0337			-0.1000			111.0000			-265.0000			-198.0000			
44.1645			-20.6015			-22.5920			0.9000			116.0000			-248.0000			-207.0000			
41.3071			-14.2980			-27.6170			-0.6000			122.0000			-229.0000			-217.0000			
39.0212			-5.1294			-32.0836			1.8000			126.0000			-209.0000			-224.0000			
37.3067			0.0280			-35.9920			1.3000			129.0000			-187.0000			-231.0000			
36.1638			3.4662			-37.6670			1.9000			131.0000			-160.0000			-238.0000			
35.5923			2.3201			-35.9920			1.9000			132.0000			-134.0000			-242.0000			
35.0208			0.6010			-33.2003			2.4000			132.0000			-108.0000			-245.0000			
32.7349			4.6123			-35.4336			1.9000			130.0000			-82.0000			-247.0000			
35.5923			11.4887			-33.7586			13.3000			125.0000			-55.0000			-247.0000			
60.1661			18.9383			-35.4336			43.6000			114.0000			-29.0000			-247.0000			
63.0235			22.3765			-39.3419			46.0000			101.0000			-9.0000			-252.0000			
49.8794			22.3765			-41.5753			30.6000			86.0000			9.0000			-258.0000			
29.3060			25.8147			-41.5753			13.5000			73.0000			26.0000			-264.0000			
16.1618			26.3878			-41.0169			1.5000			60.0000			47.0000			-267.0000			
9.8755			29.2530			-36.5503			2.5000			52.0000			69.0000			-265.0000			
4.7322			33.8373			-34.3170			4.2000			42.0000			92.0000			-259.0000			
-0.4112			38.4216			-33.2003			4.8000			30.0000			115.0000			-251.0000			
-3.2686			40.1407			-33.2003			3.6000			19.0000			140.0000			-241.0000			
-4.4116			38.4216			-30.4086			3.6000			8.0000			163.0000			-230.0000			
-3.8401			36.7025			-28.7336			4.1000			-2.0000			183.0000			-217.0000			
-4.4116			38.9946			-29.8503			4.7000			-13.0000			202.0000			-203.0000			
-10.6979			43.5789			-26.5003			6.3000			-22.0000			219.0000			-187.0000			
-18.6987			43.5789			-20.9170			3.9000			-32.0000			237.0000			-171.0000			
-23.8420			44.1520			-16.4504			3.8000			-42.0000			251.0000			-153.0000			
-28.4139			46.4441			-14.2170			3.8000			-53.0000			264.0000			-135.0000			
-30.1283			44.1520			-14.7754			-0.7000			-64.0000			275.0000			-115.0000			
-28.9854			45.8711			-16.4504			0.4000			-75.0000			287.0000			-97.0000			
-28.9854			47.5902			-15.8920			2.7000			-83.0000			297.0000			-77.0000			
-31.2713			45.2981			-13.6587			0.3000			-92.0000			305.0000			-59.0000			
-36.9861			43.5789			-6.9587			-0.3000			-100.0000			311.0000			-42.0000			
-42.7010			40.7137			0.2996			-1.6000			-108.0000			316.0000			-24.0000			
-46.1299			37.2755			6.4412			-2.4000			-117.0000			317.0000			-4.0000			
-46.1299			35.5564			9.7912			-0.7000			-126.0000			317.0000			18.0000			
-44.4154			36.7025			6.4412			-1.2000			-133.0000			312.0000			37.0000			
-43.8440			37.2755			5.8829			-0.6000			-137.0000			307.0000			56.0000			
-44.9869			32.1182			11.4662			-1.4000			-142.0000			298.0000			75.0000			
-46.1299			24.6686			19.2829			-2.1000			-147.0000			286.0000			92.0000			
-50.1303			23.5226			22.6329			-3.9000			-151.0000			274.0000			109.0000			
-50.7018			20.6574			27.0995			-2.9000			-154.0000			260.0000			127.0000			
-49.5588			20.6574			27.0995			-1.8000			-159.0000			245.0000			142.0000			
-48.9873			20.0843			25.4245			-3.4000			-163.0000			229.0000			155.0000			
-46.7014			17.2191			24.3078			-5.1000			-166.0000			212.0000			168.0000			
-45.5584			13.7809			27.0995			-4.6000			-170.0000			195.0000			177.0000			
-44.4154			7.4775			32.1245			-4.8000			-173.0000			175.0000			186.0000			
-41.5580			-0.5451			38.2661			-3.8000			-173.0000			155.0000			196.0000			
-39.2721			-5.1294			41.0578			-3.3000			-174.0000			132.0000			202.0000			
-39.2721			-3.4103			37.7078			-4.9000			-172.0000			108.0000			208.0000			
-37.5576			-2.2642			34.9161			-4.9000			-172.0000			81.0000			213.0000			
-34.7002			-6.2755			36.0328			-4.9000			-169.0000			55.0000			213.0000			
-29.5569			-12.5789			36.0328			-6.1000			-166.0000			31.0000			213.0000			
-26.6994			-18.3093			39.3828			-5.6000			-160.0000			4.0000			211.0000			
-23.2705			-22.3206			40.4995			-5.0000			-154.0000			-25.0000			210.0000			
-19.8416			-24.0397			40.4995			-3.3000			-148.0000			-53.0000			205.0000			
-20.9846			-24.6127			41.0578			-4.5000			-142.0000			-81.0000			202.0000			
-22.1276			-25.1858			41.6161			-5.6000			-136.0000			-107.0000			196.0000			
-20.9846			-27.4779			39.9411			-8.5000			-131.0000			-132.0000			189.0000			
-14.1268			-31.4892			37.7078			-7.9000			-125.0000			-157.0000			182.0000			
-7.2690			-35.5005			34.9161			-7.8000			-117.0000			-181.0000			174.0000			
-13.5553			-40.6578			31.5662			-22.6000			-105.0000			-205.0000			166.0000			
-9.5549			-40.0848			29.3328			-20.3000			-92.0000			-225.0000			156.0000			
-8.4120			-38.3657			28.7745			-18.0000			-77.0000			-241.0000			147.0000			
-5.5545			-41.2309			28.7745			-18.0000			-65.0000			-257.0000			137.0000			
5.3036			-42.3770			27.6578			-9.4000			-51.0000			-271.0000			126.0000			
14.4474			-44.0961			22.0745			-7.5000			-37.0000			-286.0000			113.0000			
22.4482			-42.3770			17.0495			-2.8000			-24.0000			-296.0000			97.0000			
31.0204			-46.3882			14.8162			-0.5000			-11.0000			-307.0000			80.0000			
29.3060			-46.3882			12.0246			-5.0000			2.0000			-318.0000			62.0000			
24.7341			-45.8152			14.8162			-6.2000			16.0000			-329.0000			44.0000			
21.8767			-45.2422			18.1662			-5.2000			28.0000			-337.0000			27.0000			
26.4485			-45.8152			15.9329			-3.4000			38.0000			-343.0000			12.0000			
34.4493			-43.5230			7.5579			-1.5000			49.0000			-348.0000			-4.0000			
40.1642			-40.0848			-3.0504			-2.9000			59.0000			-350.0000			-20.0000			
43.5931			-36.6466			-9.7504			-2.8000			70.0000			-350.0000			-38.0000			
43.5931			-34.3544			-10.3087			-1.0000			80.0000			-347.0000			-56.0000			
41.3071			-37.2196			-6.4004			-2.3000			88.0000			-341.0000			-74.0000			
41.3071			-37.2196			-5.8421			-1.7000			96.0000			-333.0000			-92.0000			
42.4501			-32.6353			-9.7504			0.0000			104.0000			-323.0000			-107.0000			
43.0216			-26.9049			-16.4504			-0.3000			110.0000			-311.0000			-124.0000			
46.4505			-23.4667			-22.5920			0.3000			114.0000			-297.0000			-140.0000			
48.1649			-20.0284			-28.7336			-0.5000			119.0000			-282.0000			-157.0000			
47.5934			-20.0284			-28.1753			-0.6000			125.0000			-265.0000			-171.0000			
45.8790			-21.7475			-22.5920			1.5000			130.0000			-250.0000			-183.0000			
44.1645			-20.6015			-22.0337			1.5000			134.0000			-233.0000			-196.0000			
43.5931			-15.4441			-25.9420			2.2000			138.0000			-215.0000			-206.0000			
50.4509			-4.5564			-33.2003			12.6000			139.0000			-196.0000			-215.0000			
61.8805			1.7471			-37.6670			25.9000			136.0000			-177.0000			-225.0000			
63.5950			3.4662			-41.5753			25.4000			131.0000			-157.0000			-238.0000			
55.0227			-2.2642			-39.3419			13.4000			125.0000			-138.0000			-251.0000			
47.5934			0.0280			-34.8753			12.7000			116.0000			-120.0000			-262.0000			
36.1638			7.4775			-35.4336			8.2000			107.0000			-101.0000			-270.0000			
27.0200			11.4887			-36.5503			1.9000			98.0000			-79.0000			-275.0000			
20.1622			20.0843			-37.6670			2.5000			87.0000			-54.0000			-277.0000			
16.1618			24.6686			-39.9003			0.9000			79.0000			-30.0000			-277.0000			
17.8763			26.9608			-39.3419			5.4000			69.0000			-3.0000			-275.0000			
21.3052			24.0956			-41.0169			4.3000			60.0000			23.0000			-273.0000			
23.5911			22.9495			-41.5753			4.9000			52.0000			49.0000			-267.0000			
19.0193			25.8147			-39.9003			4.9000			45.0000			73.0000			-263.0000			
11.0185			32.6912			-38.2253			5.4000			37.0000			96.0000			-257.0000			
3.5892			38.4216			-33.7586			8.2000			29.0000			119.0000			-249.0000			
-0.4112			41.2868			-30.9670			9.9000			19.0000			143.0000			-240.0000			
-3.8401			40.1407			-28.1753			8.1000			7.0000			164.0000			-230.0000			
-4.4116			37.8485			-26.5003			6.9000			-5.0000			184.0000			-218.0000			
-4.9831			40.1407			-28.7336			6.4000			-15.0000			202.0000			-204.0000			
-10.1264			44.1520			-28.1753			5.8000			-25.0000			219.0000			-189.0000			
-18.1272			42.4329			-21.4753			2.8000			-36.0000			235.0000			-173.0000			
-25.5565			43.0059			-15.8920			1.5000			-47.0000			248.0000			-154.0000			
-31.2713			46.4441			-13.6587			1.5000			-58.0000			262.0000			-136.0000			
-31.2713			46.4441			-13.6587			1.5000			-69.0000			273.0000			-117.0000			
-28.4139			45.8711			-16.4504			1.0000			-80.0000			284.0000			-98.0000			
-28.4139			44.7250			-18.1253			-1.8000			-89.0000			294.0000			-80.0000			
-30.6998			44.1520			-13.6587			-0.2000			-98.0000			301.0000			-62.0000			
-36.9861			42.4329			-5.8421			-0.3000			-106.0000			307.0000			-45.0000			
-42.7010			40.7137			1.4163			-0.5000			-114.0000			311.0000			-28.0000			
-46.1299			37.2755			6.9996			-1.8000			-123.0000			311.0000			-7.0000			
-46.7014			34.9834			9.2329			-2.4000			-131.0000			309.0000			14.0000			
-44.4154			37.2755			5.8829			-1.2000			-138.0000			307.0000			34.0000			
-44.4154			36.7025			5.8829			-1.8000			-144.0000			299.0000			53.0000			
-45.5584			32.6912			10.9079			-1.9000			-149.0000			291.0000			69.0000			
-46.1299			23.5226			19.2829			-3.3000			-154.0000			281.0000			88.0000			
-48.9873			21.8034			25.4245			-1.7000			-158.0000			267.0000			104.0000			
-50.1303			20.0843			27.0995			-2.9000			-162.0000			252.0000			121.0000			
-49.5588			20.6574			24.3078			-4.5000			-166.0000			237.0000			137.0000			
-48.4158			21.8034			23.1912			-3.4000			-170.0000			220.0000			151.0000			
-45.5584			17.7922			25.4245			-2.3000			-175.0000			204.0000			163.0000			
-44.4154			12.6348			29.3328			-2.4000			-177.0000			189.0000			173.0000			
-42.7010			4.0392			32.6828			-5.9000			-178.0000			167.0000			181.0000			
-40.4150			-1.1181			37.1495			-4.3000			-181.0000			145.0000			191.0000			
-39.2721			-4.5564			39.9411			-3.8000			-180.0000			122.0000			197.0000			
-38.7006			-1.6912			37.1495			-3.2000			-179.0000			98.0000			203.0000			
-37.5576			-1.1181			34.3578			-4.3000			-177.0000			73.0000			207.0000			
-31.8428			-6.8485			35.4745			-3.2000			-174.0000			47.0000			208.0000			
-27.2709			-13.1520			36.5911			-3.8000			-169.0000			21.0000			207.0000			
-25.5565			-20.0284			38.8245			-6.7000			-164.0000			-5.0000			206.0000			
-23.8420			-23.4667			39.9411			-7.3000			-158.0000			-32.0000			204.0000			
-22.1276			-24.0397			39.3828			-6.7000			-152.0000			-60.0000			201.0000			
-26.1280			-23.4667			40.4995			-9.0000			-143.0000			-87.0000			198.0000			
-39.2721			-22.8936			41.6161			-20.5000			-134.0000			-113.0000			195.0000			
-38.7006			-23.4667			42.1745			-19.9000			-125.0000			-133.0000			191.0000			
-27.8424			-30.9162			40.4995			-18.2000			-113.0000			-153.0000			189.0000			
-15.2698			-37.2196			34.9161			-17.5000			-101.0000			-172.0000			186.0000			
-0.9827			-38.3657			33.2412			-6.1000			-87.0000			-192.0000			180.0000			
4.7322			-40.6578			27.0995			-8.8000			-73.0000			-211.0000			172.0000			
5.3036			-40.0848			25.9828			-8.8000			-60.0000			-230.0000			160.0000			
7.5896			-40.6578			27.6578			-5.4000			-49.0000			-248.0000			148.0000			
11.0185			-42.9500			25.4245			-6.5000			-36.0000			-264.0000			134.0000			
16.7333			-41.2309			20.3995			-4.1000			-25.0000			-279.0000			117.0000			
20.1622			-42.9500			19.2829			-3.5000			-13.0000			-292.0000			99.0000			
25.3056			-46.3882			17.6079			-3.4000			-1.0000			-305.0000			82.0000			
27.0200			-46.9613			14.2579			-5.6000			11.0000			-315.0000			63.0000			
26.4485			-45.8152			15.3745			-3.9000			22.0000			-325.0000			45.0000			
25.3056			-45.2422			14.2579			-5.6000			32.0000			-334.0000			28.0000			
28.1630			-44.6691			13.6995			-2.8000			43.0000			-341.0000			12.0000			
33.8778			-43.5230			7.5579			-2.0000			51.0000			-345.0000			-5.0000			
38.4497			-40.6578			-0.2587			-2.4000			62.0000			-349.0000			-23.0000			
43.0216			-37.2196			-7.5170			-1.7000			72.0000			-349.0000			-41.0000			
43.0216			-34.9274			-10.3087			-2.2000			80.0000			-346.0000			-60.0000			
40.7356			-36.6466			-6.9587			-2.8000			88.0000			-341.0000			-78.0000			
41.8786			-36.6466			-6.9587			-1.7000			95.0000			-333.0000			-98.0000			
41.3071			-32.0622			-11.4254			-2.1000			100.0000			-324.0000			-114.0000			
43.5931			-25.7588			-17.5670			0.2000			106.0000			-313.0000			-131.0000			
45.8790			-23.4667			-22.0337			0.3000			111.0000			-300.0000			-147.0000			
45.8790			-21.1745			-25.9420			-1.2000			115.0000			-285.0000			-165.0000			
46.4505			-21.1745			-27.0587			-1.7000			119.0000			-268.0000			-180.0000			
44.7360			-20.6015			-24.2670			-0.1000			124.0000			-252.0000			-192.0000			
43.5931			-18.8823			-23.7087			0.9000			127.0000			-237.0000			-204.0000			
41.8786			-14.8711			-24.8253			2.1000			131.0000			-218.0000			-213.0000			
40.1642			-5.7024			-31.5253			2.9000			132.0000			-199.0000			-223.0000			
38.4497			1.7471			-38.2253			1.9000			133.0000			-177.0000			-232.0000			
43.5931			5.1853			-41.0169			7.7000			131.0000			-154.0000			-240.0000			
47.5934			1.1740			-36.5503			12.2000			127.0000			-130.0000			-248.0000			
56.7372			-1.6912			-34.8753			20.1000			121.0000			-109.0000			-255.0000			
46.4505			5.7583			-36.5503			15.6000			112.0000			-89.0000			-262.0000			
36.1638			9.7696			-39.9003			6.0000			102.0000			-69.0000			-269.0000			
27.5915			18.9383			-40.4586			6.0000			92.0000			-47.0000			-272.0000			
18.4478			22.9495			-40.4586			0.9000			81.0000			-22.0000			-274.0000			
15.0189			26.3878			-38.7836			2.6000			70.0000			2.0000			-274.0000			
17.8763			26.9608			-39.9003			4.9000			60.0000			27.0000			-272.0000			
21.3052			24.0956			-40.4586			4.9000			51.0000			52.0000			-268.0000			
21.3052			24.6686			-39.3419			6.6000			42.0000			76.0000			-263.0000			
13.8759			31.5451			-38.7836			6.6000			35.0000			99.0000			-257.0000			
4.1607			37.2755			-34.8753			6.5000			26.0000			121.0000			-250.0000			
-3.2686			41.2868			-31.5253			6.4000			14.0000			141.0000			-242.0000			
-7.8405			40.7137			-27.6170			5.2000			3.0000			164.0000			-230.0000			
-6.1260			38.9946			-26.5003			6.3000			-8.0000			184.0000			-218.0000			
-8.4120			40.1407			-28.7336			3.0000			-19.0000			203.0000			-204.0000			
-11.2694			43.0059			-27.0587			4.6000			-29.0000			220.0000			-188.0000			
-18.6987			42.4329			-22.0337			1.7000			-39.0000			235.0000			-173.0000			
-25.5565			44.7250			-17.0087			2.1000			-50.0000			250.0000			-153.0000			
-30.1283			46.4441			-13.6587			2.6000			-60.0000			261.0000			-135.0000			
-30.6998			45.2981			-13.1004			1.4000			-73.0000			273.0000			-115.0000			
-27.8424			45.8711			-15.8920			2.1000			-81.0000			284.0000			-97.0000			
-26.6994			44.7250			-17.5670			0.4000			-92.0000			292.0000			-77.0000			
-30.1283			45.2981			-13.6587			1.5000			-100.0000			301.0000			-62.0000			
-38.1291			42.4329			-5.8421			-1.5000			-111.0000			306.0000			-43.0000			
-42.1295			40.1407			3.0913			1.1000			-118.0000			310.0000			-26.0000			
-45.5584			36.7025			8.6746			-0.1000			-127.0000			311.0000			-6.0000			
-45.5584			34.9834			9.7912			-0.7000			-136.0000			308.0000			14.0000			
-43.8440			37.2755			5.3246			-1.2000			-143.0000			303.0000			33.0000			
-44.4154			36.1294			5.3246			-2.9000			-150.0000			295.0000			51.0000			
-44.9869			32.1182			10.3496			-2.5000			-154.0000			287.0000			69.0000			
-46.1299			25.2417			18.7245			-2.1000			-160.0000			275.0000			87.0000			
-48.4158			21.8034			24.8662			-1.7000			-163.0000			262.0000			103.0000			
-49.5588			18.3652			28.7745			-2.4000			-167.0000			247.0000			119.0000			
-48.4158			19.5113			26.5412			-2.3000			-172.0000			232.0000			135.0000			
-48.4158			22.3765			23.1912			-2.8000			-177.0000			215.0000			149.0000			
-46.1299			20.0843			23.1912			-2.8000			-180.0000			198.0000			159.0000			
-43.8440			12.6348			27.6578			-3.5000			-182.0000			181.0000			170.0000			
-41.5580			2.8931			34.9161			-3.7000			-185.0000			161.0000			178.0000			
-39.8436			-3.4103			38.8245			-4.4000			-185.0000			138.0000			186.0000			
-39.8436			-5.1294			39.3828			-5.5000			-184.0000			116.0000			194.0000			
-39.2721			-1.6912			36.0328			-4.9000			-184.0000			92.0000			200.0000			
-41.5580			-1.6912			33.7995			-9.4000			-180.0000			67.0000			204.0000			
-48.4158			-7.9946			34.9161			-21.4000			-173.0000			43.0000			207.0000			
-44.9869			-9.1407			40.4995			-13.6000			-165.0000			20.0000			211.0000			
-36.4147			-17.1632			42.1745			-11.4000			-155.0000			-1.0000			214.0000			
-28.9854			-25.1858			41.0578			-13.1000			-146.0000			-25.0000			216.0000			
-23.8420			-25.1858			40.4995			-8.5000			-134.0000			-49.0000			217.0000			
-26.1280			-25.1858			38.8245			-12.4000			-124.0000			-73.0000			215.0000			
-24.4135			-22.8936			38.8245			-8.4000			-115.0000			-97.0000			212.0000			
-18.6987			-28.0510			38.8245			-7.9000			-107.0000			-120.0000			207.0000			
-14.1268			-34.9274			37.7078			-11.3000			-97.0000			-142.0000			202.0000			
-8.9834			-37.2196			36.5911			-9.6000			-86.0000			-164.0000			194.0000			
-1.5542			-41.2309			31.5662			-11.2000			-76.0000			-187.0000			186.0000			
3.5892			-40.0848			28.2162			-8.2000			-64.0000			-209.0000			176.0000			
1.8747			-38.3657			27.0995			-9.3000			-52.0000			-229.0000			163.0000			
4.7322			-40.6578			28.7745			-7.1000			-43.0000			-247.0000			148.0000			
10.4470			-42.9500			26.5412			-5.9000			-31.0000			-263.0000			132.0000			
17.8763			-42.3770			18.7245			-5.7000			-21.0000			-279.0000			116.0000			
24.1626			-44.6691			16.4912			-4.0000			-10.0000			-293.0000			98.0000			
27.0200			-45.8152			14.8162			-3.9000			1.0000			-306.0000			79.0000			
26.4485			-44.6691			14.8162			-3.3000			11.0000			-317.0000			61.0000			
25.8771			-45.2422			17.0495			-2.3000			22.0000			-329.0000			41.0000			
27.0200			-44.6691			15.9329			-1.7000			31.0000			-337.0000			24.0000			
29.8774			-44.0961			12.0246			-2.2000			39.0000			-346.0000			6.0000			
35.0208			-42.3770			5.3246			-2.0000			48.0000			-351.0000			-12.0000			
40.1642			-40.0848			-1.9337			-1.8000			57.0000			-354.0000			-29.0000			
43.0216			-37.2196			-8.0754			-2.2000			66.0000			-355.0000			-49.0000			
44.1645			-36.0735			-10.3087			-2.2000			72.0000			-352.0000			-69.0000			
41.3071			-36.6466			-6.9587			-2.3000			79.0000			-347.0000			-88.0000			
42.4501			-35.5005			-7.5170			-0.5000			89.0000			-340.0000			-107.0000			
42.4501			-30.3431			-11.9837			0.1000			92.0000			-331.0000			-125.0000			
44.7360			-26.3319			-19.2420			-0.8000			96.0000			-321.0000			-143.0000			
47.5934			-22.8936			-24.2670			0.4000			99.0000			-306.0000			-159.0000			
47.0220			-21.1745			-25.9420			0.0000			104.0000			-291.0000			-177.0000			
47.0220			-21.1745			-25.3837			0.4000			107.0000			-276.0000			-191.0000			
45.3075			-20.6015			-24.2670			0.4000			112.0000			-259.0000			-205.0000			
43.5931			-18.3093			-25.9420			-0.6000			115.0000			-243.0000			-215.0000			
42.4501			-12.0059			-29.2920			1.1000			120.0000			-225.0000			-226.0000			
39.5927			-3.9833			-33.2003			2.4000			121.0000			-205.0000			-234.0000			
37.3067			1.7471			-37.1086			1.9000			121.0000			-183.0000			-243.0000			
37.3067			4.6123			-39.9003			2.0000			121.0000			-160.0000			-251.0000			
36.1638			2.3201			-37.1086			1.3000			120.0000			-134.0000			-256.0000			
34.4493			2.3201			-34.8753			1.8000			118.0000			-109.0000			-259.0000			
28.1630			9.7696			-35.9920			1.9000			113.0000			-85.0000			-262.0000			
25.3056			14.9270			-36.5503			3.6000			108.0000			-58.0000			-261.0000			
36.1638			18.3652			-39.9003			14.6000			102.0000			-33.0000			-261.0000			
36.7353			21.8034			-41.0169			17.5000			90.0000			-7.0000			-260.0000			
36.1638			21.8034			-40.4586			17.5000			79.0000			16.0000			-261.0000			
31.0204			23.5226			-42.1336			12.4000			69.0000			39.0000			-262.0000			
24.7341			25.8147			-41.0169			9.5000			57.0000			59.0000			-263.0000			
19.5907			29.8260			-38.2253			11.1000			47.0000			81.0000			-260.0000			
11.0185			33.2642			-37.1086			7.1000			38.0000			103.0000			-255.0000			
1.8747			37.8485			-33.7586			5.9000			27.0000			124.0000			-248.0000			
-7.2690			41.2868			-30.9670			3.0000			15.0000			145.0000			-241.0000			
-9.5549			41.2868			-28.1753			3.5000			2.0000			167.0000			-230.0000			
-7.2690			38.4216			-29.2920			1.8000			-10.0000			188.0000			-217.0000			
-7.8405			40.1407			-28.7336			3.5000			-20.0000			205.0000			-201.0000			
-14.1268			44.7250			-25.9420			4.6000			-30.0000			222.0000			-187.0000			
-20.4131			43.5789			-20.3587			2.7000			-39.0000			238.0000			-170.0000			
-25.5565			45.2981			-17.0087			2.7000			-51.0000			251.0000			-151.0000			
-31.2713			44.7250			-15.3337			-1.8000			-62.0000			264.0000			-132.0000			
-30.6998			45.2981			-13.6587			0.9000			-73.0000			274.0000			-114.0000			
-28.4139			47.0172			-16.4504			2.1000			-84.0000			285.0000			-94.0000			
-27.2709			45.2981			-17.5670			0.4000			-94.0000			292.0000			-77.0000			
-31.2713			45.8711			-13.1004			1.5000			-104.0000			301.0000			-60.0000			
-38.7006			42.4329			-4.7254			-0.9000			-111.0000			307.0000			-43.0000			
-43.8440			40.1407			3.6496			0.0000			-120.0000			308.0000			-26.0000			
-47.2729			35.5564			10.9079			-0.8000			-130.0000			308.0000			-5.0000			
-45.5584			34.9834			10.3496			-0.2000			-138.0000			307.0000			14.0000			
-43.8440			37.2755			5.3246			-1.2000			-145.0000			302.0000			33.0000			
-44.4154			34.9834			6.9996			-2.4000			-151.0000			293.0000			52.0000			
-44.9869			30.9721			11.4662			-2.5000			-157.0000			285.0000			70.0000			
-46.7014			25.8147			18.7245			-2.1000			-161.0000			271.0000			86.0000			
-49.5588			23.5226			23.7495			-2.2000			-164.0000			257.0000			103.0000			
-50.1303			18.3652			28.2162			-3.5000			-170.0000			244.0000			120.0000			
-48.4158			18.3652			28.2162			-1.8000			-174.0000			228.0000			135.0000			
-47.8443			20.0843			24.8662			-2.8000			-178.0000			211.0000			148.0000			
-46.1299			18.3652			23.7495			-4.0000			-181.0000			194.0000			159.0000			
-44.9869			12.6348			27.6578			-4.6000			-185.0000			177.0000			169.0000			
-42.1295			3.4662			34.9161			-3.7000			-187.0000			157.0000			178.0000			
-39.2721			-3.9833			39.9411			-3.3000			-188.0000			134.0000			186.0000			
-38.7006			-6.2755			40.4995			-4.4000			-187.0000			111.0000			194.0000			
-40.9865			-1.1181			37.1495			-4.9000			-185.0000			87.0000			199.0000			
-56.4166			-2.2642			32.1245			-26.5000			-179.0000			63.0000			205.0000			
-51.8447			-8.5676			34.9161			-25.4000			-171.0000			41.0000			210.0000			
-43.2725			-12.5789			39.9411			-15.9000			-162.0000			20.0000			214.0000			
-34.1287			-19.4554			41.6161			-11.9000			-152.0000			-1.0000			217.0000			
-23.8420			-24.0397			41.6161			-6.2000			-141.0000			-25.0000			219.0000			
-21.5561			-26.3319			38.8245			-9.0000			-130.0000			-49.0000			219.0000			
-23.2705			-25.7588			39.9411			-9.0000			-122.0000			-74.0000			218.0000			
-25.5565			-25.1858			39.3828			-11.3000			-112.0000			-97.0000			213.0000			
-20.4131			-27.4779			38.8245			-9.0000			-104.0000			-122.0000			210.0000			
-12.9838			-32.0622			38.2661			-6.7000			-94.0000			-144.0000			203.0000			
-7.2690			-37.7926			36.0328			-9.0000			-84.0000			-167.0000			195.0000			
0.1603			-41.2309			31.5662			-9.5000			-73.0000			-189.0000			187.0000			
4.1607			-40.6578			27.0995			-9.3000			-63.0000			-210.0000			175.0000			
1.3033			-38.3657			27.0995			-9.9000			-51.0000			-229.0000			162.0000			
4.1607			-39.5118			27.6578			-7.6000			-41.0000			-248.0000			147.0000			
10.4470			-42.3770			25.9828			-5.9000			-29.0000			-265.0000			132.0000			
17.8763			-41.8039			19.2829			-4.6000			-19.0000			-280.0000			115.0000			
25.3056			-45.2422			16.4912			-3.4000			-9.0000			-293.0000			96.0000			
27.5915			-45.2422			13.1412			-4.5000			2.0000			-307.0000			77.0000			
26.4485			-45.2422			12.5829			-6.2000			14.0000			-318.0000			58.0000			
24.1626			-45.8152			17.6079			-4.0000			24.0000			-329.0000			40.0000			
24.1626			-45.2422			17.6079			-3.4000			33.0000			-339.0000			21.0000			
30.4489			-44.0961			11.4662			-2.1000			41.0000			-346.0000			3.0000			
36.1638			-41.2309			2.5329			-2.5000			49.0000			-350.0000			-13.0000			
40.7356			-38.3657			-3.6087			-1.2000			56.0000			-354.0000			-33.0000			
43.0216			-36.0735			-8.6337			-1.6000			67.0000			-354.0000			-52.0000			
43.0216			-36.0735			-8.6337			-1.6000			73.0000			-351.0000			-71.0000			
40.7356			-36.6466			-4.7254			-0.6000			79.0000			-348.0000			-91.0000			
41.3071			-35.5005			-6.9587			-1.1000			87.0000			-339.0000			-110.0000			
41.8786			-29.1971			-12.5420			0.1000			92.0000			-330.0000			-128.0000			
44.7360			-25.7588			-20.3587			-1.3000			96.0000			-318.0000			-145.0000			
47.0220			-22.3206			-25.9420			-1.2000			99.0000			-305.0000			-162.0000			
45.8790			-19.4554			-27.6170			-1.1000			103.0000			-290.0000			-178.0000			
45.8790			-20.6015			-24.2670			1.0000			108.0000			-275.0000			-193.0000			
44.7360			-22.3206			-21.4753			0.9000			113.0000			-258.0000			-206.0000			
43.5931			-19.4554			-23.7087			0.4000			114.0000			-242.0000			-218.0000			
41.3071			-10.2868			-29.2920			1.7000			117.0000			-225.0000			-227.0000			
39.5927			-2.2642			-35.4336			1.8000			119.0000			-203.0000			-236.0000			
37.8782			1.7471			-37.1086			2.5000			121.0000			-182.0000			-246.0000			
36.7353			4.6123			-38.2253			3.1000			120.0000			-157.0000			-252.0000			
37.3067			0.0280			-34.8753			2.4000			118.0000			-132.0000			-257.0000			
36.1638			1.1740			-34.3170			3.0000			116.0000			-107.0000			-260.0000			
29.8774			9.1966			-34.8753			4.1000			112.0000			-83.0000			-262.0000			
28.7345			16.6461			-36.5503			8.8000			107.0000			-57.0000			-262.0000			
35.0208			18.9383			-38.7836			15.1000			97.0000			-30.0000			-261.0000			
39.5927			20.0843			-41.5753			18.0000			86.0000			-6.0000			-263.0000			
34.4493			22.3765			-39.9003			16.9000			76.0000			17.0000			-264.0000			
28.1630			23.5226			-40.4586			11.2000			65.0000			38.0000			-264.0000			
23.5911			24.0956			-39.9003			7.7000			55.0000			61.0000			-263.0000			
16.7333			28.1069			-37.1086			7.7000			45.0000			82.0000			-260.0000			
8.7325			35.5564			-35.9920			8.2000			35.0000			103.0000			-255.0000			
1.8747			39.5677			-33.2003			8.2000			23.0000			127.0000			-248.0000			
-4.4116			40.7137			-30.4086			5.8000			12.0000			148.0000			-240.0000			
-7.2690			38.9946			-28.1753			3.5000			-1.0000			170.0000			-229.0000			
-6.1260			37.2755			-29.2920			1.8000			-11.0000			188.0000			-215.0000			
-7.2690			40.7137			-28.7336			4.7000			-22.0000			207.0000			-201.0000			
-15.2698			43.5789			-24.8253			3.4000			-31.0000			224.0000			-185.0000			
-22.1276			42.4329			-17.5670			2.7000			-42.0000			239.0000			-169.0000			
-25.5565			45.2981			-15.8920			3.8000			-52.0000			253.0000			-149.0000			
-28.9854			45.8711			-15.3337			1.5000			-63.0000			264.0000			-130.0000			
-29.5569			45.2981			-15.3337			0.4000			-74.0000			276.0000			-111.0000			
-28.4139			46.4441			-17.5670			0.4000			-85.0000			287.0000			-92.0000			
-27.8424			45.2981			-16.4504			0.9000			-94.0000			296.0000			-74.0000			
-32.4143			45.2981			-11.4254			1.4000			-103.0000			302.0000			-58.0000			
-38.1291			42.4329			-4.1671			0.1000			-112.0000			307.0000			-39.0000			
-42.1295			39.5677			2.5329			0.0000			-121.0000			310.0000			-20.0000			
-46.1299			35.5564			9.7912			-0.7000			-129.0000			309.0000			-1.0000			
-46.1299			35.5564			9.2329			-1.3000			-138.0000			307.0000			18.0000			
-43.2725			36.7025			6.4412			-0.1000			-145.0000			301.0000			38.0000			
-43.2725			34.4103			8.1162			-0.7000			-150.0000			294.0000			57.0000			
-44.4154			29.8260			14.2579			-0.3000			-156.0000			284.0000			74.0000			
-46.7014			24.6686			20.3995			-1.6000			-160.0000			272.0000			91.0000			
-50.1303			24.0956			23.1912			-2.8000			-164.0000			258.0000			106.0000			
-48.9873			20.0843			25.9828			-2.9000			-168.0000			244.0000			123.0000			
-47.2729			19.5113			26.5412			-1.2000			-173.0000			227.0000			139.0000			
-46.7014			19.5113			24.8662			-2.3000			-177.0000			211.0000			151.0000			
-46.1299			16.6461			25.4245			-4.0000			-181.0000			195.0000			161.0000			
-44.4154			11.4887			28.2162			-4.7000			-183.0000			177.0000			171.0000			
-41.5580			2.8931			34.3578			-4.3000			-185.0000			155.0000			180.0000			
-39.8436			-2.8372			39.9411			-2.7000			-186.0000			133.0000			189.0000			
-37.5576			-5.7024			40.4995			-2.7000			-185.0000			110.0000			196.0000			
-38.1291			-1.6912			36.0328			-3.7000			-183.0000			85.0000			201.0000			
-40.9865			-2.2642			35.4745			-7.7000			-179.0000			60.0000			204.0000			
-52.4162			-9.1407			36.0328			-25.5000			-172.0000			37.0000			207.0000			
-45.5584			-12.5789			41.0578			-17.0000			-163.0000			14.0000			210.0000			
-39.2721			-16.5902			45.5244			-10.3000			-152.0000			-8.0000			215.0000			
-29.5569			-24.0397			41.6161			-11.9000			-142.0000			-29.0000			217.0000			
-19.8416			-24.6127			41.0578			-3.3000			-130.0000			-54.0000			217.0000			
-20.9846			-26.9049			39.9411			-7.9000			-121.0000			-78.0000			215.0000			
-22.6991			-26.3319			38.8245			-10.2000			-112.0000			-100.0000			214.0000			
-18.6987			-29.1971			38.2661			-9.6000			-103.0000			-124.0000			208.0000			
-12.9838			-33.2083			36.5911			-9.6000			-92.0000			-147.0000			202.0000			
-4.9831			-37.2196			35.4745			-6.7000			-82.0000			-169.0000			194.0000			
1.3033			-40.0848			31.5662			-7.2000			-71.0000			-191.0000			186.0000			
4.7322			-41.2309			28.2162			-8.2000			-60.0000			-213.0000			174.0000			
4.1607			-40.0848			28.2162			-7.7000			-49.0000			-232.0000			160.0000			
5.3036			-41.8039			28.7745			-7.7000			-38.0000			-250.0000			146.0000			
11.0185			-42.3770			24.8662			-6.4000			-29.0000			-266.0000			131.0000			
17.8763			-41.8039			18.7245			-5.2000			-17.0000			-281.0000			113.0000			
24.1626			-45.2422			16.4912			-4.5000			-7.0000			-295.0000			95.0000			
29.3060			-46.3882			13.6995			-3.3000			4.0000			-308.0000			75.0000			
28.7345			-45.8152			13.6995			-3.3000			15.0000			-319.0000			56.0000			
25.8771			-45.8152			15.9329			-4.0000			25.0000			-330.0000			38.0000			
25.8771			-46.3882			15.9329			-4.5000			35.0000			-338.0000			20.0000			
31.5919			-45.8152			12.0246			-2.2000			42.0000			-345.0000			2.0000			
37.3067			-41.8039			2.5329			-1.9000			50.0000			-350.0000			-15.0000			
41.8786			-38.9387			-4.1671			-1.2000			59.0000			-354.0000			-33.0000			
44.1645			-35.5005			-10.8670			-2.2000			67.0000			-352.0000			-54.0000			
43.5931			-35.5005			-8.6337			-0.5000			76.0000			-350.0000			-74.0000			
42.4501			-37.2196			-4.7254			0.5000			82.0000			-345.0000			-92.0000			
42.4501			-34.9274			-8.0754			-0.5000			89.0000			-338.0000			-110.0000			
43.0216			-28.6240			-14.2170			0.1000			93.0000			-328.0000			-129.0000			
45.8790			-25.1858			-20.9170			-0.2000			96.0000			-317.0000			-146.0000			
48.1649			-21.7475			-26.5003			0.0000			100.0000			-303.0000			-163.0000			
47.5934			-19.4554			-28.1753			0.0000			104.0000			-287.0000			-179.0000			
46.4505			-19.4554			-26.5003			0.4000			109.0000			-272.0000			-194.0000			
45.3075			-20.6015			-23.1503			1.5000			112.0000			-256.0000			-207.0000			
44.1645			-19.4554			-23.1503			1.5000			116.0000			-239.0000			-217.0000			
41.8786			-10.8598			-28.7336			2.2000			117.0000			-221.0000			-228.0000			
39.5927			-1.6912			-36.5503			1.3000			120.0000			-199.0000			-236.0000			
38.4497			4.0392			-39.9003			2.5000			120.0000			-178.0000			-244.0000			
37.3067			4.0392			-39.3419			1.9000			120.0000			-153.0000			-252.0000			
36.7353			1.1740			-34.8753			3.0000			118.0000			-129.0000			-257.0000			
35.0208			2.8931			-33.7586			4.1000			115.0000			-105.0000			-260.0000			
31.0204			9.7696			-34.8753			5.9000			111.0000			-79.0000			-261.0000			
27.5915			17.2191			-36.5503			8.2000			105.0000			-54.0000			-262.0000			
32.7349			20.0843			-40.4586			12.3000			97.0000			-27.0000			-261.0000			
38.4497			22.3765			-43.2503			17.5000			87.0000			-2.0000			-261.0000			
35.0208			19.5113			-44.9253			9.6000			75.0000			21.0000			-262.0000			
31.5919			22.9495			-43.2503			11.2000			65.0000			43.0000			-263.0000			
27.0200			22.9495			-41.0169			8.9000			54.0000			63.0000			-262.0000			
17.3048			28.6799			-37.6670			8.3000			44.0000			87.0000			-259.0000			
7.0181			36.1294			-33.7586			9.3000			33.0000			107.0000			-254.0000			
-1.5542			40.1407			-33.2003			5.3000			22.0000			128.0000			-247.0000			
-6.1260			42.4329			-30.4086			5.8000			11.0000			150.0000			-239.0000			
-7.8405			40.1407			-27.6170			4.6000			-2.0000			171.0000			-227.0000			
-4.9831			37.8485			-29.8503			3.0000			-11.0000			191.0000			-214.0000			
-7.8405			41.2868			-29.8503			3.5000			-22.0000			209.0000			-200.0000			
-14.6983			43.0059			-25.9420			2.3000			-33.0000			225.0000			-183.0000			
-24.4135			43.5789			-17.5670			1.5000			-43.0000			241.0000			-166.0000			
-28.4139			46.4441			-15.3337			2.6000			-53.0000			253.0000			-147.0000			
-30.1283			45.2981			-13.1004			2.0000			-65.0000			266.0000			-127.0000			
-27.8424			45.2981			-14.7754			2.6000			-76.0000			277.0000			-109.0000			
-26.6994			46.4441			-18.6837			1.0000			-88.0000			287.0000			-90.0000			
-28.4139			45.8711			-17.5670			-0.1000			-97.0000			296.0000			-72.0000			
-32.9858			44.1520			-10.8670			0.2000			-105.0000			303.0000			-57.0000			
-39.2721			41.2868			-1.9337			0.0000			-113.0000			307.0000			-38.0000			
-44.4154			38.4216			5.3246			-0.6000			-122.0000			308.0000			-18.0000			
-46.1299			35.5564			9.7912			-0.7000			-131.0000			308.0000			-1.0000			
-44.9869			36.1294			8.1162			-0.7000			-139.0000			306.0000			21.0000			
-43.8440			37.8485			4.7662			-1.2000			-145.0000			299.0000			39.0000			
-43.8440			34.4103			8.1162			-1.3000			-153.0000			291.0000			58.0000			
-43.8440			29.2530			14.8162			0.2000			-157.0000			282.0000			75.0000			
-46.7014			24.0956			21.5162			-1.0000			-160.0000			270.0000			92.0000			
-49.5588			22.3765			25.4245			-1.7000			-165.0000			255.0000			110.0000			
-49.5588			20.0843			25.9828			-3.4000			-169.0000			241.0000			125.0000			
-47.8443			19.5113			24.8662			-3.4000			-174.0000			225.0000			140.0000			
-46.1299			20.0843			22.6329			-3.4000			-177.0000			208.0000			152.0000			
-44.4154			16.0731			26.5412			-1.8000			-180.0000			192.0000			163.0000			
-42.7010			9.1966			31.0078			-2.4000			-183.0000			174.0000			171.0000			
-40.9865			0.6010			36.0328			-4.3000			-185.0000			154.0000			181.0000			
-40.4150			-3.4103			38.8245			-5.0000			-186.0000			132.0000			189.0000			
-38.7006			-4.5564			38.8245			-4.4000			-184.0000			107.0000			197.0000			
-39.2721			-1.1181			36.0328			-4.3000			-181.0000			83.0000			201.0000			
-55.2736			-2.8372			33.2412			-24.8000			-177.0000			59.0000			207.0000			
-51.2732			-9.7137			36.0328			-24.9000			-169.0000			36.0000			210.0000			
-41.5580			-12.5789			41.0578			-13.0000			-159.0000			15.0000			214.0000			
-34.1287			-22.3206			41.6161			-14.8000			-148.0000			-6.0000			217.0000			
-24.4135			-24.6127			41.6161			-7.4000			-138.0000			-30.0000			221.0000			
-22.1276			-24.6127			38.8245			-7.9000			-127.0000			-54.0000			220.0000			
-21.5561			-24.6127			39.9411			-6.2000			-119.0000			-79.0000			218.0000			
-20.4131			-25.7588			38.8245			-7.3000			-108.0000			-103.0000			213.0000			
-18.1272			-30.9162			38.2661			-10.7000			-100.0000			-126.0000			209.0000			
-13.5553			-34.3544			37.7078			-10.2000			-90.0000			-148.0000			203.0000			
-7.2690			-37.7926			34.9161			-10.1000			-81.0000			-170.0000			195.0000			
1.8747			-40.6578			30.4495			-8.3000			-69.0000			-193.0000			185.0000			
4.7322			-39.5118			28.2162			-6.5000			-58.0000			-214.0000			172.0000			
4.7322			-40.0848			29.3328			-6.0000			-47.0000			-233.0000			160.0000			
5.8751			-42.3770			29.8912			-6.6000			-38.0000			-251.0000			145.0000			
11.0185			-43.5230			25.4245			-7.0000			-26.0000			-267.0000			128.0000			
18.4478			-41.2309			18.7245			-4.0000			-17.0000			-282.0000			111.0000			
25.3056			-45.8152			18.1662			-2.3000			-7.0000			-296.0000			93.0000			
27.0200			-46.3882			15.9329			-3.4000			5.0000			-309.0000			73.0000			
27.0200			-45.2422			14.8162			-3.4000			15.0000			-320.0000			54.0000			
27.5915			-46.3882			15.9329			-2.8000			25.0000			-331.0000			36.0000			
26.4485			-45.2422			14.2579			-4.5000			34.0000			-339.0000			18.0000			
30.4489			-44.0961			11.4662			-2.1000			42.0000			-346.0000			1.0000			
36.7353			-41.8039			3.6496			-1.4000			50.0000			-352.0000			-18.0000			
41.8786			-38.9387			-4.1671			-1.2000			60.0000			-353.0000			-37.0000			
44.1645			-35.5005			-10.3087			-1.6000			67.0000			-353.0000			-55.0000			
42.4501			-35.5005			-8.6337			-1.6000			75.0000			-350.0000			-76.0000			
41.8786			-36.0735			-6.4004			-0.5000			81.0000			-345.0000			-94.0000			
43.0216			-33.7814			-9.7504			-0.5000			87.0000			-337.0000			-114.0000			
43.0216			-26.9049			-14.7754			1.3000			92.0000			-327.0000			-132.0000			
45.8790			-25.1858			-20.3587			0.3000			95.0000			-315.0000			-149.0000			
47.5934			-22.8936			-24.2670			0.4000			99.0000			-301.0000			-166.0000			
47.5934			-20.6015			-25.3837			1.6000			102.0000			-286.0000			-182.0000			
45.3075			-20.0284			-25.9420			-0.6000			106.0000			-271.0000			-196.0000			
45.3075			-19.4554			-24.2670			1.5000			111.0000			-254.0000			-210.0000			
43.0216			-16.5902			-25.3837			1.0000			114.0000			-238.0000			-220.0000			
41.3071			-10.2868			-27.6170			3.3000			118.0000			-220.0000			-230.0000			
39.0212			-1.6912			-34.3170			3.0000			118.0000			-198.0000			-239.0000			
38.4497			2.8931			-39.9003			1.4000			119.0000			-176.0000			-248.0000			
37.3067			3.4662			-39.9003			0.8000			119.0000			-151.0000			-254.0000			
36.7353			1.7471			-35.4336			3.0000			116.0000			-127.0000			-259.0000			
35.0208			2.8931			-35.4336			2.4000			114.0000			-103.0000			-262.0000			
31.0204			9.7696			-35.4336			5.3000			110.0000			-76.0000			-263.0000			
38.4497			17.7922			-34.3170			21.9000			103.0000			-51.0000			-263.0000			
38.4497			20.0843			-39.3419			19.1000			94.0000			-26.0000			-264.0000			
36.1638			21.2304			-42.1336			15.2000			83.0000			-3.0000			-265.0000			
29.8774			24.0956			-39.9003			14.0000			72.0000			20.0000			-267.0000			
24.7341			24.6686			-42.6919			6.7000			62.0000			43.0000			-266.0000			
24.1626			25.2417			-39.3419			10.0000			51.0000			64.0000			-264.0000			
19.0193			28.6799			-38.7836			8.9000			42.0000			87.0000			-260.0000			
10.4470			34.9834			-35.4336			9.9000			32.0000			110.0000			-254.0000			
0.7318			38.9946			-32.6420			7.0000			22.0000			131.0000			-247.0000			
-6.1260			40.7137			-29.8503			4.7000			10.0000			153.0000			-237.0000			
-5.5545			39.5677			-27.6170			6.3000			-2.0000			174.0000			-226.0000			
-5.5545			37.8485			-29.8503			2.4000			-13.0000			192.0000			-213.0000			
-8.9834			42.4329			-28.7336			4.7000			-23.0000			212.0000			-197.0000			
-14.1268			44.1520			-24.2670			5.7000			-31.0000			227.0000			-181.0000			
-21.5561			42.4329			-17.5670			3.3000			-43.0000			242.0000			-162.0000			
-26.1280			45.2981			-14.7754			4.3000			-53.0000			256.0000			-144.0000			
-30.1283			44.7250			-13.1004			1.4000			-65.0000			267.0000			-125.0000			
-29.5569			45.2981			-13.6587			2.0000			-76.0000			279.0000			-105.0000			
-26.1280			46.4441			-17.5670			2.7000			-85.0000			289.0000			-87.0000			
-26.6994			44.7250			-17.0087			1.0000			-94.0000			298.0000			-69.0000			
-31.2713			44.7250			-10.3087			3.1000			-105.0000			304.0000			-52.0000			
-39.2721			39.5677			-0.2587			0.0000			-112.0000			307.0000			-34.0000			
-43.2725			37.8485			6.4412			1.0000			-120.0000			310.0000			-16.0000			
-45.5584			35.5564			9.7912			-0.2000			-129.0000			309.0000			5.0000			
-43.2725			34.9834			7.5579			-0.7000			-136.0000			307.0000			25.0000			
-41.5580			36.7025			4.2079			-0.6000			-144.0000			301.0000			43.0000			
-43.8440			33.8373			8.1162			-1.8000			-149.0000			291.0000			63.0000			
-44.4154			28.6799			14.8162			-0.9000			-155.0000			283.0000			79.0000			
-46.7014			24.0956			21.5162			-1.0000			-159.0000			270.0000			95.0000			
-49.5588			21.8034			25.9828			-1.7000			-162.0000			257.0000			113.0000			
-48.9873			20.0843			27.0995			-1.8000			-167.0000			240.0000			130.0000			
-48.4158			19.5113			24.8662			-4.0000			-170.0000			225.0000			144.0000			
-46.1299			21.2304			22.0745			-2.8000			-174.0000			208.0000			155.0000			
-44.4154			17.2191			23.7495			-3.4000			-178.0000			191.0000			167.0000			
-42.1295			8.0505			31.5662			-2.5000			-181.0000			174.0000			177.0000			
-39.2721			-0.5451			37.1495			-2.6000			-183.0000			153.0000			184.0000			
-38.1291			-5.1294			39.9411			-3.3000			-183.0000			129.0000			193.0000			
-38.7006			-5.1294			38.2661			-5.5000			-182.0000			105.0000			199.0000			
-38.1291			-1.1181			34.3578			-4.8000			-180.0000			82.0000			205.0000			
-55.8451			-3.4103			32.1245			-27.1000			-175.0000			57.0000			208.0000			
-52.9877			-10.2868			33.7995			-29.4000			-167.0000			35.0000			212.0000			
-43.2725			-12.5789			41.0578			-14.7000			-158.0000			13.0000			217.0000			
-32.4143			-23.4667			41.6161			-14.2000			-147.0000			-8.0000			220.0000			
-22.6991			-25.7588			41.6161			-6.8000			-137.0000			-33.0000			221.0000			
-22.1276			-25.1858			39.3828			-7.9000			-128.0000			-57.0000			220.0000			
-24.4135			-24.0397			39.3828			-9.0000			-117.0000			-82.0000			217.0000			
-22.6991			-24.6127			38.8245			-8.4000			-109.0000			-105.0000			214.0000			
-18.1272			-30.3431			38.2661			-10.2000			-99.0000			-128.0000			208.0000			
-11.8409			-34.9274			37.1495			-9.6000			-90.0000			-152.0000			203.0000			
-5.5545			-39.5118			34.3578			-10.7000			-80.0000			-173.0000			194.0000			
1.3033			-40.0848			29.3328			-9.4000			-69.0000			-195.0000			183.0000			
3.0177			-38.9387			26.5412			-9.3000			-57.0000			-216.0000			172.0000			
3.0177			-38.9387			28.7745			-7.1000			-47.0000			-236.0000			158.0000			
8.1611			-41.8039			28.2162			-5.4000			-35.0000			-253.0000			143.0000			
12.1615			-42.9500			24.8662			-5.9000			-25.0000			-269.0000			128.0000			
18.4478			-41.2309			18.7245			-4.0000			-14.0000			-283.0000			109.0000			
25.3056			-46.3882			15.3745			-5.7000			-4.0000			-298.0000			89.0000			
27.5915			-46.9613			13.6995			-5.6000			8.0000			-309.0000			73.0000			
27.0200			-46.9613			14.8162			-5.1000			17.0000			-321.0000			52.0000			
27.0200			-45.8152			16.4912			-2.3000			28.0000			-331.0000			34.0000			
29.3060			-44.0961			14.2579			-0.5000			36.0000			-340.0000			16.0000			
33.3063			-43.5230			8.6746			-1.5000			44.0000			-348.0000			-2.0000			
37.8782			-40.6578			0.8579			-1.9000			52.0000			-352.0000			-20.0000			
42.4501			-38.3657			-3.6087			0.4000			60.0000			-353.0000			-41.0000			
44.1645			-35.5005			-9.1920			-0.5000			69.0000			-353.0000			-60.0000			
42.4501			-36.0735			-7.5170			-1.1000			77.0000			-350.0000			-78.0000			
41.8786			-36.6466			-5.8421			-0.6000			82.0000			-345.0000			-98.0000			
42.4501			-33.2083			-9.1920			0.0000			87.0000			-337.0000			-117.0000			
42.4501			-26.9049			-16.4504			-0.9000			91.0000			-327.0000			-135.0000			
47.0220			-23.4667			-22.5920			0.9000			95.0000			-315.0000			-153.0000			
48.7364			-21.7475			-25.3837			1.6000			99.0000			-301.0000			-170.0000			
48.1649			-20.6015			-24.8253			2.7000			102.0000			-285.0000			-185.0000			
45.8790			-20.6015			-23.7087			1.5000			107.0000			-270.0000			-200.0000			
44.7360			-19.4554			-24.8253			0.4000			109.0000			-254.0000			-212.0000			
43.0216			-14.8711			-28.1753			0.0000			113.0000			-237.0000			-223.0000			
41.3071			-7.9946			-30.4086			2.8000			116.0000			-217.0000			-233.0000			
39.0212			-1.1181			-34.3170			3.5000			116.0000			-197.0000			-241.0000			
37.8782			3.4662			-38.2253			3.1000			116.0000			-175.0000			-249.0000			
38.4497			2.8931			-38.2253			3.1000			116.0000			-149.0000			-256.0000			
36.1638			1.1740			-34.8753			2.4000			113.0000			-125.0000			-261.0000			
33.3063			4.6123			-35.9920			1.9000			111.0000			-100.0000			-263.0000			
28.1630			10.9157			-35.4336			3.6000			107.0000			-75.0000			-265.0000			
24.7341			18.9383			-37.6670			5.9000			102.0000			-48.0000			-263.0000			
33.3063			22.3765			-39.9003			15.7000			93.0000			-22.0000			-262.0000			
36.1638			22.3765			-41.0169			17.5000			83.0000			4.0000			-262.0000			
34.4493			20.0843			-43.2503			11.2000			73.0000			27.0000			-262.0000			
30.4489			24.6686			-41.5753			13.5000			62.0000			49.0000			-262.0000			
25.3056			25.2417			-41.0169			9.5000			51.0000			70.0000			-261.0000			
19.5907			31.5451			-37.6670			13.4000			41.0000			91.0000			-259.0000			
8.7325			36.1294			-35.9920			8.8000			31.0000			113.0000			-252.0000			
-2.1256			40.1407			-32.6420			5.3000			19.0000			133.0000			-245.0000			
-8.4120			41.2868			-29.2920			3.5000			7.0000			155.0000			-236.0000			
-8.4120			38.4216			-27.6170			2.3000			-5.0000			175.0000			-224.0000			
-4.9831			40.1407			-28.7336			6.4000			-16.0000			195.0000			-211.0000			
-11.2694			43.0059			-28.1753			3.5000			-26.0000			213.0000			-196.0000			
-16.4127			43.0059			-23.7087			2.8000			-35.0000			230.0000			-180.0000			
-22.1276			42.4329			-17.5670			2.7000			-46.0000			243.0000			-161.0000			
-28.4139			45.8711			-15.3337			2.1000			-57.0000			257.0000			-143.0000			
-30.6998			45.8711			-13.6587			1.5000			-68.0000			268.0000			-124.0000			
-28.9854			44.7250			-14.2170			1.5000			-79.0000			280.0000			-104.0000			
-27.2709			45.8711			-15.8920			2.7000			-89.0000			291.0000			-86.0000			
-28.4139			45.8711			-14.7754			2.6000			-99.0000			297.0000			-69.0000			
-34.1287			44.7250			-9.7504			0.8000			-106.0000			303.0000			-51.0000			
-39.8436			40.7137			-1.3754			-0.5000			-116.0000			307.0000			-33.0000			
-44.4154			37.8485			7.5579			0.9000			-124.0000			310.0000			-13.0000			
-46.1299			35.5564			10.9079			0.3000			-132.0000			307.0000			6.0000			
-43.8440			35.5564			8.6746			0.3000			-140.0000			305.0000			26.0000			
-43.8440			35.5564			6.9996			-1.2000			-146.0000			299.0000			45.0000			
-43.8440			33.2642			10.3496			-0.2000			-152.0000			289.0000			63.0000			
-43.8440			26.3878			16.4912			-0.9000			-157.0000			281.0000			81.0000			
-47.2729			23.5226			21.5162			-2.2000			-161.0000			268.0000			97.0000			
-49.5588			21.8034			26.5412			-1.2000			-165.0000			254.0000			114.0000			
-47.2729			20.6574			27.0995			0.4000			-169.0000			237.0000			130.0000			
-48.4158			18.9383			27.0995			-2.3000			-173.0000			222.0000			143.0000			
-46.1299			17.7922			24.8662			-3.4000			-177.0000			206.0000			156.0000			
-45.5584			15.5000			25.4245			-4.6000			-180.0000			189.0000			168.0000			
-42.1295			8.6235			31.5662			-1.9000			-182.0000			168.0000			177.0000			
-39.8436			-1.1181			37.7078			-3.2000			-185.0000			150.0000			185.0000			
-38.7006			-5.1294			41.6161			-2.2000			-184.0000			127.0000			193.0000			
-39.2721			-4.5564			39.3828			-4.4000			-182.0000			102.0000			199.0000			
-50.1303			-2.2642			35.4745			-16.9000			-177.0000			78.0000			205.0000			
-57.5596			-5.7024			32.6828			-30.5000			-172.0000			56.0000			210.0000			
-46.1299			-6.8485			38.2661			-14.7000			-164.0000			35.0000			215.0000			
-35.2717			-16.5902			40.4995			-11.3000			-152.0000			13.0000			220.0000			
-27.2709			-23.4667			41.6161			-9.1000			-143.0000			-9.0000			221.0000			
-18.6987			-25.7588			40.4995			-3.9000			-132.0000			-34.0000			222.0000			
-20.9846			-26.9049			39.9411			-7.9000			-123.0000			-59.0000			222.0000			
-23.2705			-25.1858			40.4995			-7.9000			-113.0000			-83.0000			218.0000			
-23.8420			-25.1858			38.2661			-10.7000			-105.0000			-108.0000			213.0000			
-17.5557			-29.7701			38.8245			-8.5000			-96.0000			-131.0000			209.0000			
-10.1264			-34.9274			37.7078			-7.3000			-86.0000			-153.0000			202.0000			
-2.6971			-40.0848			34.3578			-8.4000			-76.0000			-175.0000			195.0000			
4.1607			-42.3770			29.3328			-8.8000			-65.0000			-197.0000			183.0000			
4.1607			-40.6578			26.5412			-9.9000			-55.0000			-217.0000			171.0000			
4.1607			-40.0848			27.6578			-8.2000			-42.0000			-237.0000			157.0000			
8.1611			-42.3770			27.6578			-6.5000			-33.0000			-255.0000			143.0000			
12.1615			-42.3770			25.4245			-4.7000			-23.0000			-270.0000			126.0000			
18.4478			-42.3770			19.8412			-4.0000			-12.0000			-285.0000			107.0000			
27.5915			-46.3882			14.8162			-3.9000			-2.0000			-298.0000			89.0000			
28.7345			-46.3882			13.1412			-4.5000			8.0000			-310.0000			70.0000			
27.0200			-46.9613			13.1412			-6.8000			19.0000			-322.0000			51.0000			
25.8771			-45.8152			16.4912			-3.4000			29.0000			-332.0000			31.0000			
28.1630			-45.2422			14.8162			-2.2000			36.0000			-341.0000			14.0000			
33.8778			-42.9500			8.1162			-0.9000			44.0000			-347.0000			-4.0000			
38.4497			-40.6578			0.2996			-1.9000			53.0000			-352.0000			-22.0000			
43.0216			-37.7926			-6.4004			-1.1000			62.0000			-354.0000			-41.0000			
44.1645			-35.5005			-9.7504			-1.0000			70.0000			-353.0000			-62.0000			
41.8786			-37.2196			-6.4004			-1.7000			77.0000			-349.0000			-82.0000			
41.8786			-36.6466			-5.2837			0.0000			83.0000			-344.0000			-102.0000			
43.0216			-34.3544			-10.3087			-1.6000			87.0000			-337.0000			-119.0000			
43.5931			-26.9049			-15.8920			0.7000			92.0000			-326.0000			-138.0000			
47.0220			-23.4667			-22.0337			1.5000			95.0000			-313.0000			-154.0000			
47.0220			-20.6015			-26.5003			0.0000			98.0000			-299.0000			-170.0000			
47.5934			-20.6015			-26.5003			0.4000			104.0000			-284.0000			-187.0000			
47.0220			-21.7475			-22.5920			2.6000			106.0000			-268.0000			-201.0000			
44.1645			-20.0284			-22.5920			1.5000			111.0000			-252.0000			-215.0000			
43.5931			-14.8711			-27.0587			1.6000			113.0000			-235.0000			-225.0000			
40.7356			-5.7024			-33.7586			1.2000			115.0000			-216.0000			-234.0000			
38.4497			0.6010			-37.6670			1.3000			116.0000			-195.0000			-242.0000			
36.7353			4.0392			-39.9003			0.8000			118.0000			-171.0000			-251.0000			
37.3067			1.7471			-36.5503			2.4000			115.0000			-146.0000			-257.0000			
36.7353			0.6010			-34.3170			3.0000			113.0000			-122.0000			-261.0000			
33.3063			4.0392			-34.8753			2.4000			110.0000			-98.0000			-264.0000			
29.3060			10.3427			-35.4336			4.2000			106.0000			-72.0000			-265.0000			
39.5927			18.9383			-37.1086			21.4000			98.0000			-47.0000			-265.0000			
39.5927			23.5226			-39.3419			23.7000			90.0000			-21.0000			-265.0000			
36.1638			20.0843			-43.8086			12.4000			78.0000			4.0000			-266.0000			
31.5919			24.0956			-41.0169			14.6000			69.0000			25.0000			-267.0000			
27.0200			22.3765			-42.1336			7.2000			57.0000			49.0000			-265.0000			
21.3052			25.8147			-38.2253			8.8000			47.0000			70.0000			-264.0000			
13.8759			32.1182			-35.9920			9.9000			37.0000			91.0000			-258.0000			
7.0181			37.2755			-34.8753			9.4000			27.0000			113.0000			-252.0000			
0.1603			40.1407			-32.6420			7.6000			16.0000			136.0000			-246.0000			
-4.9831			40.1407			-29.8503			5.3000			4.0000			157.0000			-235.0000			
-6.1260			38.4216			-27.0587			5.2000			-8.0000			178.0000			-224.0000			
-7.2690			40.1407			-29.2920			3.5000			-17.0000			197.0000			-209.0000			
-11.8409			42.4329			-27.6170			2.9000			-27.0000			214.0000			-194.0000			
-17.5557			43.0059			-23.7087			1.7000			-37.0000			230.0000			-177.0000			
-23.8420			43.0059			-16.4504			2.7000			-46.0000			245.0000			-159.0000			
-28.4139			45.8711			-13.1004			4.3000			-58.0000			258.0000			-140.0000			
-28.9854			44.7250			-14.2170			1.5000			-68.0000			271.0000			-120.0000			
-27.2709			45.8711			-16.4504			2.1000			-79.0000			281.0000			-101.0000			
-27.2709			47.0172			-17.0087			2.7000			-88.0000			292.0000			-83.0000			
-29.5569			45.8711			-14.2170			2.0000			-97.0000			299.0000			-65.0000			
-34.7002			44.1520			-8.0754			1.3000			-106.0000			305.0000			-48.0000			
-39.8436			41.2868			-0.8171			0.6000			-113.0000			311.0000			-29.0000			
-44.4154			37.8485			6.4412			-0.1000			-123.0000			313.0000			-10.0000			
-45.5584			35.5564			10.3496			0.3000			-131.0000			310.0000			10.0000			
-42.7010			36.7025			5.8829			-0.1000			-138.0000			305.0000			30.0000			
-42.7010			36.7025			5.8829			-0.1000			-145.0000			300.0000			50.0000			
-43.8440			33.2642			10.9079			0.3000			-150.0000			291.0000			68.0000			
-44.4154			25.8147			18.7245			0.1000			-155.0000			282.0000			86.0000			
-47.8443			22.9495			23.1912			-1.7000			-159.0000			268.0000			102.0000			
-49.5588			21.8034			25.9828			-1.7000			-162.0000			254.0000			119.0000			
-48.4158			20.6574			25.4245			-2.3000			-167.0000			239.0000			134.0000			
-47.2729			21.8034			24.8662			-0.6000			-170.0000			222.0000			148.0000			
-45.5584			17.7922			24.3078			-3.4000			-175.0000			206.0000			161.0000			
-44.4154			13.7809			27.0995			-3.5000			-178.0000			189.0000			170.0000			
-41.5580			6.3314			31.5662			-3.6000			-179.0000			170.0000			180.0000			
-39.8436			-0.5451			36.5911			-3.8000			-181.0000			149.0000			188.0000			
-38.1291			-4.5564			39.9411			-2.7000			-181.0000			125.0000			195.0000			
-38.7006			-3.4103			38.2661			-3.8000			-179.0000			101.0000			201.0000			
-38.1291			-1.1181			34.9161			-4.3000			-178.0000			77.0000			207.0000			
-52.9877			-6.2755			33.7995			-25.4000			-173.0000			53.0000			209.0000			
-50.7018			-14.2980			32.1245			-32.8000			-165.0000			29.0000			212.0000			
-39.8436			-14.2980			42.7328			-11.4000			-154.0000			8.0000			217.0000			
-31.8428			-22.8936			41.0578			-13.6000			-143.0000			-14.0000			220.0000			
-22.1276			-25.7588			40.4995			-7.3000			-133.0000			-37.0000			221.0000			
-19.2702			-24.0397			40.4995			-2.8000			-124.0000			-62.0000			221.0000			
-22.6991			-26.9049			39.3828			-10.2000			-113.0000			-87.0000			218.0000			
-20.9846			-26.9049			39.3828			-8.5000			-105.0000			-110.0000			213.0000			
-17.5557			-32.0622			37.1495			-12.4000			-97.0000			-133.0000			207.0000			
-10.6979			-34.3544			36.0328			-9.0000			-85.0000			-156.0000			200.0000			
-2.6971			-38.9387			34.3578			-7.2000			-74.0000			-177.0000			192.0000			
4.1607			-41.2309			29.3328			-7.7000			-64.0000			-200.0000			183.0000			
4.7322			-40.0848			27.6578			-7.6000			-54.0000			-220.0000			170.0000			
3.0177			-40.0848			28.7745			-8.3000			-43.0000			-239.0000			154.0000			
8.7325			-43.5230			26.5412			-8.2000			-33.0000			-257.0000			141.0000			
15.0189			-42.3770			22.0745			-5.2000			-21.0000			-272.0000			123.0000			
19.5907			-42.3770			19.2829			-3.5000			-11.0000			-286.0000			105.0000			
27.0200			-44.6691			17.0495			-0.5000			-1.0000			-299.0000			86.0000			
29.8774			-46.3882			14.8162			-1.6000			10.0000			-312.0000			66.0000			
27.5915			-45.8152			14.8162			-3.4000			20.0000			-323.0000			48.0000			
25.8771			-45.8152			15.9329			-4.0000			29.0000			-334.0000			29.0000			
28.1630			-45.8152			13.6995			-3.9000			38.0000			-342.0000			12.0000			
35.0208			-44.0961			8.1162			-0.9000			46.0000			-348.0000			-7.0000			
39.5927			-41.2309			-0.2587			-1.9000			54.0000			-353.0000			-25.0000			
43.5931			-37.2196			-6.9587			-0.5000			62.0000			-353.0000			-44.0000			
44.1645			-34.3544			-10.8670			-1.0000			71.0000			-353.0000			-65.0000			
42.4501			-38.3657			-5.8421			-1.7000			77.0000			-349.0000			-85.0000			
41.8786			-36.6466			-5.8421			-0.6000			84.0000			-343.0000			-102.0000			
43.5931			-32.6353			-10.8670			0.0000			88.0000			-335.0000			-121.0000			
43.5931			-27.4779			-15.8920			0.2000			92.0000			-325.0000			-139.0000			
46.4505			-24.6127			-22.0337			-0.1000			95.0000			-312.0000			-157.0000			
48.1649			-21.7475			-26.5003			0.0000			100.0000			-297.0000			-175.0000			
47.5934			-20.6015			-27.0587			0.0000			103.0000			-283.0000			-188.0000			
46.4505			-20.6015			-24.8253			1.0000			107.0000			-265.0000			-203.0000			
44.1645			-18.8823			-22.0337			3.2000			110.0000			-249.0000			-215.0000			
43.0216			-14.8711			-24.8253			3.3000			113.0000			-232.0000			-225.0000			
40.7356			-5.7024			-31.5253			3.4000			116.0000			-214.0000			-235.0000			
39.0212			1.7471			-38.7836			1.9000			116.0000			-193.0000			-244.0000			
37.8782			5.7583			-41.0169			2.6000			116.0000			-169.0000			-251.0000			
37.3067			1.7471			-37.1086			1.9000			114.0000			-145.0000			-259.0000			
35.5923			1.1740			-33.2003			3.5000			112.0000			-120.0000			-262.0000			
32.7349			5.7583			-34.8753			3.6000			110.0000			-95.0000			-265.0000			
29.8774			10.9157			-35.4336			5.3000			105.0000			-69.0000			-265.0000			
35.5923			17.2191			-37.6670			15.1000			98.0000			-43.0000			-264.0000			
36.1638			23.5226			-39.3419			20.3000			89.0000			-17.0000			-264.0000			
36.7353			22.3765			-41.5753			17.5000			77.0000			7.0000			-265.0000			
32.1634			25.2417			-41.0169			16.3000			67.0000			29.0000			-265.0000			
28.7345			25.2417			-41.0169			12.9000			56.0000			51.0000			-265.0000			
23.0196			25.8147			-39.9003			8.9000			47.0000			72.0000			-263.0000			
13.8759			30.9721			-37.1086			7.7000			37.0000			95.0000			-258.0000			
4.7322			37.8485			-33.2003			9.3000			26.0000			116.0000			-252.0000			
-2.6971			42.4329			-30.9670			8.7000			15.0000			137.0000			-244.0000			
-6.1260			41.2868			-28.7336			6.4000			3.0000			159.0000			-234.0000			
-4.9831			37.2755			-27.0587			5.2000			-9.0000			179.0000			-222.0000			
-5.5545			38.4216			-28.1753			4.6000			-19.0000			199.0000			-207.0000			
-11.2694			43.5789			-25.3837			6.9000			-28.0000			216.0000			-192.0000			
-18.1272			43.0059			-22.5920			2.2000			-38.0000			232.0000			-176.0000			
-24.4135			43.5789			-16.4504			2.7000			-48.0000			246.0000			-157.0000			
-28.9854			45.8711			-13.1004			3.7000			-58.0000			259.0000			-137.0000			
-28.9854			45.2981			-13.1004			3.2000			-69.0000			271.0000			-118.0000			
-26.1280			45.8711			-17.0087			2.7000			-82.0000			282.0000			-98.0000			
-25.5565			45.2981			-17.5670			2.1000			-89.0000			293.0000			-79.0000			
-30.1283			45.8711			-14.2170			1.5000			-99.0000			301.0000			-63.0000			
-35.8432			42.4329			-5.8421			0.7000			-108.0000			306.0000			-45.0000			
-39.8436			39.5677			1.4163			1.1000			-116.0000			311.0000			-27.0000			
-44.4154			36.7025			7.5579			-0.1000			-124.0000			311.0000			-8.0000			
-45.5584			35.5564			9.2329			-0.7000			-132.0000			308.0000			13.0000			
-43.2725			37.2755			5.8829			-0.1000			-141.0000			303.0000			32.0000			
-42.7010			36.7025			5.8829			-0.1000			-146.0000			297.0000			51.0000			
-43.8440			33.2642			9.2329			-1.3000			-152.0000			290.0000			70.0000			
-45.5584			25.2417			18.7245			-1.5000			-156.0000			278.0000			86.0000			
-47.8443			21.8034			24.8662			-1.1000			-159.0000			266.0000			104.0000			
-49.5588			18.9383			27.6578			-2.9000			-163.0000			251.0000			121.0000			
-48.4158			20.6574			24.8662			-2.8000			-167.0000			236.0000			136.0000			
-46.1299			21.8034			23.1912			-1.1000			-172.0000			220.0000			150.0000			
-45.5584			19.5113			23.7495			-2.2000			-175.0000			204.0000			160.0000			
-43.8440			13.7809			28.7745			-1.2000			-178.0000			187.0000			172.0000			
-41.5580			4.0392			33.7995			-3.7000			-180.0000			168.0000			180.0000			
-39.8436			-2.2642			37.1495			-4.9000			-182.0000			145.0000			189.0000			
-39.2721			-6.2755			40.4995			-5.0000			-181.0000			123.0000			195.0000			
-39.8436			-2.2642			37.1495			-4.9000			-179.0000			98.0000			202.0000			
-39.2721			-0.5451			33.2412			-6.5000			-176.0000			74.0000			207.0000			
-51.2732			-5.1294			36.5911			-19.8000			-169.0000			50.0000			210.0000			
-44.9869			-6.8485			41.6161			-10.2000			-162.0000			28.0000			215.0000			
-37.5576			-16.5902			44.4078			-9.7000			-151.0000			7.0000			218.0000			
-28.9854			-25.1858			42.7328			-11.4000			-140.0000			-16.0000			221.0000			
-21.5561			-25.7588			41.0578			-6.2000			-131.0000			-41.0000			221.0000			
-22.1276			-25.7588			38.8245			-9.0000			-120.0000			-65.0000			221.0000			
-21.5561			-24.6127			40.4995			-5.6000			-111.0000			-89.0000			218.0000			
-18.6987			-28.6240			38.8245			-8.5000			-102.0000			-113.0000			213.0000			
-15.8412			-33.2083			38.2661			-10.7000			-94.0000			-136.0000			207.0000			
-10.1264			-35.5005			36.5911			-9.0000			-85.0000			-158.0000			200.0000			
-2.6971			-39.5118			32.1245			-10.0000			-74.0000			-181.0000			191.0000			
4.7322			-39.5118			29.3328			-5.4000			-62.0000			-202.0000			180.0000			
4.1607			-39.5118			27.0995			-8.2000			-50.0000			-223.0000			169.0000			
5.8751			-40.0848			28.7745			-5.4000			-42.0000			-241.0000			153.0000			
9.8755			-42.3770			26.5412			-5.9000			-31.0000			-258.0000			139.0000			
16.1618			-42.3770			20.3995			-5.8000			-20.0000			-273.0000			121.0000			
20.7337			-43.5230			18.1662			-4.6000			-10.0000			-289.0000			103.0000			
27.0200			-46.9613			16.4912			-3.4000			0.0000			-300.0000			85.0000			
29.3060			-46.9613			15.3745			-2.2000			11.0000			-313.0000			65.0000			
27.0200			-46.9613			14.8162			-5.1000			21.0000			-325.0000			47.0000			
27.0200			-44.6691			14.8162			-2.8000			30.0000			-335.0000			27.0000			
30.4489			-45.2422			12.0246			-2.7000			39.0000			-343.0000			9.0000			
35.0208			-44.6691			6.9996			-2.6000			47.0000			-350.0000			-8.0000			
39.5927			-40.0848			0.2996			-0.1000			55.0000			-353.0000			-27.0000			
43.0216			-36.6466			-7.5170			-1.1000			63.0000			-353.0000			-47.0000			
44.7360			-36.0735			-9.7504			-1.0000			71.0000			-353.0000			-66.0000			
42.4501			-36.0735			-6.4004			0.0000			77.0000			-348.0000			-86.0000			
42.4501			-36.6466			-6.4004			-0.5000			84.0000			-342.0000			-105.0000			
43.5931			-31.4892			-11.4254			0.6000			88.0000			-333.0000			-124.0000			
44.7360			-25.7588			-17.5670			1.4000			92.0000			-323.0000			-141.0000			
47.5934			-22.8936			-22.5920			2.1000			95.0000			-309.0000			-159.0000			
48.1649			-22.3206			-24.8253			1.0000			99.0000			-296.0000			-176.0000			
48.1649			-21.7475			-25.3837			1.0000			104.0000			-280.0000			-192.0000			
46.4505			-20.6015			-24.2670			1.5000			107.0000			-264.0000			-205.0000			
43.5931			-17.1632			-24.2670			2.1000			110.0000			-249.0000			-217.0000			
43.5931			-14.2980			-25.9420			3.3000			112.0000			-231.0000			-227.0000			
41.3071			-7.4216			-30.9670			2.9000			114.0000			-211.0000			-237.0000			
39.0212			1.1740			-37.1086			3.0000			118.0000			-190.0000			-245.0000			
37.3067			5.7583			-40.4586			2.5000			115.0000			-166.0000			-253.0000			
37.8782			3.4662			-37.6670			3.6000			114.0000			-141.0000			-259.0000			
36.1638			0.6010			-33.7586			3.0000			111.0000			-117.0000			-264.0000			
31.5919			7.4775			-34.8753			4.1000			108.0000			-92.0000			-265.0000			
31.0204			12.6348			-35.9920			7.6000			102.0000			-66.0000			-266.0000			
43.0216			17.7922			-38.2253			22.5000			94.0000			-40.0000			-265.0000			
36.1638			18.9383			-42.1336			12.9000			85.0000			-17.0000			-267.0000			
29.3060			22.3765			-40.4586			11.2000			74.0000			7.0000			-267.0000			
27.5915			26.9608			-39.3419			15.2000			66.0000			30.0000			-266.0000			
25.8771			23.5226			-42.1336			7.2000			55.0000			54.0000			-264.0000			
24.1626			27.5338			-38.2253			13.4000			45.0000			75.0000			-262.0000			
15.0189			32.1182			-36.5503			10.5000			37.0000			98.0000			-257.0000			
5.8751			36.7025			-34.8753			7.6000			25.0000			120.0000			-249.0000			
-1.5542			40.7137			-30.9670			8.1000			15.0000			142.0000			-243.0000			
-5.5545			39.5677			-28.1753			5.8000			2.0000			163.0000			-232.0000			
-4.4116			40.1407			-27.6170			8.1000			-10.0000			182.0000			-220.0000			
-6.1260			39.5677			-28.1753			5.2000			-18.0000			201.0000			-206.0000			
-9.5549			42.4329			-25.9420			6.9000			-30.0000			219.0000			-190.0000			
-15.8412			43.0059			-21.4753			5.6000			-39.0000			233.0000			-174.0000			
-24.9850			43.5789			-19.2420			-0.6000			-51.0000			247.0000			-154.0000			
-28.4139			45.8711			-14.7754			2.6000			-62.0000			261.0000			-137.0000			
-28.9854			44.7250			-12.5420			3.1000			-72.0000			272.0000			-117.0000			
-26.1280			45.8711			-15.3337			4.4000			-82.0000			284.0000			-97.0000			
-24.9850			45.2981			-17.5670			2.7000			-92.0000			293.0000			-79.0000			
-30.1283			44.7250			-14.2170			0.3000			-101.0000			300.0000			-63.0000			
-36.4147			43.0059			-5.8421			0.7000			-109.0000			305.0000			-45.0000			
-40.4150			39.5677			1.9746			1.1000			-117.0000			310.0000			-26.0000			
-43.8440			36.1294			9.2329			1.5000			-126.0000			310.0000			-6.0000			
-45.5584			35.5564			10.3496			0.3000			-134.0000			308.0000			13.0000			
-42.7010			36.7025			5.8829			-0.1000			-141.0000			303.0000			34.0000			
-42.7010			36.1294			5.3246			-1.2000			-148.0000			296.0000			52.0000			
-43.8440			32.1182			10.3496			-1.3000			-152.0000			287.0000			71.0000			
-45.5584			24.6686			18.7245			-2.1000			-156.0000			277.0000			87.0000			
-48.4158			22.9495			24.8662			-0.5000			-161.0000			263.0000			106.0000			
-47.8443			18.9383			28.7745			-0.1000			-164.0000			249.0000			122.0000			
-47.8443			18.3652			27.6578			-1.8000			-168.0000			233.0000			137.0000			
-46.7014			21.2304			24.3078			-1.1000			-172.0000			215.0000			151.0000			
-45.5584			19.5113			22.6329			-3.4000			-175.0000			200.0000			163.0000			
-43.2725			13.7809			27.0995			-2.3000			-178.0000			184.0000			172.0000			
-40.9865			4.6123			34.3578			-2.0000			-179.0000			164.0000			182.0000			
-39.8436			-2.2642			39.3828			-2.7000			-182.0000			143.0000			189.0000			
-38.7006			-6.2755			39.9411			-5.0000			-181.0000			119.0000			198.0000			
-49.5588			-1.6912			36.5911			-14.6000			-178.0000			95.0000			203.0000			
-59.2740			-1.1181			32.1245			-28.2000			-171.0000			73.0000			211.0000			
-46.7014			-2.8372			37.7078			-11.8000			-164.0000			53.0000			216.0000			
-36.4147			-12.5789			38.2661			-10.7000			-155.0000			30.0000			221.0000			
-30.1283			-20.0284			39.3828			-10.7000			-145.0000			9.0000			223.0000			
-21.5561			-24.0397			41.0578			-4.5000			-136.0000			-15.0000			226.0000			
-19.8416			-27.4779			38.2661			-9.0000			-127.0000			-40.0000			223.0000			
-22.1276			-24.6127			40.4995			-6.2000			-117.0000			-66.0000			221.0000			
-25.5565			-23.4667			39.3828			-9.6000			-109.0000			-91.0000			219.0000			
-21.5561			-25.7588			38.8245			-8.4000			-102.0000			-115.0000			213.0000			
-14.1268			-32.6353			39.3828			-7.3000			-92.0000			-137.0000			207.0000			
-8.4120			-37.2196			34.9161			-10.7000			-81.0000			-161.0000			199.0000			
-0.4112			-40.6578			31.5662			-9.4000			-71.0000			-182.0000			191.0000			
4.1607			-40.6578			26.5412			-9.9000			-61.0000			-205.0000			179.0000			
3.0177			-37.7926			26.5412			-8.2000			-49.0000			-224.0000			167.0000			
4.7322			-40.0848			27.6578			-7.6000			-40.0000			-243.0000			153.0000			
9.3040			-42.3770			26.5412			-6.5000			-29.0000			-260.0000			137.0000			
17.8763			-41.8039			19.8412			-4.0000			-18.0000			-275.0000			120.0000			
23.5911			-44.6691			17.0495			-4.0000			-8.0000			-289.0000			102.0000			
27.0200			-46.3882			14.8162			-4.5000			3.0000			-302.0000			82.0000			
28.1630			-44.6691			14.8162			-1.6000			13.0000			-315.0000			63.0000			
26.4485			-46.3882			15.9329			-4.0000			23.0000			-326.0000			43.0000			
26.4485			-44.0961			17.0495			-0.5000			31.0000			-336.0000			24.0000			
30.4489			-44.0961			12.0246			-1.6000			38.0000			-344.0000			7.0000			
36.1638			-42.3770			4.2079			-2.0000			47.0000			-349.0000			-11.0000			
41.3071			-40.0848			-1.9337			-0.7000			55.0000			-353.0000			-30.0000			
43.5931			-37.2196			-7.5170			-1.1000			63.0000			-354.0000			-49.0000			
45.3075			-34.9274			-8.6337			1.7000			70.0000			-353.0000			-70.0000			
42.4501			-37.2196			-5.2837			0.0000			78.0000			-348.0000			-90.0000			
42.4501			-36.6466			-5.2837			0.5000			83.0000			-342.0000			-109.0000			
43.0216			-30.9162			-11.4254			0.6000			88.0000			-333.0000			-126.0000			
44.7360			-24.0397			-19.8003			0.8000			92.0000			-322.0000			-144.0000			
47.5934			-22.8936			-23.7087			0.9000			95.0000			-309.0000			-162.0000			
48.1649			-20.6015			-25.9420			1.6000			98.0000			-295.0000			-179.0000			
47.5934			-21.1745			-24.8253			1.5000			103.0000			-279.0000			-194.0000			
46.4505			-21.7475			-22.0337			2.6000			105.0000			-264.0000			-209.0000			
43.5931			-18.3093			-24.2670			1.0000			109.0000			-248.0000			-220.0000			
42.4501			-12.0059			-28.7336			1.7000			111.0000			-230.0000			-230.0000			
40.7356			-3.9833			-32.6420			4.1000			113.0000			-211.0000			-240.0000			
39.0212			1.1740			-35.9920			4.2000			113.0000			-189.0000			-248.0000			
37.8782			4.6123			-38.2253			4.2000			113.0000			-164.0000			-257.0000			
37.3067			2.3201			-35.9920			3.6000			111.0000			-140.0000			-262.0000			
36.1638			1.1740			-34.3170			3.0000			109.0000			-116.0000			-266.0000			
30.4489			8.0505			-34.8753			3.6000			106.0000			-91.0000			-267.0000			
34.4493			13.7809			-35.4336			12.8000			99.0000			-65.0000			-267.0000			
39.5927			18.9383			-38.7836			19.7000			92.0000			-40.0000			-267.0000			
37.8782			17.2191			-44.3669			10.7000			82.0000			-15.0000			-268.0000			
31.5919			22.9495			-39.3419			15.2000			71.0000			8.0000			-269.0000			
27.0200			22.3765			-41.0169			8.3000			61.0000			31.0000			-268.0000			
24.7341			22.9495			-41.0169			6.6000			51.0000			54.0000			-266.0000			
21.8767			28.6799			-37.1086			13.4000			42.0000			78.0000			-263.0000			
13.3044			33.2642			-37.1086			9.4000			33.0000			99.0000			-257.0000			
6.4466			38.4216			-33.7586			11.1000			23.0000			121.0000			-250.0000			
-1.5542			38.9946			-31.5253			5.9000			12.0000			143.0000			-242.0000			
-5.5545			38.9946			-28.1753			5.2000			-1.0000			165.0000			-232.0000			
-3.2686			37.8485			-28.1753			6.3000			-10.0000			184.0000			-218.0000			
-5.5545			40.1407			-28.7336			5.8000			-21.0000			203.0000			-205.0000			
-10.6979			43.5789			-25.3837			7.4000			-31.0000			220.0000			-188.0000			
-18.1272			42.4329			-20.3587			3.9000			-41.0000			234.0000			-171.0000			
-23.8420			44.1520			-17.5670			2.7000			-52.0000			248.0000			-153.0000			
-27.2709			45.2981			-16.4504			1.5000			-62.0000			261.0000			-134.0000			
-28.9854			44.7250			-14.7754			0.9000			-73.0000			273.0000			-114.0000			
-27.2709			45.8711			-17.0087			1.5000			-84.0000			284.0000			-95.0000			
-24.9850			45.8711			-17.0087			3.8000			-93.0000			294.0000			-77.0000			
-28.4139			45.2981			-13.1004			3.7000			-100.0000			302.0000			-60.0000			
-36.4147			42.4329			-5.8421			0.1000			-109.0000			307.0000			-42.0000			
-41.5580			41.2868			2.5329			2.2000			-118.0000			310.0000			-23.0000			
-44.4154			36.1294			9.2329			0.9000			-126.0000			311.0000			-2.0000			
-44.4154			35.5564			9.2329			0.3000			-135.0000			308.0000			18.0000			
-43.2725			37.2755			5.8829			-0.1000			-141.0000			303.0000			36.0000			
-42.7010			35.5564			6.4412			-0.7000			-146.0000			298.0000			57.0000			
-43.2725			30.9721			11.4662			-0.8000			-153.0000			287.0000			74.0000			
-45.5584			24.6686			19.2829			-1.6000			-156.0000			277.0000			91.0000			
-48.9873			22.9495			23.1912			-2.8000			-160.0000			262.0000			109.0000			
-48.4158			20.0843			28.2162			-0.1000			-163.0000			248.0000			126.0000			
-46.1299			18.3652			27.0995			-0.6000			-167.0000			234.0000			142.0000			
-46.1299			20.6574			24.8662			-0.6000			-170.0000			217.0000			154.0000			
-45.5584			18.3652			23.7495			-3.4000			-174.0000			202.0000			165.0000			
-43.2725			12.6348			27.0995			-3.5000			-176.0000			184.0000			174.0000			
-40.4150			4.0392			34.3578			-2.0000			-179.0000			164.0000			184.0000			
-39.2721			-1.6912			40.4995			-0.4000			-179.0000			142.0000			192.0000			
-38.1291			-5.7024			40.4995			-3.3000			-178.0000			119.0000			201.0000			
-39.8436			-2.8372			37.1495			-5.5000			-176.0000			94.0000			206.0000			
-55.2736			-3.4103			33.7995			-24.8000			-169.0000			70.0000			211.0000			
-48.9873			-6.8485			37.7078			-18.1000			-164.0000			49.0000			216.0000			
-37.5576			-10.2868			41.6161			-6.2000			-155.0000			28.0000			221.0000			
-30.6998			-20.0284			41.6161			-9.1000			-144.0000			5.0000			223.0000			
-21.5561			-23.4667			42.1745			-2.8000			-135.0000			-19.0000			224.0000			
-18.6987			-25.7588			38.2661			-6.1000			-126.0000			-43.0000			224.0000			
-20.9846			-26.9049			39.9411			-7.9000			-116.0000			-69.0000			222.0000			
-24.4135			-25.1858			39.9411			-9.6000			-108.0000			-94.0000			218.0000			
-22.6991			-27.4779			38.8245			-11.3000			-99.0000			-117.0000			213.0000			
-14.1268			-30.3431			38.2661			-6.2000			-91.0000			-140.0000			206.0000			
-6.6975			-37.7926			35.4745			-9.0000			-80.0000			-162.0000			198.0000			
2.4462			-42.3770			31.5662			-8.3000			-70.0000			-185.0000			190.0000			
4.7322			-41.2309			27.6578			-8.8000			-59.0000			-206.0000			178.0000			
3.5892			-39.5118			26.5412			-9.3000			-49.0000			-226.0000			166.0000			
5.3036			-40.6578			27.6578			-7.6000			-37.0000			-245.0000			150.0000			
